3.286826e-03 4.417372e-02 0.000000e+00
3.557641e-03 1.139212e-01 7.918300e-02
3.828455e-03 1.128740e-01 4.927764e-02
4.099269e-03 6.156802e-02 3.777302e-02
4.370084e-03 6.096697e-02 2.787147e-02
4.640898e-03 5.544186e-02 1.941382e-02
4.911712e-03 4.524696e-02 1.707097e-02
5.182527e-03 4.442704e-02 1.319444e-02
5.453341e-03 3.760505e-02 1.181214e-02
5.724155e-03 3.569400e-02 9.127178e-03
5.994970e-03 2.642596e-02 7.905319e-03
6.265784e-03 2.192873e-02 6.659795e-03
6.536598e-03 2.197266e-02 5.384740e-03
6.807412e-03 2.950388e-02 5.058800e-03
7.078227e-03 1.775444e-02 4.241121e-03
7.349041e-03 2.178097e-02 3.820013e-03
7.619855e-03 1.496708e-02 3.320597e-03
7.890671e-03 1.600432e-02 3.045436e-03
8.161485e-03 1.221710e-02 2.719959e-03
8.432299e-03 1.218730e-02 2.406946e-03
8.703114e-03 1.328832e-02 2.243697e-03
8.973928e-03 1.148811e-02 2.049516e-03
9.244742e-03 1.515010e-02 1.856790e-03
9.515557e-03 1.166780e-02 1.691701e-03
9.786371e-03 1.296540e-02 1.607908e-03
1.005718e-02 1.243000e-02 1.506479e-03
1.032800e-02 1.061849e-02 1.387334e-03
1.059881e-02 1.196580e-02 1.327043e-03
1.086963e-02 1.099610e-02 1.241330e-03
1.114044e-02 8.118495e-03 1.159186e-03
1.141126e-02 9.461701e-03 1.111584e-03
1.168207e-02 7.267900e-03 1.061128e-03
1.195289e-02 6.836504e-03 1.019688e-03
1.222370e-02 6.115898e-03 9.665135e-04
1.249451e-02 7.082887e-03 9.225567e-04
1.276533e-02 6.566904e-03 8.862789e-04
1.303614e-02 6.393209e-03 8.434009e-04
1.330696e-02 6.662339e-03 8.149398e-04
1.357777e-02 6.488942e-03 7.877118e-04
1.384859e-02 6.641462e-03 7.565742e-04
1.411940e-02 5.263120e-03 7.208425e-04
1.439021e-02 4.917644e-03 6.899406e-04
1.466103e-02 5.316041e-03 6.768253e-04
1.493184e-02 6.085724e-03 6.746547e-04
1.520266e-02 5.273946e-03 6.510246e-04
1.547347e-02 5.156711e-03 6.209650e-04
1.574429e-02 4.304875e-03 6.084186e-04
1.601510e-02 4.133135e-03 6.006951e-04
1.628591e-02 3.501162e-03 5.844796e-04
1.655673e-02 3.087759e-03 5.651697e-04
1.682754e-02 4.016008e-03 5.601207e-04
1.709836e-02 2.827160e-03 5.417572e-04
1.736917e-02 3.617320e-03 5.326916e-04
1.763999e-02 2.941251e-03 5.174166e-04
1.791080e-02 3.331602e-03 5.022997e-04
1.818161e-02 1.673140e-03 5.052683e-04
1.845243e-02 3.034901e-03 5.073931e-04
1.872324e-02 3.297321e-03 4.987865e-04
1.899406e-02 3.723212e-03 4.912092e-04
1.926487e-02 2.159379e-03 4.872171e-04
1.953569e-02 2.344221e-03 4.859991e-04
1.980650e-02 2.807148e-03 4.751320e-04
2.007731e-02 2.173420e-03 4.728284e-04
2.034813e-02 2.157118e-03 4.701718e-04
2.061894e-02 2.620999e-03 4.631307e-04
2.088976e-02 2.746478e-03 4.578316e-04
2.116057e-02 2.907630e-03 4.566315e-04
2.143139e-02 2.331790e-03 4.459910e-04
2.170220e-02 2.532493e-03 4.554875e-04
2.197302e-02 2.211109e-03 4.403438e-04
2.224383e-02 2.182379e-03 4.326263e-04
2.251465e-02 2.028070e-03 4.247622e-04
2.278546e-02 1.593672e-03 4.190031e-04
2.305627e-02 2.084479e-03 4.210689e-04
2.332709e-02 1.517460e-03 4.103363e-04
2.359790e-02 1.183167e-03 3.957378e-04
2.386872e-02 9.608790e-04 4.014473e-04
2.413953e-02 2.145670e-03 3.884315e-04
2.441034e-02 1.764480e-03 3.866868e-04
2.468116e-02 1.488071e-03 3.823276e-04
2.495197e-02 1.247957e-03 3.768238e-04
2.522279e-02 1.198579e-03 3.728007e-04
2.549360e-02 1.498949e-03 3.694535e-04
2.576442e-02 1.440130e-03 3.626455e-04
2.603523e-02 1.283079e-03 3.646742e-04
2.630604e-02 1.295581e-03 3.569578e-04
2.657686e-02 9.865090e-04 3.538622e-04
2.684767e-02 9.659007e-04 3.504571e-04
2.711849e-02 9.853095e-04 3.466324e-04
2.738930e-02 1.906343e-03 3.477714e-04
2.766012e-02 1.324441e-03 3.410778e-04
2.793093e-02 9.697974e-04 3.441427e-04
2.820175e-02 1.066919e-03 3.336759e-04
2.847256e-02 9.776726e-04 3.274831e-04
2.874337e-02 9.087324e-04 3.329899e-04
2.901419e-02 6.669797e-04 3.234585e-04
2.928500e-02 1.211211e-03 3.215111e-04
2.955582e-02 7.975996e-04 3.191361e-04
2.982663e-02 1.318268e-03 3.179130e-04
3.009745e-02 6.696992e-04 3.207066e-04
3.036826e-02 1.353689e-03 3.100960e-04
3.063907e-02 1.008481e-03 3.114493e-04
3.090989e-02 2.918281e-04 3.108270e-04
3.118070e-02 4.802905e-04 3.077403e-04
3.145152e-02 3.966987e-04 3.042940e-04
3.172233e-02 3.417954e-05 3.050776e-04
3.199315e-02 1.050543e-03 3.009299e-04
3.226396e-02 1.123220e-03 2.997385e-04
3.253478e-02 3.035404e-04 2.989335e-04
3.280559e-02 3.831089e-04 2.933984e-04
3.307641e-02 3.253780e-04 2.926386e-04
3.334722e-02 8.092187e-04 2.916783e-04
3.361803e-02 -2.482310e-04 2.962081e-04
3.388885e-02 1.498088e-04 2.893807e-04
3.415966e-02 5.486310e-04 2.910949e-04
3.443048e-02 2.657101e-04 2.895026e-04
3.470129e-02 4.847292e-04 2.852474e-04
3.497211e-02 3.335178e-04 2.839298e-04
3.524292e-02 5.816799e-04 2.804486e-04
3.551374e-02 2.069809e-04 2.846023e-04
3.578455e-02 7.289834e-05 2.800797e-04
3.605536e-02 5.891919e-05 2.787221e-04
3.632618e-02 -3.587902e-04 2.782808e-04
3.659699e-02 5.862284e-04 2.766572e-04
3.686780e-02 -4.663207e-04 2.760559e-04
3.713862e-02 4.744884e-04 2.717974e-04
3.740944e-02 1.162197e-04 2.707056e-04
3.768025e-02 4.565101e-04 2.696961e-04
3.795106e-02 -2.059154e-05 2.673413e-04
3.822188e-02 1.471899e-04 2.687218e-04
3.849269e-02 4.299413e-04 2.655684e-04
3.876351e-02 -3.873687e-04 2.635997e-04
3.903432e-02 3.204513e-04 2.640777e-04
3.930514e-02 6.710496e-04 2.634105e-04
3.957595e-02 6.462596e-04 2.618834e-04
3.984676e-02 5.326103e-04 2.576710e-04
4.011758e-02 3.398396e-04 2.617415e-04
4.038839e-02 8.433610e-04 2.589126e-04
4.065921e-02 -3.391877e-05 2.558094e-04
4.093002e-02 3.264099e-04 2.564350e-04
4.120084e-02 2.236106e-04 2.581729e-04
4.147165e-02 1.645796e-04 2.540844e-04
4.174246e-02 4.944019e-05 2.538658e-04
4.201328e-02 7.570703e-04 2.514591e-04
4.228409e-02 -2.930406e-04 2.532453e-04
4.255491e-02 5.801022e-05 2.502538e-04
4.282572e-02 3.183819e-05 2.500434e-04
4.309653e-02 2.559088e-04 2.458386e-04
4.336735e-02 1.515616e-04 2.468079e-04
4.363817e-02 4.243404e-04 2.472839e-04
4.390898e-02 -6.018952e-05 2.469210e-04
4.417979e-02 2.062880e-05 2.476110e-04
4.445061e-02 1.709387e-04 2.408804e-04
4.472142e-02 -5.446002e-05 2.421107e-04
4.499224e-02 -3.560800e-04 2.438806e-04
4.526305e-02 4.934389e-04 2.413923e-04
4.553387e-02 1.426004e-04 2.405334e-04
4.580468e-02 1.000911e-04 2.389000e-04
4.607549e-02 -3.147870e-05 2.385459e-04
4.634631e-02 5.373210e-04 2.364478e-04
4.661712e-02 2.593901e-04 2.387190e-04
4.688794e-02 3.075507e-04 2.363140e-04
4.715875e-02 1.024492e-04 2.336244e-04
4.742957e-02 2.683401e-04 2.316082e-04
4.770038e-02 -3.828015e-04 2.311161e-04
4.797119e-02 1.106095e-04 2.314605e-04
4.824201e-02 3.329106e-05 2.301271e-04
4.851282e-02 3.439393e-04 2.319507e-04
4.878364e-02 1.309700e-04 2.291814e-04
4.905445e-02 -1.068190e-04 2.283356e-04
4.932526e-02 1.581404e-04 2.298952e-04
4.959608e-02 -1.788214e-04 2.269908e-04
4.986690e-02 -6.974861e-05 2.277729e-04
5.013771e-02 -1.939908e-04 2.268268e-04
5.040852e-02 -4.457198e-04 2.252861e-04
5.067934e-02 -2.231803e-04 2.257824e-04
5.095015e-02 1.509003e-04 2.226677e-04
5.122096e-02 -3.496483e-04 2.236130e-04
5.149178e-02 1.346804e-04 2.230073e-04
5.176260e-02 2.739392e-04 2.223321e-04
5.203341e-02 2.580807e-04 2.239794e-04
5.230422e-02 2.707709e-04 2.185926e-04
5.257504e-02 1.614988e-04 2.212215e-04
5.284585e-02 -2.041887e-04 2.189406e-04
5.311667e-02 4.818104e-04 2.182147e-04
5.338748e-02 -4.588068e-05 2.241808e-04
5.365830e-02 -7.680990e-05 2.218022e-04
5.392911e-02 -1.203008e-04 2.220928e-04
5.419992e-02 8.460134e-06 2.230727e-04
5.447074e-02 -1.430009e-04 2.214387e-04
5.474155e-02 -1.771394e-04 2.257765e-04
5.501237e-02 -3.239401e-04 2.290999e-04
5.528318e-02 -1.004394e-04 2.323284e-04
5.555400e-02 -5.314499e-04 2.328550e-04
5.582481e-02 1.175590e-04 2.324893e-04
5.609563e-02 -1.601875e-07 2.334238e-04
5.636644e-02 1.757592e-04 2.371877e-04
5.663725e-02 1.795292e-04 2.365667e-04
5.690807e-02 2.489295e-04 2.363823e-04
5.717888e-02 2.503954e-05 2.334143e-04
5.744969e-02 -2.430417e-04 2.393540e-04
5.772051e-02 -4.858691e-04 2.376979e-04
5.799133e-02 -1.224317e-04 2.373169e-04
5.826214e-02 3.393292e-04 2.365870e-04
5.853295e-02 -1.367200e-04 2.385025e-04
5.880377e-02 1.939796e-04 2.377464e-04
5.907458e-02 -2.194699e-04 2.371686e-04
5.934540e-02 -4.362687e-04 2.390152e-04
5.961621e-02 -1.559593e-04 2.427175e-04
5.988703e-02 -2.009198e-04 2.405908e-04
6.015784e-02 -3.900211e-04 2.389646e-04
6.042865e-02 -2.507493e-04 2.421053e-04
6.069947e-02 -1.042597e-04 2.351580e-04
6.097028e-02 -6.828886e-04 2.374646e-04
6.124110e-02 -4.199091e-04 2.312783e-04
6.151191e-02 -2.101399e-04 2.327141e-04
6.178273e-02 3.836993e-04 2.325211e-04
6.205354e-02 -1.372304e-04 2.290050e-04
6.232436e-02 -5.963072e-05 2.309472e-04
6.259517e-02 8.998066e-05 2.285896e-04
6.286598e-02 -5.271286e-06 2.282245e-04
6.313679e-02 -4.109908e-04 2.278229e-04
6.340761e-02 -1.522303e-04 2.244415e-04
6.367842e-02 -3.530085e-05 2.279459e-04
6.394923e-02 1.212917e-04 2.257299e-04
6.422005e-02 -6.886013e-05 2.279076e-04
6.449086e-02 1.925044e-05 2.282983e-04
6.476168e-02 9.126961e-05 2.237031e-04
6.503250e-02 -1.954492e-04 2.272755e-04
6.530331e-02 2.950430e-06 2.235824e-04
6.557412e-02 -7.855110e-04 2.242816e-04
6.584494e-02 1.733992e-04 2.251882e-04
6.611575e-02 -1.553409e-04 2.240114e-04
6.638657e-02 2.930705e-04 2.251066e-04
6.665738e-02 1.346879e-05 2.234381e-04
6.692819e-02 -6.655585e-04 2.232818e-04
6.719901e-02 -1.508500e-04 2.230639e-04
6.746982e-02 -5.517900e-04 2.230271e-04
6.774063e-02 2.469700e-04 2.238692e-04
6.801146e-02 -5.589798e-06 2.205348e-04
6.828227e-02 1.960602e-04 2.209909e-04
6.855308e-02 -9.890646e-07 2.214068e-04
6.882390e-02 -2.811905e-04 2.194729e-04
6.909471e-02 2.119690e-06 2.197167e-04
6.936552e-02 -4.794206e-04 2.187927e-04
6.963634e-02 -2.306905e-04 2.204549e-04
6.990715e-02 1.379307e-04 2.198469e-04
7.017796e-02 1.642387e-04 2.159257e-04
7.044878e-02 1.027100e-04 2.169183e-04
7.071959e-02 -2.914108e-04 2.169588e-04
7.099041e-02 -3.562216e-04 2.194166e-04
7.126123e-02 -7.493980e-05 2.144640e-04
7.153204e-02 -3.592111e-05 2.163466e-04
7.180285e-02 -3.075991e-04 2.172647e-04
7.207367e-02 -2.549961e-05 2.161364e-04
7.234448e-02 -3.319979e-05 2.158422e-04
7.261530e-02 -2.993494e-04 2.157651e-04
7.288611e-02 4.236959e-05 2.138259e-04
7.315692e-02 -1.616031e-05 2.147790e-04
7.342774e-02 -2.647601e-04 2.142399e-04
7.369855e-02 7.135980e-05 2.142923e-04
7.396936e-02 -1.221485e-04 2.143000e-04
7.424019e-02 -2.995208e-04 2.142240e-04
7.451100e-02 -3.837701e-04 2.133285e-04
7.478181e-02 3.097951e-05 2.122006e-04
7.505263e-02 6.061047e-06 2.106847e-04
7.532344e-02 1.890808e-04 2.147591e-04
7.559425e-02 -1.776908e-04 2.115857e-04
7.586507e-02 -5.327910e-05 2.159763e-04
7.613588e-02 -1.300201e-04 2.116456e-04
7.640669e-02 3.017113e-05 2.111948e-04
7.667751e-02 6.148964e-05 2.114273e-04
7.694832e-02 -3.129244e-06 2.125129e-04
7.721914e-02 -4.676897e-04 2.108937e-04
7.748996e-02 1.177713e-04 2.097687e-04
7.776077e-02 4.599616e-04 2.077162e-04
7.803158e-02 1.685508e-04 2.102524e-04
7.830240e-02 -2.985708e-04 2.081879e-04
7.857321e-02 2.379902e-05 2.092497e-04
7.884403e-02 -4.407391e-04 2.092974e-04
7.911484e-02 8.605048e-05 2.077884e-04
7.938565e-02 1.935195e-04 2.098892e-04
7.965647e-02 -2.052598e-04 2.063990e-04
7.992728e-02 1.586899e-04 2.068922e-04
8.019809e-02 2.612695e-04 2.074495e-04
8.046892e-02 7.302873e-05 2.070628e-04
8.073973e-02 -4.773997e-04 2.064251e-04
8.101054e-02 -2.005287e-04 2.057104e-04
8.128136e-02 -4.496891e-04 2.054394e-04
8.155217e-02 -1.065210e-04 2.062095e-04
8.182298e-02 2.332907e-04 2.053465e-04
8.209380e-02 -2.863891e-04 2.051810e-04
8.236461e-02 -1.963042e-05 2.057690e-04
8.263543e-02 -1.734793e-04 2.047750e-04
8.290624e-02 -8.206069e-05 2.059543e-04
8.317705e-02 -5.577132e-05 2.034989e-04
8.344787e-02 -4.864093e-04 2.047942e-04
8.371869e-02 -3.598407e-04 2.049012e-04
8.398950e-02 -2.215989e-05 2.017655e-04
8.426031e-02 -4.866906e-04 2.032148e-04
8.453113e-02 6.778911e-05 2.021350e-04
8.480194e-02 1.111105e-04 2.020236e-04
8.507276e-02 -2.985001e-04 2.040683e-04
8.534357e-02 1.879111e-04 2.022402e-04
8.561438e-02 6.610528e-06 2.010032e-04
8.588520e-02 -2.276208e-04 2.006112e-04
8.615601e-02 -2.009384e-04 2.005178e-04
8.642682e-02 7.343106e-05 2.002147e-04
8.669765e-02 -4.443210e-04 1.996473e-04
8.696846e-02 -4.366599e-04 2.010931e-04
8.723927e-02 -2.544094e-04 1.987288e-04
8.751009e-02 -7.845201e-04 1.996644e-04
8.778090e-02 2.272055e-05 1.987025e-04
8.805171e-02 -5.735084e-05 2.003272e-04
8.832253e-02 1.618639e-06 1.986793e-04
8.859334e-02 -1.037195e-04 2.000497e-04
8.886416e-02 -1.003966e-05 1.981838e-04
8.913497e-02 -1.112614e-04 1.976728e-04
8.940578e-02 -1.092795e-04 1.981126e-04
8.967660e-02 -2.304893e-04 1.970653e-04
8.994742e-02 -1.254100e-04 1.990144e-04
9.021823e-02 -4.754700e-04 1.979775e-04
9.048904e-02 -1.689401e-04 1.967397e-04
9.075986e-02 -3.466103e-04 1.974488e-04
9.103067e-02 -3.452003e-04 1.958747e-04
9.130149e-02 8.190051e-06 1.977487e-04
9.157230e-02 -3.079101e-04 1.957435e-04
9.184311e-02 -3.030188e-04 1.976408e-04
9.211393e-02 -2.398901e-04 1.962571e-04
9.238474e-02 -1.763701e-04 1.967239e-04
9.265555e-02 -4.952960e-05 1.954109e-04
9.292637e-02 -1.377985e-05 1.936333e-04
9.319719e-02 -4.505794e-04 1.948128e-04
9.346800e-02 -6.612949e-05 1.937814e-04
9.373882e-02 -7.130019e-05 1.940581e-04
9.400963e-02 -3.911387e-04 1.946007e-04
9.428044e-02 6.458163e-05 1.941907e-04
9.455126e-02 1.235865e-05 1.939698e-04
9.482207e-02 -2.861302e-04 1.919770e-04
9.509289e-02 -4.969910e-05 1.932798e-04
9.536370e-02 1.333300e-04 1.944301e-04
9.563451e-02 -1.641810e-04 1.909340e-04
9.590533e-02 -5.752966e-05 1.933568e-04
9.617615e-02 3.900006e-05 1.916087e-04
9.644696e-02 -3.841799e-04 1.912793e-04
9.671777e-02 -1.494307e-04 1.918027e-04
9.698859e-02 1.106039e-05 1.905441e-04
9.725940e-02 -1.412500e-04 1.907958e-04
9.753022e-02 -4.010275e-06 1.903920e-04
9.780103e-02 -1.247972e-05 1.916710e-04
9.807184e-02 -4.282184e-04 1.915868e-04
9.834266e-02 -4.180893e-04 1.909699e-04
9.861347e-02 2.068002e-04 1.926825e-04
9.888428e-02 -1.172703e-04 1.894017e-04
9.915510e-02 -2.525896e-04 1.901722e-04
9.942592e-02 9.010918e-05 1.894817e-04
9.969673e-02 1.583695e-04 1.897890e-04
9.996755e-02 -4.738569e-06 1.894963e-04
1.002384e-01 -5.296990e-05 1.886940e-04
1.005092e-01 -2.668593e-04 1.901407e-04
1.007800e-01 2.503023e-05 1.876542e-04
1.010508e-01 -3.260002e-05 1.890044e-04
1.013216e-01 -6.197914e-04 1.881937e-04
1.015924e-01 -6.073117e-04 1.872095e-04
1.018632e-01 -2.270304e-04 1.889971e-04
1.021341e-01 -4.756395e-04 1.874233e-04
1.024049e-01 -3.892388e-04 1.873994e-04
1.026757e-01 -2.863500e-04 1.862945e-04
1.029465e-01 1.883190e-04 1.867452e-04
1.032173e-01 -3.403910e-04 1.860494e-04
1.034881e-01 -4.827976e-05 1.859516e-04
1.037589e-01 -3.345702e-04 1.860523e-04
1.040298e-01 -2.989210e-04 1.853056e-04
1.043006e-01 -4.014932e-05 1.870052e-04
1.045714e-01 -3.375988e-04 1.851154e-04
1.048422e-01 -2.730079e-05 1.848867e-04
1.051130e-01 -4.580989e-05 1.845404e-04
1.053838e-01 -7.069111e-05 1.850583e-04
1.056546e-01 -3.663804e-04 1.843978e-04
1.059255e-01 -1.405198e-04 1.847745e-04
1.061963e-01 -2.213009e-05 1.848077e-04
1.064671e-01 -6.664917e-05 1.835667e-04
1.067379e-01 3.699958e-05 1.837450e-04
1.070087e-01 -9.470060e-05 1.849309e-04
1.072795e-01 -3.188699e-04 1.817561e-04
1.075503e-01 -2.363808e-04 1.847829e-04
1.078212e-01 1.765806e-04 1.836665e-04
1.080920e-01 1.816303e-04 1.826592e-04
1.083628e-01 -1.302492e-04 1.829877e-04
1.086336e-01 1.081899e-04 1.824482e-04
1.089044e-01 1.311209e-04 1.827706e-04
1.091752e-01 -9.291992e-05 1.824386e-04
1.094460e-01 7.098913e-05 1.813408e-04
1.097169e-01 6.840937e-05 1.828512e-04
1.099877e-01 -3.951397e-04 1.811251e-04
1.102585e-01 -4.158504e-04 1.825435e-04
1.105293e-01 -7.116050e-05 1.854734e-04
1.108001e-01 -4.497897e-04 1.859960e-04
1.110709e-01 -1.110490e-04 1.890644e-04
1.113417e-01 -2.805311e-04 1.860674e-04
1.116126e-01 -3.865920e-05 1.890932e-04
1.118834e-01 7.793866e-05 1.880067e-04
1.121542e-01 -3.338400e-04 1.892926e-04
1.124250e-01 3.406964e-05 1.919987e-04
1.126958e-01 -8.607842e-05 1.920327e-04
1.129666e-01 -3.025401e-04 1.932394e-04
1.132374e-01 3.584400e-04 1.966399e-04
1.135083e-01 -2.148896e-04 1.978985e-04
1.137791e-01 1.986101e-04 1.997176e-04
1.140499e-01 -4.194602e-04 1.982055e-04
1.143207e-01 -1.806002e-04 2.006125e-04
1.145915e-01 -1.283903e-04 2.035544e-04
1.148623e-01 -1.825951e-05 2.034061e-04
1.151332e-01 -1.922064e-05 2.018812e-04
1.154040e-01 -7.914938e-05 2.052200e-04
1.156748e-01 -1.502316e-04 2.068301e-04
1.159456e-01 -6.129965e-06 2.083808e-04
1.162164e-01 3.098100e-04 2.075375e-04
1.164872e-01 -2.322495e-04 2.081706e-04
1.167580e-01 -2.151411e-04 2.123001e-04
1.170288e-01 -3.326293e-04 2.116622e-04
1.172997e-01 -2.897400e-04 2.128767e-04
1.175705e-01 -1.822002e-04 2.132390e-04
1.178413e-01 -2.904497e-04 2.153788e-04
1.181121e-01 -3.524702e-04 2.118715e-04
1.183829e-01 -1.039412e-04 2.084562e-04
1.186537e-01 -2.379790e-04 2.081147e-04
1.189246e-01 1.248904e-05 2.071695e-04
1.191954e-01 -3.386494e-04 2.077961e-04
1.194662e-01 -2.354793e-04 2.073106e-04
1.197370e-01 -4.566405e-04 2.060799e-04
1.200078e-01 -2.975911e-04 2.069113e-04
1.202786e-01 2.964009e-04 2.059887e-04
1.205494e-01 -2.809111e-04 2.057665e-04
1.208202e-01 -4.902594e-04 2.069629e-04
1.210911e-01 -3.033299e-04 2.039098e-04
1.213619e-01 -3.487300e-04 2.061243e-04
1.216327e-01 1.224205e-04 2.045702e-04
1.219035e-01 2.639368e-06 2.063087e-04
1.221743e-01 -1.125503e-04 2.040715e-04
1.224451e-01 -1.693293e-04 2.046878e-04
1.227160e-01 -1.033954e-05 2.076096e-04
1.229868e-01 -1.047514e-04 2.041542e-04
1.232576e-01 -4.664492e-04 2.056442e-04
1.235284e-01 -7.956102e-05 2.072236e-04
1.237992e-01 -5.980600e-04 2.062499e-04
1.240700e-01 -5.382616e-04 2.053374e-04
1.243408e-01 -9.568408e-06 2.040976e-04
1.246117e-01 -3.325902e-04 2.053804e-04
1.248825e-01 -3.485996e-04 2.048768e-04
1.251533e-01 -1.488198e-04 2.033196e-04
1.254241e-01 -1.453105e-04 2.057632e-04
1.256949e-01 -1.580697e-04 2.023613e-04
1.259657e-01 8.022971e-05 2.038777e-04
1.262365e-01 -1.408197e-04 2.022717e-04
1.265074e-01 4.627928e-05 2.014503e-04
1.267782e-01 -4.563406e-04 2.028726e-04
1.270490e-01 -8.372962e-05 2.016043e-04
1.273198e-01 -2.932698e-04 2.029018e-04
1.275906e-01 -6.584693e-04 2.012780e-04
1.278614e-01 -2.823696e-04 2.014854e-04
1.281322e-01 -1.096688e-04 2.005788e-04
1.284031e-01 -9.932928e-05 1.995358e-04
1.286739e-01 -1.833010e-04 2.006714e-04
1.289447e-01 -2.983790e-04 1.992854e-04
1.292155e-01 -6.139092e-05 1.999074e-04
1.294863e-01 -1.596902e-04 1.986523e-04
1.297571e-01 -6.501004e-05 1.990144e-04
1.300279e-01 3.194492e-04 1.984811e-04
1.302988e-01 -2.457686e-04 2.007264e-04
1.305696e-01 -9.058975e-05 1.991636e-04
1.308404e-01 -7.768162e-05 1.983616e-04
1.311112e-01 -2.308097e-04 2.009233e-04
1.313820e-01 -6.624125e-05 1.975361e-04
1.316528e-01 -1.465697e-04 2.002492e-04
1.319236e-01 5.326048e-05 1.984254e-04
1.321945e-01 -2.784804e-04 1.983165e-04
1.324653e-01 -4.249997e-04 1.984898e-04
1.327361e-01 -5.038809e-04 1.966020e-04
1.330069e-01 -2.429504e-04 1.988459e-04
1.332777e-01 -2.809484e-04 1.983819e-04
1.335485e-01 -7.067993e-05 1.960480e-04
1.338193e-01 1.875404e-04 1.994989e-04
1.340902e-01 -4.588105e-04 1.964632e-04
1.343610e-01 -1.797099e-04 1.980408e-04
1.346318e-01 -1.111496e-04 1.970217e-04
1.349026e-01 -1.278594e-04 1.965377e-04
1.351734e-01 -2.249908e-04 1.983934e-04
1.354442e-01 -2.430901e-04 1.967185e-04
1.357151e-01 2.555512e-04 1.978833e-04
1.359859e-01 -1.168791e-04 1.957321e-04
1.362567e-01 -4.101899e-04 1.951856e-04
1.365275e-01 -2.622046e-05 1.947871e-04
1.367983e-01 -3.291201e-04 1.941211e-04
1.370691e-01 -2.531298e-04 1.961757e-04
1.373399e-01 -3.258903e-04 1.991626e-04
1.376107e-01 -5.909298e-04 2.007618e-04
1.378816e-01 1.874194e-04 2.029866e-04
1.381524e-01 2.183951e-05 2.028400e-04
1.384232e-01 -2.179202e-04 2.068100e-04
1.386940e-01 -3.110189e-04 2.055852e-04
1.389648e-01 1.635961e-05 2.071783e-04
1.392356e-01 -4.060511e-04 2.103932e-04
1.395064e-01 -2.134200e-04 2.076832e-04
1.397773e-01 -2.401397e-04 2.088291e-04
1.400481e-01 -2.737604e-04 2.096003e-04
1.403189e-01 -3.346056e-05 2.111737e-04
1.405897e-01 -2.596900e-05 2.115292e-04
1.408605e-01 -2.274103e-04 2.111829e-04
1.411313e-01 -1.093503e-04 2.155903e-04
1.414021e-01 -2.033506e-04 2.132584e-04
1.416730e-01 1.074001e-05 2.153643e-04
1.419438e-01 -1.867898e-04 2.156064e-04
1.422146e-01 -6.478094e-05 2.165261e-04
1.424854e-01 -1.399200e-04 2.148613e-04
1.427562e-01 -1.635700e-04 2.164966e-04
1.430270e-01 7.420778e-06 2.155726e-04
1.432979e-01 -2.346803e-04 2.159773e-04
1.435687e-01 7.191673e-06 2.170759e-04
1.438395e-01 -2.516694e-04 2.190265e-04
1.441103e-01 5.234964e-05 2.200559e-04
1.443811e-01 -2.313294e-04 2.197934e-04
1.446519e-01 -3.528912e-04 2.197167e-04
1.449227e-01 1.646504e-04 2.212280e-04
1.451935e-01 -6.024502e-04 2.202540e-04
1.454644e-01 -2.958290e-04 2.215577e-04
1.457352e-01 7.095933e-05 2.229491e-04
1.460060e-01 -7.001124e-05 2.205198e-04
1.462768e-01 3.564600e-04 2.249254e-04
1.465476e-01 -3.140401e-04 2.233785e-04
1.468184e-01 -2.644099e-04 2.272357e-04
1.470892e-01 -3.252402e-04 2.253792e-04
1.473601e-01 8.527935e-05 2.256795e-04
1.476309e-01 -1.538694e-04 2.251232e-04
1.479017e-01 8.575991e-05 2.262342e-04
1.481725e-01 5.852394e-04 2.239697e-04
1.484433e-01 3.619511e-04 2.216752e-04
1.487141e-01 -1.343712e-04 2.262653e-04
1.489850e-01 1.181308e-04 2.248048e-04
1.492558e-01 -2.234485e-04 2.235434e-04
1.495266e-01 3.480799e-04 2.256721e-04
1.497974e-01 2.137944e-05 2.216531e-04
1.500682e-01 -4.886910e-04 2.249278e-04
1.503390e-01 -6.177891e-04 2.247084e-04
1.506098e-01 -4.693121e-05 2.216935e-04
1.508806e-01 -3.983788e-04 2.236807e-04
1.511515e-01 6.425940e-05 2.227120e-04
1.514223e-01 -1.143012e-04 2.262155e-04
1.516931e-01 2.425909e-05 2.247917e-04
1.519639e-01 -2.178196e-04 2.235208e-04
1.522347e-01 -3.244299e-04 2.262618e-04
1.525055e-01 6.744079e-05 2.237690e-04
1.527763e-01 -3.059916e-04 2.285879e-04
1.530472e-01 -1.280699e-04 2.223869e-04
1.533180e-01 -4.506856e-05 2.236755e-04
1.535888e-01 -8.441601e-04 2.245666e-04
1.538596e-01 5.699880e-05 2.239282e-04
1.541304e-01 -2.303701e-04 2.254976e-04
1.544012e-01 5.294941e-05 2.232652e-04
1.546721e-01 -4.009902e-05 2.268368e-04
1.549429e-01 -1.012888e-04 2.252081e-04
1.552137e-01 8.786097e-05 2.246930e-04
1.554845e-01 -6.153286e-04 2.255884e-04
1.557553e-01 -1.038052e-05 2.257976e-04
1.560261e-01 -3.526304e-04 2.269027e-04
1.562969e-01 -2.732705e-04 2.244240e-04
1.565678e-01 -8.800998e-05 2.227244e-04
1.568386e-01 -4.901700e-04 2.254981e-04
1.571094e-01 -3.344305e-04 2.248189e-04
1.573802e-01 -5.985983e-05 2.260098e-04
1.576510e-01 7.024966e-05 2.241373e-04
1.579218e-01 -1.434907e-04 2.289006e-04
1.581926e-01 -4.751980e-05 2.265268e-04
1.584634e-01 -1.498386e-04 2.229112e-04
1.587343e-01 -8.491054e-05 2.258039e-04
1.590051e-01 9.102002e-05 2.252096e-04
1.592759e-01 -5.917009e-04 2.248107e-04
1.595467e-01 -3.782697e-04 2.248727e-04
1.598175e-01 -2.997201e-04 2.231149e-04
1.600883e-01 2.471507e-04 2.220514e-04
1.603591e-01 -4.027970e-05 2.232557e-04
1.606300e-01 -9.582005e-05 2.239749e-04
1.609008e-01 -8.920208e-06 2.216951e-04
1.611716e-01 3.481600e-04 2.231759e-04
1.614424e-01 -4.551895e-04 2.211823e-04
1.617132e-01 -2.139602e-04 2.231420e-04
1.619840e-01 -3.382098e-04 2.224011e-04
1.622549e-01 -4.592799e-04 2.225835e-04
1.625257e-01 -8.497946e-05 2.240896e-04
1.627965e-01 1.941305e-04 2.233633e-04
1.630673e-01 -2.010111e-04 2.242179e-04
1.633381e-01 -1.714900e-04 2.226152e-04
1.636089e-01 -1.876708e-04 2.214081e-04
1.638797e-01 -1.845099e-04 2.249496e-04
1.641506e-01 9.538978e-05 2.226782e-04
1.644214e-01 -2.499316e-04 2.229957e-04
1.646922e-01 -2.800897e-04 2.223876e-04
1.649630e-01 -3.248509e-04 2.232404e-04
1.652338e-01 -4.027802e-04 2.250384e-04
1.655046e-01 -2.375115e-04 2.230336e-04
1.657754e-01 -1.906101e-04 2.220866e-04
1.660462e-01 -5.970094e-04 2.239704e-04
1.663171e-01 -1.812801e-04 2.227624e-04
1.665879e-01 -7.870980e-05 2.239298e-04
1.668587e-01 -3.769994e-05 2.247137e-04
1.671295e-01 -4.109293e-04 2.252240e-04
1.674003e-01 -7.473864e-05 2.228866e-04
1.676711e-01 -1.161117e-04 2.325056e-04
1.679420e-01 -1.975112e-04 2.358065e-04
1.682128e-01 -1.474302e-04 2.364624e-04
1.684836e-01 -8.107908e-05 2.407659e-04
1.687544e-01 -3.676396e-04 2.432906e-04
1.690252e-01 9.863079e-05 2.442644e-04
1.692960e-01 -9.320583e-04 2.436270e-04
1.695668e-01 -4.442595e-04 2.502043e-04
1.698377e-01 -2.938509e-04 2.489934e-04
1.701085e-01 5.270597e-04 2.504174e-04
1.703793e-01 -1.003202e-04 2.536426e-04
1.706501e-01 -1.438987e-04 2.543541e-04
1.709209e-01 2.228096e-04 2.592112e-04
1.711917e-01 -1.067109e-05 2.589216e-04
1.714625e-01 -9.039976e-05 2.613491e-04
1.717333e-01 -9.441003e-05 2.624484e-04
1.720042e-01 1.683608e-04 2.633501e-04
1.722750e-01 8.152053e-05 2.677557e-04
1.725458e-01 -2.964027e-05 2.663415e-04
1.728166e-01 -7.467195e-04 2.698032e-04
1.730874e-01 -4.185103e-04 2.709142e-04
1.733582e-01 -1.014397e-04 2.742043e-04
1.736291e-01 9.503029e-05 2.763476e-04
1.738999e-01 -3.940109e-04 2.723869e-04
1.741707e-01 -3.946815e-04 2.798653e-04
1.744415e-01 1.158901e-04 2.787908e-04
1.747123e-01 -3.660005e-04 2.823863e-04
1.749831e-01 -2.018400e-04 2.698058e-04
1.752539e-01 -4.137866e-05 2.635382e-04
1.755248e-01 3.241003e-05 2.647303e-04
1.757956e-01 1.614504e-04 2.595563e-04
1.760664e-01 -2.516992e-05 2.590456e-04
1.763372e-01 -3.245305e-04 2.597536e-04
1.766080e-01 -1.098085e-04 2.602523e-04
1.768788e-01 7.609837e-05 2.578730e-04
1.771496e-01 -1.647715e-04 2.534741e-04
1.774205e-01 -2.631787e-04 2.572311e-04
1.776913e-01 -1.389887e-04 2.522338e-04
1.779621e-01 1.972988e-04 2.535873e-04
1.782329e-01 1.880005e-04 2.516941e-04
1.785037e-01 -1.458898e-04 2.482900e-04
1.787745e-01 -1.622103e-04 2.507962e-04
1.790453e-01 -1.653899e-04 2.472960e-04
1.793161e-01 1.987200e-04 2.499285e-04
1.795870e-01 -1.372006e-04 2.476553e-04
1.798578e-01 2.012961e-05 2.463159e-04
1.801286e-01 -1.421701e-04 2.476877e-04
1.803994e-01 9.781122e-05 2.441613e-04
1.806702e-01 -6.140396e-04 2.455848e-04
1.809410e-01 -2.906006e-04 2.441494e-04
1.812119e-01 -1.346897e-04 2.448887e-04
1.814827e-01 -4.904103e-04 2.446296e-04
1.817535e-01 -6.156974e-05 2.421915e-04
1.820243e-01 -7.114932e-05 2.449107e-04
1.822951e-01 -3.390890e-04 2.446344e-04
1.825659e-01 -3.801510e-04 2.434867e-04
1.828367e-01 5.040132e-05 2.429374e-04
1.831076e-01 3.760606e-04 2.388599e-04
1.833784e-01 -4.325006e-04 2.455340e-04
1.836492e-01 -2.443306e-04 2.413686e-04
1.839200e-01 1.352802e-04 2.415701e-04
1.841908e-01 -1.398008e-04 2.401964e-04
1.844616e-01 1.011286e-04 2.416398e-04
1.847324e-01 1.633707e-04 2.428933e-04
1.850033e-01 -1.226999e-04 2.408664e-04
1.852741e-01 -7.390976e-05 2.423322e-04
1.855449e-01 -1.695491e-04 2.402130e-04
1.858157e-01 9.135902e-05 2.400541e-04
1.860865e-01 -2.060086e-05 2.423627e-04
1.863573e-01 4.434958e-05 2.400180e-04
1.866281e-01 5.420856e-05 2.413959e-04
1.868990e-01 -2.263486e-04 2.394458e-04
1.871698e-01 -3.350694e-04 2.407644e-04
1.874406e-01 -8.350983e-05 2.429856e-04
1.877114e-01 1.758914e-04 2.392294e-04
1.879822e-01 -4.759990e-05 2.415928e-04
1.882530e-01 -2.171583e-04 2.395076e-04
1.885238e-01 1.895595e-04 2.403627e-04
1.887947e-01 -1.690090e-04 2.389504e-04
1.890655e-01 -3.218800e-04 2.385148e-04
1.893363e-01 -1.356993e-04 2.403178e-04
1.896071e-01 7.217005e-05 2.377683e-04
1.898779e-01 1.635104e-04 2.409835e-04
1.901487e-01 3.932044e-05 2.389530e-04
1.904195e-01 -3.612898e-04 2.408511e-04
1.906904e-01 -5.977713e-04 2.422956e-04
1.909612e-01 -1.000185e-04 2.375164e-04
1.912320e-01 -2.945699e-04 2.418278e-04
1.915028e-01 1.138207e-04 2.364406e-04
1.917736e-01 1.041293e-04 2.381350e-04
1.920444e-01 3.213901e-04 2.385027e-04
1.923153e-01 -1.742113e-04 2.386280e-04
1.925861e-01 2.731699e-04 2.395244e-04
1.928569e-01 -2.697390e-04 2.385716e-04
1.931277e-01 1.201704e-04 2.390651e-04
1.933985e-01 -5.254298e-04 2.382172e-04
1.936693e-01 1.090951e-05 2.394573e-04
1.939401e-01 -3.201608e-04 2.410555e-04
1.942109e-01 -4.243497e-04 2.366856e-04
1.944818e-01 1.426898e-04 2.384167e-04
1.947526e-01 5.334057e-05 2.407318e-04
1.950234e-01 -7.022098e-04 2.376858e-04
1.952942e-01 -2.939496e-04 2.389555e-04
1.955650e-01 -4.976057e-05 2.373963e-04
1.958358e-01 -6.031301e-04 2.386332e-04
1.961066e-01 -2.785586e-04 2.369330e-04
1.963775e-01 3.062114e-04 2.366666e-04
1.966483e-01 8.432008e-05 2.376380e-04
1.969191e-01 3.593992e-04 2.391747e-04
1.971899e-01 1.676790e-04 2.384876e-04
1.974607e-01 -7.031392e-04 2.401357e-04
1.977315e-01 8.247048e-05 2.392727e-04
1.980023e-01 3.278796e-04 2.382575e-04
1.982732e-01 -1.541413e-04 2.373715e-04
1.985440e-01 -1.498703e-04 2.385590e-04
1.988148e-01 1.496300e-04 2.385978e-04
1.990856e-01 -2.011396e-04 2.393359e-04
1.993564e-01 -9.919144e-05 2.377854e-04
1.996272e-01 1.355298e-04 2.387520e-04
1.998980e-01 -1.498405e-04 2.377475e-04
2.001689e-01 -4.891995e-04 2.368257e-04
2.004397e-01 -5.538203e-04 2.343331e-04
2.007105e-01 -6.891042e-05 2.363442e-04
2.009813e-01 -2.482887e-04 2.350560e-04
2.012521e-01 -2.355687e-04 2.358723e-04
2.015229e-01 -6.177388e-04 2.349977e-04
2.017937e-01 -1.406688e-04 2.384931e-04
2.020646e-01 -2.661813e-04 2.364678e-04
2.023354e-01 -1.267903e-04 2.345377e-04
2.026062e-01 4.974939e-05 2.350767e-04
2.028770e-01 -4.822090e-04 2.362008e-04
2.031478e-01 3.181957e-05 2.341312e-04
2.034186e-01 1.583602e-04 2.345127e-04
2.036894e-01 -2.735294e-04 2.334833e-04
2.039603e-01 -1.209397e-04 2.346900e-04
2.042311e-01 -8.372031e-05 2.349927e-04
2.045019e-01 -5.219132e-06 2.343647e-04
2.047727e-01 -5.627982e-05 2.339872e-04
2.050435e-01 -1.320001e-04 2.337251e-04
2.053143e-01 -3.286507e-04 2.336594e-04
2.055852e-01 -9.644963e-05 2.314479e-04
2.058560e-01 2.827588e-04 2.312776e-04
2.061268e-01 -2.283901e-04 2.300618e-04
2.063976e-01 -1.605991e-04 2.319307e-04
2.066684e-01 -5.630031e-05 2.310402e-04
2.069392e-01 -2.899896e-04 2.311952e-04
2.072100e-01 -3.358107e-04 2.316065e-04
2.074808e-01 3.658049e-05 2.319624e-04
2.077517e-01 -6.735288e-04 2.281187e-04
2.080225e-01 -3.661010e-04 2.311587e-04
2.082933e-01 -4.036706e-04 2.294530e-04
2.085641e-01 -2.481099e-04 2.312303e-04
2.088349e-01 -5.244296e-04 2.338961e-04
2.091057e-01 -5.694684e-04 2.296774e-04
2.093765e-01 -9.001978e-05 2.300759e-04
2.096474e-01 9.935908e-05 2.318887e-04
2.099182e-01 -6.511994e-05 2.308812e-04
2.101890e-01 -4.727002e-04 2.293868e-04
2.104598e-01 -1.907405e-04 2.306740e-04
2.107306e-01 -5.866699e-04 2.323815e-04
2.110014e-01 -6.725006e-04 2.319369e-04
2.112723e-01 -4.145987e-04 2.310015e-04
2.115431e-01 -3.019106e-04 2.308533e-04
2.118139e-01 -4.095603e-04 2.308521e-04
2.120847e-01 -6.317385e-04 2.307028e-04
2.123555e-01 2.173409e-04 2.332797e-04
2.126263e-01 -4.817601e-04 2.290390e-04
2.128971e-01 -2.427995e-04 2.299097e-04
2.131680e-01 -3.327597e-04 2.314752e-04
2.134388e-01 -3.749896e-04 2.300170e-04
2.137096e-01 -1.346990e-04 2.307772e-04
2.139804e-01 -1.938194e-04 2.306045e-04
2.142512e-01 -2.953708e-04 2.306996e-04
2.145220e-01 -2.900511e-04 2.324398e-04
2.147928e-01 -1.375191e-04 2.315672e-04
2.150636e-01 -1.410898e-04 2.283881e-04
2.153345e-01 -1.036003e-04 2.319385e-04
2.156053e-01 -3.976803e-04 2.305273e-04
2.158761e-01 -1.489893e-04 2.316993e-04
2.161469e-01 2.423208e-04 2.284683e-04
2.164177e-01 -6.303936e-05 2.306554e-04
2.166885e-01 -9.127893e-05 2.320893e-04
2.169593e-01 1.224596e-04 2.319048e-04
2.172302e-01 1.719911e-04 2.319906e-04
2.175010e-01 -1.660194e-04 2.304400e-04
2.177718e-01 -2.311505e-04 2.313067e-04
2.180426e-01 -2.906304e-04 2.338078e-04
2.183134e-01 -2.823900e-04 2.277547e-04
2.185842e-01 -1.403000e-04 2.300857e-04
2.188551e-01 -1.566298e-04 2.297184e-04
2.191259e-01 2.161041e-05 2.323703e-04
2.193967e-01 -3.825184e-04 2.305510e-04
2.196675e-01 -5.079098e-04 2.287247e-04
2.199383e-01 1.583509e-04 2.282558e-04
2.202091e-01 1.364946e-05 2.281385e-04
2.204799e-01 -7.565878e-05 2.259294e-04
2.207507e-01 -2.766792e-04 2.273859e-04
2.210216e-01 -4.178490e-04 2.251369e-04
2.212924e-01 -2.605096e-04 2.258378e-04
2.215632e-01 -1.151115e-05 2.266035e-04
2.218340e-01 -1.241993e-04 2.271518e-04
2.221048e-01 -2.435893e-04 2.253961e-04
2.223756e-01 -1.446698e-04 2.262574e-04
2.226464e-01 -1.780391e-04 2.270507e-04
2.229173e-01 -2.668053e-05 2.253090e-04
2.231881e-01 1.079030e-05 2.249889e-04
2.234589e-01 1.789704e-04 2.269681e-04
2.237297e-01 -1.146104e-04 2.269841e-04
2.240005e-01 -3.461614e-04 2.253725e-04
2.242713e-01 -2.976097e-04 2.233914e-04
2.245422e-01 -2.536401e-04 2.273510e-04
2.248130e-01 -1.603011e-04 2.278224e-04
2.250838e-01 -1.591705e-04 2.245896e-04
2.253546e-01 -4.683603e-04 2.266526e-04
2.256254e-01 1.601186e-04 2.257684e-04
2.258962e-01 -8.001793e-04 2.262357e-04
2.261670e-01 -1.418293e-04 2.350686e-04
2.264379e-01 -4.343092e-04 2.391680e-04
2.267087e-01 1.066811e-04 2.425358e-04
2.269795e-01 -1.703594e-04 2.448812e-04
2.272503e-01 -4.583895e-04 2.466723e-04
2.275211e-01 -1.735985e-05 2.519561e-04
2.277919e-01 -1.401082e-05 2.524782e-04
2.280627e-01 -5.130097e-04 2.581338e-04
2.283335e-01 9.331852e-05 2.616050e-04
2.286044e-01 1.508296e-04 2.607381e-04
2.288752e-01 -5.673990e-05 2.635431e-04
2.291460e-01 -4.336052e-05 2.657996e-04
2.294168e-01 -4.255101e-04 2.684466e-04
2.296876e-01 -9.329990e-06 2.710482e-04
2.299584e-01 7.389113e-06 2.728829e-04
2.302293e-01 -4.429184e-05 2.781413e-04
2.305001e-01 1.937505e-04 2.786892e-04
2.307709e-01 -1.434088e-04 2.785257e-04
2.310417e-01 -1.042390e-03 2.805174e-04
2.313125e-01 -3.744196e-04 2.845805e-04
2.315833e-01 -8.725505e-04 2.847695e-04
2.318541e-01 -2.215095e-04 2.908130e-04
2.321250e-01 -6.690398e-04 2.937389e-04
2.323958e-01 1.161005e-04 2.948460e-04
2.326666e-01 -3.526099e-04 2.968564e-04
2.329374e-01 -2.317205e-04 3.033454e-04
2.332082e-01 -2.921000e-05 2.975572e-04
2.334790e-01 -2.565999e-04 3.008908e-04
2.337498e-01 -7.473901e-04 3.081658e-04
2.340207e-01 2.486501e-04 3.111434e-04
2.342915e-01 -6.684493e-04 3.118138e-04
2.345623e-01 -6.530900e-04 3.117720e-04
2.348331e-01 -3.004409e-04 3.171133e-04
2.351039e-01 5.103648e-07 3.172605e-04
2.353747e-01 -8.848123e-05 3.227650e-04
2.356455e-01 -1.588799e-04 3.262372e-04
2.359163e-01 -2.334192e-04 3.260107e-04
2.361872e-01 -6.779507e-04 3.313339e-04
2.364580e-01 -3.153700e-04 3.324462e-04
2.367288e-01 -2.017394e-04 3.350847e-04
2.369996e-01 -4.394893e-04 3.362107e-04
2.372704e-01 -4.020799e-04 3.412049e-04
2.375412e-01 -5.685203e-04 3.389184e-04
2.378121e-01 -7.470604e-04 3.507018e-04
2.380829e-01 9.041093e-05 3.476499e-04
2.383537e-01 -1.936890e-04 3.506455e-04
2.386245e-01 -7.382501e-04 3.616176e-04
2.388953e-01 -2.305806e-04 3.567267e-04
2.391661e-01 5.766936e-05 3.566613e-04
2.394369e-01 5.830694e-04 3.685610e-04
2.397078e-01 -6.061196e-04 3.753977e-04
2.399786e-01 -5.683117e-05 3.726233e-04
2.402494e-01 -9.627007e-04 3.722723e-04
2.405202e-01 -3.365390e-04 3.811083e-04
2.407910e-01 -5.062595e-04 3.818205e-04
2.410618e-01 1.009889e-04 3.937658e-04
2.413326e-01 6.927922e-05 3.930255e-04
2.416034e-01 -3.481843e-05 3.943758e-04
2.418743e-01 -9.004027e-05 4.000898e-04
2.421451e-01 -6.289296e-04 4.064345e-04
2.424159e-01 -2.125409e-04 4.151149e-04
2.426867e-01 7.189997e-05 4.114464e-04
2.429575e-01 -6.197188e-04 4.205965e-04
2.432283e-01 -1.125969e-05 4.360187e-04
2.434992e-01 8.121394e-04 4.338576e-04
2.437700e-01 -3.180504e-04 4.310960e-04
2.440408e-01 -5.674288e-04 4.449700e-04
2.443116e-01 -1.082700e-04 4.580649e-04
2.445824e-01 -8.163210e-04 4.519410e-04
2.448532e-01 -1.511108e-04 4.591618e-04
2.451240e-01 -4.307926e-05 4.620861e-04
2.453949e-01 -6.659906e-04 4.738133e-04
2.456657e-01 2.154708e-04 4.729008e-04
2.459365e-01 -8.188002e-04 4.812025e-04
2.462073e-01 -3.034491e-04 4.913945e-04
2.464781e-01 -6.842706e-04 5.005959e-04
2.467489e-01 8.201040e-05 5.068967e-04
2.470197e-01 -4.147403e-04 5.131420e-04
2.472906e-01 -2.049990e-04 5.191542e-04
2.475614e-01 -2.349801e-04 5.296160e-04
2.478322e-01 -7.439032e-05 5.522049e-04
2.481030e-01 3.550313e-04 5.470672e-04
2.483738e-01 -4.557408e-04 5.472241e-04
2.486446e-01 -1.959410e-04 5.884964e-04
2.489154e-01 -2.416391e-04 5.988605e-04
2.491863e-01 3.204104e-04 5.864398e-04
2.494571e-01 4.475936e-05 6.060773e-04
2.497279e-01 6.976612e-04 6.270199e-04
2.499987e-01 -1.775140e-03 6.366730e-04
2.502695e-01 -5.927123e-05 6.519401e-04
2.505403e-01 -4.702508e-04 6.752182e-04
2.508111e-01 -3.462397e-04 6.905582e-04
2.510819e-01 4.268065e-05 7.283913e-04
2.513528e-01 1.256503e-04 7.114899e-04
2.516236e-01 9.311996e-04 7.477324e-04
2.518944e-01 -1.150429e-03 7.453628e-04
2.521652e-01 1.018541e-03 8.354321e-04
2.524360e-01 1.270000e-03 8.345864e-04
2.527068e-01 -6.123893e-04 8.025955e-04
2.529776e-01 -1.342561e-03 8.283437e-04
2.532485e-01 6.053038e-05 8.890703e-04
2.535193e-01 -7.742196e-04 9.141750e-04
2.537901e-01 -5.670115e-04 8.758304e-04
2.540609e-01 1.729291e-03 9.124096e-04
2.543317e-01 -1.122598e-04 9.635881e-04
2.546025e-01 4.887190e-04 9.984992e-04
2.548733e-01 4.166793e-04 1.045637e-03
2.551441e-01 1.460109e-04 1.052288e-03
2.554150e-01 5.381312e-04 1.152002e-03
2.556858e-01 -7.756203e-04 1.137124e-03
2.559566e-01 -1.139680e-03 1.282962e-03
2.562274e-01 -1.023600e-03 1.293233e-03
2.564982e-01 -4.571993e-04 1.432296e-03
2.567690e-01 6.839074e-05 1.522024e-03
2.570398e-01 3.155507e-04 1.825850e-03
2.573107e-01 -8.104928e-05 1.862467e-03
2.575815e-01 -2.027830e-03 2.476555e-03
2.578523e-01 -3.777891e-04 3.308391e-03
2.581231e-01 -1.323301e-02 4.872276e-03
