3.286826e-03 -6.353188e-02 0.000000e+00
3.557641e-03 -1.454229e-01 8.548558e-02
3.828455e-03 -1.133699e-01 5.490584e-02
4.099269e-03 -1.110330e-01 4.192776e-02
4.370084e-03 -7.072210e-02 3.140110e-02
4.640898e-03 -2.243590e-02 2.220350e-02
4.911712e-03 -4.708099e-02 1.871850e-02
5.182527e-03 -3.454304e-02 1.434707e-02
5.453341e-03 -2.452302e-02 1.343673e-02
5.724155e-03 -1.741600e-02 1.014963e-02
5.994970e-03 -1.218700e-02 9.156269e-03
6.265784e-03 -1.014292e-03 7.501660e-03
6.536598e-03 -9.017706e-03 6.057651e-03
6.807412e-03 -1.137888e-02 5.621051e-03
7.078227e-03 -2.312064e-03 4.756579e-03
7.349041e-03 -3.381491e-03 4.168492e-03
7.619855e-03 -1.367450e-03 3.643227e-03
7.890671e-03 5.122691e-03 3.214196e-03
8.161485e-03 3.245801e-03 3.108740e-03
8.432299e-03 5.689681e-03 2.725851e-03
8.703114e-03 3.700584e-03 2.553412e-03
8.973928e-03 6.841183e-03 2.329135e-03
9.244742e-03 9.416878e-03 2.138344e-03
9.515557e-03 6.034091e-03 2.020297e-03
9.786371e-03 1.109870e-02 1.870196e-03
1.005718e-02 1.095890e-02 1.775060e-03
1.032800e-02 1.044780e-02 1.643993e-03
1.059881e-02 1.108080e-02 1.567585e-03
1.086963e-02 1.046470e-02 1.476196e-03
1.114044e-02 1.569390e-02 1.410707e-03
1.141126e-02 9.764597e-03 1.315572e-03
1.168207e-02 1.160079e-02 1.258457e-03
1.195289e-02 1.334490e-02 1.223365e-03
1.222370e-02 1.363830e-02 1.156863e-03
1.249451e-02 1.196399e-02 1.104544e-03
1.276533e-02 1.256570e-02 1.074435e-03
1.303614e-02 1.379991e-02 1.000727e-03
1.330696e-02 1.534794e-02 9.855419e-04
1.357777e-02 1.323553e-02 9.638388e-04
1.384859e-02 1.459807e-02 9.187097e-04
1.411940e-02 1.351584e-02 8.887611e-04
1.439021e-02 1.456059e-02 8.561617e-04
1.466103e-02 1.273354e-02 8.257889e-04
1.493184e-02 1.300793e-02 8.202071e-04
1.520266e-02 1.430748e-02 7.817534e-04
1.547347e-02 1.460389e-02 7.582242e-04
1.574429e-02 1.451792e-02 7.319483e-04
1.601510e-02 1.452501e-02 7.291981e-04
1.628591e-02 1.390874e-02 7.187215e-04
1.655673e-02 1.438173e-02 6.871347e-04
1.682754e-02 1.528107e-02 6.782818e-04
1.709836e-02 1.362996e-02 6.675958e-04
1.736917e-02 1.469364e-02 6.498260e-04
1.763999e-02 1.443059e-02 6.385928e-04
1.791080e-02 1.556177e-02 6.199537e-04
1.818161e-02 1.396037e-02 6.253978e-04
1.845243e-02 1.540924e-02 6.193626e-04
1.872324e-02 1.565218e-02 6.137424e-04
1.899406e-02 1.535919e-02 6.071292e-04
1.926487e-02 1.430952e-02 6.065316e-04
1.953569e-02 1.506843e-02 5.917884e-04
1.980650e-02 1.406041e-02 5.987146e-04
2.007731e-02 1.455021e-02 5.786989e-04
2.034813e-02 1.364545e-02 5.791961e-04
2.061894e-02 1.422318e-02 5.799802e-04
2.088976e-02 1.384019e-02 5.687911e-04
2.116057e-02 1.496428e-02 5.644500e-04
2.143139e-02 1.491224e-02 5.579110e-04
2.170220e-02 1.493944e-02 5.585991e-04
2.197302e-02 1.413606e-02 5.502774e-04
2.224383e-02 1.493856e-02 5.405563e-04
2.251465e-02 1.433111e-02 5.332427e-04
2.278546e-02 1.468175e-02 5.156340e-04
2.305627e-02 1.487709e-02 5.218958e-04
2.332709e-02 1.431474e-02 5.071523e-04
2.359790e-02 1.451990e-02 4.925981e-04
2.386872e-02 1.418325e-02 4.955925e-04
2.413953e-02 1.495004e-02 4.780849e-04
2.441034e-02 1.373783e-02 4.769950e-04
2.468116e-02 1.390270e-02 4.770126e-04
2.495197e-02 1.457988e-02 4.637629e-04
2.522279e-02 1.314256e-02 4.644732e-04
2.549360e-02 1.329885e-02 4.548449e-04
2.576442e-02 1.365363e-02 4.505729e-04
2.603523e-02 1.417881e-02 4.535422e-04
2.630604e-02 1.379916e-02 4.457260e-04
2.657686e-02 1.367150e-02 4.419869e-04
2.684767e-02 1.381668e-02 4.294920e-04
2.711849e-02 1.378992e-02 4.304699e-04
2.738930e-02 1.246487e-02 4.343189e-04
2.766012e-02 1.384140e-02 4.257701e-04
2.793093e-02 1.371205e-02 4.207184e-04
2.820175e-02 1.354901e-02 4.127385e-04
2.847256e-02 1.422009e-02 4.117383e-04
2.874337e-02 1.298066e-02 4.071723e-04
2.901419e-02 1.385243e-02 4.019359e-04
2.928500e-02 1.291593e-02 3.983436e-04
2.955582e-02 1.286763e-02 3.902872e-04
2.982663e-02 1.259337e-02 3.959254e-04
3.009745e-02 1.245872e-02 3.924180e-04
3.036826e-02 1.273985e-02 3.896949e-04
3.063907e-02 1.332479e-02 3.861118e-04
3.090989e-02 1.275977e-02 3.841356e-04
3.118070e-02 1.229421e-02 3.787136e-04
3.145152e-02 1.280506e-02 3.804502e-04
3.172233e-02 1.260973e-02 3.764050e-04
3.199315e-02 1.246424e-02 3.705808e-04
3.226396e-02 1.283219e-02 3.714512e-04
3.253478e-02 1.277994e-02 3.716810e-04
3.280559e-02 1.228797e-02 3.682195e-04
3.307641e-02 1.181174e-02 3.615771e-04
3.334722e-02 1.297121e-02 3.609871e-04
3.361803e-02 1.211461e-02 3.618238e-04
3.388885e-02 1.210491e-02 3.537700e-04
3.415966e-02 1.209264e-02 3.569039e-04
3.443048e-02 1.194548e-02 3.556437e-04
3.470129e-02 1.159091e-02 3.536412e-04
3.497211e-02 1.155315e-02 3.490661e-04
3.524292e-02 1.204840e-02 3.502177e-04
3.551374e-02 1.143095e-02 3.492407e-04
3.578455e-02 1.182564e-02 3.435590e-04
3.605536e-02 1.179836e-02 3.397848e-04
3.632618e-02 1.083424e-02 3.466663e-04
3.659699e-02 1.152041e-02 3.406260e-04
3.686780e-02 1.151613e-02 3.387142e-04
3.713862e-02 1.185719e-02 3.338358e-04
3.740944e-02 1.107574e-02 3.316583e-04
3.768025e-02 1.107670e-02 3.290828e-04
3.795106e-02 1.122189e-02 3.313040e-04
3.822188e-02 1.136854e-02 3.318691e-04
3.849269e-02 1.140565e-02 3.288280e-04
3.876351e-02 1.119451e-02 3.236166e-04
3.903432e-02 1.100222e-02 3.245871e-04
3.930514e-02 1.095931e-02 3.237183e-04
3.957595e-02 1.102345e-02 3.198200e-04
3.984676e-02 1.100257e-02 3.181983e-04
4.011758e-02 1.077540e-02 3.165104e-04
4.038839e-02 1.041419e-02 3.181142e-04
4.065921e-02 1.050774e-02 3.134180e-04
4.093002e-02 1.012304e-02 3.148906e-04
4.120084e-02 1.058753e-02 3.095808e-04
4.147165e-02 1.031609e-02 3.119472e-04
4.174246e-02 9.952750e-03 3.117062e-04
4.201328e-02 9.656500e-03 3.057671e-04
4.228409e-02 1.004102e-02 3.069224e-04
4.255491e-02 1.047220e-02 3.043670e-04
4.282572e-02 1.037935e-02 3.049645e-04
4.309653e-02 9.435691e-03 2.984547e-04
4.336735e-02 9.570271e-03 3.007368e-04
4.363817e-02 1.024225e-02 3.019922e-04
4.390898e-02 9.926129e-03 3.010715e-04
4.417979e-02 9.351902e-03 3.004461e-04
4.445061e-02 9.717330e-03 2.984553e-04
4.472142e-02 9.610731e-03 2.962877e-04
4.499224e-02 9.916421e-03 2.954700e-04
4.526305e-02 9.235181e-03 2.928457e-04
4.553387e-02 9.606581e-03 2.909770e-04
4.580468e-02 9.372059e-03 2.928276e-04
4.607549e-02 9.507921e-03 2.923498e-04
4.634631e-02 9.217627e-03 2.877317e-04
4.661712e-02 8.738879e-03 2.892768e-04
4.688794e-02 8.778479e-03 2.875377e-04
4.715875e-02 9.439427e-03 2.853679e-04
4.742957e-02 8.719780e-03 2.824024e-04
4.770038e-02 8.955210e-03 2.800164e-04
4.797119e-02 8.887827e-03 2.810460e-04
4.824201e-02 9.317368e-03 2.781220e-04
4.851282e-02 8.339990e-03 2.820904e-04
4.878364e-02 8.224800e-03 2.754495e-04
4.905445e-02 8.532099e-03 2.763809e-04
4.932526e-02 8.884411e-03 2.770014e-04
4.959608e-02 7.939801e-03 2.742314e-04
4.986690e-02 8.855682e-03 2.748548e-04
5.013771e-02 8.375101e-03 2.731897e-04
5.040852e-02 8.668531e-03 2.710258e-04
5.067934e-02 8.201532e-03 2.723551e-04
5.095015e-02 8.645359e-03 2.691667e-04
5.122096e-02 8.295868e-03 2.722402e-04
5.149178e-02 7.810362e-03 2.687271e-04
5.176260e-02 8.249130e-03 2.679806e-04
5.203341e-02 7.905491e-03 2.695680e-04
5.230422e-02 8.205328e-03 2.653006e-04
5.257504e-02 7.868219e-03 2.649664e-04
5.284585e-02 8.390240e-03 2.634037e-04
5.311667e-02 7.790469e-03 2.633855e-04
5.338748e-02 7.694110e-03 2.662966e-04
5.365830e-02 7.708129e-03 2.649957e-04
5.392911e-02 7.787310e-03 2.681667e-04
5.419992e-02 7.993840e-03 2.716716e-04
5.447074e-02 7.408880e-03 2.695577e-04
5.474155e-02 7.460419e-03 2.734353e-04
5.501237e-02 7.567748e-03 2.750282e-04
5.528318e-02 6.982680e-03 2.781723e-04
5.555400e-02 7.317498e-03 2.810639e-04
5.582481e-02 7.224742e-03 2.795878e-04
5.609563e-02 6.809440e-03 2.845816e-04
5.636644e-02 6.860372e-03 2.815568e-04
5.663725e-02 6.687600e-03 2.850347e-04
5.690807e-02 6.838650e-03 2.855178e-04
5.717888e-02 7.108729e-03 2.828473e-04
5.744969e-02 6.632041e-03 2.852128e-04
5.772051e-02 6.729431e-03 2.850783e-04
5.799133e-02 6.849889e-03 2.842007e-04
5.826214e-02 7.245818e-03 2.882652e-04
5.853295e-02 6.782299e-03 2.852596e-04
5.880377e-02 7.036619e-03 2.855770e-04
5.907458e-02 6.994748e-03 2.864805e-04
5.934540e-02 6.943610e-03 2.873809e-04
5.961621e-02 6.621679e-03 2.873515e-04
5.988703e-02 6.465230e-03 2.890217e-04
6.015784e-02 6.758759e-03 2.867505e-04
6.042865e-02 6.392831e-03 2.864884e-04
6.069947e-02 6.496601e-03 2.813792e-04
6.097028e-02 6.285779e-03 2.849565e-04
6.124110e-02 6.562831e-03 2.785015e-04
6.151191e-02 6.139051e-03 2.761516e-04
6.178273e-02 6.360080e-03 2.777179e-04
6.205354e-02 6.119141e-03 2.745415e-04
6.232436e-02 6.582929e-03 2.770446e-04
6.259517e-02 6.082380e-03 2.728503e-04
6.286598e-02 5.753970e-03 2.726006e-04
6.313679e-02 6.426590e-03 2.733166e-04
6.340761e-02 6.221790e-03 2.727211e-04
6.367842e-02 6.416300e-03 2.709396e-04
6.394923e-02 5.999602e-03 2.681135e-04
6.422005e-02 5.760878e-03 2.708645e-04
6.449086e-02 5.786000e-03 2.723880e-04
6.476168e-02 6.238950e-03 2.673351e-04
6.503250e-02 5.698418e-03 2.713758e-04
6.530331e-02 5.390182e-03 2.680107e-04
6.557412e-02 6.045429e-03 2.676347e-04
6.584494e-02 4.999489e-03 2.677206e-04
6.611575e-02 5.738031e-03 2.666529e-04
6.638657e-02 5.300101e-03 2.669958e-04
6.665738e-02 5.171340e-03 2.628670e-04
6.692819e-02 5.736332e-03 2.673966e-04
6.719901e-02 5.533451e-03 2.630503e-04
6.746982e-02 4.857322e-03 2.634099e-04
6.774063e-02 4.962031e-03 2.694974e-04
6.801146e-02 5.619198e-03 2.646220e-04
6.828227e-02 5.486652e-03 2.623593e-04
6.855308e-02 5.419431e-03 2.634685e-04
6.882390e-02 5.033970e-03 2.637980e-04
6.909471e-02 4.944639e-03 2.636946e-04
6.936552e-02 5.518420e-03 2.600393e-04
6.963634e-02 4.998621e-03 2.608078e-04
6.990715e-02 4.701152e-03 2.608861e-04
7.017796e-02 4.820861e-03 2.614696e-04
7.044878e-02 5.363390e-03 2.596800e-04
7.071959e-02 5.126961e-03 2.566463e-04
7.099041e-02 4.790058e-03 2.598807e-04
7.126123e-02 4.496101e-03 2.568764e-04
7.153204e-02 4.915480e-03 2.559779e-04
7.180285e-02 4.798790e-03 2.570372e-04
7.207367e-02 4.420850e-03 2.554068e-04
7.234448e-02 5.112721e-03 2.541983e-04
7.261530e-02 4.828470e-03 2.560776e-04
7.288611e-02 4.595309e-03 2.563544e-04
7.315692e-02 4.560640e-03 2.531142e-04
7.342774e-02 5.056992e-03 2.546505e-04
7.369855e-02 4.592391e-03 2.551022e-04
7.396936e-02 4.849050e-03 2.531755e-04
7.424019e-02 4.606830e-03 2.545434e-04
7.451100e-02 4.290348e-03 2.527840e-04
7.478181e-02 4.686670e-03 2.512812e-04
7.505263e-02 4.508352e-03 2.523483e-04
7.532344e-02 4.042123e-03 2.545891e-04
7.559425e-02 4.655991e-03 2.501509e-04
7.586507e-02 4.395559e-03 2.506390e-04
7.613588e-02 4.545590e-03 2.512563e-04
7.640669e-02 4.430350e-03 2.484719e-04
7.667751e-02 4.188739e-03 2.509602e-04
7.694832e-02 4.088942e-03 2.494475e-04
7.721914e-02 4.051620e-03 2.486405e-04
7.748996e-02 4.485941e-03 2.506449e-04
7.776077e-02 4.207579e-03 2.468881e-04
7.803158e-02 4.213441e-03 2.501468e-04
7.830240e-02 4.056722e-03 2.475280e-04
7.857321e-02 4.563559e-03 2.468829e-04
7.884403e-02 4.083181e-03 2.475105e-04
7.911484e-02 4.080381e-03 2.469188e-04
7.938565e-02 4.346011e-03 2.483815e-04
7.965647e-02 4.076112e-03 2.452581e-04
7.992728e-02 4.432950e-03 2.445621e-04
8.019809e-02 4.256582e-03 2.433187e-04
8.046892e-02 3.790719e-03 2.442095e-04
8.073973e-02 3.859822e-03 2.447437e-04
8.101054e-02 3.580151e-03 2.425204e-04
8.128136e-02 3.760509e-03 2.436224e-04
8.155217e-02 3.629981e-03 2.451330e-04
8.182298e-02 3.984720e-03 2.428007e-04
8.209380e-02 3.918370e-03 2.430896e-04
8.236461e-02 4.540429e-03 2.419950e-04
8.263543e-02 3.877522e-03 2.416617e-04
8.290624e-02 3.456911e-03 2.413996e-04
8.317705e-02 3.900189e-03 2.394059e-04
8.344787e-02 3.370719e-03 2.421476e-04
8.371869e-02 3.760660e-03 2.414476e-04
8.398950e-02 3.239060e-03 2.395760e-04
8.426031e-02 3.017601e-03 2.407511e-04
8.453113e-02 3.942201e-03 2.399462e-04
8.480194e-02 3.634460e-03 2.392349e-04
8.507276e-02 3.829280e-03 2.373041e-04
8.534357e-02 3.205542e-03 2.379449e-04
8.561438e-02 3.843050e-03 2.381877e-04
8.588520e-02 3.313450e-03 2.372172e-04
8.615601e-02 3.418162e-03 2.369527e-04
8.642682e-02 3.704792e-03 2.367845e-04
8.669765e-02 3.488639e-03 2.361986e-04
8.696846e-02 3.341312e-03 2.354201e-04
8.723927e-02 3.396699e-03 2.346550e-04
8.751009e-02 3.143240e-03 2.347028e-04
8.778090e-02 3.283318e-03 2.335123e-04
8.805171e-02 3.020259e-03 2.346164e-04
8.832253e-02 3.275320e-03 2.342761e-04
8.859334e-02 3.109541e-03 2.332566e-04
8.886416e-02 3.490100e-03 2.325965e-04
8.913497e-02 3.654659e-03 2.344503e-04
8.940578e-02 3.210809e-03 2.327630e-04
8.967660e-02 3.214560e-03 2.329810e-04
8.994742e-02 3.529079e-03 2.335262e-04
9.021823e-02 3.423970e-03 2.311452e-04
9.048904e-02 3.344489e-03 2.321221e-04
9.075986e-02 3.141832e-03 2.309118e-04
9.103067e-02 3.219910e-03 2.319109e-04
9.130149e-02 2.830340e-03 2.295642e-04
9.157230e-02 3.218861e-03 2.291106e-04
9.184311e-02 3.161551e-03 2.312318e-04
9.211393e-02 3.139760e-03 2.282441e-04
9.238474e-02 3.364339e-03 2.295261e-04
9.265555e-02 2.983108e-03 2.313012e-04
9.292637e-02 2.819581e-03 2.282597e-04
9.319719e-02 3.304821e-03 2.324604e-04
9.346800e-02 3.001031e-03 2.283759e-04
9.373882e-02 2.736067e-03 2.275100e-04
9.400963e-02 3.332412e-03 2.294861e-04
9.428044e-02 2.693459e-03 2.278881e-04
9.455126e-02 2.971970e-03 2.283109e-04
9.482207e-02 2.432441e-03 2.274452e-04
9.509289e-02 3.079448e-03 2.282910e-04
9.536370e-02 2.352601e-03 2.272122e-04
9.563451e-02 2.990920e-03 2.245840e-04
9.590533e-02 3.201229e-03 2.264455e-04
9.617615e-02 2.968941e-03 2.245815e-04
9.644696e-02 2.550069e-03 2.251784e-04
9.671777e-02 3.124980e-03 2.252956e-04
9.698859e-02 3.092999e-03 2.233289e-04
9.725940e-02 2.765110e-03 2.256576e-04
9.753022e-02 2.386579e-03 2.234467e-04
9.780103e-02 2.362721e-03 2.257017e-04
9.807184e-02 2.817599e-03 2.236383e-04
9.834266e-02 2.502639e-03 2.233478e-04
9.861347e-02 2.325639e-03 2.257690e-04
9.888428e-02 2.937092e-03 2.215964e-04
9.915510e-02 2.962733e-03 2.240023e-04
9.942592e-02 3.018091e-03 2.208129e-04
9.969673e-02 2.818070e-03 2.223359e-04
9.996755e-02 2.608260e-03 2.234409e-04
1.002384e-01 2.708331e-03 2.206510e-04
1.005092e-01 3.062328e-03 2.203982e-04
1.007800e-01 2.224918e-03 2.212692e-04
1.010508e-01 2.773128e-03 2.220812e-04
1.013216e-01 2.576588e-03 2.213031e-04
1.015924e-01 2.278879e-03 2.188025e-04
1.018632e-01 2.270490e-03 2.211550e-04
1.021341e-01 2.543049e-03 2.198442e-04
1.024049e-01 2.374351e-03 2.200326e-04
1.026757e-01 3.046129e-03 2.183606e-04
1.029465e-01 2.236228e-03 2.178731e-04
1.032173e-01 2.325041e-03 2.187406e-04
1.034881e-01 2.427688e-03 2.174072e-04
1.037589e-01 2.427369e-03 2.180658e-04
1.040298e-01 2.434909e-03 2.172017e-04
1.043006e-01 2.325071e-03 2.180149e-04
1.045714e-01 2.042999e-03 2.179042e-04
1.048422e-01 2.502238e-03 2.152818e-04
1.051130e-01 2.279999e-03 2.157363e-04
1.053838e-01 2.411893e-03 2.178842e-04
1.056546e-01 2.161220e-03 2.170968e-04
1.059255e-01 2.199780e-03 2.151011e-04
1.061963e-01 2.255648e-03 2.165769e-04
1.064671e-01 2.342051e-03 2.145095e-04
1.067379e-01 2.147820e-03 2.146883e-04
1.070087e-01 2.600359e-03 2.160128e-04
1.072795e-01 2.411570e-03 2.124466e-04
1.075503e-01 2.251500e-03 2.144935e-04
1.078212e-01 2.092499e-03 2.138814e-04
1.080920e-01 2.260452e-03 2.141286e-04
1.083628e-01 2.120249e-03 2.136551e-04
1.086336e-01 2.206631e-03 2.134027e-04
1.089044e-01 2.245091e-03 2.134557e-04
1.091752e-01 2.178049e-03 2.135517e-04
1.094460e-01 2.266072e-03 2.125254e-04
1.097169e-01 2.247620e-03 2.149668e-04
1.099877e-01 1.979889e-03 2.130694e-04
1.102585e-01 2.183151e-03 2.134287e-04
1.105293e-01 1.911972e-03 2.142330e-04
1.108001e-01 2.040669e-03 2.178115e-04
1.110709e-01 2.627021e-03 2.182647e-04
1.113417e-01 2.182761e-03 2.174212e-04
1.116126e-01 2.042381e-03 2.192236e-04
1.118834e-01 1.881860e-03 2.207082e-04
1.121542e-01 1.880899e-03 2.237649e-04
1.124250e-01 1.948381e-03 2.257768e-04
1.126958e-01 2.129540e-03 2.253848e-04
1.129666e-01 2.165148e-03 2.253676e-04
1.132374e-01 1.474569e-03 2.284976e-04
1.135083e-01 1.749909e-03 2.325051e-04
1.137791e-01 1.998402e-03 2.331088e-04
1.140499e-01 2.432851e-03 2.319040e-04
1.143207e-01 2.068589e-03 2.360941e-04
1.145915e-01 2.264129e-03 2.358623e-04
1.148623e-01 1.663709e-03 2.391006e-04
1.151332e-01 2.099542e-03 2.392811e-04
1.154040e-01 2.237519e-03 2.415589e-04
1.156748e-01 1.725789e-03 2.409933e-04
1.159456e-01 1.690829e-03 2.430577e-04
1.162164e-01 2.022501e-03 2.443524e-04
1.164872e-01 1.530128e-03 2.437949e-04
1.167580e-01 1.734940e-03 2.472734e-04
1.170288e-01 1.819992e-03 2.465010e-04
1.172997e-01 1.608539e-03 2.461573e-04
1.175705e-01 1.606751e-03 2.480205e-04
1.178413e-01 1.995930e-03 2.519619e-04
1.181121e-01 1.930039e-03 2.480799e-04
1.183829e-01 1.834631e-03 2.432128e-04
1.186537e-01 1.904950e-03 2.429781e-04
1.189246e-01 2.080960e-03 2.415667e-04
1.191954e-01 1.732850e-03 2.406848e-04
1.194662e-01 1.569720e-03 2.435479e-04
1.197370e-01 1.671001e-03 2.390092e-04
1.200078e-01 2.225749e-03 2.418465e-04
1.202786e-01 2.084112e-03 2.398341e-04
1.205494e-01 2.051599e-03 2.394058e-04
1.208202e-01 1.930449e-03 2.406331e-04
1.210911e-01 1.582442e-03 2.383734e-04
1.213619e-01 1.508219e-03 2.393715e-04
1.216327e-01 1.494510e-03 2.397936e-04
1.219035e-01 1.674721e-03 2.386810e-04
1.221743e-01 1.672169e-03 2.391497e-04
1.224451e-01 1.544679e-03 2.394784e-04
1.227160e-01 1.845349e-03 2.407400e-04
1.229868e-01 1.614193e-03 2.383111e-04
1.232576e-01 1.351630e-03 2.412227e-04
1.235284e-01 1.410162e-03 2.403905e-04
1.237992e-01 1.784418e-03 2.388094e-04
1.240700e-01 1.491310e-03 2.397781e-04
1.243408e-01 1.774881e-03 2.370987e-04
1.246117e-01 1.554601e-03 2.385548e-04
1.248825e-01 1.937680e-03 2.382896e-04
1.251533e-01 2.125058e-03 2.383241e-04
1.254241e-01 1.685100e-03 2.375906e-04
1.256949e-01 1.604781e-03 2.360453e-04
1.259657e-01 1.570370e-03 2.372054e-04
1.262365e-01 1.628209e-03 2.383432e-04
1.265074e-01 1.870550e-03 2.353229e-04
1.267782e-01 1.691822e-03 2.371306e-04
1.270490e-01 1.116080e-03 2.355662e-04
1.273198e-01 1.512449e-03 2.341242e-04
1.275906e-01 1.608251e-03 2.326045e-04
1.278614e-01 1.512919e-03 2.342540e-04
1.281322e-01 1.806229e-03 2.343411e-04
1.284031e-01 1.545191e-03 2.315197e-04
1.286739e-01 1.456711e-03 2.367104e-04
1.289447e-01 1.436180e-03 2.310421e-04
1.292155e-01 1.456188e-03 2.335753e-04
1.294863e-01 1.474090e-03 2.329912e-04
1.297571e-01 1.789210e-03 2.330802e-04
1.300279e-01 1.539828e-03 2.326163e-04
1.302988e-01 1.564579e-03 2.315309e-04
1.305696e-01 1.420530e-03 2.314529e-04
1.308404e-01 1.198070e-03 2.306596e-04
1.311112e-01 1.753591e-03 2.324472e-04
1.313820e-01 1.643581e-03 2.319782e-04
1.316528e-01 1.370691e-03 2.325200e-04
1.319236e-01 1.202028e-03 2.311226e-04
1.321945e-01 1.098279e-03 2.306183e-04
1.324653e-01 8.953400e-04 2.302521e-04
1.327361e-01 1.105949e-03 2.305578e-04
1.330069e-01 1.775250e-03 2.322547e-04
1.332777e-01 1.747729e-03 2.311989e-04
1.335485e-01 1.200691e-03 2.293445e-04
1.338193e-01 1.367960e-03 2.321499e-04
1.340902e-01 1.092469e-03 2.295932e-04
1.343610e-01 9.866506e-04 2.297587e-04
1.346318e-01 1.334539e-03 2.283113e-04
1.349026e-01 1.289139e-03 2.268424e-04
1.351734e-01 6.991699e-04 2.290076e-04
1.354442e-01 1.656469e-03 2.291915e-04
1.357151e-01 1.063829e-03 2.288168e-04
1.359859e-01 1.385180e-03 2.277825e-04
1.362567e-01 1.262439e-03 2.272601e-04
1.365275e-01 1.563210e-03 2.283158e-04
1.367983e-01 1.219189e-03 2.256523e-04
1.370691e-01 1.283910e-03 2.293237e-04
1.373399e-01 8.370411e-04 2.299050e-04
1.376107e-01 1.454070e-03 2.327878e-04
1.378816e-01 1.185380e-03 2.355018e-04
1.381524e-01 1.377730e-03 2.343299e-04
1.384232e-01 1.496110e-03 2.387858e-04
1.386940e-01 1.251921e-03 2.385834e-04
1.389648e-01 1.108119e-03 2.424707e-04
1.392356e-01 1.122139e-03 2.426542e-04
1.395064e-01 1.351349e-03 2.417044e-04
1.397773e-01 1.089079e-03 2.421184e-04
1.400481e-01 1.385869e-03 2.421354e-04
1.403189e-01 1.310330e-03 2.459103e-04
1.405897e-01 1.214221e-03 2.460253e-04
1.408605e-01 1.373259e-03 2.472574e-04
1.411313e-01 1.273820e-03 2.477839e-04
1.414021e-01 1.081500e-03 2.464782e-04
1.416730e-01 1.266211e-03 2.515318e-04
1.419438e-01 1.606859e-03 2.496558e-04
1.422146e-01 9.409692e-04 2.514335e-04
1.424854e-01 1.606351e-03 2.504450e-04
1.427562e-01 1.436321e-03 2.503962e-04
1.430270e-01 1.115570e-03 2.500656e-04
1.432979e-01 1.288431e-03 2.521903e-04
1.435687e-01 1.223419e-03 2.520894e-04
1.438395e-01 1.232490e-03 2.531088e-04
1.441103e-01 1.468631e-03 2.542829e-04
1.443811e-01 1.272921e-03 2.545468e-04
1.446519e-01 1.239998e-03 2.542625e-04
1.449227e-01 7.594787e-04 2.569441e-04
1.451935e-01 9.593405e-04 2.554366e-04
1.454644e-01 1.116430e-03 2.572376e-04
1.457352e-01 1.287870e-03 2.580673e-04
1.460060e-01 9.396207e-04 2.570819e-04
1.462768e-01 6.984007e-04 2.607579e-04
1.465476e-01 1.109799e-03 2.611474e-04
1.468184e-01 1.246780e-03 2.638471e-04
1.470892e-01 1.087211e-03 2.602879e-04
1.473601e-01 9.597391e-04 2.615384e-04
1.476309e-01 8.436199e-04 2.625240e-04
1.479017e-01 1.452979e-03 2.608679e-04
1.481725e-01 1.016909e-03 2.638803e-04
1.484433e-01 9.356290e-04 2.598621e-04
1.487141e-01 1.354441e-03 2.603037e-04
1.489850e-01 1.245029e-03 2.615878e-04
1.492558e-01 8.483715e-04 2.610300e-04
1.495266e-01 1.404170e-03 2.624200e-04
1.497974e-01 7.283688e-04 2.594174e-04
1.500682e-01 1.228129e-03 2.602480e-04
1.503390e-01 1.130560e-03 2.609683e-04
1.506098e-01 1.248490e-03 2.586234e-04
1.508806e-01 8.148793e-04 2.591303e-04
1.511515e-01 3.902912e-04 2.604536e-04
1.514223e-01 1.189269e-03 2.603601e-04
1.516931e-01 1.468770e-03 2.592607e-04
1.519639e-01 8.703507e-04 2.595728e-04
1.522347e-01 9.835698e-04 2.609797e-04
1.525055e-01 9.121597e-04 2.601439e-04
1.527763e-01 7.879790e-04 2.631282e-04
1.530472e-01 1.126720e-03 2.590992e-04
1.533180e-01 7.527992e-04 2.611177e-04
1.535888e-01 1.123821e-03 2.597586e-04
1.538596e-01 1.136290e-03 2.598780e-04
1.541304e-01 1.059961e-03 2.630825e-04
1.544012e-01 1.491191e-03 2.598992e-04
1.546721e-01 1.084421e-03 2.611312e-04
1.549429e-01 6.329790e-04 2.638012e-04
1.552137e-01 1.033001e-03 2.610766e-04
1.554845e-01 8.210000e-04 2.599410e-04
1.557553e-01 9.477995e-04 2.617255e-04
1.560261e-01 1.370540e-03 2.604447e-04
1.562969e-01 9.777192e-04 2.599449e-04
1.565678e-01 9.962209e-04 2.608923e-04
1.568386e-01 7.654503e-04 2.616585e-04
1.571094e-01 8.465387e-04 2.618808e-04
1.573802e-01 8.834694e-04 2.638911e-04
1.576510e-01 8.865595e-04 2.605371e-04
1.579218e-01 6.327406e-04 2.600433e-04
1.581926e-01 1.144571e-03 2.605698e-04
1.584634e-01 1.390411e-03 2.610688e-04
1.587343e-01 5.008392e-04 2.621685e-04
1.590051e-01 9.957515e-04 2.591314e-04
1.592759e-01 8.146893e-04 2.599420e-04
1.595467e-01 8.296184e-04 2.617458e-04
1.598175e-01 7.004589e-04 2.600978e-04
1.600883e-01 9.866096e-04 2.575519e-04
1.603591e-01 1.006680e-03 2.593439e-04
1.606300e-01 1.331531e-03 2.589909e-04
1.609008e-01 7.537585e-04 2.578220e-04
1.611716e-01 6.827004e-04 2.571959e-04
1.614424e-01 1.159180e-03 2.562177e-04
1.617132e-01 7.953104e-04 2.600030e-04
1.619840e-01 8.933507e-04 2.570559e-04
1.622549e-01 9.651408e-04 2.584288e-04
1.625257e-01 8.369386e-04 2.588032e-04
1.627965e-01 3.106389e-04 2.578112e-04
1.630673e-01 4.756600e-04 2.575737e-04
1.633381e-01 6.040111e-04 2.594806e-04
1.636089e-01 1.089910e-03 2.587580e-04
1.638797e-01 7.523503e-04 2.599465e-04
1.641506e-01 5.182792e-04 2.574190e-04
1.644214e-01 1.057761e-03 2.586538e-04
1.646922e-01 1.004599e-03 2.587242e-04
1.649630e-01 6.385017e-04 2.566916e-04
1.652338e-01 9.190906e-04 2.592469e-04
1.655046e-01 8.825399e-04 2.599213e-04
1.657754e-01 6.021913e-04 2.587220e-04
1.660462e-01 2.791099e-04 2.600584e-04
1.663171e-01 1.018520e-03 2.590395e-04
1.665879e-01 9.900108e-04 2.585020e-04
1.668587e-01 7.610489e-04 2.589154e-04
1.671295e-01 8.039903e-04 2.592915e-04
1.674003e-01 4.798286e-04 2.575810e-04
1.676711e-01 5.220808e-04 2.686023e-04
1.679420e-01 6.177109e-04 2.721708e-04
1.682128e-01 8.390900e-04 2.750743e-04
1.684836e-01 1.323640e-03 2.811559e-04
1.687544e-01 1.416009e-03 2.809344e-04
1.690252e-01 1.006139e-03 2.831357e-04
1.692960e-01 4.655700e-04 2.824641e-04
1.695668e-01 1.050379e-03 2.871402e-04
1.698377e-01 5.287789e-04 2.918801e-04
1.701085e-01 8.175001e-04 2.927137e-04
1.703793e-01 3.839303e-04 2.972631e-04
1.706501e-01 8.019116e-04 2.945847e-04
1.709209e-01 9.906199e-04 3.023479e-04
1.711917e-01 7.435512e-04 3.001213e-04
1.714625e-01 4.328992e-04 3.025941e-04
1.717333e-01 2.149101e-04 3.041876e-04
1.720042e-01 4.487913e-04 3.063804e-04
1.722750e-01 7.638894e-04 3.122967e-04
1.725458e-01 3.226195e-04 3.087857e-04
1.728166e-01 5.991999e-04 3.134514e-04
1.730874e-01 7.468201e-04 3.144071e-04
1.733582e-01 1.104731e-03 3.176672e-04
1.736291e-01 6.728899e-04 3.232678e-04
1.738999e-01 7.207133e-05 3.150871e-04
1.741707e-01 9.826887e-04 3.241573e-04
1.744415e-01 6.402787e-04 3.247451e-04
1.747123e-01 9.687208e-04 3.262475e-04
1.749831e-01 1.638997e-04 3.135190e-04
1.752539e-01 5.433392e-04 3.030577e-04
1.755248e-01 3.281403e-04 3.059769e-04
1.757956e-01 5.150810e-04 2.994167e-04
1.760664e-01 1.255890e-03 3.023871e-04
1.763372e-01 4.131086e-04 3.021636e-04
1.766080e-01 6.527305e-04 3.012836e-04
1.768788e-01 5.700886e-04 2.979059e-04
1.771496e-01 9.710006e-04 2.938987e-04
1.774205e-01 1.346394e-04 2.975258e-04
1.776913e-01 1.938194e-04 2.925530e-04
1.779621e-01 5.427487e-04 2.946707e-04
1.782329e-01 2.011415e-04 2.904510e-04
1.785037e-01 1.021130e-03 2.848196e-04
1.787745e-01 1.206780e-03 2.915861e-04
1.790453e-01 5.177800e-04 2.902067e-04
1.793161e-01 4.329104e-04 2.899350e-04
1.795870e-01 6.907694e-04 2.890617e-04
1.798578e-01 4.872698e-04 2.847587e-04
1.801286e-01 2.783295e-04 2.879242e-04
1.803994e-01 4.315004e-04 2.819731e-04
1.806702e-01 4.931800e-04 2.832969e-04
1.809410e-01 1.067558e-03 2.839668e-04
1.812119e-01 1.188399e-03 2.832215e-04
1.814827e-01 5.436894e-04 2.842602e-04
1.817535e-01 3.754012e-04 2.800531e-04
1.820243e-01 8.514002e-04 2.804963e-04
1.822951e-01 7.505510e-04 2.815956e-04
1.825659e-01 -3.514066e-05 2.812152e-04
1.828367e-01 1.581889e-04 2.802120e-04
1.831076e-01 6.372705e-04 2.787691e-04
1.833784e-01 5.921498e-04 2.825172e-04
1.836492e-01 5.854089e-04 2.797701e-04
1.839200e-01 7.216893e-04 2.814890e-04
1.841908e-01 4.121903e-04 2.785874e-04
1.844616e-01 8.643903e-04 2.789002e-04
1.847324e-01 -2.329797e-04 2.818912e-04
1.850033e-01 1.953114e-04 2.786970e-04
1.852741e-01 3.484413e-04 2.815000e-04
1.855449e-01 4.163012e-04 2.779620e-04
1.858157e-01 5.863495e-04 2.808223e-04
1.860865e-01 6.666593e-04 2.834061e-04
1.863573e-01 4.774500e-04 2.790410e-04
1.866281e-01 9.649303e-04 2.789546e-04
1.868990e-01 1.015104e-04 2.779288e-04
1.871698e-01 9.476803e-04 2.795925e-04
1.874406e-01 7.093605e-04 2.779995e-04
1.877114e-01 4.235990e-04 2.754880e-04
1.879822e-01 3.487114e-04 2.809585e-04
1.882530e-01 5.106200e-04 2.756531e-04
1.885238e-01 3.699306e-04 2.804113e-04
1.887947e-01 1.026597e-04 2.792571e-04
1.890655e-01 9.542499e-04 2.799842e-04
1.893363e-01 3.138892e-04 2.803844e-04
1.896071e-01 7.115100e-04 2.743489e-04
1.898779e-01 1.142779e-03 2.790795e-04
1.901487e-01 -7.107109e-05 2.765524e-04
1.904195e-01 6.989203e-04 2.786147e-04
1.906904e-01 6.564800e-04 2.782977e-04
1.909612e-01 5.759299e-04 2.736441e-04
1.912320e-01 3.772285e-04 2.785931e-04
1.915028e-01 5.286410e-04 2.742541e-04
1.917736e-01 9.926297e-04 2.778857e-04
1.920444e-01 3.359094e-05 2.746798e-04
1.923153e-01 2.712198e-04 2.763653e-04
1.925861e-01 4.561599e-04 2.780787e-04
1.928569e-01 3.473107e-04 2.753608e-04
1.931277e-01 5.574413e-04 2.754470e-04
1.933985e-01 5.693305e-04 2.767711e-04
1.936693e-01 6.479006e-04 2.756729e-04
1.939401e-01 5.106498e-04 2.797503e-04
1.942109e-01 1.036432e-03 2.744035e-04
1.944818e-01 6.730389e-04 2.779718e-04
1.947526e-01 1.827106e-04 2.753733e-04
1.950234e-01 6.095599e-04 2.756520e-04
1.952942e-01 7.000007e-04 2.740554e-04
1.955650e-01 3.235899e-04 2.769479e-04
1.958358e-01 4.854016e-04 2.760902e-04
1.961066e-01 3.476702e-04 2.752289e-04
1.963775e-01 1.266003e-04 2.757584e-04
1.966483e-01 6.376803e-04 2.742607e-04
1.969191e-01 5.769096e-04 2.755756e-04
1.971899e-01 3.776588e-04 2.765190e-04
1.974607e-01 1.012869e-03 2.772848e-04
1.977315e-01 1.624096e-04 2.754132e-04
1.980023e-01 5.982593e-04 2.748753e-04
1.982732e-01 1.068804e-04 2.743174e-04
1.985440e-01 5.672108e-04 2.804468e-04
1.988148e-01 8.369107e-04 2.759494e-04
1.990856e-01 2.733693e-04 2.774666e-04
1.993564e-01 3.121793e-04 2.745058e-04
1.996272e-01 7.448997e-04 2.742856e-04
1.998980e-01 7.527880e-05 2.746853e-04
2.001689e-01 5.052797e-04 2.716292e-04
2.004397e-01 3.765393e-04 2.725893e-04
2.007105e-01 3.341585e-04 2.720489e-04
2.009813e-01 8.928590e-04 2.706335e-04
2.012521e-01 5.101301e-04 2.766618e-04
2.015229e-01 8.692909e-04 2.748761e-04
2.017937e-01 7.318687e-04 2.732582e-04
2.020646e-01 4.393999e-04 2.712374e-04
2.023354e-01 -1.992099e-04 2.731401e-04
2.026062e-01 2.161488e-04 2.719145e-04
2.028770e-01 2.654009e-04 2.736276e-04
2.031478e-01 3.892593e-04 2.697809e-04
2.034186e-01 5.681403e-04 2.712264e-04
2.036894e-01 -2.714060e-05 2.718280e-04
2.039603e-01 2.481397e-04 2.714979e-04
2.042311e-01 1.172191e-03 2.725384e-04
2.045019e-01 5.464293e-04 2.713961e-04
2.047727e-01 6.750990e-04 2.673310e-04
2.050435e-01 1.807399e-04 2.703051e-04
2.053143e-01 2.972186e-04 2.712027e-04
2.055852e-01 -8.072499e-04 2.691183e-04
2.058560e-01 4.779994e-04 2.695825e-04
2.061268e-01 1.545399e-04 2.697708e-04
2.063976e-01 4.761200e-04 2.686285e-04
2.066684e-01 4.747696e-04 2.665510e-04
2.069392e-01 8.106790e-04 2.669199e-04
2.072100e-01 4.586484e-04 2.680461e-04
2.074808e-01 4.792400e-04 2.672693e-04
2.077517e-01 7.313099e-04 2.664122e-04
2.080225e-01 7.736105e-04 2.669506e-04
2.082933e-01 3.548283e-04 2.661365e-04
2.085641e-01 1.404900e-04 2.671847e-04
2.088349e-01 8.862298e-04 2.682392e-04
2.091057e-01 3.834292e-04 2.674018e-04
2.093765e-01 2.359003e-04 2.681335e-04
2.096474e-01 4.932899e-04 2.686290e-04
2.099182e-01 3.400501e-04 2.689176e-04
2.101890e-01 4.235692e-04 2.670760e-04
2.104598e-01 1.076931e-03 2.657931e-04
2.107306e-01 3.945902e-04 2.684906e-04
2.110014e-01 6.591696e-04 2.662185e-04
2.112723e-01 5.654693e-04 2.673910e-04
2.115431e-01 4.351195e-04 2.655844e-04
2.118139e-01 6.182697e-04 2.668348e-04
2.120847e-01 1.856200e-04 2.663131e-04
2.123555e-01 1.455601e-04 2.674091e-04
2.126263e-01 3.592186e-04 2.641924e-04
2.128971e-01 1.048561e-03 2.658307e-04
2.131680e-01 3.693495e-04 2.677910e-04
2.134388e-01 2.258494e-04 2.669659e-04
2.137096e-01 4.553050e-05 2.686739e-04
2.139804e-01 5.385894e-04 2.698980e-04
2.142512e-01 9.674951e-05 2.664356e-04
2.145220e-01 4.079007e-05 2.702637e-04
2.147928e-01 3.420003e-04 2.672771e-04
2.150636e-01 5.244501e-04 2.669505e-04
2.153345e-01 -7.424131e-05 2.686176e-04
2.156053e-01 3.781710e-04 2.675834e-04
2.158761e-01 7.018503e-04 2.670853e-04
2.161469e-01 5.163997e-04 2.666376e-04
2.164177e-01 3.037900e-04 2.649466e-04
2.166885e-01 -2.403893e-04 2.673098e-04
2.169593e-01 1.845490e-04 2.677447e-04
2.172302e-01 1.563299e-04 2.684885e-04
2.175010e-01 2.281498e-04 2.651881e-04
2.177718e-01 9.960812e-04 2.657631e-04
2.180426e-01 3.543999e-04 2.674548e-04
2.183134e-01 -8.780882e-05 2.656107e-04
2.185842e-01 7.804316e-04 2.635349e-04
2.188551e-01 3.094990e-04 2.632997e-04
2.191259e-01 5.693398e-04 2.668903e-04
2.193967e-01 5.562045e-05 2.657028e-04
2.196675e-01 4.024059e-05 2.640304e-04
2.199383e-01 6.585494e-04 2.636310e-04
2.202091e-01 2.792310e-04 2.629928e-04
2.204799e-01 4.762970e-05 2.628961e-04
2.207507e-01 8.292124e-05 2.651044e-04
2.210216e-01 6.818585e-04 2.625524e-04
2.212924e-01 7.031597e-04 2.632401e-04
2.215632e-01 1.581106e-04 2.626761e-04
2.218340e-01 5.128700e-04 2.634053e-04
2.221048e-01 3.388096e-04 2.617039e-04
2.223756e-01 2.430398e-04 2.613804e-04
2.226464e-01 2.565496e-04 2.635346e-04
2.229173e-01 4.448202e-04 2.645818e-04
2.231881e-01 4.038308e-04 2.594412e-04
2.234589e-01 2.918504e-04 2.611446e-04
2.237297e-01 -2.007186e-04 2.617149e-04
2.240005e-01 6.535389e-04 2.619566e-04
2.242713e-01 1.277998e-04 2.601009e-04
2.245422e-01 3.261790e-04 2.604328e-04
2.248130e-01 5.199015e-05 2.626663e-04
2.250838e-01 1.092516e-04 2.592952e-04
2.253546e-01 1.697894e-04 2.634019e-04
2.256254e-01 3.658403e-04 2.609316e-04
2.258962e-01 2.472699e-04 2.614194e-04
2.261670e-01 4.568901e-04 2.719401e-04
2.264379e-01 2.047196e-04 2.776716e-04
2.267087e-01 -4.825927e-05 2.789663e-04
2.269795e-01 -1.845807e-04 2.840897e-04
2.272503e-01 3.599692e-04 2.871649e-04
2.275211e-01 2.246518e-04 2.898738e-04
2.277919e-01 1.520701e-04 2.930424e-04
2.280627e-01 5.422998e-04 2.993834e-04
2.283335e-01 5.393215e-04 2.992627e-04
2.286044e-01 5.219411e-04 3.005002e-04
2.288752e-01 4.308000e-04 3.070084e-04
2.291460e-01 2.922006e-04 3.054599e-04
2.294168e-01 1.627412e-04 3.147872e-04
2.296876e-01 6.484296e-04 3.109617e-04
2.299584e-01 1.987610e-04 3.151996e-04
2.302293e-01 -1.844913e-04 3.177507e-04
2.305001e-01 -1.219306e-04 3.215912e-04
2.307709e-01 3.100801e-04 3.265314e-04
2.310417e-01 -7.566065e-05 3.291239e-04
2.313125e-01 1.247039e-03 3.322590e-04
2.315833e-01 5.729888e-04 3.331998e-04
2.318541e-01 8.355081e-05 3.323812e-04
2.321250e-01 -1.541190e-04 3.359426e-04
2.323958e-01 -5.017594e-04 3.421165e-04
2.326666e-01 1.104511e-04 3.430604e-04
2.329374e-01 3.089402e-04 3.494536e-04
2.332082e-01 6.884150e-05 3.443034e-04
2.334790e-01 8.971989e-05 3.529656e-04
2.337498e-01 2.569798e-04 3.547347e-04
2.340207e-01 1.009939e-03 3.591154e-04
2.342915e-01 3.026389e-04 3.605094e-04
2.345623e-01 5.580503e-04 3.609374e-04
2.348331e-01 1.247302e-04 3.662185e-04
2.351039e-01 -7.528998e-04 3.707728e-04
2.353747e-01 6.431993e-04 3.700498e-04
2.356455e-01 -7.796101e-04 3.790452e-04
2.359163e-01 2.166498e-04 3.793534e-04
2.361872e-01 3.328715e-04 3.777847e-04
2.364580e-01 3.517698e-04 3.856765e-04
2.367288e-01 -7.050112e-06 3.843000e-04
2.369996e-01 2.494603e-04 3.909801e-04
2.372704e-01 3.431998e-04 4.016750e-04
2.375412e-01 4.194416e-04 3.949973e-04
2.378121e-01 4.085097e-04 4.027839e-04
2.380829e-01 7.328708e-04 3.990322e-04
2.383537e-01 -2.804901e-04 4.073936e-04
2.386245e-01 3.291704e-04 4.175573e-04
2.388953e-01 -8.160900e-04 4.115485e-04
2.391661e-01 -6.907694e-04 4.193023e-04
2.394369e-01 1.087971e-05 4.225776e-04
2.397078e-01 -3.221706e-04 4.351028e-04
2.399786e-01 -7.059984e-05 4.297039e-04
2.402494e-01 8.160099e-04 4.287706e-04
2.405202e-01 6.423593e-04 4.327181e-04
2.407910e-01 -1.666136e-05 4.459768e-04
2.410618e-01 9.075087e-04 4.509407e-04
2.413326e-01 -1.020711e-04 4.556241e-04
2.416034e-01 1.031887e-04 4.539554e-04
2.418743e-01 -6.031804e-04 4.611613e-04
2.421451e-01 -2.703797e-04 4.682387e-04
2.424159e-01 -9.831041e-05 4.719791e-04
2.426867e-01 8.661505e-04 4.740819e-04
2.429575e-01 7.679127e-05 4.875883e-04
2.432283e-01 7.348284e-04 4.906713e-04
2.434992e-01 -3.153216e-04 4.958384e-04
2.437700e-01 1.697000e-04 4.999919e-04
2.440408e-01 -7.027499e-04 5.103143e-04
2.443116e-01 7.288530e-06 5.204485e-04
2.445824e-01 2.733059e-05 5.227139e-04
2.448532e-01 -3.121886e-04 5.245842e-04
2.451240e-01 1.681900e-03 5.374562e-04
2.453949e-01 5.263016e-04 5.361095e-04
2.456657e-01 -3.263168e-05 5.573811e-04
2.459365e-01 5.022995e-04 5.637910e-04
2.462073e-01 -7.210411e-04 5.641975e-04
2.464781e-01 1.504589e-04 5.766359e-04
2.467489e-01 1.279751e-03 5.863996e-04
2.470197e-01 1.011569e-03 5.816387e-04
2.472906e-01 1.649801e-04 6.077785e-04
2.475614e-01 3.552195e-04 6.203767e-04
2.478322e-01 -1.300531e-03 6.345012e-04
2.481030e-01 1.244031e-03 6.170490e-04
2.483738e-01 -1.745205e-04 6.338818e-04
2.486446e-01 -7.759966e-05 6.591203e-04
2.489154e-01 3.062710e-04 6.692120e-04
2.491863e-01 -2.425406e-04 6.766535e-04
2.494571e-01 -1.613516e-04 6.872224e-04
2.497279e-01 5.111210e-04 7.152316e-04
2.499987e-01 1.970902e-04 7.348968e-04
2.502695e-01 5.098395e-04 7.596016e-04
2.505403e-01 8.302815e-04 7.676177e-04
2.508111e-01 7.281397e-04 7.830063e-04
2.510819e-01 5.896017e-05 8.567971e-04
2.513528e-01 2.364200e-04 8.066412e-04
2.516236e-01 -3.163610e-04 8.461479e-04
2.518944e-01 -4.808996e-04 8.776951e-04
2.521652e-01 1.947571e-03 9.614103e-04
2.524360e-01 1.286231e-03 9.365882e-04
2.527068e-01 6.567892e-04 9.483584e-04
2.529776e-01 -1.933407e-04 9.736371e-04
2.532485e-01 -1.134509e-03 1.015028e-03
2.535193e-01 -1.271600e-03 1.040945e-03
2.537901e-01 -8.242019e-05 1.044611e-03
2.540609e-01 -7.786509e-04 1.069143e-03
2.543317e-01 -1.063813e-04 1.095434e-03
2.546025e-01 1.699559e-03 1.138296e-03
2.548733e-01 1.201829e-03 1.224533e-03
2.551441e-01 1.114581e-03 1.210336e-03
2.554150e-01 1.611751e-03 1.318824e-03
2.556858e-01 5.578063e-05 1.345752e-03
2.559566e-01 1.844939e-03 1.461004e-03
2.562274e-01 2.812818e-03 1.600387e-03
2.564982e-01 -2.461851e-03 1.704567e-03
2.567690e-01 4.167389e-04 1.897729e-03
2.570398e-01 1.914911e-04 2.087711e-03
2.573107e-01 -2.120569e-03 2.277047e-03
2.575815e-01 -3.106989e-03 3.004063e-03
2.578523e-01 -3.277451e-03 3.372372e-03
2.581231e-01 -1.019648e-02 5.117551e-03
