3.286826e-03 3.460631e-01 0.000000e+00
3.557641e-03 4.650817e-01 8.507086e-02
3.828455e-03 3.824630e-01 5.164324e-02
4.099269e-03 3.860588e-01 4.068390e-02
4.370084e-03 3.196478e-01 2.908432e-02
4.640898e-03 2.787871e-01 2.073536e-02
4.911712e-03 2.543551e-01 1.719527e-02
5.182527e-03 2.369740e-01 1.320936e-02
5.453341e-03 2.247150e-01 1.238701e-02
5.724155e-03 2.067270e-01 9.647638e-03
5.994970e-03 2.013080e-01 8.382034e-03
6.265784e-03 1.795368e-01 6.997189e-03
6.536598e-03 1.763957e-01 5.908135e-03
6.807412e-03 1.613529e-01 5.511142e-03
7.078227e-03 1.519768e-01 4.766495e-03
7.349041e-03 1.496579e-01 4.112281e-03
7.619855e-03 1.312107e-01 3.696709e-03
7.890671e-03 1.372178e-01 3.334927e-03
8.161485e-03 1.227197e-01 3.121452e-03
8.432299e-03 1.188837e-01 2.788427e-03
8.703114e-03 1.099765e-01 2.551069e-03
8.973928e-03 1.013889e-01 2.239839e-03
9.244742e-03 9.555478e-02 2.152383e-03
9.515557e-03 9.559341e-02 2.019871e-03
9.786371e-03 9.080639e-02 1.894120e-03
1.005718e-02 9.001130e-02 1.796343e-03
1.032800e-02 8.614461e-02 1.677320e-03
1.059881e-02 8.440250e-02 1.611271e-03
1.086963e-02 7.987900e-02 1.550513e-03
1.114044e-02 7.691149e-02 1.425863e-03
1.141126e-02 7.288699e-02 1.389842e-03
1.168207e-02 7.285240e-02 1.306403e-03
1.195289e-02 6.988280e-02 1.247396e-03
1.222370e-02 6.700169e-02 1.200170e-03
1.249451e-02 6.892890e-02 1.156557e-03
1.276533e-02 6.489941e-02 1.131662e-03
1.303614e-02 6.307448e-02 1.042273e-03
1.330696e-02 6.156077e-02 1.020740e-03
1.357777e-02 5.942789e-02 9.948873e-04
1.384859e-02 5.909649e-02 9.474611e-04
1.411940e-02 5.869570e-02 9.176591e-04
1.439021e-02 5.637868e-02 8.759868e-04
1.466103e-02 5.590619e-02 8.639331e-04
1.493184e-02 5.577376e-02 8.454353e-04
1.520266e-02 5.203688e-02 8.171696e-04
1.547347e-02 5.332369e-02 7.973524e-04
1.574429e-02 5.195871e-02 7.800836e-04
1.601510e-02 5.061983e-02 7.580798e-04
1.628591e-02 5.022242e-02 7.344379e-04
1.655673e-02 4.951043e-02 7.213592e-04
1.682754e-02 4.929900e-02 7.126392e-04
1.709836e-02 4.853404e-02 6.842369e-04
1.736917e-02 4.689862e-02 6.903026e-04
1.763999e-02 4.595391e-02 6.673366e-04
1.791080e-02 4.548668e-02 6.511432e-04
1.818161e-02 4.570998e-02 6.607930e-04
1.845243e-02 4.311722e-02 6.493980e-04
1.872324e-02 4.447088e-02 6.432055e-04
1.899406e-02 4.350059e-02 6.438970e-04
1.926487e-02 4.257634e-02 6.313605e-04
1.953569e-02 4.213651e-02 6.266498e-04
1.980650e-02 4.095720e-02 6.207955e-04
2.007731e-02 4.096262e-02 6.121594e-04
2.034813e-02 4.113329e-02 6.184906e-04
2.061894e-02 3.920840e-02 6.155832e-04
2.088976e-02 3.841130e-02 5.946692e-04
2.116057e-02 3.714008e-02 6.031979e-04
2.143139e-02 3.789072e-02 5.901825e-04
2.170220e-02 3.827413e-02 5.990604e-04
2.197302e-02 3.692232e-02 5.826670e-04
2.224383e-02 3.634129e-02 5.679115e-04
2.251465e-02 3.539571e-02 5.539189e-04
2.278546e-02 3.517424e-02 5.480057e-04
2.305627e-02 3.531992e-02 5.546485e-04
2.332709e-02 3.436634e-02 5.340254e-04
2.359790e-02 3.436707e-02 5.218659e-04
2.386872e-02 3.322300e-02 5.201719e-04
2.413953e-02 3.322358e-02 5.090628e-04
2.441034e-02 3.307190e-02 5.012573e-04
2.468116e-02 3.236532e-02 4.991083e-04
2.495197e-02 3.261638e-02 4.933577e-04
2.522279e-02 3.136405e-02 4.854812e-04
2.549360e-02 3.170674e-02 4.791866e-04
2.576442e-02 3.129130e-02 4.747172e-04
2.603523e-02 3.097411e-02 4.786913e-04
2.630604e-02 3.026166e-02 4.656116e-04
2.657686e-02 3.029601e-02 4.657353e-04
2.684767e-02 2.964756e-02 4.524893e-04
2.711849e-02 2.878656e-02 4.498066e-04
2.738930e-02 3.003314e-02 4.547221e-04
2.766012e-02 2.959742e-02 4.432826e-04
2.793093e-02 2.857775e-02 4.372855e-04
2.820175e-02 2.825575e-02 4.273668e-04
2.847256e-02 2.788875e-02 4.230304e-04
2.874337e-02 2.712562e-02 4.267360e-04
2.901419e-02 2.795857e-02 4.152773e-04
2.928500e-02 2.674908e-02 4.146056e-04
2.955582e-02 2.682374e-02 4.045782e-04
2.982663e-02 2.579277e-02 4.062108e-04
3.009745e-02 2.568055e-02 4.061161e-04
3.036826e-02 2.638329e-02 3.997899e-04
3.063907e-02 2.579046e-02 3.955418e-04
3.090989e-02 2.562955e-02 3.951297e-04
3.118070e-02 2.494590e-02 3.920879e-04
3.145152e-02 2.486902e-02 3.906056e-04
3.172233e-02 2.450095e-02 3.890058e-04
3.199315e-02 2.416608e-02 3.858559e-04
3.226396e-02 2.401079e-02 3.812081e-04
3.253478e-02 2.407634e-02 3.780931e-04
3.280559e-02 2.357540e-02 3.807887e-04
3.307641e-02 2.466434e-02 3.778178e-04
3.334722e-02 2.257566e-02 3.670070e-04
3.361803e-02 2.323927e-02 3.735259e-04
3.388885e-02 2.275741e-02 3.665315e-04
3.415966e-02 2.316880e-02 3.711959e-04
3.443048e-02 2.224480e-02 3.663622e-04
3.470129e-02 2.182061e-02 3.593313e-04
3.497211e-02 2.230750e-02 3.630292e-04
3.524292e-02 2.207431e-02 3.558762e-04
3.551374e-02 2.159782e-02 3.571338e-04
3.578455e-02 2.096166e-02 3.530792e-04
3.605536e-02 2.153635e-02 3.466241e-04
3.632618e-02 2.132176e-02 3.484970e-04
3.659699e-02 2.080123e-02 3.490417e-04
3.686780e-02 2.052916e-02 3.501587e-04
3.713862e-02 2.096602e-02 3.409328e-04
3.740944e-02 1.982069e-02 3.402772e-04
3.768025e-02 1.997905e-02 3.370385e-04
3.795106e-02 2.050760e-02 3.365915e-04
3.822188e-02 1.989532e-02 3.366104e-04
3.849269e-02 1.972503e-02 3.304150e-04
3.876351e-02 1.959659e-02 3.292740e-04
3.903432e-02 1.944271e-02 3.307342e-04
3.930514e-02 1.938427e-02 3.279937e-04
3.957595e-02 1.970412e-02 3.261952e-04
3.984676e-02 1.931714e-02 3.235523e-04
4.011758e-02 1.820583e-02 3.223962e-04
4.038839e-02 1.897268e-02 3.220611e-04
4.065921e-02 1.877652e-02 3.154774e-04
4.093002e-02 1.797678e-02 3.185175e-04
4.120084e-02 1.816744e-02 3.155563e-04
4.147165e-02 1.834841e-02 3.135247e-04
4.174246e-02 1.776805e-02 3.126132e-04
4.201328e-02 1.807670e-02 3.077097e-04
4.228409e-02 1.770103e-02 3.120888e-04
4.255491e-02 1.790810e-02 3.062522e-04
4.282572e-02 1.780201e-02 3.119193e-04
4.309653e-02 1.692648e-02 3.020358e-04
4.336735e-02 1.724349e-02 3.016709e-04
4.363817e-02 1.741593e-02 3.050381e-04
4.390898e-02 1.712877e-02 3.018919e-04
4.417979e-02 1.674926e-02 2.995853e-04
4.445061e-02 1.658963e-02 2.964694e-04
4.472142e-02 1.631794e-02 2.953735e-04
4.499224e-02 1.638879e-02 2.980311e-04
4.526305e-02 1.639312e-02 2.964651e-04
4.553387e-02 1.620338e-02 2.885130e-04
4.580468e-02 1.643311e-02 2.935078e-04
4.607549e-02 1.540264e-02 2.931183e-04
4.634631e-02 1.639377e-02 2.906558e-04
4.661712e-02 1.607172e-02 2.910566e-04
4.688794e-02 1.562299e-02 2.861299e-04
4.715875e-02 1.531799e-02 2.855589e-04
4.742957e-02 1.565370e-02 2.836289e-04
4.770038e-02 1.549223e-02 2.818032e-04
4.797119e-02 1.523045e-02 2.826783e-04
4.824201e-02 1.492108e-02 2.799247e-04
4.851282e-02 1.483941e-02 2.813433e-04
4.878364e-02 1.508473e-02 2.798535e-04
4.905445e-02 1.483761e-02 2.739841e-04
4.932526e-02 1.484626e-02 2.778966e-04
4.959608e-02 1.505870e-02 2.728889e-04
4.986690e-02 1.439641e-02 2.762343e-04
5.013771e-02 1.443496e-02 2.737806e-04
5.040852e-02 1.452435e-02 2.735784e-04
5.067934e-02 1.436435e-02 2.753158e-04
5.095015e-02 1.452890e-02 2.689389e-04
5.122096e-02 1.413008e-02 2.698751e-04
5.149178e-02 1.379233e-02 2.677872e-04
5.176260e-02 1.437131e-02 2.671156e-04
5.203341e-02 1.367527e-02 2.667597e-04
5.230422e-02 1.403596e-02 2.647309e-04
5.257504e-02 1.361863e-02 2.649571e-04
5.284585e-02 1.377216e-02 2.601608e-04
5.311667e-02 1.302718e-02 2.629415e-04
5.338748e-02 1.339664e-02 2.665008e-04
5.365830e-02 1.327151e-02 2.655151e-04
5.392911e-02 1.312543e-02 2.670467e-04
5.419992e-02 1.287026e-02 2.683326e-04
5.447074e-02 1.242468e-02 2.637415e-04
5.474155e-02 1.339107e-02 2.698558e-04
5.501237e-02 1.239059e-02 2.728158e-04
5.528318e-02 1.264472e-02 2.779073e-04
5.555400e-02 1.299321e-02 2.775317e-04
5.582481e-02 1.301415e-02 2.774331e-04
5.609563e-02 1.251475e-02 2.797578e-04
5.636644e-02 1.260514e-02 2.797106e-04
5.663725e-02 1.277892e-02 2.802761e-04
5.690807e-02 1.237442e-02 2.820185e-04
5.717888e-02 1.208906e-02 2.799412e-04
5.744969e-02 1.215520e-02 2.840924e-04
5.772051e-02 1.217809e-02 2.830108e-04
5.799133e-02 1.217220e-02 2.847194e-04
5.826214e-02 1.173910e-02 2.844926e-04
5.853295e-02 1.224950e-02 2.841414e-04
5.880377e-02 1.222254e-02 2.813839e-04
5.907458e-02 1.163290e-02 2.811625e-04
5.934540e-02 1.170490e-02 2.825984e-04
5.961621e-02 1.140710e-02 2.838415e-04
5.988703e-02 1.127033e-02 2.851841e-04
6.015784e-02 1.171631e-02 2.849733e-04
6.042865e-02 1.155198e-02 2.858729e-04
6.069947e-02 1.121411e-02 2.801772e-04
6.097028e-02 1.143602e-02 2.797140e-04
6.124110e-02 1.144102e-02 2.754880e-04
6.151191e-02 1.124882e-02 2.773410e-04
6.178273e-02 1.100559e-02 2.736305e-04
6.205354e-02 1.083454e-02 2.727036e-04
6.232436e-02 1.125851e-02 2.735748e-04
6.259517e-02 1.125902e-02 2.725377e-04
6.286598e-02 1.088635e-02 2.692764e-04
6.313679e-02 1.123552e-02 2.705619e-04
6.340761e-02 1.149684e-02 2.692532e-04
6.367842e-02 1.093134e-02 2.680967e-04
6.394923e-02 1.128958e-02 2.650509e-04
6.422005e-02 1.004983e-02 2.701438e-04
6.449086e-02 1.028900e-02 2.663918e-04
6.476168e-02 1.058384e-02 2.627455e-04
6.503250e-02 1.089973e-02 2.686173e-04
6.530331e-02 1.024446e-02 2.631564e-04
6.557412e-02 1.049151e-02 2.606481e-04
6.584494e-02 1.031760e-02 2.640437e-04
6.611575e-02 1.018299e-02 2.632530e-04
6.638657e-02 1.025141e-02 2.646502e-04
6.665738e-02 9.941790e-03 2.639327e-04
6.692819e-02 1.036471e-02 2.644468e-04
6.719901e-02 9.924820e-03 2.616272e-04
6.746982e-02 9.912971e-03 2.600340e-04
6.774063e-02 9.684900e-03 2.626742e-04
6.801146e-02 1.009161e-02 2.583646e-04
6.828227e-02 9.919381e-03 2.584604e-04
6.855308e-02 9.324770e-03 2.612278e-04
6.882390e-02 9.393871e-03 2.583504e-04
6.909471e-02 9.687189e-03 2.570878e-04
6.936552e-02 9.641241e-03 2.563851e-04
6.963634e-02 9.467589e-03 2.566411e-04
6.990715e-02 8.705528e-03 2.575702e-04
7.017796e-02 9.298099e-03 2.533546e-04
7.044878e-02 9.213939e-03 2.545257e-04
7.071959e-02 9.607712e-03 2.532842e-04
7.099041e-02 9.376610e-03 2.538429e-04
7.126123e-02 8.810099e-03 2.516164e-04
7.153204e-02 9.375419e-03 2.524475e-04
7.180285e-02 9.596860e-03 2.520619e-04
7.207367e-02 8.761270e-03 2.506615e-04
7.234448e-02 9.172011e-03 2.500929e-04
7.261530e-02 9.361809e-03 2.512454e-04
7.288611e-02 9.015210e-03 2.492278e-04
7.315692e-02 8.778982e-03 2.512333e-04
7.342774e-02 8.709390e-03 2.492769e-04
7.369855e-02 8.886421e-03 2.508852e-04
7.396936e-02 8.568611e-03 2.484533e-04
7.424019e-02 8.983191e-03 2.501122e-04
7.451100e-02 8.750509e-03 2.475234e-04
7.478181e-02 8.770190e-03 2.469818e-04
7.505263e-02 8.404819e-03 2.459733e-04
7.532344e-02 8.577770e-03 2.509538e-04
7.559425e-02 8.366581e-03 2.450399e-04
7.586507e-02 8.619888e-03 2.485920e-04
7.613588e-02 8.215060e-03 2.442241e-04
7.640669e-02 7.877989e-03 2.425986e-04
7.667751e-02 7.655751e-03 2.431837e-04
7.694832e-02 8.401621e-03 2.448879e-04
7.721914e-02 7.690381e-03 2.439614e-04
7.748996e-02 8.277031e-03 2.426830e-04
7.776077e-02 7.489031e-03 2.400189e-04
7.803158e-02 8.316532e-03 2.454555e-04
7.830240e-02 7.844908e-03 2.388361e-04
7.857321e-02 7.674221e-03 2.427223e-04
7.884403e-02 7.616650e-03 2.416364e-04
7.911484e-02 7.660292e-03 2.400174e-04
7.938565e-02 7.251259e-03 2.418372e-04
7.965647e-02 7.603129e-03 2.396009e-04
7.992728e-02 7.956129e-03 2.414413e-04
8.019809e-02 7.797642e-03 2.378076e-04
8.046892e-02 7.424209e-03 2.378130e-04
8.073973e-02 7.696630e-03 2.405012e-04
8.101054e-02 7.398019e-03 2.376603e-04
8.128136e-02 7.394411e-03 2.352184e-04
8.155217e-02 7.966159e-03 2.372305e-04
8.182298e-02 7.467061e-03 2.371820e-04
8.209380e-02 7.339399e-03 2.354633e-04
8.236461e-02 7.593300e-03 2.351384e-04
8.263543e-02 7.231900e-03 2.336634e-04
8.290624e-02 7.253071e-03 2.356470e-04
8.317705e-02 7.091740e-03 2.319188e-04
8.344787e-02 7.263040e-03 2.348823e-04
8.371869e-02 7.043149e-03 2.356009e-04
8.398950e-02 7.343410e-03 2.335500e-04
8.426031e-02 7.230392e-03 2.331577e-04
8.453113e-02 7.193290e-03 2.332398e-04
8.480194e-02 6.949322e-03 2.326017e-04
8.507276e-02 6.851550e-03 2.327172e-04
8.534357e-02 6.534960e-03 2.321978e-04
8.561438e-02 7.297510e-03 2.290391e-04
8.588520e-02 6.759290e-03 2.293409e-04
8.615601e-02 6.641071e-03 2.296977e-04
8.642682e-02 7.017601e-03 2.310480e-04
8.669765e-02 7.069670e-03 2.287469e-04
8.696846e-02 6.548429e-03 2.281436e-04
8.723927e-02 7.094501e-03 2.260050e-04
8.751009e-02 6.758502e-03 2.288362e-04
8.778090e-02 6.694619e-03 2.257722e-04
8.805171e-02 6.647380e-03 2.286886e-04
8.832253e-02 6.604942e-03 2.275964e-04
8.859334e-02 6.723978e-03 2.287388e-04
8.886416e-02 6.631279e-03 2.267740e-04
8.913497e-02 6.257160e-03 2.262671e-04
8.940578e-02 6.515771e-03 2.257998e-04
8.967660e-02 6.288441e-03 2.253205e-04
8.994742e-02 6.643418e-03 2.267857e-04
9.021823e-02 6.197918e-03 2.238821e-04
9.048904e-02 6.366791e-03 2.242500e-04
9.075986e-02 6.030880e-03 2.240299e-04
9.103067e-02 6.417891e-03 2.258783e-04
9.130149e-02 6.101141e-03 2.236018e-04
9.157230e-02 6.509621e-03 2.222186e-04
9.184311e-02 5.706070e-03 2.259128e-04
9.211393e-02 6.068759e-03 2.226261e-04
9.238474e-02 6.040022e-03 2.205983e-04
9.265555e-02 6.008400e-03 2.235638e-04
9.292637e-02 5.715340e-03 2.209334e-04
9.319719e-02 6.356388e-03 2.228423e-04
9.346800e-02 6.059770e-03 2.212257e-04
9.373882e-02 6.336130e-03 2.210878e-04
9.400963e-02 5.843868e-03 2.213630e-04
9.428044e-02 5.878769e-03 2.220773e-04
9.455126e-02 5.798070e-03 2.204343e-04
9.482207e-02 6.077241e-03 2.184834e-04
9.509289e-02 6.195571e-03 2.205887e-04
9.536370e-02 5.682902e-03 2.214542e-04
9.563451e-02 5.672380e-03 2.187364e-04
9.590533e-02 5.483208e-03 2.194317e-04
9.617615e-02 5.466690e-03 2.161702e-04
9.644696e-02 5.541639e-03 2.182422e-04
9.671777e-02 5.488841e-03 2.171339e-04
9.698859e-02 6.056551e-03 2.170857e-04
9.725940e-02 5.573910e-03 2.167468e-04
9.753022e-02 5.434269e-03 2.163027e-04
9.780103e-02 5.725430e-03 2.165359e-04
9.807184e-02 5.885160e-03 2.171288e-04
9.834266e-02 5.435649e-03 2.153113e-04
9.861347e-02 5.565692e-03 2.165875e-04
9.888428e-02 5.526280e-03 2.139362e-04
9.915510e-02 5.847830e-03 2.160820e-04
9.942592e-02 5.586041e-03 2.133825e-04
9.969673e-02 5.193351e-03 2.146949e-04
9.996755e-02 5.158218e-03 2.134016e-04
1.002384e-01 5.601808e-03 2.142881e-04
1.005092e-01 5.579561e-03 2.139170e-04
1.007800e-01 5.230419e-03 2.115592e-04
1.010508e-01 5.355019e-03 2.145856e-04
1.013216e-01 4.773628e-03 2.139882e-04
1.015924e-01 5.281940e-03 2.116337e-04
1.018632e-01 5.051559e-03 2.130592e-04
1.021341e-01 5.254410e-03 2.122598e-04
1.024049e-01 5.209189e-03 2.126179e-04
1.026757e-01 5.217882e-03 2.107612e-04
1.029465e-01 4.906310e-03 2.103998e-04
1.032173e-01 5.223358e-03 2.108384e-04
1.034881e-01 4.518829e-03 2.080640e-04
1.037589e-01 5.188640e-03 2.079775e-04
1.040298e-01 4.878318e-03 2.083942e-04
1.043006e-01 5.468382e-03 2.115458e-04
1.045714e-01 4.533309e-03 2.097650e-04
1.048422e-01 4.557362e-03 2.069997e-04
1.051130e-01 5.049340e-03 2.099703e-04
1.053838e-01 4.788710e-03 2.076950e-04
1.056546e-01 5.303141e-03 2.088947e-04
1.059255e-01 4.781771e-03 2.063255e-04
1.061963e-01 5.134381e-03 2.069269e-04
1.064671e-01 4.375132e-03 2.064236e-04
1.067379e-01 4.362401e-03 2.073244e-04
1.070087e-01 4.846679e-03 2.087020e-04
1.072795e-01 4.709790e-03 2.040406e-04
1.075503e-01 5.034240e-03 2.064055e-04
1.078212e-01 4.569409e-03 2.065414e-04
1.080920e-01 4.249990e-03 2.033500e-04
1.083628e-01 4.581919e-03 2.065943e-04
1.086336e-01 4.862839e-03 2.046576e-04
1.089044e-01 4.796408e-03 2.069263e-04
1.091752e-01 4.734728e-03 2.048975e-04
1.094460e-01 5.024772e-03 2.029686e-04
1.097169e-01 4.406041e-03 2.045781e-04
1.099877e-01 4.697358e-03 2.030343e-04
1.102585e-01 4.414618e-03 2.024921e-04
1.105293e-01 4.506420e-03 2.060083e-04
1.108001e-01 4.186409e-03 2.071937e-04
1.110709e-01 4.361309e-03 2.102226e-04
1.113417e-01 4.524238e-03 2.081604e-04
1.116126e-01 4.390169e-03 2.120716e-04
1.118834e-01 4.239259e-03 2.109292e-04
1.121542e-01 4.031120e-03 2.142937e-04
1.124250e-01 4.922891e-03 2.160576e-04
1.126958e-01 4.411548e-03 2.168518e-04
1.129666e-01 4.295060e-03 2.159477e-04
1.132374e-01 4.357493e-03 2.194631e-04
1.135083e-01 3.890891e-03 2.212812e-04
1.137791e-01 4.338011e-03 2.214628e-04
1.140499e-01 4.251910e-03 2.221942e-04
1.143207e-01 4.393158e-03 2.250494e-04
1.145915e-01 4.071239e-03 2.259804e-04
1.148623e-01 3.773591e-03 2.291319e-04
1.151332e-01 3.923612e-03 2.265954e-04
1.154040e-01 4.201500e-03 2.290009e-04
1.156748e-01 3.929090e-03 2.305050e-04
1.159456e-01 4.282421e-03 2.310907e-04
1.162164e-01 3.721280e-03 2.316282e-04
1.164872e-01 4.058419e-03 2.312718e-04
1.167580e-01 3.923561e-03 2.369208e-04
1.170288e-01 3.167538e-03 2.358445e-04
1.172997e-01 4.118200e-03 2.386839e-04
1.175705e-01 3.876841e-03 2.367213e-04
1.178413e-01 4.170580e-03 2.384026e-04
1.181121e-01 3.897589e-03 2.356145e-04
1.183829e-01 4.039969e-03 2.326654e-04
1.186537e-01 3.899660e-03 2.331630e-04
1.189246e-01 3.771860e-03 2.314573e-04
1.191954e-01 3.831990e-03 2.317962e-04
1.194662e-01 3.896710e-03 2.303348e-04
1.197370e-01 3.721219e-03 2.294445e-04
1.200078e-01 3.922138e-03 2.297842e-04
1.202786e-01 3.932821e-03 2.276752e-04
1.205494e-01 3.398061e-03 2.276617e-04
1.208202e-01 3.723830e-03 2.286416e-04
1.210911e-01 3.796829e-03 2.273182e-04
1.213619e-01 3.725871e-03 2.277061e-04
1.216327e-01 3.573498e-03 2.276414e-04
1.219035e-01 3.545621e-03 2.287061e-04
1.221743e-01 3.676260e-03 2.274871e-04
1.224451e-01 3.576690e-03 2.276153e-04
1.227160e-01 3.586190e-03 2.304539e-04
1.229868e-01 3.811140e-03 2.261248e-04
1.232576e-01 3.678929e-03 2.292707e-04
1.235284e-01 3.927831e-03 2.295221e-04
1.237992e-01 3.309650e-03 2.281718e-04
1.240700e-01 3.274262e-03 2.283066e-04
1.243408e-01 3.223952e-03 2.267133e-04
1.246117e-01 3.397420e-03 2.272926e-04
1.248825e-01 3.135869e-03 2.275558e-04
1.251533e-01 3.457323e-03 2.264129e-04
1.254241e-01 3.058009e-03 2.266117e-04
1.256949e-01 3.463080e-03 2.243572e-04
1.259657e-01 3.125150e-03 2.253714e-04
1.262365e-01 2.950190e-03 2.238920e-04
1.265074e-01 3.378389e-03 2.241249e-04
1.267782e-01 3.331659e-03 2.253521e-04
1.270490e-01 3.601480e-03 2.226172e-04
1.273198e-01 3.325380e-03 2.236841e-04
1.275906e-01 3.574578e-03 2.230472e-04
1.278614e-01 3.540289e-03 2.239738e-04
1.281322e-01 3.616970e-03 2.214072e-04
1.284031e-01 3.061261e-03 2.208291e-04
1.286739e-01 2.806341e-03 2.224011e-04
1.289447e-01 3.424471e-03 2.201130e-04
1.292155e-01 3.324158e-03 2.241480e-04
1.294863e-01 3.360532e-03 2.218490e-04
1.297571e-01 3.009340e-03 2.207920e-04
1.300279e-01 3.272191e-03 2.203651e-04
1.302988e-01 3.460821e-03 2.228249e-04
1.305696e-01 3.181150e-03 2.211683e-04
1.308404e-01 2.842860e-03 2.196514e-04
1.311112e-01 2.865180e-03 2.222203e-04
1.313820e-01 3.047431e-03 2.203722e-04
1.316528e-01 3.154783e-03 2.199704e-04
1.319236e-01 2.912609e-03 2.193192e-04
1.321945e-01 3.137970e-03 2.191101e-04
1.324653e-01 2.805259e-03 2.185173e-04
1.327361e-01 2.872361e-03 2.196701e-04
1.330069e-01 2.897849e-03 2.191735e-04
1.332777e-01 2.966899e-03 2.177484e-04
1.335485e-01 2.572931e-03 2.163479e-04
1.338193e-01 2.784230e-03 2.208852e-04
1.340902e-01 2.569949e-03 2.162195e-04
1.343610e-01 3.136931e-03 2.185299e-04
1.346318e-01 2.946801e-03 2.180196e-04
1.349026e-01 2.586350e-03 2.155575e-04
1.351734e-01 3.020860e-03 2.196591e-04
1.354442e-01 2.762599e-03 2.171622e-04
1.357151e-01 2.878949e-03 2.194768e-04
1.359859e-01 2.658760e-03 2.164428e-04
1.362567e-01 2.643570e-03 2.141419e-04
1.365275e-01 3.254900e-03 2.155302e-04
1.367983e-01 2.929291e-03 2.141333e-04
1.370691e-01 2.908681e-03 2.172112e-04
1.373399e-01 2.993369e-03 2.191591e-04
1.376107e-01 2.869342e-03 2.218672e-04
1.378816e-01 2.473049e-03 2.240548e-04
1.381524e-01 2.606731e-03 2.209755e-04
1.384232e-01 2.308259e-03 2.277122e-04
1.386940e-01 2.582300e-03 2.278796e-04
1.389648e-01 2.590230e-03 2.275782e-04
1.392356e-01 2.867531e-03 2.320546e-04
1.395064e-01 2.840091e-03 2.286417e-04
1.397773e-01 3.043881e-03 2.319617e-04
1.400481e-01 2.695991e-03 2.294341e-04
1.403189e-01 2.916340e-03 2.331249e-04
1.405897e-01 3.083320e-03 2.311217e-04
1.408605e-01 2.964670e-03 2.332821e-04
1.411313e-01 2.281342e-03 2.358152e-04
1.414021e-01 2.581229e-03 2.324841e-04
1.416730e-01 2.285620e-03 2.399346e-04
1.419438e-01 2.574379e-03 2.370457e-04
1.422146e-01 3.027571e-03 2.387996e-04
1.424854e-01 2.789620e-03 2.359791e-04
1.427562e-01 2.569189e-03 2.384122e-04
1.430270e-01 2.390489e-03 2.372268e-04
1.432979e-01 2.468459e-03 2.379747e-04
1.435687e-01 2.648709e-03 2.398253e-04
1.438395e-01 2.019811e-03 2.396593e-04
1.441103e-01 2.218202e-03 2.396852e-04
1.443811e-01 2.317740e-03 2.409625e-04
1.446519e-01 2.730589e-03 2.421282e-04
1.449227e-01 2.401970e-03 2.431596e-04
1.451935e-01 2.662560e-03 2.417256e-04
1.454644e-01 2.380019e-03 2.441336e-04
1.457352e-01 2.148129e-03 2.456685e-04
1.460060e-01 2.437150e-03 2.446381e-04
1.462768e-01 2.482150e-03 2.452077e-04
1.465476e-01 1.827849e-03 2.437650e-04
1.468184e-01 2.372729e-03 2.498600e-04
1.470892e-01 2.148408e-03 2.451364e-04
1.473601e-01 2.088420e-03 2.469548e-04
1.476309e-01 2.482072e-03 2.462701e-04
1.479017e-01 2.467120e-03 2.486948e-04
1.481725e-01 1.684070e-03 2.461421e-04
1.484433e-01 2.131399e-03 2.455752e-04
1.487141e-01 1.926539e-03 2.451647e-04
1.489850e-01 2.184140e-03 2.458207e-04
1.492558e-01 2.525510e-03 2.458213e-04
1.495266e-01 2.348460e-03 2.490048e-04
1.497974e-01 2.343260e-03 2.423515e-04
1.500682e-01 2.316359e-03 2.466361e-04
1.503390e-01 2.026970e-03 2.448180e-04
1.506098e-01 1.626480e-03 2.455057e-04
1.508806e-01 2.154771e-03 2.431048e-04
1.511515e-01 1.985740e-03 2.433740e-04
1.514223e-01 2.560750e-03 2.473936e-04
1.516931e-01 2.398020e-03 2.443064e-04
1.519639e-01 2.190359e-03 2.455126e-04
1.522347e-01 2.367169e-03 2.473576e-04
1.525055e-01 2.491409e-03 2.454735e-04
1.527763e-01 2.436750e-03 2.458136e-04
1.530472e-01 2.265390e-03 2.444271e-04
1.533180e-01 1.897980e-03 2.463051e-04
1.535888e-01 2.226500e-03 2.451880e-04
1.538596e-01 1.745509e-03 2.432194e-04
1.541304e-01 2.246371e-03 2.471343e-04
1.544012e-01 1.880491e-03 2.434807e-04
1.546721e-01 2.119729e-03 2.477310e-04
1.549429e-01 1.831099e-03 2.464955e-04
1.552137e-01 2.279909e-03 2.479578e-04
1.554845e-01 1.811340e-03 2.448856e-04
1.557553e-01 1.917832e-03 2.485333e-04
1.560261e-01 2.215680e-03 2.487433e-04
1.562969e-01 2.189070e-03 2.463642e-04
1.565678e-01 2.034850e-03 2.459140e-04
1.568386e-01 2.193259e-03 2.465497e-04
1.571094e-01 1.778129e-03 2.471482e-04
1.573802e-01 1.649549e-03 2.448470e-04
1.576510e-01 1.873661e-03 2.441405e-04
1.579218e-01 2.088500e-03 2.485154e-04
1.581926e-01 2.121629e-03 2.467253e-04
1.584634e-01 1.535101e-03 2.460028e-04
1.587343e-01 1.718210e-03 2.445791e-04
1.590051e-01 1.446432e-03 2.457450e-04
1.592759e-01 2.001191e-03 2.455290e-04
1.595467e-01 2.042780e-03 2.455763e-04
1.598175e-01 2.176100e-03 2.449689e-04
1.600883e-01 1.723759e-03 2.432990e-04
1.603591e-01 1.979509e-03 2.463091e-04
1.606300e-01 1.572140e-03 2.467236e-04
1.609008e-01 1.698568e-03 2.434471e-04
1.611716e-01 2.280880e-03 2.456666e-04
1.614424e-01 1.967410e-03 2.430009e-04
1.617132e-01 1.692671e-03 2.470950e-04
1.619840e-01 1.584770e-03 2.431247e-04
1.622549e-01 1.607561e-03 2.441124e-04
1.625257e-01 1.678729e-03 2.430945e-04
1.627965e-01 1.858620e-03 2.420949e-04
1.630673e-01 1.700640e-03 2.423717e-04
1.633381e-01 1.817910e-03 2.440913e-04
1.636089e-01 1.952009e-03 2.419635e-04
1.638797e-01 1.726471e-03 2.434608e-04
1.641506e-01 1.641018e-03 2.446047e-04
1.644214e-01 1.526000e-03 2.418776e-04
1.646922e-01 1.574220e-03 2.434608e-04
1.649630e-01 1.525450e-03 2.411371e-04
1.652338e-01 1.851549e-03 2.449709e-04
1.655046e-01 1.424249e-03 2.422629e-04
1.657754e-01 1.878399e-03 2.419688e-04
1.660462e-01 1.489390e-03 2.446664e-04
1.663171e-01 1.564631e-03 2.433175e-04
1.665879e-01 1.625190e-03 2.423881e-04
1.668587e-01 1.816299e-03 2.441014e-04
1.671295e-01 1.654491e-03 2.457856e-04
1.674003e-01 9.984896e-04 2.438601e-04
1.676711e-01 1.548350e-03 2.503282e-04
1.679420e-01 1.878290e-03 2.554833e-04
1.682128e-01 1.779201e-03 2.578977e-04
1.684836e-01 1.568940e-03 2.645356e-04
1.687544e-01 1.260830e-03 2.652673e-04
1.690252e-01 1.820220e-03 2.687010e-04
1.692960e-01 9.776317e-04 2.666157e-04
1.695668e-01 1.307720e-03 2.705675e-04
1.698377e-01 1.256900e-03 2.720120e-04
1.701085e-01 1.375990e-03 2.736461e-04
1.703793e-01 1.424272e-03 2.761859e-04
1.706501e-01 1.201291e-03 2.755561e-04
1.709209e-01 1.571860e-03 2.816602e-04
1.711917e-01 1.454830e-03 2.761270e-04
1.714625e-01 1.148900e-03 2.847505e-04
1.717333e-01 1.779070e-03 2.864607e-04
1.720042e-01 7.944088e-04 2.895358e-04
1.722750e-01 1.345931e-03 2.906453e-04
1.725458e-01 1.732418e-03 2.889814e-04
1.728166e-01 1.453940e-03 2.923206e-04
1.730874e-01 9.996109e-04 2.968172e-04
1.733582e-01 1.749542e-03 2.930239e-04
1.736291e-01 1.395080e-03 2.976571e-04
1.738999e-01 1.097480e-03 2.954661e-04
1.741707e-01 5.673394e-04 3.036675e-04
1.744415e-01 9.611994e-04 3.037751e-04
1.747123e-01 1.386771e-03 3.059581e-04
1.749831e-01 1.601081e-03 2.923163e-04
1.752539e-01 1.259539e-03 2.847085e-04
1.755248e-01 1.371080e-03 2.893580e-04
1.757956e-01 1.524709e-03 2.817688e-04
1.760664e-01 1.431370e-03 2.847920e-04
1.763372e-01 9.398609e-04 2.828781e-04
1.766080e-01 1.247479e-03 2.817910e-04
1.768788e-01 1.760850e-03 2.800588e-04
1.771496e-01 1.989981e-03 2.748378e-04
1.774205e-01 1.376230e-03 2.761988e-04
1.776913e-01 1.137091e-03 2.759062e-04
1.779621e-01 1.280529e-03 2.736792e-04
1.782329e-01 1.738369e-03 2.733197e-04
1.785037e-01 1.759179e-03 2.694497e-04
1.787745e-01 1.650179e-03 2.768470e-04
1.790453e-01 1.012251e-03 2.702816e-04
1.793161e-01 1.512570e-03 2.712879e-04
1.795870e-01 1.462400e-03 2.700890e-04
1.798578e-01 1.102170e-03 2.644971e-04
1.801286e-01 1.255350e-03 2.715408e-04
1.803994e-01 1.194889e-03 2.671745e-04
1.806702e-01 1.537120e-03 2.636164e-04
1.809410e-01 9.999815e-04 2.658747e-04
1.812119e-01 9.829197e-04 2.633945e-04
1.814827e-01 9.456407e-04 2.675564e-04
1.817535e-01 1.080450e-03 2.612374e-04
1.820243e-01 8.263290e-04 2.633055e-04
1.822951e-01 1.010802e-03 2.627098e-04
1.825659e-01 1.217129e-03 2.616055e-04
1.828367e-01 1.451449e-03 2.643019e-04
1.831076e-01 1.030119e-03 2.604319e-04
1.833784e-01 1.164520e-03 2.649404e-04
1.836492e-01 8.990802e-04 2.596206e-04
1.839200e-01 1.486780e-03 2.626919e-04
1.841908e-01 1.317319e-03 2.629318e-04
1.844616e-01 1.365189e-03 2.620688e-04
1.847324e-01 1.186410e-03 2.646284e-04
1.850033e-01 1.580460e-03 2.589672e-04
1.852741e-01 1.761110e-03 2.630553e-04
1.855449e-01 1.503199e-03 2.627937e-04
1.858157e-01 1.496390e-03 2.642549e-04
1.860865e-01 1.329640e-03 2.629895e-04
1.863573e-01 6.236490e-04 2.579555e-04
1.866281e-01 8.560605e-04 2.611555e-04
1.868990e-01 1.146762e-03 2.582853e-04
1.871698e-01 1.156390e-03 2.616736e-04
1.874406e-01 1.429910e-03 2.615872e-04
1.877114e-01 9.654816e-04 2.585190e-04
1.879822e-01 1.433350e-03 2.603397e-04
1.882530e-01 1.193170e-03 2.562357e-04
1.885238e-01 1.138059e-03 2.608940e-04
1.887947e-01 1.271719e-03 2.611590e-04
1.890655e-01 1.059100e-03 2.616280e-04
1.893363e-01 8.746609e-04 2.598606e-04
1.896071e-01 7.995814e-04 2.564945e-04
1.898779e-01 1.352930e-03 2.585614e-04
1.901487e-01 1.108538e-03 2.586282e-04
1.904195e-01 1.138560e-03 2.612157e-04
1.906904e-01 1.095802e-03 2.603849e-04
1.909612e-01 1.516299e-03 2.566057e-04
1.912320e-01 1.321441e-03 2.599005e-04
1.915028e-01 1.080919e-03 2.560704e-04
1.917736e-01 9.779092e-04 2.563117e-04
1.920444e-01 7.527303e-04 2.591819e-04
1.923153e-01 7.849094e-04 2.577278e-04
1.925861e-01 1.093511e-03 2.595157e-04
1.928569e-01 1.218310e-03 2.601389e-04
1.931277e-01 1.281770e-03 2.587801e-04
1.933985e-01 8.510109e-04 2.608890e-04
1.936693e-01 8.925088e-04 2.574205e-04
1.939401e-01 1.009071e-03 2.597725e-04
1.942109e-01 6.785411e-04 2.553905e-04
1.944818e-01 8.137003e-04 2.592589e-04
1.947526e-01 9.660404e-04 2.579781e-04
1.950234e-01 8.947607e-04 2.577293e-04
1.952942e-01 1.360800e-03 2.586011e-04
1.955650e-01 1.639269e-03 2.603063e-04
1.958358e-01 9.899717e-04 2.575222e-04
1.961066e-01 1.186160e-03 2.595072e-04
1.963775e-01 1.077440e-03 2.569778e-04
1.966483e-01 8.583013e-04 2.580801e-04
1.969191e-01 7.293411e-04 2.577267e-04
1.971899e-01 1.280690e-03 2.609132e-04
1.974607e-01 4.203692e-04 2.574837e-04
1.977315e-01 8.361693e-04 2.594432e-04
1.980023e-01 1.042189e-03 2.558304e-04
1.982732e-01 1.238519e-03 2.588217e-04
1.985440e-01 1.131020e-03 2.595615e-04
1.988148e-01 8.705892e-04 2.583094e-04
1.990856e-01 1.008019e-03 2.586971e-04
1.993564e-01 9.313505e-04 2.585757e-04
1.996272e-01 1.207380e-03 2.580837e-04
1.998980e-01 8.224305e-04 2.541190e-04
2.001689e-01 9.628795e-04 2.562463e-04
2.004397e-01 1.405271e-03 2.531920e-04
2.007105e-01 1.038501e-03 2.531770e-04
2.009813e-01 8.672401e-04 2.537219e-04
2.012521e-01 5.404297e-04 2.560585e-04
2.015229e-01 1.156889e-03 2.567088e-04
2.017937e-01 9.753294e-04 2.556065e-04
2.020646e-01 1.237741e-03 2.526055e-04
2.023354e-01 8.287616e-04 2.556126e-04
2.026062e-01 6.447397e-04 2.524754e-04
2.028770e-01 9.965599e-04 2.560907e-04
2.031478e-01 1.035649e-03 2.528743e-04
2.034186e-01 9.556785e-04 2.547324e-04
2.036894e-01 5.956087e-04 2.516939e-04
2.039603e-01 1.235971e-03 2.529871e-04
2.042311e-01 8.341596e-04 2.539521e-04
2.045019e-01 1.050310e-03 2.531187e-04
2.047727e-01 6.673802e-04 2.542057e-04
2.050435e-01 1.100350e-03 2.510136e-04
2.053143e-01 6.450489e-04 2.537043e-04
2.055852e-01 5.118307e-04 2.522968e-04
2.058560e-01 9.949505e-04 2.499039e-04
2.061268e-01 1.094619e-03 2.496876e-04
2.063976e-01 9.104498e-04 2.523316e-04
2.066684e-01 1.139659e-03 2.515277e-04
2.069392e-01 1.191439e-03 2.503335e-04
2.072100e-01 5.917009e-04 2.499613e-04
2.074808e-01 1.202730e-03 2.510931e-04
2.077517e-01 9.574201e-04 2.485292e-04
2.080225e-01 8.003302e-04 2.501410e-04
2.082933e-01 1.349831e-03 2.476765e-04
2.085641e-01 7.757694e-04 2.482618e-04
2.088349e-01 6.277300e-04 2.527215e-04
2.091057e-01 8.586105e-04 2.504147e-04
2.093765e-01 1.067121e-03 2.478865e-04
2.096474e-01 4.935302e-04 2.491492e-04
2.099182e-01 6.495193e-04 2.485921e-04
2.101890e-01 6.148890e-04 2.496368e-04
2.104598e-01 9.827800e-04 2.492496e-04
2.107306e-01 1.110921e-03 2.505966e-04
2.110014e-01 1.046550e-03 2.482445e-04
2.112723e-01 9.168107e-04 2.496844e-04
2.115431e-01 8.645300e-04 2.483495e-04
2.118139e-01 6.254390e-04 2.492110e-04
2.120847e-01 7.459186e-04 2.502152e-04
2.123555e-01 9.144600e-04 2.507412e-04
2.126263e-01 3.958605e-04 2.478340e-04
2.128971e-01 1.035081e-03 2.508315e-04
2.131680e-01 9.669997e-04 2.498057e-04
2.134388e-01 1.291320e-03 2.519097e-04
2.137096e-01 7.674098e-04 2.468819e-04
2.139804e-01 9.308401e-04 2.486286e-04
2.142512e-01 8.479506e-04 2.480166e-04
2.145220e-01 8.744001e-04 2.492520e-04
2.147928e-01 8.185208e-04 2.493238e-04
2.150636e-01 8.694008e-04 2.487037e-04
2.153345e-01 7.208008e-04 2.517344e-04
2.156053e-01 9.214208e-04 2.483901e-04
2.158761e-01 1.865104e-04 2.498658e-04
2.161469e-01 8.651894e-04 2.476261e-04
2.164177e-01 5.334094e-04 2.489454e-04
2.166885e-01 7.843804e-04 2.490097e-04
2.169593e-01 1.307519e-03 2.504991e-04
2.172302e-01 9.653587e-04 2.514131e-04
2.175010e-01 6.360002e-04 2.476245e-04
2.177718e-01 1.811199e-04 2.496579e-04
2.180426e-01 8.367710e-04 2.491589e-04
2.183134e-01 6.212797e-04 2.473310e-04
2.185842e-01 5.642995e-04 2.477854e-04
2.188551e-01 1.294209e-03 2.477367e-04
2.191259e-01 8.383300e-04 2.490469e-04
2.193967e-01 7.177293e-04 2.468821e-04
2.196675e-01 9.959713e-04 2.490456e-04
2.199383e-01 3.993902e-04 2.447354e-04
2.202091e-01 5.575996e-04 2.465773e-04
2.204799e-01 5.971584e-04 2.459583e-04
2.207507e-01 1.014860e-03 2.462005e-04
2.210216e-01 8.964296e-04 2.466916e-04
2.212924e-01 5.252808e-04 2.443420e-04
2.215632e-01 3.612302e-04 2.438780e-04
2.218340e-01 9.430312e-04 2.445618e-04
2.221048e-01 8.981805e-04 2.449484e-04
2.223756e-01 5.863700e-04 2.464627e-04
2.226464e-01 8.183587e-04 2.453572e-04
2.229173e-01 6.986894e-04 2.432807e-04
2.231881e-01 6.775986e-04 2.445596e-04
2.234589e-01 9.723101e-04 2.450666e-04
2.237297e-01 7.191096e-04 2.439219e-04
2.240005e-01 9.445008e-04 2.433499e-04
2.242713e-01 1.019500e-03 2.414756e-04
2.245422e-01 6.571412e-04 2.425568e-04
2.248130e-01 2.210904e-04 2.442006e-04
2.250838e-01 8.139908e-04 2.435584e-04
2.253546e-01 5.318895e-04 2.431858e-04
2.256254e-01 7.133204e-04 2.425367e-04
2.258962e-01 6.351098e-04 2.450965e-04
2.261670e-01 4.041083e-04 2.532164e-04
2.264379e-01 6.490313e-04 2.584534e-04
2.267087e-01 1.083599e-03 2.604879e-04
2.269795e-01 6.599985e-04 2.667533e-04
2.272503e-01 1.090640e-03 2.673412e-04
2.275211e-01 6.588213e-04 2.721356e-04
2.277919e-01 8.544493e-04 2.701868e-04
2.280627e-01 5.415305e-04 2.778143e-04
2.283335e-01 2.943613e-04 2.787104e-04
2.286044e-01 6.942991e-04 2.827799e-04
2.288752e-01 5.098991e-04 2.888572e-04
2.291460e-01 8.873604e-04 2.888520e-04
2.294168e-01 1.152530e-03 2.882595e-04
2.296876e-01 1.120260e-03 2.941155e-04
2.299584e-01 1.203129e-03 2.921052e-04
2.302293e-01 3.005490e-04 2.957016e-04
2.305001e-01 -1.528114e-05 2.993729e-04
2.307709e-01 4.199799e-04 3.013166e-04
2.310417e-01 4.820712e-04 3.032103e-04
2.313125e-01 3.599599e-04 3.104739e-04
2.315833e-01 7.015895e-04 3.075419e-04
2.318541e-01 5.674995e-04 3.105682e-04
2.321250e-01 7.036794e-04 3.189817e-04
2.323958e-01 7.149205e-04 3.185278e-04
2.326666e-01 7.891692e-04 3.200507e-04
2.329374e-01 5.937200e-04 3.260667e-04
2.332082e-01 3.672019e-05 3.242180e-04
2.334790e-01 3.698803e-04 3.267335e-04
2.337498e-01 1.060100e-03 3.331364e-04
2.340207e-01 4.427209e-04 3.350631e-04
2.342915e-01 2.818499e-04 3.354063e-04
2.345623e-01 4.909206e-04 3.357541e-04
2.348331e-01 9.787995e-04 3.434045e-04
2.351039e-01 9.235591e-04 3.472061e-04
2.353747e-01 1.530610e-04 3.441800e-04
2.356455e-01 6.669611e-04 3.516903e-04
2.359163e-01 6.161500e-04 3.534396e-04
2.361872e-01 9.583905e-04 3.544806e-04
2.364580e-01 1.286399e-04 3.597025e-04
2.367288e-01 2.846494e-04 3.573773e-04
2.369996e-01 8.231215e-04 3.590936e-04
2.372704e-01 1.608711e-04 3.687793e-04
2.375412e-01 1.609491e-03 3.682901e-04
2.378121e-01 -1.174007e-04 3.753639e-04
2.380829e-01 9.208601e-04 3.719586e-04
2.383537e-01 8.307807e-04 3.835324e-04
2.386245e-01 9.427033e-05 3.903104e-04
2.388953e-01 7.329416e-04 3.848784e-04
2.391661e-01 1.373701e-04 3.908683e-04
2.394369e-01 7.517114e-04 3.937756e-04
2.397078e-01 2.606399e-04 4.000439e-04
2.399786e-01 8.755010e-04 4.049665e-04
2.402494e-01 7.090401e-04 4.063278e-04
2.405202e-01 2.473891e-04 4.063120e-04
2.407910e-01 1.042569e-03 4.226401e-04
2.410618e-01 1.054870e-03 4.191988e-04
2.413326e-01 1.100430e-03 4.223329e-04
2.416034e-01 8.445792e-04 4.210624e-04
2.418743e-01 1.184061e-03 4.356999e-04
2.421451e-01 1.101749e-03 4.424060e-04
2.424159e-01 8.230302e-04 4.419517e-04
2.426867e-01 1.064511e-03 4.416737e-04
2.429575e-01 1.141140e-03 4.574986e-04
2.432283e-01 4.723202e-04 4.627126e-04
2.434992e-01 1.076510e-03 4.618356e-04
2.437700e-01 2.721697e-04 4.608967e-04
2.440408e-01 -1.091070e-03 4.743422e-04
2.443116e-01 1.060840e-03 4.878492e-04
2.445824e-01 2.560951e-05 4.839691e-04
2.448532e-01 5.118810e-04 4.803362e-04
2.451240e-01 6.263703e-04 5.029165e-04
2.453949e-01 -3.158487e-04 5.083093e-04
2.456657e-01 1.742598e-04 5.153940e-04
2.459365e-01 2.790093e-04 5.248406e-04
2.462073e-01 1.425706e-04 5.335791e-04
2.464781e-01 8.990988e-04 5.493283e-04
2.467489e-01 3.353190e-04 5.518107e-04
2.470197e-01 1.120819e-03 5.443006e-04
2.472906e-01 -4.096702e-04 5.551059e-04
2.475614e-01 9.525307e-04 5.820796e-04
2.478322e-01 6.639604e-04 5.884930e-04
2.481030e-01 8.365810e-04 5.825705e-04
2.483738e-01 1.339890e-03 5.883482e-04
2.486446e-01 3.559310e-04 6.076933e-04
2.489154e-01 6.683171e-05 6.269908e-04
2.491863e-01 -4.038010e-04 6.362368e-04
2.494571e-01 -1.528803e-04 6.443495e-04
2.497279e-01 9.590201e-04 6.677022e-04
2.499987e-01 7.346496e-04 6.887771e-04
2.502695e-01 4.455894e-04 6.857402e-04
2.505403e-01 -6.656591e-04 7.097321e-04
2.508111e-01 1.608506e-04 7.242669e-04
2.510819e-01 -3.035292e-04 7.767189e-04
2.513528e-01 5.551986e-05 7.645603e-04
2.516236e-01 1.699779e-03 7.942162e-04
2.518944e-01 5.323514e-04 8.377762e-04
2.521652e-01 8.284114e-05 8.914387e-04
2.524360e-01 1.382109e-03 8.806902e-04
2.527068e-01 2.345797e-04 8.664468e-04
2.529776e-01 2.012679e-03 9.320342e-04
2.532485e-01 2.521891e-04 9.297501e-04
2.535193e-01 3.052205e-04 9.675724e-04
2.537901e-01 1.009120e-03 9.792620e-04
2.540609e-01 1.032259e-03 9.828312e-04
2.543317e-01 3.948696e-04 1.041139e-03
2.546025e-01 -5.813390e-04 1.078616e-03
2.548733e-01 5.770605e-04 1.126755e-03
2.551441e-01 1.239020e-03 1.181563e-03
2.554150e-01 -8.716397e-04 1.222166e-03
2.556858e-01 -3.529899e-04 1.209329e-03
2.559566e-01 -5.546026e-05 1.363933e-03
2.562274e-01 -2.135240e-03 1.385127e-03
2.564982e-01 8.261111e-04 1.455640e-03
2.567690e-01 4.839208e-04 1.613387e-03
2.570398e-01 -1.008399e-04 2.002578e-03
2.573107e-01 1.953239e-03 2.020244e-03
2.575815e-01 4.264005e-04 2.774544e-03
2.578523e-01 1.979170e-03 3.126376e-03
2.581231e-01 2.138961e-03 5.677263e-03
