3.286826e-03 2.556119e+00 0.000000e+00
3.557641e-03 3.153658e+00 9.933592e-02
3.828455e-03 3.031375e+00 6.013752e-02
4.099269e-03 2.957930e+00 4.712236e-02
4.370084e-03 2.838431e+00 3.640942e-02
4.640898e-03 2.711948e+00 2.533906e-02
4.911712e-03 2.633107e+00 2.142692e-02
5.182527e-03 2.542842e+00 1.737906e-02
5.453341e-03 2.443665e+00 1.592969e-02
5.724155e-03 2.357970e+00 1.255212e-02
5.994970e-03 2.272989e+00 1.124279e-02
6.265784e-03 2.194453e+00 9.809445e-03
6.536598e-03 2.110852e+00 8.065916e-03
6.807412e-03 2.046178e+00 7.732810e-03
7.078227e-03 1.970262e+00 6.935859e-03
7.349041e-03 1.891314e+00 6.241520e-03
7.619855e-03 1.841594e+00 5.720339e-03
7.890671e-03 1.774604e+00 5.173801e-03
8.161485e-03 1.718216e+00 5.007263e-03
8.432299e-03 1.663563e+00 4.635184e-03
8.703114e-03 1.602674e+00 4.386585e-03
8.973928e-03 1.541660e+00 4.188288e-03
9.244742e-03 1.496425e+00 3.895754e-03
9.515557e-03 1.447913e+00 3.801287e-03
9.786371e-03 1.398897e+00 3.572421e-03
1.005718e-02 1.351079e+00 3.430375e-03
1.032800e-02 1.304976e+00 3.245354e-03
1.059881e-02 1.260634e+00 3.135305e-03
1.086963e-02 1.220424e+00 2.936991e-03
1.114044e-02 1.180441e+00 2.910634e-03
1.141126e-02 1.143783e+00 2.786736e-03
1.168207e-02 1.097759e+00 2.601291e-03
1.195289e-02 1.056589e+00 2.555347e-03
1.222370e-02 1.019979e+00 2.509906e-03
1.249451e-02 9.886951e-01 2.357974e-03
1.276533e-02 9.564738e-01 2.329271e-03
1.303614e-02 9.204941e-01 2.248912e-03
1.330696e-02 8.873672e-01 2.152138e-03
1.357777e-02 8.581069e-01 2.150156e-03
1.384859e-02 8.217719e-01 1.999465e-03
1.411940e-02 7.949728e-01 1.938585e-03
1.439021e-02 7.650298e-01 1.826896e-03
1.466103e-02 7.392959e-01 1.804851e-03
1.493184e-02 7.101854e-01 1.774031e-03
1.520266e-02 6.853573e-01 1.717837e-03
1.547347e-02 6.572155e-01 1.653506e-03
1.574429e-02 6.308004e-01 1.613656e-03
1.601510e-02 6.078665e-01 1.575403e-03
1.628591e-02 5.839447e-01 1.549590e-03
1.655673e-02 5.584024e-01 1.460180e-03
1.682754e-02 5.373355e-01 1.427165e-03
1.709836e-02 5.132267e-01 1.398183e-03
1.736917e-02 4.918682e-01 1.342903e-03
1.763999e-02 4.732254e-01 1.336486e-03
1.791080e-02 4.527241e-01 1.266152e-03
1.818161e-02 4.338830e-01 1.271393e-03
1.845243e-02 4.171863e-01 1.245494e-03
1.872324e-02 3.986258e-01 1.201952e-03
1.899406e-02 3.819993e-01 1.200078e-03
1.926487e-02 3.635178e-01 1.157683e-03
1.953569e-02 3.488071e-01 1.147894e-03
1.980650e-02 3.344839e-01 1.132475e-03
2.007731e-02 3.208215e-01 1.101245e-03
2.034813e-02 3.055248e-01 1.073779e-03
2.061894e-02 2.921937e-01 1.054654e-03
2.088976e-02 2.785826e-01 1.039136e-03
2.116057e-02 2.643525e-01 1.007952e-03
2.143139e-02 2.533482e-01 9.755826e-04
2.170220e-02 2.426265e-01 9.680255e-04
2.197302e-02 2.304285e-01 9.434572e-04
2.224383e-02 2.187063e-01 9.071114e-04
2.251465e-02 2.099532e-01 8.919387e-04
2.278546e-02 1.986516e-01 8.499179e-04
2.305627e-02 1.895739e-01 8.420798e-04
2.332709e-02 1.778095e-01 8.038586e-04
2.359790e-02 1.709123e-01 7.788831e-04
2.386872e-02 1.618803e-01 7.656252e-04
2.413953e-02 1.531559e-01 7.412457e-04
2.441034e-02 1.460880e-01 7.152543e-04
2.468116e-02 1.384451e-01 6.960568e-04
2.495197e-02 1.306015e-01 6.823510e-04
2.522279e-02 1.250578e-01 6.775908e-04
2.549360e-02 1.178862e-01 6.512447e-04
2.576442e-02 1.113578e-01 6.264828e-04
2.603523e-02 1.054004e-01 6.263943e-04
2.630604e-02 1.007534e-01 6.064771e-04
2.657686e-02 9.543498e-02 5.952916e-04
2.684767e-02 9.064434e-02 5.744801e-04
2.711849e-02 8.407951e-02 5.747062e-04
2.738930e-02 7.975191e-02 5.594465e-04
2.766012e-02 7.578634e-02 5.400489e-04
2.793093e-02 7.084100e-02 5.283543e-04
2.820175e-02 6.767312e-02 5.114838e-04
2.847256e-02 6.339018e-02 5.072990e-04
2.874337e-02 6.077199e-02 4.964339e-04
2.901419e-02 5.635771e-02 4.813657e-04
2.928500e-02 5.432936e-02 4.753374e-04
2.955582e-02 5.093121e-02 4.633043e-04
2.982663e-02 4.897790e-02 4.638867e-04
3.009745e-02 4.531943e-02 4.548239e-04
3.036826e-02 4.282067e-02 4.452608e-04
3.063907e-02 4.081951e-02 4.378043e-04
3.090989e-02 3.859286e-02 4.290930e-04
3.118070e-02 3.623786e-02 4.277871e-04
3.145152e-02 3.432029e-02 4.162460e-04
3.172233e-02 3.251796e-02 4.113666e-04
3.199315e-02 3.078410e-02 4.110388e-04
3.226396e-02 2.869010e-02 4.077870e-04
3.253478e-02 2.716372e-02 4.011113e-04
3.280559e-02 2.662652e-02 3.881210e-04
3.307641e-02 2.419436e-02 3.884892e-04
3.334722e-02 2.338783e-02 3.822899e-04
3.361803e-02 2.203717e-02 3.812888e-04
3.388885e-02 2.125055e-02 3.716356e-04
3.415966e-02 1.980883e-02 3.709782e-04
3.443048e-02 1.932482e-02 3.640135e-04
3.470129e-02 1.827022e-02 3.638118e-04
3.497211e-02 1.679817e-02 3.627282e-04
3.524292e-02 1.593217e-02 3.530641e-04
3.551374e-02 1.517111e-02 3.524594e-04
3.578455e-02 1.465663e-02 3.469264e-04
3.605536e-02 1.384798e-02 3.465165e-04
3.632618e-02 1.333006e-02 3.444143e-04
3.659699e-02 1.240669e-02 3.413316e-04
3.686780e-02 1.226691e-02 3.320921e-04
3.713862e-02 1.200585e-02 3.329306e-04
3.740944e-02 1.084403e-02 3.306283e-04
3.768025e-02 1.106614e-02 3.281231e-04
3.795106e-02 1.011282e-02 3.226022e-04
3.822188e-02 9.946093e-03 3.274709e-04
3.849269e-02 9.196512e-03 3.198590e-04
3.876351e-02 9.699110e-03 3.195352e-04
3.903432e-02 8.596741e-03 3.224108e-04
3.930514e-02 8.845758e-03 3.172725e-04
3.957595e-02 8.463860e-03 3.132581e-04
3.984676e-02 7.956643e-03 3.090140e-04
4.011758e-02 7.758498e-03 3.118296e-04
4.038839e-02 8.375362e-03 3.090764e-04
4.065921e-02 7.516980e-03 3.061675e-04
4.093002e-02 7.857149e-03 3.043195e-04
4.120084e-02 7.350132e-03 3.024822e-04
4.147165e-02 6.785050e-03 3.028866e-04
4.174246e-02 7.555040e-03 3.013344e-04
4.201328e-02 7.345980e-03 2.972345e-04
4.228409e-02 6.770812e-03 3.015387e-04
4.255491e-02 6.335218e-03 2.965498e-04
4.282572e-02 6.383710e-03 2.974395e-04
4.309653e-02 6.418079e-03 2.930585e-04
4.336735e-02 6.536169e-03 2.895849e-04
4.363817e-02 5.946603e-03 2.930152e-04
4.390898e-02 6.071970e-03 2.892821e-04
4.417979e-02 6.272390e-03 2.892911e-04
4.445061e-02 6.016959e-03 2.864998e-04
4.472142e-02 6.284202e-03 2.837744e-04
4.499224e-02 5.708531e-03 2.891465e-04
4.526305e-02 5.948601e-03 2.835375e-04
4.553387e-02 5.593171e-03 2.826171e-04
4.580468e-02 5.539268e-03 2.794050e-04
4.607549e-02 5.010381e-03 2.811627e-04
4.634631e-02 5.272849e-03 2.793722e-04
4.661712e-02 5.311398e-03 2.800076e-04
4.688794e-02 5.108658e-03 2.775837e-04
4.715875e-02 5.106740e-03 2.769296e-04
4.742957e-02 5.170848e-03 2.719987e-04
4.770038e-02 5.239589e-03 2.709674e-04
4.797119e-02 5.172310e-03 2.703019e-04
4.824201e-02 5.157409e-03 2.694007e-04
4.851282e-02 5.084539e-03 2.726986e-04
4.878364e-02 4.821910e-03 2.694023e-04
4.905445e-02 4.630091e-03 2.697091e-04
4.932526e-02 5.045999e-03 2.688432e-04
4.959608e-02 4.639281e-03 2.668632e-04
4.986690e-02 5.360572e-03 2.667554e-04
5.013771e-02 4.660122e-03 2.654934e-04
5.040852e-02 4.911071e-03 2.658458e-04
5.067934e-02 4.791779e-03 2.674128e-04
5.095015e-02 5.313890e-03 2.622426e-04
5.122096e-02 4.222549e-03 2.618957e-04
5.149178e-02 4.438929e-03 2.608653e-04
5.176260e-02 4.086910e-03 2.620666e-04
5.203341e-02 4.170669e-03 2.605074e-04
5.230422e-02 4.524142e-03 2.551657e-04
5.257504e-02 4.849890e-03 2.592302e-04
5.284585e-02 4.300078e-03 2.543209e-04
5.311667e-02 4.596259e-03 2.533293e-04
5.338748e-02 3.683750e-03 2.601164e-04
5.365830e-02 3.757700e-03 2.567976e-04
5.392911e-02 3.590532e-03 2.610478e-04
5.419992e-02 4.114488e-03 2.592775e-04
5.447074e-02 3.884219e-03 2.583726e-04
5.474155e-02 3.716489e-03 2.638424e-04
5.501237e-02 3.606610e-03 2.669078e-04
5.528318e-02 3.286999e-03 2.688384e-04
5.555400e-02 3.754530e-03 2.706678e-04
5.582481e-02 3.211068e-03 2.720248e-04
5.609563e-02 3.508918e-03 2.733740e-04
5.636644e-02 3.319172e-03 2.758123e-04
5.663725e-02 3.724020e-03 2.743563e-04
5.690807e-02 3.052939e-03 2.758821e-04
5.717888e-02 3.513571e-03 2.735023e-04
5.744969e-02 3.120750e-03 2.723876e-04
5.772051e-02 3.033979e-03 2.764486e-04
5.799133e-02 3.465569e-03 2.758631e-04
5.826214e-02 3.338041e-03 2.773067e-04
5.853295e-02 3.248390e-03 2.771142e-04
5.880377e-02 2.801519e-03 2.755760e-04
5.907458e-02 3.173601e-03 2.757900e-04
5.934540e-02 3.248679e-03 2.759268e-04
5.961621e-02 2.904030e-03 2.777788e-04
5.988703e-02 2.185149e-03 2.803765e-04
6.015784e-02 3.215430e-03 2.793159e-04
6.042865e-02 2.967758e-03 2.781087e-04
6.069947e-02 2.993381e-03 2.722561e-04
6.097028e-02 3.221981e-03 2.744175e-04
6.124110e-02 3.105219e-03 2.687240e-04
6.151191e-02 1.977962e-03 2.667326e-04
6.178273e-02 2.690991e-03 2.685359e-04
6.205354e-02 2.467752e-03 2.652736e-04
6.232436e-02 3.391452e-03 2.657983e-04
6.259517e-02 2.492741e-03 2.641453e-04
6.286598e-02 2.773639e-03 2.647734e-04
6.313679e-02 2.355499e-03 2.657933e-04
6.340761e-02 2.409689e-03 2.617737e-04
6.367842e-02 2.581190e-03 2.616210e-04
6.394923e-02 1.912950e-03 2.599241e-04
6.422005e-02 2.144909e-03 2.636813e-04
6.449086e-02 2.079751e-03 2.636258e-04
6.476168e-02 2.050661e-03 2.596859e-04
6.503250e-02 2.125729e-03 2.615386e-04
6.530331e-02 2.049528e-03 2.602272e-04
6.557412e-02 1.937522e-03 2.578460e-04
6.584494e-02 1.564989e-03 2.599849e-04
6.611575e-02 1.755441e-03 2.586406e-04
6.638657e-02 1.752779e-03 2.597067e-04
6.665738e-02 2.291232e-03 2.549799e-04
6.692819e-02 1.874819e-03 2.568142e-04
6.719901e-02 1.873912e-03 2.567681e-04
6.746982e-02 1.499468e-03 2.562569e-04
6.774063e-02 1.845190e-03 2.561637e-04
6.801146e-02 1.957409e-03 2.544101e-04
6.828227e-02 1.752252e-03 2.530020e-04
6.855308e-02 1.899829e-03 2.557068e-04
6.882390e-02 1.708081e-03 2.547446e-04
6.909471e-02 1.498869e-03 2.545556e-04
6.936552e-02 1.874560e-03 2.486861e-04
6.963634e-02 1.444573e-03 2.531110e-04
6.990715e-02 1.510778e-03 2.519985e-04
7.017796e-02 1.671718e-03 2.480155e-04
7.044878e-02 1.440890e-03 2.500160e-04
7.071959e-02 1.941830e-03 2.485356e-04
7.099041e-02 1.267789e-03 2.498939e-04
7.126123e-02 1.680000e-03 2.478779e-04
7.153204e-02 1.337761e-03 2.472948e-04
7.180285e-02 1.226440e-03 2.499281e-04
7.207367e-02 1.741881e-03 2.476105e-04
7.234448e-02 2.089139e-03 2.481133e-04
7.261530e-02 1.786109e-03 2.459988e-04
7.288611e-02 1.561431e-03 2.466241e-04
7.315692e-02 1.113249e-03 2.466154e-04
7.342774e-02 9.504594e-04 2.481338e-04
7.369855e-02 1.672739e-03 2.453295e-04
7.396936e-02 9.960905e-04 2.455715e-04
7.424019e-02 1.366548e-03 2.452059e-04
7.451100e-02 1.498651e-03 2.431184e-04
7.478181e-02 1.729989e-03 2.449048e-04
7.505263e-02 1.591559e-03 2.431801e-04
7.532344e-02 1.686461e-03 2.460587e-04
7.559425e-02 1.570279e-03 2.427615e-04
7.586507e-02 1.336159e-03 2.423657e-04
7.613588e-02 1.320390e-03 2.406421e-04
7.640669e-02 1.756679e-03 2.389768e-04
7.667751e-02 1.266200e-03 2.441033e-04
7.694832e-02 1.256811e-03 2.418329e-04
7.721914e-02 1.333321e-03 2.407228e-04
7.748996e-02 1.549030e-03 2.404252e-04
7.776077e-02 1.050651e-03 2.394554e-04
7.803158e-02 7.264297e-04 2.403707e-04
7.830240e-02 1.023160e-03 2.375700e-04
7.857321e-02 1.624620e-03 2.399925e-04
7.884403e-02 4.378203e-04 2.383467e-04
7.911484e-02 1.430390e-03 2.370243e-04
7.938565e-02 1.284741e-03 2.388704e-04
7.965647e-02 6.252900e-04 2.377348e-04
7.992728e-02 1.525110e-03 2.377396e-04
8.019809e-02 1.207011e-03 2.368383e-04
8.046892e-02 1.185872e-03 2.359862e-04
8.073973e-02 1.031680e-03 2.378409e-04
8.101054e-02 7.609390e-04 2.354270e-04
8.128136e-02 8.918103e-04 2.355955e-04
8.155217e-02 5.327296e-04 2.358522e-04
8.182298e-02 8.059088e-04 2.358569e-04
8.209380e-02 1.086740e-03 2.332674e-04
8.236461e-02 6.212201e-04 2.361327e-04
8.263543e-02 1.545360e-03 2.342786e-04
8.290624e-02 9.281486e-04 2.346904e-04
8.317705e-02 7.956196e-04 2.308426e-04
8.344787e-02 6.643496e-04 2.328831e-04
8.371869e-02 8.009393e-04 2.344124e-04
8.398950e-02 4.341286e-04 2.319502e-04
8.426031e-02 9.905305e-04 2.328943e-04
8.453113e-02 1.137320e-03 2.316750e-04
8.480194e-02 1.060639e-03 2.316323e-04
8.507276e-02 1.653681e-03 2.299583e-04
8.534357e-02 3.571305e-04 2.297685e-04
8.561438e-02 7.502697e-04 2.300375e-04
8.588520e-02 1.062430e-03 2.298484e-04
8.615601e-02 1.078360e-03 2.291060e-04
8.642682e-02 8.631404e-04 2.308481e-04
8.669765e-02 5.284902e-04 2.271977e-04
8.696846e-02 8.731503e-04 2.281496e-04
8.723927e-02 1.146181e-03 2.292057e-04
8.751009e-02 3.521591e-04 2.264607e-04
8.778090e-02 7.044803e-04 2.251868e-04
8.805171e-02 3.821198e-04 2.277181e-04
8.832253e-02 9.539891e-04 2.259448e-04
8.859334e-02 4.740003e-04 2.247109e-04
8.886416e-02 7.807296e-04 2.272241e-04
8.913497e-02 8.912589e-04 2.262153e-04
8.940578e-02 7.047690e-04 2.265799e-04
8.967660e-02 6.034113e-04 2.254290e-04
8.994742e-02 1.001889e-03 2.250929e-04
9.021823e-02 8.823294e-04 2.244289e-04
9.048904e-02 3.429092e-04 2.239982e-04
9.075986e-02 8.518994e-04 2.240162e-04
9.103067e-02 7.190704e-04 2.249954e-04
9.130149e-02 6.981995e-04 2.233532e-04
9.157230e-02 5.902499e-04 2.229445e-04
9.184311e-02 7.248390e-04 2.260507e-04
9.211393e-02 7.439498e-04 2.226266e-04
9.238474e-02 9.088200e-04 2.224625e-04
9.265555e-02 2.602208e-04 2.247544e-04
9.292637e-02 8.436199e-04 2.213483e-04
9.319719e-02 4.605707e-04 2.222733e-04
9.346800e-02 4.850309e-04 2.224555e-04
9.373882e-02 7.559191e-04 2.206697e-04
9.400963e-02 6.225202e-04 2.222537e-04
9.428044e-02 3.045108e-04 2.229900e-04
9.455126e-02 7.094909e-04 2.207701e-04
9.482207e-02 5.967394e-04 2.198176e-04
9.509289e-02 5.845595e-04 2.210869e-04
9.536370e-02 6.130002e-04 2.218454e-04
9.563451e-02 6.763209e-04 2.202599e-04
9.590533e-02 3.734399e-04 2.216536e-04
9.617615e-02 3.649499e-04 2.174904e-04
9.644696e-02 6.752107e-04 2.191634e-04
9.671777e-02 4.369300e-04 2.201760e-04
9.698859e-02 4.386008e-04 2.172791e-04
9.725940e-02 2.372600e-04 2.185886e-04
9.753022e-02 3.875811e-04 2.181902e-04
9.780103e-02 7.406902e-04 2.192427e-04
9.807184e-02 4.278608e-04 2.159622e-04
9.834266e-02 5.288590e-04 2.175596e-04
9.861347e-02 3.765300e-04 2.175978e-04
9.888428e-02 3.231708e-04 2.136765e-04
9.915510e-02 7.085800e-04 2.171185e-04
9.942592e-02 7.911883e-04 2.156036e-04
9.969673e-02 8.627102e-04 2.177618e-04
9.996755e-02 7.947609e-04 2.155232e-04
1.002384e-01 7.844102e-04 2.133104e-04
1.005092e-01 5.604699e-04 2.155852e-04
1.007800e-01 8.666813e-04 2.153875e-04
1.010508e-01 8.169897e-04 2.163036e-04
1.013216e-01 2.294891e-04 2.145874e-04
1.015924e-01 1.931787e-04 2.150916e-04
1.018632e-01 3.463197e-04 2.157159e-04
1.021341e-01 4.637800e-04 2.140204e-04
1.024049e-01 7.095989e-04 2.143626e-04
1.026757e-01 5.149599e-04 2.135267e-04
1.029465e-01 7.115006e-04 2.128543e-04
1.032173e-01 6.119199e-04 2.133878e-04
1.034881e-01 3.330410e-06 2.120314e-04
1.037589e-01 5.448405e-04 2.110116e-04
1.040298e-01 1.004096e-04 2.116611e-04
1.043006e-01 4.805196e-04 2.125206e-04
1.045714e-01 2.988204e-04 2.118228e-04
1.048422e-01 2.644099e-04 2.113000e-04
1.051130e-01 2.053808e-04 2.102465e-04
1.053838e-01 5.707610e-04 2.107601e-04
1.056546e-01 3.413800e-04 2.105966e-04
1.059255e-01 4.266500e-04 2.099011e-04
1.061963e-01 6.049089e-04 2.096219e-04
1.064671e-01 6.514508e-04 2.095193e-04
1.067379e-01 8.844901e-04 2.092547e-04
1.070087e-01 5.899407e-04 2.114767e-04
1.072795e-01 4.873388e-04 2.093729e-04
1.075503e-01 4.136097e-04 2.088196e-04
1.078212e-01 5.187597e-04 2.092872e-04
1.080920e-01 2.806410e-04 2.083340e-04
1.083628e-01 4.122294e-04 2.077299e-04
1.086336e-01 2.770387e-04 2.082546e-04
1.089044e-01 1.155958e-05 2.081280e-04
1.091752e-01 6.471202e-04 2.074986e-04
1.094460e-01 4.540998e-04 2.056071e-04
1.097169e-01 2.927501e-04 2.089821e-04
1.099877e-01 2.323408e-04 2.064763e-04
1.102585e-01 6.015506e-04 2.075644e-04
1.105293e-01 4.597791e-04 2.111649e-04
1.108001e-01 6.161500e-04 2.129831e-04
1.110709e-01 4.746411e-04 2.144432e-04
1.113417e-01 5.321987e-04 2.126602e-04
1.116126e-01 6.849915e-04 2.157090e-04
1.118834e-01 1.004960e-03 2.145695e-04
1.121542e-01 6.767493e-04 2.165930e-04
1.124250e-01 5.996805e-04 2.204557e-04
1.126958e-01 8.054897e-04 2.200141e-04
1.129666e-01 5.266499e-04 2.189796e-04
1.132374e-01 2.098810e-04 2.236108e-04
1.135083e-01 2.308395e-04 2.270661e-04
1.137791e-01 3.042296e-04 2.263484e-04
1.140499e-01 6.287601e-04 2.264152e-04
1.143207e-01 6.043892e-04 2.304395e-04
1.145915e-01 2.270695e-04 2.305794e-04
1.148623e-01 5.955305e-04 2.334603e-04
1.151332e-01 2.183113e-04 2.306654e-04
1.154040e-01 4.451592e-04 2.348322e-04
1.156748e-01 6.824099e-04 2.373602e-04
1.159456e-01 7.275511e-04 2.383924e-04
1.162164e-01 3.647301e-04 2.369941e-04
1.164872e-01 5.777199e-04 2.385728e-04
1.167580e-01 4.806798e-04 2.441110e-04
1.170288e-01 5.572792e-04 2.428045e-04
1.172997e-01 5.641207e-04 2.413742e-04
1.175705e-01 5.924385e-04 2.400484e-04
1.178413e-01 3.175102e-04 2.442588e-04
1.181121e-01 5.616061e-05 2.428110e-04
1.183829e-01 8.298401e-04 2.354415e-04
1.186537e-01 5.480293e-04 2.363184e-04
1.189246e-01 4.712194e-04 2.358297e-04
1.191954e-01 3.049802e-04 2.370932e-04
1.194662e-01 1.586974e-05 2.353741e-04
1.197370e-01 3.517997e-04 2.336251e-04
1.200078e-01 -4.741922e-05 2.360608e-04
1.202786e-01 -2.401881e-05 2.345807e-04
1.205494e-01 3.190599e-04 2.330468e-04
1.208202e-01 -1.751501e-04 2.355880e-04
1.210911e-01 7.731393e-04 2.336003e-04
1.213619e-01 6.252714e-04 2.339843e-04
1.216327e-01 1.564994e-04 2.337454e-04
1.219035e-01 -6.420538e-06 2.350803e-04
1.221743e-01 1.679212e-04 2.331991e-04
1.224451e-01 3.570691e-04 2.320960e-04
1.227160e-01 -7.898919e-05 2.365847e-04
1.229868e-01 4.897695e-04 2.323717e-04
1.232576e-01 9.524077e-05 2.329839e-04
1.235284e-01 5.027801e-04 2.338309e-04
1.237992e-01 3.552102e-04 2.332860e-04
1.240700e-01 4.230067e-06 2.353704e-04
1.243408e-01 2.614707e-04 2.337137e-04
1.246117e-01 -2.973098e-04 2.341099e-04
1.248825e-01 5.383994e-04 2.335604e-04
1.251533e-01 3.144294e-04 2.323230e-04
1.254241e-01 7.047132e-05 2.342871e-04
1.256949e-01 6.045103e-04 2.302445e-04
1.259657e-01 -6.124005e-05 2.324959e-04
1.262365e-01 5.759113e-04 2.294043e-04
1.265074e-01 6.652400e-04 2.317728e-04
1.267782e-01 5.297698e-04 2.300122e-04
1.270490e-01 5.611293e-04 2.313991e-04
1.273198e-01 3.924035e-05 2.292518e-04
1.275906e-01 5.060993e-05 2.293255e-04
1.278614e-01 5.733967e-05 2.304610e-04
1.281322e-01 3.758296e-04 2.271544e-04
1.284031e-01 8.340925e-05 2.281203e-04
1.286739e-01 2.256185e-04 2.308852e-04
1.289447e-01 1.780316e-04 2.271646e-04
1.292155e-01 7.865485e-04 2.284333e-04
1.294863e-01 1.997016e-04 2.270749e-04
1.297571e-01 -2.681501e-04 2.280388e-04
1.300279e-01 2.014693e-04 2.276580e-04
1.302988e-01 2.444088e-04 2.262209e-04
1.305696e-01 4.516989e-04 2.281477e-04
1.308404e-01 4.495885e-04 2.262748e-04
1.311112e-01 -1.178402e-04 2.287562e-04
1.313820e-01 1.208503e-04 2.258307e-04
1.316528e-01 2.997387e-04 2.280271e-04
1.319236e-01 7.981993e-05 2.254593e-04
1.321945e-01 -6.405078e-05 2.251783e-04
1.324653e-01 3.924984e-04 2.264086e-04
1.327361e-01 2.485402e-04 2.254601e-04
1.330069e-01 -2.316944e-05 2.259197e-04
1.332777e-01 -1.941901e-04 2.257461e-04
1.335485e-01 4.290100e-04 2.229931e-04
1.338193e-01 6.769095e-04 2.277597e-04
1.340902e-01 1.616310e-04 2.239662e-04
1.343610e-01 8.942932e-05 2.260524e-04
1.346318e-01 9.000301e-06 2.241342e-04
1.349026e-01 6.250087e-04 2.225665e-04
1.351734e-01 5.575698e-04 2.254109e-04
1.354442e-01 3.947895e-04 2.241173e-04
1.357151e-01 6.741788e-04 2.268357e-04
1.359859e-01 4.073903e-04 2.235394e-04
1.362567e-01 5.612094e-04 2.224994e-04
1.365275e-01 8.034892e-05 2.229185e-04
1.367983e-01 7.100794e-04 2.197288e-04
1.370691e-01 2.415311e-04 2.251146e-04
1.373399e-01 2.973806e-04 2.255416e-04
1.376107e-01 -7.518008e-05 2.283336e-04
1.378816e-01 3.252905e-04 2.328047e-04
1.381524e-01 3.829896e-04 2.302395e-04
1.384232e-01 3.482997e-04 2.349738e-04
1.386940e-01 1.218989e-04 2.343936e-04
1.389648e-01 5.127862e-05 2.346450e-04
1.392356e-01 1.027100e-04 2.358512e-04
1.395064e-01 1.879688e-04 2.351850e-04
1.397773e-01 8.733310e-04 2.392009e-04
1.400481e-01 6.676894e-04 2.399658e-04
1.403189e-01 4.899502e-04 2.405570e-04
1.405897e-01 -1.963973e-05 2.397080e-04
1.408605e-01 3.641993e-04 2.401361e-04
1.411313e-01 -3.948789e-04 2.460645e-04
1.414021e-01 5.350914e-04 2.427278e-04
1.416730e-01 -3.173891e-04 2.453687e-04
1.419438e-01 -7.466041e-05 2.452245e-04
1.422146e-01 -2.433304e-04 2.464097e-04
1.424854e-01 2.819505e-04 2.466109e-04
1.427562e-01 2.972111e-04 2.460315e-04
1.430270e-01 4.899893e-04 2.464088e-04
1.432979e-01 2.939068e-05 2.471789e-04
1.435687e-01 5.098991e-05 2.487497e-04
1.438395e-01 3.449786e-04 2.494460e-04
1.441103e-01 2.951603e-04 2.509320e-04
1.443811e-01 3.695916e-04 2.496451e-04
1.446519e-01 9.158999e-05 2.497562e-04
1.449227e-01 8.866508e-04 2.538373e-04
1.451935e-01 -1.522694e-04 2.498353e-04
1.454644e-01 2.799407e-04 2.517095e-04
1.457352e-01 6.204396e-04 2.545110e-04
1.460060e-01 -1.111291e-04 2.540842e-04
1.462768e-01 3.485400e-04 2.560965e-04
1.465476e-01 1.772605e-04 2.549973e-04
1.468184e-01 1.578908e-04 2.562440e-04
1.470892e-01 1.556799e-04 2.567103e-04
1.473601e-01 -3.378503e-04 2.571637e-04
1.476309e-01 5.719904e-04 2.573640e-04
1.479017e-01 -3.122091e-04 2.561916e-04
1.481725e-01 7.269904e-06 2.567156e-04
1.484433e-01 2.261102e-04 2.529779e-04
1.487141e-01 -3.460292e-04 2.580983e-04
1.489850e-01 4.002098e-04 2.549935e-04
1.492558e-01 2.451614e-04 2.548244e-04
1.495266e-01 4.193690e-04 2.577375e-04
1.497974e-01 3.098100e-04 2.525255e-04
1.500682e-01 1.517795e-04 2.559973e-04
1.503390e-01 3.261715e-04 2.559955e-04
1.506098e-01 3.603399e-04 2.534520e-04
1.508806e-01 2.760999e-04 2.549899e-04
1.511515e-01 2.939496e-04 2.542887e-04
1.514223e-01 7.264894e-04 2.567557e-04
1.516931e-01 -4.569069e-05 2.571654e-04
1.519639e-01 -2.063066e-05 2.502618e-04
1.522347e-01 1.266301e-04 2.587919e-04
1.525055e-01 4.423037e-05 2.535146e-04
1.527763e-01 3.184509e-04 2.573106e-04
1.530472e-01 -2.704207e-04 2.563488e-04
1.533180e-01 4.196893e-04 2.560278e-04
1.535888e-01 3.862195e-04 2.572171e-04
1.538596e-01 3.436301e-04 2.570335e-04
1.541304e-01 1.603290e-04 2.573985e-04
1.544012e-01 3.088415e-04 2.557632e-04
1.546721e-01 2.611056e-05 2.585326e-04
1.549429e-01 1.746397e-04 2.584938e-04
1.552137e-01 3.583003e-04 2.553634e-04
1.554845e-01 5.199946e-05 2.574472e-04
1.557553e-01 1.058690e-04 2.565804e-04
1.560261e-01 4.500002e-04 2.582048e-04
1.562969e-01 4.091300e-04 2.558757e-04
1.565678e-01 2.909116e-04 2.555101e-04
1.568386e-01 2.272502e-04 2.566137e-04
1.571094e-01 4.391391e-04 2.586057e-04
1.573802e-01 6.652493e-04 2.574958e-04
1.576510e-01 3.239289e-04 2.551827e-04
1.579218e-01 -7.637031e-05 2.556908e-04
1.581926e-01 1.846291e-04 2.566664e-04
1.584634e-01 5.103704e-04 2.571194e-04
1.587343e-01 5.885903e-04 2.550569e-04
1.590051e-01 1.231804e-04 2.563418e-04
1.592759e-01 6.763116e-04 2.559938e-04
1.595467e-01 1.905989e-04 2.546345e-04
1.598175e-01 1.406707e-04 2.558850e-04
1.600883e-01 2.217703e-04 2.533707e-04
1.603591e-01 -9.447895e-05 2.546894e-04
1.606300e-01 2.133101e-04 2.571804e-04
1.609008e-01 1.216009e-04 2.551459e-04
1.611716e-01 3.838893e-04 2.557488e-04
1.614424e-01 1.694597e-04 2.526276e-04
1.617132e-01 1.879036e-05 2.559314e-04
1.619840e-01 3.928803e-04 2.526675e-04
1.622549e-01 1.862701e-04 2.524093e-04
1.625257e-01 5.443804e-04 2.541125e-04
1.627965e-01 1.631603e-04 2.534159e-04
1.630673e-01 6.486587e-04 2.514658e-04
1.633381e-01 8.451305e-04 2.548621e-04
1.636089e-01 4.265290e-04 2.530086e-04
1.638797e-01 7.639211e-04 2.545145e-04
1.641506e-01 6.195698e-04 2.548909e-04
1.644214e-01 4.118700e-04 2.546919e-04
1.646922e-01 9.926688e-04 2.535179e-04
1.649630e-01 6.653313e-04 2.517281e-04
1.652338e-01 6.632898e-04 2.568370e-04
1.655046e-01 3.346894e-04 2.561147e-04
1.657754e-01 -3.349967e-05 2.524143e-04
1.660462e-01 4.393291e-04 2.552054e-04
1.663171e-01 3.977399e-04 2.545270e-04
1.665879e-01 6.992929e-05 2.551340e-04
1.668587e-01 6.196182e-04 2.558627e-04
1.671295e-01 -8.772872e-05 2.556084e-04
1.674003e-01 5.490407e-04 2.550485e-04
1.676711e-01 1.317989e-04 2.629564e-04
1.679420e-01 3.647190e-04 2.686138e-04
1.682128e-01 -2.839044e-05 2.705092e-04
1.684836e-01 5.893037e-05 2.770435e-04
1.687544e-01 -2.417602e-04 2.734960e-04
1.690252e-01 4.934799e-04 2.798984e-04
1.692960e-01 9.476021e-05 2.768599e-04
1.695668e-01 4.529804e-04 2.844396e-04
1.698377e-01 -9.069964e-05 2.831911e-04
1.701085e-01 4.923213e-04 2.903034e-04
1.703793e-01 2.098605e-04 2.908617e-04
1.706501e-01 -2.146140e-05 2.900607e-04
1.709209e-01 4.534703e-04 2.924244e-04
1.711917e-01 -1.921877e-05 2.919947e-04
1.714625e-01 4.580505e-04 2.942212e-04
1.717333e-01 7.968396e-06 3.027145e-04
1.720042e-01 4.986189e-04 3.000597e-04
1.722750e-01 6.655212e-04 3.058187e-04
1.725458e-01 3.119409e-04 3.063883e-04
1.728166e-01 2.434850e-05 3.072651e-04
1.730874e-01 2.451390e-04 3.089755e-04
1.733582e-01 5.178899e-04 3.128308e-04
1.736291e-01 2.299286e-04 3.168192e-04
1.738999e-01 6.605498e-04 3.060371e-04
1.741707e-01 3.159605e-04 3.218200e-04
1.744415e-01 -1.597106e-04 3.185839e-04
1.747123e-01 1.449492e-04 3.194731e-04
1.749831e-01 8.862596e-04 3.070322e-04
1.752539e-01 1.069250e-03 2.983306e-04
1.755248e-01 7.255301e-04 3.015356e-04
1.757956e-01 -7.545017e-05 2.958745e-04
1.760664e-01 1.993906e-04 2.989411e-04
1.763372e-01 5.849507e-04 2.974825e-04
1.766080e-01 -5.691312e-04 2.984437e-04
1.768788e-01 1.254305e-04 2.952111e-04
1.771496e-01 2.541393e-04 2.893774e-04
1.774205e-01 6.145202e-04 2.884041e-04
1.776913e-01 3.008097e-04 2.900626e-04
1.779621e-01 3.545005e-04 2.900323e-04
1.782329e-01 -1.349896e-04 2.891986e-04
1.785037e-01 1.192205e-04 2.850505e-04
1.787745e-01 3.700014e-04 2.887260e-04
1.790453e-01 -4.595891e-05 2.850829e-04
1.793161e-01 1.998302e-04 2.841695e-04
1.795870e-01 5.329996e-04 2.826516e-04
1.798578e-01 1.054650e-03 2.806563e-04
1.801286e-01 4.413296e-04 2.820168e-04
1.803994e-01 6.697699e-04 2.784220e-04
1.806702e-01 4.677493e-04 2.791530e-04
1.809410e-01 5.265493e-04 2.809929e-04
1.812119e-01 7.007904e-04 2.799834e-04
1.814827e-01 4.469287e-04 2.788149e-04
1.817535e-01 3.660899e-04 2.755193e-04
1.820243e-01 3.980901e-04 2.798038e-04
1.822951e-01 3.175698e-04 2.778381e-04
1.825659e-01 2.731010e-04 2.739446e-04
1.828367e-01 6.997958e-05 2.788338e-04
1.831076e-01 3.608391e-04 2.722373e-04
1.833784e-01 5.129706e-04 2.779613e-04
1.836492e-01 5.549807e-04 2.726428e-04
1.839200e-01 5.423203e-04 2.761688e-04
1.841908e-01 4.578009e-04 2.754797e-04
1.844616e-01 6.270297e-04 2.744518e-04
1.847324e-01 1.840703e-04 2.760933e-04
1.850033e-01 -1.084302e-04 2.740798e-04
1.852741e-01 3.361814e-04 2.752333e-04
1.855449e-01 9.717047e-05 2.750719e-04
1.858157e-01 4.451890e-04 2.754382e-04
1.860865e-01 2.991911e-04 2.751187e-04
1.863573e-01 3.221799e-04 2.720906e-04
1.866281e-01 4.228596e-04 2.741098e-04
1.868990e-01 2.920795e-04 2.727501e-04
1.871698e-01 4.966203e-04 2.755057e-04
1.874406e-01 1.157392e-04 2.770673e-04
1.877114e-01 2.751127e-05 2.699429e-04
1.879822e-01 7.472299e-04 2.761662e-04
1.882530e-01 2.236404e-04 2.724296e-04
1.885238e-01 2.603699e-04 2.751217e-04
1.887947e-01 4.649404e-04 2.738415e-04
1.890655e-01 4.338697e-04 2.746373e-04
1.893363e-01 3.172401e-04 2.762051e-04
1.896071e-01 4.138909e-04 2.709198e-04
1.898779e-01 1.856200e-04 2.747474e-04
1.901487e-01 2.532005e-04 2.751545e-04
1.904195e-01 3.261883e-04 2.715682e-04
1.906904e-01 4.959311e-04 2.768131e-04
1.909612e-01 2.836306e-04 2.681922e-04
1.912320e-01 2.375413e-04 2.749955e-04
1.915028e-01 6.407406e-04 2.702720e-04
1.917736e-01 3.575105e-04 2.746176e-04
1.920444e-01 3.858991e-04 2.717995e-04
1.923153e-01 2.138503e-04 2.737492e-04
1.925861e-01 6.443206e-04 2.717028e-04
1.928569e-01 4.468914e-04 2.712932e-04
1.931277e-01 1.053931e-03 2.711859e-04
1.933985e-01 4.839599e-04 2.710570e-04
1.936693e-01 3.481191e-04 2.729877e-04
1.939401e-01 5.476698e-04 2.722977e-04
1.942109e-01 8.492302e-04 2.690895e-04
1.944818e-01 4.785135e-05 2.733433e-04
1.947526e-01 -1.161303e-04 2.705172e-04
1.950234e-01 1.662709e-04 2.724400e-04
1.952942e-01 7.620193e-04 2.737038e-04
1.955650e-01 9.646080e-05 2.710391e-04
1.958358e-01 -8.398853e-05 2.737885e-04
1.961066e-01 6.610993e-04 2.717311e-04
1.963775e-01 7.257983e-05 2.740869e-04
1.966483e-01 5.628094e-04 2.715641e-04
1.969191e-01 5.653296e-04 2.720423e-04
1.971899e-01 3.133714e-04 2.740462e-04
1.974607e-01 3.761109e-04 2.742050e-04
1.977315e-01 6.515495e-04 2.711925e-04
1.980023e-01 2.846085e-04 2.723502e-04
1.982732e-01 -5.950965e-05 2.707004e-04
1.985440e-01 5.301088e-05 2.748108e-04
1.988148e-01 6.910004e-04 2.707917e-04
1.990856e-01 6.054901e-05 2.712388e-04
1.993564e-01 3.436003e-04 2.713328e-04
1.996272e-01 3.156085e-04 2.714254e-04
1.998980e-01 3.065504e-04 2.718933e-04
2.001689e-01 3.546104e-04 2.702878e-04
2.004397e-01 5.543046e-05 2.697139e-04
2.007105e-01 7.016100e-04 2.679084e-04
2.009813e-01 7.249117e-04 2.675007e-04
2.012521e-01 4.047304e-04 2.694830e-04
2.015229e-01 7.064100e-04 2.707097e-04
2.017937e-01 6.724987e-04 2.670307e-04
2.020646e-01 5.119406e-04 2.683536e-04
2.023354e-01 2.001300e-04 2.690389e-04
2.026062e-01 5.914811e-04 2.676210e-04
2.028770e-01 8.685309e-04 2.699646e-04
2.031478e-01 4.720688e-04 2.656762e-04
2.034186e-01 4.085097e-04 2.669935e-04
2.036894e-01 6.026495e-04 2.657728e-04
2.039603e-01 2.683997e-04 2.679464e-04
2.042311e-01 -3.166124e-05 2.682198e-04
2.045019e-01 6.203502e-04 2.685131e-04
2.047727e-01 6.061047e-06 2.670427e-04
2.050435e-01 4.837383e-04 2.651109e-04
2.053143e-01 6.708503e-04 2.700253e-04
2.055852e-01 3.434401e-04 2.666494e-04
2.058560e-01 5.053990e-04 2.655931e-04
2.061268e-01 5.151592e-04 2.642539e-04
2.063976e-01 4.081801e-04 2.674812e-04
2.066684e-01 2.789907e-04 2.652263e-04
2.069392e-01 3.840905e-04 2.632477e-04
2.072100e-01 3.450699e-04 2.660360e-04
2.074808e-01 2.377592e-04 2.636400e-04
2.077517e-01 2.390798e-04 2.641690e-04
2.080225e-01 5.899500e-04 2.628323e-04
2.082933e-01 2.226792e-04 2.617855e-04
2.085641e-01 3.414396e-04 2.626323e-04
2.088349e-01 8.993000e-04 2.655219e-04
2.091057e-01 5.891006e-04 2.619262e-04
2.093765e-01 3.730599e-04 2.617129e-04
2.096474e-01 4.397202e-04 2.632588e-04
2.099182e-01 3.750883e-04 2.648134e-04
2.101890e-01 2.702288e-04 2.642194e-04
2.104598e-01 7.469188e-04 2.639525e-04
2.107306e-01 9.140000e-05 2.617186e-04
2.110014e-01 4.958101e-04 2.635950e-04
2.112723e-01 2.095811e-04 2.654506e-04
2.115431e-01 5.365405e-04 2.632757e-04
2.118139e-01 4.936941e-05 2.644145e-04
2.120847e-01 5.021598e-04 2.652190e-04
2.123555e-01 7.295497e-04 2.653126e-04
2.126263e-01 8.509103e-04 2.605054e-04
2.128971e-01 7.678811e-04 2.628502e-04
2.131680e-01 1.869611e-04 2.639195e-04
2.134388e-01 4.127808e-04 2.634880e-04
2.137096e-01 2.937708e-04 2.628693e-04
2.139804e-01 4.699491e-04 2.646605e-04
2.142512e-01 5.416702e-04 2.629103e-04
2.145220e-01 6.377883e-05 2.646440e-04
2.147928e-01 6.493703e-04 2.660377e-04
2.150636e-01 1.880508e-04 2.605182e-04
2.153345e-01 3.014393e-04 2.641516e-04
2.156053e-01 1.804791e-04 2.626305e-04
2.158761e-01 1.299195e-04 2.644509e-04
2.161469e-01 3.455598e-04 2.626766e-04
2.164177e-01 2.583005e-04 2.622128e-04
2.166885e-01 7.331390e-04 2.628040e-04
2.169593e-01 8.079000e-04 2.629585e-04
2.172302e-01 3.188904e-04 2.661705e-04
2.175010e-01 5.272701e-04 2.637824e-04
2.177718e-01 6.800890e-05 2.662543e-04
2.180426e-01 1.102127e-05 2.646800e-04
2.183134e-01 5.783811e-04 2.640197e-04
2.185842e-01 6.503407e-04 2.645170e-04
2.188551e-01 1.931395e-04 2.622235e-04
2.191259e-01 5.075708e-04 2.648128e-04
2.193967e-01 6.055888e-04 2.606049e-04
2.196675e-01 -1.133904e-04 2.617520e-04
2.199383e-01 5.035903e-04 2.612399e-04
2.202091e-01 5.715694e-04 2.590643e-04
2.204799e-01 4.700888e-04 2.600028e-04
2.207507e-01 5.901698e-04 2.616121e-04
2.210216e-01 3.259890e-04 2.604924e-04
2.212924e-01 4.053004e-04 2.601582e-04
2.215632e-01 2.595801e-04 2.591676e-04
2.218340e-01 6.197486e-04 2.612821e-04
2.221048e-01 6.716885e-05 2.596928e-04
2.223756e-01 5.696695e-04 2.585382e-04
2.226464e-01 4.727598e-04 2.573025e-04
2.229173e-01 3.120508e-04 2.574021e-04
2.231881e-01 2.591796e-04 2.582518e-04
2.234589e-01 2.880953e-05 2.568376e-04
2.237297e-01 2.770405e-04 2.567919e-04
2.240005e-01 -1.692399e-04 2.590480e-04
2.242713e-01 -1.973007e-04 2.543780e-04
2.245422e-01 8.702092e-05 2.572667e-04
2.248130e-01 6.227810e-04 2.607391e-04
2.250838e-01 1.328997e-05 2.564483e-04
2.253546e-01 3.442504e-04 2.578530e-04
2.256254e-01 4.200712e-04 2.582003e-04
2.258962e-01 5.033985e-05 2.586981e-04
2.261670e-01 6.370693e-04 2.684044e-04
2.264379e-01 4.203599e-04 2.740766e-04
2.267087e-01 -2.001189e-04 2.770682e-04
2.269795e-01 5.373582e-04 2.797758e-04
2.272503e-01 -7.761642e-06 2.835732e-04
2.275211e-01 2.436303e-04 2.861364e-04
2.277919e-01 4.488602e-04 2.897920e-04
2.280627e-01 6.686002e-04 2.902076e-04
2.283335e-01 2.404004e-04 2.979882e-04
2.286044e-01 4.955009e-05 2.938586e-04
2.288752e-01 3.739204e-04 2.994910e-04
2.291460e-01 5.013607e-04 3.023948e-04
2.294168e-01 3.026910e-04 3.096852e-04
2.296876e-01 3.602095e-04 3.077945e-04
2.299584e-01 -6.584600e-04 3.074072e-04
2.302293e-01 -1.263600e-04 3.145025e-04
2.305001e-01 4.003700e-04 3.206372e-04
2.307709e-01 2.243388e-04 3.210321e-04
2.310417e-01 2.569389e-04 3.202873e-04
2.313125e-01 -1.474004e-04 3.246027e-04
2.315833e-01 9.558909e-05 3.260400e-04
2.318541e-01 6.945115e-04 3.314870e-04
2.321250e-01 2.455711e-04 3.351390e-04
2.323958e-01 -1.107100e-04 3.337095e-04
2.326666e-01 9.064935e-05 3.387635e-04
2.329374e-01 4.948117e-05 3.421691e-04
2.332082e-01 -1.067854e-05 3.422005e-04
2.334790e-01 2.933200e-04 3.467669e-04
2.337498e-01 2.901610e-04 3.502876e-04
2.340207e-01 6.516911e-04 3.521575e-04
2.342915e-01 4.975088e-04 3.558083e-04
2.345623e-01 9.388700e-04 3.531845e-04
2.348331e-01 1.507401e-04 3.594589e-04
2.351039e-01 2.160911e-04 3.629741e-04
2.353747e-01 4.405994e-04 3.623100e-04
2.356455e-01 5.441401e-04 3.725083e-04
2.359163e-01 -2.378188e-04 3.681977e-04
2.361872e-01 9.277910e-04 3.769547e-04
2.364580e-01 3.316384e-04 3.790323e-04
2.367288e-01 -2.908297e-04 3.832821e-04
2.369996e-01 5.385187e-04 3.811342e-04
2.372704e-01 2.604891e-04 3.950044e-04
2.375412e-01 3.784597e-04 3.920313e-04
2.378121e-01 2.681501e-04 3.992959e-04
2.380829e-01 3.203917e-04 3.919392e-04
2.383537e-01 4.876107e-04 4.037180e-04
2.386245e-01 3.996398e-04 4.149969e-04
2.388953e-01 1.010392e-04 4.121535e-04
2.391661e-01 2.309307e-04 4.128851e-04
2.394369e-01 3.135297e-04 4.165589e-04
2.397078e-01 3.273301e-04 4.140610e-04
2.399786e-01 6.679501e-04 4.245708e-04
2.402494e-01 3.317092e-04 4.260333e-04
2.405202e-01 1.275204e-04 4.333327e-04
2.407910e-01 1.152698e-04 4.431062e-04
2.410618e-01 2.665706e-04 4.465276e-04
2.413326e-01 -1.184717e-04 4.479310e-04
2.416034e-01 2.158992e-04 4.442512e-04
2.418743e-01 -5.098060e-05 4.598708e-04
2.421451e-01 1.182500e-04 4.764887e-04
2.424159e-01 4.304796e-04 4.751896e-04
2.426867e-01 -1.062807e-04 4.630709e-04
2.429575e-01 3.002007e-04 4.813756e-04
2.432283e-01 -4.308801e-04 4.856602e-04
2.434992e-01 1.044910e-03 4.763653e-04
2.437700e-01 4.344005e-04 4.879018e-04
2.440408e-01 -8.156151e-05 5.088874e-04
2.443116e-01 -2.681706e-04 5.101635e-04
2.445824e-01 -2.777595e-04 5.082421e-04
2.448532e-01 -6.565806e-04 5.126095e-04
2.451240e-01 2.880003e-04 5.299960e-04
2.453949e-01 7.372908e-04 5.421295e-04
2.456657e-01 3.520902e-04 5.406124e-04
2.459365e-01 1.899786e-04 5.472669e-04
2.462073e-01 3.166292e-04 5.612589e-04
2.464781e-01 9.496193e-04 5.647223e-04
2.467489e-01 7.725302e-04 5.864864e-04
2.470197e-01 6.771106e-04 5.830803e-04
2.472906e-01 1.732502e-04 5.969988e-04
2.475614e-01 3.284886e-04 6.064259e-04
2.478322e-01 7.965192e-04 6.216671e-04
2.481030e-01 6.379411e-04 6.260955e-04
2.483738e-01 -1.641698e-04 6.128051e-04
2.486446e-01 -2.118200e-04 6.447347e-04
2.489154e-01 8.987691e-04 6.768246e-04
2.491863e-01 -1.007440e-03 6.723135e-04
2.494571e-01 -2.484191e-04 6.861719e-04
2.497279e-01 5.874000e-04 7.102379e-04
2.499987e-01 -7.185899e-04 7.363065e-04
2.502695e-01 6.428994e-04 7.320941e-04
2.505403e-01 6.167907e-04 7.471207e-04
2.508111e-01 7.478595e-04 8.146777e-04
2.510819e-01 -7.557198e-04 8.370457e-04
2.513528e-01 1.098931e-03 7.973847e-04
2.516236e-01 7.190499e-04 8.378625e-04
2.518944e-01 2.314001e-04 8.448695e-04
2.521652e-01 -2.030712e-04 9.114365e-04
2.524360e-01 4.198197e-04 9.493015e-04
2.527068e-01 1.306750e-03 9.258874e-04
2.529776e-01 -4.526097e-04 9.684819e-04
2.532485e-01 -2.132069e-03 1.006606e-03
2.535193e-01 1.696549e-03 1.044396e-03
2.537901e-01 -6.397516e-04 1.046736e-03
2.540609e-01 -1.508290e-03 1.035832e-03
2.543317e-01 -6.177090e-05 1.091985e-03
2.546025e-01 7.481910e-04 1.107463e-03
2.548733e-01 5.891286e-04 1.199598e-03
2.551441e-01 1.707830e-03 1.224594e-03
2.554150e-01 -1.686271e-03 1.250964e-03
2.556858e-01 -2.616409e-03 1.296185e-03
2.559566e-01 -3.949907e-04 1.472600e-03
2.562274e-01 3.391331e-03 1.410147e-03
2.564982e-01 -1.821451e-03 1.601936e-03
2.567690e-01 1.010809e-03 1.773208e-03
2.570398e-01 1.174780e-03 2.004041e-03
2.573107e-01 -2.114419e-03 2.078101e-03
2.575815e-01 -6.143510e-03 2.836562e-03
2.578523e-01 4.025195e-04 3.673505e-03
2.581231e-01 -1.572350e-03 5.615143e-03
