3.286826e-03 3.169261e+00 0.000000e+00
3.557641e-03 4.034634e+00 9.791785e-02
3.828455e-03 3.887261e+00 5.835345e-02
4.099269e-03 3.737400e+00 4.752634e-02
4.370084e-03 3.509979e+00 3.863083e-02
4.640898e-03 3.285564e+00 2.746319e-02
4.911712e-03 3.146429e+00 2.472362e-02
5.182527e-03 2.983308e+00 2.127345e-02
5.453341e-03 2.859573e+00 2.135959e-02
5.724155e-03 2.735563e+00 1.857591e-02
5.994970e-03 2.635968e+00 1.908825e-02
6.265784e-03 2.515970e+00 1.891614e-02
6.536598e-03 2.425417e+00 1.650012e-02
6.807412e-03 2.293231e+00 1.630459e-02
7.078227e-03 2.186453e+00 1.522066e-02
7.349041e-03 2.100151e+00 1.436831e-02
7.619855e-03 2.005356e+00 1.389347e-02
7.890671e-03 1.937952e+00 1.314135e-02
8.161485e-03 1.815233e+00 1.210720e-02
8.432299e-03 1.738519e+00 1.140338e-02
8.703114e-03 1.657615e+00 1.085631e-02
8.973928e-03 1.600507e+00 1.037540e-02
9.244742e-03 1.523999e+00 9.614552e-03
9.515557e-03 1.446957e+00 9.247106e-03
9.786371e-03 1.390180e+00 8.751984e-03
1.005718e-02 1.319942e+00 8.366500e-03
1.032800e-02 1.262376e+00 7.636647e-03
1.059881e-02 1.191002e+00 7.318669e-03
1.086963e-02 1.135178e+00 6.935904e-03
1.114044e-02 1.089042e+00 6.413429e-03
1.141126e-02 1.035246e+00 6.141071e-03
1.168207e-02 9.861477e-01 5.827492e-03
1.195289e-02 9.351150e-01 5.555196e-03
1.222370e-02 8.819833e-01 5.198273e-03
1.249451e-02 8.479697e-01 4.911476e-03
1.276533e-02 8.071107e-01 4.699207e-03
1.303614e-02 7.689064e-01 4.380974e-03
1.330696e-02 7.330774e-01 4.130718e-03
1.357777e-02 6.849642e-01 3.923373e-03
1.384859e-02 6.602853e-01 3.776621e-03
1.411940e-02 6.214161e-01 3.483258e-03
1.439021e-02 5.929713e-01 3.271790e-03
1.466103e-02 5.616961e-01 3.101657e-03
1.493184e-02 5.289779e-01 3.006264e-03
1.520266e-02 5.017422e-01 2.814189e-03
1.547347e-02 4.785435e-01 2.675871e-03
1.574429e-02 4.476178e-01 2.515974e-03
1.601510e-02 4.274550e-01 2.387600e-03
1.628591e-02 3.997409e-01 2.273782e-03
1.655673e-02 3.807790e-01 2.144263e-03
1.682754e-02 3.585936e-01 2.010424e-03
1.709836e-02 3.409971e-01 1.980821e-03
1.736917e-02 3.212090e-01 1.843052e-03
1.763999e-02 3.003318e-01 1.711788e-03
1.791080e-02 2.857642e-01 1.612434e-03
1.818161e-02 2.634838e-01 1.556689e-03
1.845243e-02 2.451652e-01 1.511989e-03
1.872324e-02 2.292342e-01 1.396351e-03
1.899406e-02 2.133397e-01 1.339145e-03
1.926487e-02 1.994135e-01 1.274671e-03
1.953569e-02 1.871786e-01 1.238783e-03
1.980650e-02 1.729506e-01 1.191000e-03
2.007731e-02 1.629175e-01 1.110046e-03
2.034813e-02 1.533699e-01 1.109450e-03
2.061894e-02 1.435564e-01 1.036133e-03
2.088976e-02 1.329011e-01 9.894951e-04
2.116057e-02 1.235447e-01 9.531529e-04
2.143139e-02 1.149478e-01 9.166385e-04
2.170220e-02 1.064873e-01 8.865264e-04
2.197302e-02 1.005863e-01 8.673747e-04
2.224383e-02 9.467427e-02 8.119680e-04
2.251465e-02 8.885197e-02 7.856998e-04
2.278546e-02 8.285780e-02 7.528402e-04
2.305627e-02 7.819713e-02 7.294458e-04
2.332709e-02 7.178049e-02 6.922417e-04
2.359790e-02 6.743196e-02 6.677826e-04
2.386872e-02 6.368414e-02 6.524523e-04
2.413953e-02 5.868016e-02 6.130371e-04
2.441034e-02 5.398368e-02 5.961964e-04
2.468116e-02 5.012532e-02 5.798963e-04
2.495197e-02 4.568746e-02 5.538174e-04
2.522279e-02 4.291801e-02 5.453329e-04
2.549360e-02 3.801958e-02 5.168585e-04
2.576442e-02 3.528576e-02 5.037065e-04
2.603523e-02 3.421777e-02 5.004930e-04
2.630604e-02 3.033169e-02 4.813365e-04
2.657686e-02 2.788157e-02 4.644324e-04
2.684767e-02 2.482690e-02 4.511481e-04
2.711849e-02 2.263851e-02 4.463725e-04
2.738930e-02 2.071710e-02 4.325668e-04
2.766012e-02 1.992568e-02 4.222616e-04
2.793093e-02 1.679418e-02 4.155719e-04
2.820175e-02 1.591726e-02 4.010380e-04
2.847256e-02 1.464177e-02 3.968635e-04
2.874337e-02 1.295091e-02 3.955703e-04
2.901419e-02 1.144827e-02 3.805055e-04
2.928500e-02 9.925321e-03 3.748061e-04
2.955582e-02 9.782951e-03 3.699977e-04
2.982663e-02 8.547921e-03 3.633895e-04
3.009745e-02 7.841311e-03 3.638319e-04
3.036826e-02 7.624261e-03 3.535593e-04
3.063907e-02 6.159209e-03 3.485085e-04
3.090989e-02 5.392160e-03 3.447558e-04
3.118070e-02 5.206198e-03 3.446863e-04
3.145152e-02 4.956920e-03 3.385146e-04
3.172233e-02 4.728742e-03 3.387745e-04
3.199315e-02 3.895510e-03 3.373605e-04
3.226396e-02 4.465491e-03 3.320268e-04
3.253478e-02 3.254879e-03 3.304332e-04
3.280559e-02 3.924880e-03 3.281275e-04
3.307641e-02 3.825262e-03 3.262207e-04
3.334722e-02 3.307860e-03 3.217426e-04
3.361803e-02 3.020320e-03 3.224154e-04
3.388885e-02 3.118910e-03 3.194397e-04
3.415966e-02 3.919609e-03 3.211511e-04
3.443048e-02 2.630539e-03 3.166462e-04
3.470129e-02 3.359810e-03 3.154592e-04
3.497211e-02 3.031202e-03 3.161360e-04
3.524292e-02 3.285211e-03 3.099470e-04
3.551374e-02 3.087480e-03 3.131662e-04
3.578455e-02 4.115798e-03 3.122579e-04
3.605536e-02 3.938001e-03 3.055891e-04
3.632618e-02 4.378479e-03 3.091176e-04
3.659699e-02 3.666371e-03 3.045424e-04
3.686780e-02 4.276089e-03 3.069810e-04
3.713862e-02 4.504390e-03 3.033969e-04
3.740944e-02 4.583340e-03 3.035505e-04
3.768025e-02 5.485550e-03 3.012144e-04
3.795106e-02 5.081128e-03 3.006833e-04
3.822188e-02 4.913278e-03 3.010066e-04
3.849269e-02 5.342588e-03 2.989817e-04
3.876351e-02 5.403619e-03 2.990295e-04
3.903432e-02 5.965900e-03 2.980723e-04
3.930514e-02 5.812250e-03 2.962242e-04
3.957595e-02 6.181300e-03 2.963328e-04
3.984676e-02 6.667919e-03 2.930801e-04
4.011758e-02 6.839221e-03 2.957550e-04
4.038839e-02 6.579591e-03 2.945683e-04
4.065921e-02 6.584041e-03 2.916513e-04
4.093002e-02 6.426739e-03 2.913195e-04
4.120084e-02 6.712012e-03 2.906516e-04
4.147165e-02 6.734749e-03 2.894056e-04
4.174246e-02 7.280419e-03 2.906079e-04
4.201328e-02 7.342028e-03 2.846673e-04
4.228409e-02 7.397009e-03 2.877588e-04
4.255491e-02 7.488599e-03 2.851219e-04
4.282572e-02 7.610679e-03 2.864054e-04
4.309653e-02 7.114800e-03 2.819801e-04
4.336735e-02 7.390328e-03 2.838476e-04
4.363817e-02 7.030740e-03 2.828372e-04
4.390898e-02 7.208731e-03 2.807729e-04
4.417979e-02 7.207830e-03 2.804878e-04
4.445061e-02 7.773180e-03 2.783472e-04
4.472142e-02 7.072950e-03 2.772874e-04
4.499224e-02 7.441280e-03 2.781432e-04
4.526305e-02 7.222049e-03 2.753069e-04
4.553387e-02 6.920930e-03 2.749304e-04
4.580468e-02 7.290211e-03 2.739339e-04
4.607549e-02 6.399002e-03 2.708869e-04
4.634631e-02 6.717369e-03 2.688181e-04
4.661712e-02 6.881360e-03 2.702997e-04
4.688794e-02 6.655362e-03 2.683904e-04
4.715875e-02 6.194429e-03 2.670926e-04
4.742957e-02 6.546929e-03 2.640343e-04
4.770038e-02 6.293150e-03 2.630724e-04
4.797119e-02 5.852070e-03 2.619485e-04
4.824201e-02 5.662439e-03 2.589636e-04
4.851282e-02 5.727580e-03 2.637233e-04
4.878364e-02 5.615082e-03 2.599747e-04
4.905445e-02 5.601909e-03 2.579720e-04
4.932526e-02 5.214268e-03 2.575327e-04
4.959608e-02 5.397949e-03 2.555018e-04
4.986690e-02 4.854791e-03 2.583492e-04
5.013771e-02 4.982488e-03 2.547368e-04
5.040852e-02 4.882740e-03 2.532851e-04
5.067934e-02 4.353711e-03 2.528939e-04
5.095015e-02 4.577009e-03 2.486844e-04
5.122096e-02 3.903858e-03 2.495552e-04
5.149178e-02 3.819110e-03 2.489610e-04
5.176260e-02 3.899498e-03 2.478302e-04
5.203341e-02 3.480781e-03 2.478715e-04
5.230422e-02 3.485279e-03 2.446704e-04
5.257504e-02 3.333699e-03 2.454601e-04
5.284585e-02 3.051588e-03 2.423237e-04
5.311667e-02 3.043959e-03 2.418351e-04
5.338748e-02 2.692660e-03 2.457647e-04
5.365830e-02 2.854789e-03 2.445911e-04
5.392911e-02 2.902620e-03 2.454384e-04
5.419992e-02 2.443848e-03 2.465252e-04
5.447074e-02 2.737122e-03 2.437523e-04
5.474155e-02 2.376290e-03 2.479085e-04
5.501237e-02 2.246639e-03 2.528254e-04
5.528318e-02 1.774959e-03 2.557652e-04
5.555400e-02 2.023278e-03 2.538210e-04
5.582481e-02 1.993699e-03 2.549746e-04
5.609563e-02 1.780689e-03 2.583353e-04
5.636644e-02 1.898991e-03 2.570462e-04
5.663725e-02 1.955179e-03 2.591832e-04
5.690807e-02 1.284670e-03 2.579915e-04
5.717888e-02 1.650758e-03 2.577578e-04
5.744969e-02 1.418469e-03 2.578111e-04
5.772051e-02 1.314972e-03 2.589966e-04
5.799133e-02 1.446681e-03 2.575884e-04
5.826214e-02 1.175979e-03 2.605972e-04
5.853295e-02 1.439691e-03 2.621625e-04
5.880377e-02 1.516649e-03 2.598579e-04
5.907458e-02 7.237196e-04 2.571306e-04
5.934540e-02 1.222549e-03 2.592173e-04
5.961621e-02 9.130687e-04 2.612283e-04
5.988703e-02 7.066410e-04 2.601665e-04
6.015784e-02 7.193796e-04 2.604763e-04
6.042865e-02 5.308501e-04 2.642598e-04
6.069947e-02 1.290550e-03 2.525475e-04
6.097028e-02 9.491201e-04 2.558860e-04
6.124110e-02 6.666593e-04 2.521317e-04
6.151191e-02 1.119612e-03 2.537343e-04
6.178273e-02 8.605588e-04 2.525111e-04
6.205354e-02 8.109603e-04 2.487025e-04
6.232436e-02 7.354189e-04 2.504159e-04
6.259517e-02 8.382294e-04 2.484621e-04
6.286598e-02 9.045303e-04 2.488457e-04
6.313679e-02 9.505209e-04 2.482874e-04
6.340761e-02 1.072250e-03 2.465633e-04
6.367842e-02 5.831905e-04 2.465070e-04
6.394923e-02 1.036691e-03 2.446385e-04
6.422005e-02 1.277409e-03 2.476033e-04
6.449086e-02 9.490605e-04 2.480760e-04
6.476168e-02 1.168631e-03 2.444408e-04
6.503250e-02 8.954201e-04 2.475069e-04
6.530331e-02 1.050159e-03 2.442700e-04
6.557412e-02 1.046050e-03 2.436809e-04
6.584494e-02 8.849110e-04 2.438326e-04
6.611575e-02 8.173399e-04 2.442948e-04
6.638657e-02 1.208311e-03 2.441265e-04
6.665738e-02 1.522390e-03 2.423510e-04
6.692819e-02 1.309520e-03 2.422759e-04
6.719901e-02 1.574941e-03 2.425268e-04
6.746982e-02 1.141809e-03 2.407043e-04
6.774063e-02 1.225449e-03 2.419306e-04
6.801146e-02 1.039121e-03 2.406994e-04
6.828227e-02 1.082059e-03 2.410515e-04
6.855308e-02 1.298940e-03 2.413441e-04
6.882390e-02 1.739150e-03 2.412138e-04
6.909471e-02 1.250239e-03 2.428066e-04
6.936552e-02 1.130478e-03 2.375143e-04
6.963634e-02 1.491670e-03 2.408607e-04
6.990715e-02 1.135750e-03 2.405673e-04
7.017796e-02 1.287900e-03 2.361171e-04
7.044878e-02 1.456270e-03 2.371989e-04
7.071959e-02 1.582669e-03 2.373142e-04
7.099041e-02 1.325190e-03 2.374983e-04
7.126123e-02 1.224671e-03 2.356366e-04
7.153204e-02 1.240110e-03 2.344439e-04
7.180285e-02 1.742920e-03 2.363412e-04
7.207367e-02 1.418911e-03 2.373470e-04
7.234448e-02 2.003092e-03 2.365305e-04
7.261530e-02 1.359221e-03 2.365577e-04
7.288611e-02 1.613051e-03 2.325652e-04
7.315692e-02 1.586601e-03 2.345385e-04
7.342774e-02 1.645120e-03 2.362030e-04
7.369855e-02 1.205079e-03 2.346977e-04
7.396936e-02 1.378091e-03 2.351089e-04
7.424019e-02 1.310751e-03 2.347051e-04
7.451100e-02 1.370071e-03 2.317101e-04
7.478181e-02 1.281161e-03 2.322239e-04
7.505263e-02 1.579890e-03 2.314835e-04
7.532344e-02 1.612619e-03 2.342831e-04
7.559425e-02 1.295529e-03 2.290801e-04
7.586507e-02 1.405861e-03 2.315437e-04
7.613588e-02 1.332480e-03 2.308544e-04
7.640669e-02 1.523688e-03 2.291097e-04
7.667751e-02 1.448421e-03 2.308954e-04
7.694832e-02 1.118170e-03 2.300642e-04
7.721914e-02 1.339640e-03 2.292858e-04
7.748996e-02 8.032508e-04 2.287130e-04
7.776077e-02 1.453869e-03 2.285979e-04
7.803158e-02 1.325190e-03 2.293610e-04
7.830240e-02 1.033679e-03 2.264621e-04
7.857321e-02 1.068391e-03 2.268203e-04
7.884403e-02 1.133131e-03 2.277046e-04
7.911484e-02 8.569397e-04 2.255920e-04
7.938565e-02 1.077250e-03 2.294608e-04
7.965647e-02 9.809900e-04 2.248008e-04
7.992728e-02 9.119697e-04 2.253947e-04
8.019809e-02 6.762110e-04 2.236196e-04
8.046892e-02 8.459687e-04 2.229520e-04
8.073973e-02 7.009394e-04 2.240706e-04
8.101054e-02 3.673788e-04 2.226232e-04
8.128136e-02 9.983201e-04 2.231914e-04
8.155217e-02 9.425897e-04 2.242758e-04
8.182298e-02 7.771701e-04 2.213139e-04
8.209380e-02 5.053990e-04 2.206004e-04
8.236461e-02 8.082204e-04 2.220249e-04
8.263543e-02 7.936396e-04 2.219522e-04
8.290624e-02 8.200314e-04 2.229124e-04
8.317705e-02 5.010404e-04 2.202606e-04
8.344787e-02 1.845304e-04 2.220095e-04
8.371869e-02 1.063231e-03 2.240889e-04
8.398950e-02 5.691499e-04 2.191428e-04
8.426031e-02 4.044604e-04 2.204907e-04
8.453113e-02 6.666202e-04 2.186395e-04
8.480194e-02 3.888085e-05 2.203985e-04
8.507276e-02 7.120501e-04 2.206799e-04
8.534357e-02 8.286405e-04 2.191788e-04
8.561438e-02 4.756004e-04 2.176407e-04
8.588520e-02 4.355796e-04 2.172052e-04
8.615601e-02 2.248995e-04 2.172545e-04
8.642682e-02 2.635103e-04 2.154162e-04
8.669765e-02 3.018305e-04 2.154588e-04
8.696846e-02 6.484091e-04 2.165969e-04
8.723927e-02 5.070120e-05 2.156874e-04
8.751009e-02 4.413091e-04 2.161882e-04
8.778090e-02 4.015490e-04 2.146330e-04
8.805171e-02 4.791990e-04 2.166664e-04
8.832253e-02 6.563589e-04 2.158256e-04
8.859334e-02 4.873388e-04 2.163593e-04
8.886416e-02 4.777107e-04 2.135077e-04
8.913497e-02 -1.072101e-04 2.139434e-04
8.940578e-02 3.434196e-04 2.146887e-04
8.967660e-02 3.708005e-04 2.140902e-04
8.994742e-02 6.945599e-04 2.144094e-04
9.021823e-02 4.322510e-04 2.134790e-04
9.048904e-02 2.952702e-04 2.116786e-04
9.075986e-02 1.409203e-04 2.132672e-04
9.103067e-02 1.694709e-04 2.130245e-04
9.130149e-02 2.111699e-04 2.104379e-04
9.157230e-02 6.767400e-04 2.106269e-04
9.184311e-02 3.937185e-04 2.134341e-04
9.211393e-02 6.609317e-04 2.109192e-04
9.238474e-02 3.195088e-04 2.113961e-04
9.265555e-02 4.827604e-04 2.109281e-04
9.292637e-02 4.790705e-04 2.108836e-04
9.319719e-02 6.705895e-04 2.109963e-04
9.346800e-02 3.120918e-04 2.094249e-04
9.373882e-02 2.113692e-04 2.102024e-04
9.400963e-02 6.317496e-04 2.096034e-04
9.428044e-02 7.214304e-04 2.096655e-04
9.455126e-02 2.078507e-04 2.082199e-04
9.482207e-02 4.654303e-04 2.092521e-04
9.509289e-02 6.332491e-04 2.081495e-04
9.536370e-02 1.917910e-04 2.107459e-04
9.563451e-02 4.749987e-04 2.076862e-04
9.590533e-02 5.651806e-04 2.090033e-04
9.617615e-02 1.711603e-04 2.067694e-04
9.644696e-02 4.594605e-04 2.079098e-04
9.671777e-02 6.670896e-04 2.072404e-04
9.698859e-02 5.018897e-04 2.056084e-04
9.725940e-02 5.318001e-04 2.073377e-04
9.753022e-02 3.080703e-04 2.047146e-04
9.780103e-02 1.907684e-04 2.088467e-04
9.807184e-02 5.888492e-04 2.055061e-04
9.834266e-02 3.641900e-04 2.054300e-04
9.861347e-02 5.356893e-04 2.071722e-04
9.888428e-02 3.212001e-04 2.063782e-04
9.915510e-02 1.013450e-03 2.056599e-04
9.942592e-02 3.905706e-04 2.044804e-04
9.969673e-02 4.120301e-04 2.045251e-04
9.996755e-02 2.370588e-04 2.041552e-04
1.002384e-01 9.770896e-04 2.038391e-04
1.005092e-01 2.322905e-04 2.045643e-04
1.007800e-01 8.842107e-04 2.028887e-04
1.010508e-01 8.029602e-04 2.056127e-04
1.013216e-01 6.814301e-04 2.026093e-04
1.015924e-01 5.761813e-04 2.018184e-04
1.018632e-01 3.449097e-04 2.026783e-04
1.021341e-01 3.641490e-04 2.027705e-04
1.024049e-01 5.808398e-04 2.030659e-04
1.026757e-01 9.692796e-04 2.022666e-04
1.029465e-01 -4.930422e-06 2.014747e-04
1.032173e-01 3.925189e-04 1.997774e-04
1.034881e-01 5.513094e-04 2.012300e-04
1.037589e-01 4.020799e-04 2.008947e-04
1.040298e-01 2.452005e-04 1.980773e-04
1.043006e-01 9.205788e-04 2.021067e-04
1.045714e-01 3.364515e-04 2.005620e-04
1.048422e-01 5.321391e-04 1.986854e-04
1.051130e-01 1.330096e-04 1.993224e-04
1.053838e-01 -7.510185e-06 1.995930e-04
1.056546e-01 3.313888e-04 2.001902e-04
1.059255e-01 4.032198e-04 1.990371e-04
1.061963e-01 6.202497e-04 1.975957e-04
1.064671e-01 6.358493e-04 1.995916e-04
1.067379e-01 3.771782e-04 1.991082e-04
1.070087e-01 4.267301e-04 2.008111e-04
1.072795e-01 6.732605e-04 1.956644e-04
1.075503e-01 3.101192e-04 1.982449e-04
1.078212e-01 3.321301e-04 1.988109e-04
1.080920e-01 5.023703e-04 1.966149e-04
1.083628e-01 9.510592e-04 1.967524e-04
1.086336e-01 2.494082e-05 1.961198e-04
1.089044e-01 4.503392e-04 1.967657e-04
1.091752e-01 4.971009e-04 1.959467e-04
1.094460e-01 3.448408e-04 1.964742e-04
1.097169e-01 3.258605e-04 1.977228e-04
1.099877e-01 2.606288e-04 1.955296e-04
1.102585e-01 6.136112e-05 1.958076e-04
1.105293e-01 4.679915e-04 1.992711e-04
1.108001e-01 5.879886e-04 2.005032e-04
1.110709e-01 4.829988e-04 2.021440e-04
1.113417e-01 2.199691e-04 2.004984e-04
1.116126e-01 3.219396e-04 2.046014e-04
1.118834e-01 4.285295e-04 2.032506e-04
1.121542e-01 6.702691e-04 2.046785e-04
1.124250e-01 1.344085e-04 2.065793e-04
1.126958e-01 2.075490e-04 2.081600e-04
1.129666e-01 5.730800e-04 2.090878e-04
1.132374e-01 4.540998e-04 2.113896e-04
1.135083e-01 4.858896e-05 2.141208e-04
1.137791e-01 4.448798e-04 2.139417e-04
1.140499e-01 4.450046e-05 2.137563e-04
1.143207e-01 3.521591e-04 2.171913e-04
1.145915e-01 6.090589e-04 2.174429e-04
1.148623e-01 4.256107e-04 2.207516e-04
1.151332e-01 5.802196e-04 2.184496e-04
1.154040e-01 2.195686e-04 2.218142e-04
1.156748e-01 4.583001e-04 2.229278e-04
1.159456e-01 2.165698e-04 2.237548e-04
1.162164e-01 1.783390e-04 2.233469e-04
1.164872e-01 4.123300e-04 2.237262e-04
1.167580e-01 1.459699e-04 2.276840e-04
1.170288e-01 6.439798e-04 2.284838e-04
1.172997e-01 4.508998e-04 2.301833e-04
1.175705e-01 2.696794e-04 2.286228e-04
1.178413e-01 1.382716e-04 2.302009e-04
1.181121e-01 -1.561083e-05 2.273184e-04
1.183829e-01 4.958007e-04 2.225316e-04
1.186537e-01 1.057591e-04 2.246123e-04
1.189246e-01 4.916005e-04 2.228133e-04
1.191954e-01 -6.940216e-06 2.223793e-04
1.194662e-01 1.939815e-04 2.240791e-04
1.197370e-01 -5.050804e-04 2.196205e-04
1.200078e-01 1.560804e-04 2.218184e-04
1.202786e-01 3.273506e-04 2.194880e-04
1.205494e-01 4.420988e-04 2.212518e-04
1.208202e-01 3.290400e-04 2.235650e-04
1.210911e-01 3.638994e-04 2.191285e-04
1.213619e-01 5.951785e-04 2.208698e-04
1.216327e-01 2.235193e-04 2.194763e-04
1.219035e-01 2.508592e-04 2.220511e-04
1.221743e-01 7.467810e-04 2.214587e-04
1.224451e-01 -4.353095e-04 2.209685e-04
1.227160e-01 3.555045e-05 2.232253e-04
1.229868e-01 4.671905e-04 2.188982e-04
1.232576e-01 1.769196e-04 2.214171e-04
1.235284e-01 5.563088e-04 2.231959e-04
1.237992e-01 3.264491e-04 2.203161e-04
1.240700e-01 2.647396e-04 2.207230e-04
1.243408e-01 2.648011e-04 2.197262e-04
1.246117e-01 4.363190e-04 2.185764e-04
1.248825e-01 2.952907e-04 2.206457e-04
1.251533e-01 1.190603e-04 2.179622e-04
1.254241e-01 5.066395e-04 2.209679e-04
1.256949e-01 3.708396e-04 2.173773e-04
1.259657e-01 3.626104e-04 2.181757e-04
1.262365e-01 4.244968e-05 2.176789e-04
1.265074e-01 4.868805e-04 2.177925e-04
1.267782e-01 1.781918e-04 2.188455e-04
1.270490e-01 1.639798e-04 2.152987e-04
1.273198e-01 6.730855e-05 2.163461e-04
1.275906e-01 2.698004e-04 2.164086e-04
1.278614e-01 2.436191e-04 2.170504e-04
1.281322e-01 5.980954e-05 2.156572e-04
1.284031e-01 -1.636203e-04 2.142645e-04
1.286739e-01 1.950003e-05 2.167829e-04
1.289447e-01 8.950010e-05 2.140856e-04
1.292155e-01 3.866907e-04 2.157956e-04
1.294863e-01 4.899092e-04 2.151731e-04
1.297571e-01 1.556408e-04 2.146073e-04
1.300279e-01 7.725134e-05 2.136132e-04
1.302988e-01 3.038403e-04 2.149681e-04
1.305696e-01 3.465600e-04 2.144032e-04
1.308404e-01 1.985002e-04 2.129540e-04
1.311112e-01 1.824014e-04 2.125438e-04
1.313820e-01 -1.840293e-04 2.127450e-04
1.316528e-01 -2.036802e-04 2.148221e-04
1.319236e-01 3.962964e-05 2.117841e-04
1.321945e-01 2.524499e-04 2.128598e-04
1.324653e-01 6.627515e-04 2.142287e-04
1.327361e-01 -2.337992e-05 2.133296e-04
1.330069e-01 4.734509e-04 2.129580e-04
1.332777e-01 -3.390014e-07 2.139723e-04
1.335485e-01 1.177099e-04 2.117962e-04
1.338193e-01 6.844196e-04 2.154115e-04
1.340902e-01 2.348907e-04 2.097892e-04
1.343610e-01 -8.489937e-06 2.125496e-04
1.346318e-01 -3.119931e-06 2.115147e-04
1.349026e-01 5.921349e-06 2.121875e-04
1.351734e-01 1.541600e-04 2.129921e-04
1.354442e-01 7.057209e-04 2.111078e-04
1.357151e-01 2.595615e-04 2.124393e-04
1.359859e-01 7.954054e-05 2.092772e-04
1.362567e-01 1.275707e-04 2.095700e-04
1.365275e-01 3.536697e-04 2.091241e-04
1.367983e-01 1.549013e-04 2.090403e-04
1.370691e-01 -4.578494e-04 2.120846e-04
1.373399e-01 5.919859e-05 2.132619e-04
1.376107e-01 -2.646390e-04 2.162387e-04
1.378816e-01 3.961101e-05 2.182318e-04
1.381524e-01 3.231801e-04 2.180972e-04
1.384232e-01 4.518889e-04 2.218851e-04
1.386940e-01 6.921031e-05 2.190065e-04
1.389648e-01 3.025103e-04 2.226192e-04
1.392356e-01 1.967512e-04 2.233762e-04
1.395064e-01 4.320201e-04 2.251685e-04
1.397773e-01 2.235193e-04 2.268710e-04
1.400481e-01 3.759097e-04 2.254997e-04
1.403189e-01 2.070516e-04 2.271340e-04
1.405897e-01 -1.255590e-04 2.285857e-04
1.408605e-01 1.584105e-04 2.282565e-04
1.411313e-01 5.147979e-05 2.293060e-04
1.414021e-01 7.322989e-05 2.282982e-04
1.416730e-01 5.053710e-04 2.301742e-04
1.419438e-01 2.722405e-04 2.327641e-04
1.422146e-01 4.070606e-04 2.340441e-04
1.424854e-01 -1.697410e-04 2.329602e-04
1.427562e-01 5.161017e-05 2.322835e-04
1.430270e-01 2.618302e-04 2.327115e-04
1.432979e-01 -1.741890e-04 2.318000e-04
1.435687e-01 -1.399592e-04 2.357500e-04
1.438395e-01 -2.455208e-04 2.351888e-04
1.441103e-01 3.382191e-04 2.336735e-04
1.443811e-01 2.426095e-04 2.362198e-04
1.446519e-01 5.677789e-04 2.361778e-04
1.449227e-01 1.552310e-04 2.395313e-04
1.451935e-01 2.973098e-04 2.356940e-04
1.454644e-01 9.383075e-05 2.391858e-04
1.457352e-01 1.864396e-04 2.420140e-04
1.460060e-01 2.822801e-04 2.378858e-04
1.462768e-01 -8.451007e-05 2.432884e-04
1.465476e-01 -1.442209e-04 2.393844e-04
1.468184e-01 4.414469e-07 2.435229e-04
1.470892e-01 -1.332406e-04 2.425213e-04
1.473601e-01 2.559107e-04 2.404237e-04
1.476309e-01 3.811698e-04 2.401021e-04
1.479017e-01 3.380310e-04 2.425031e-04
1.481725e-01 -2.815947e-05 2.444579e-04
1.484433e-01 3.947597e-04 2.394546e-04
1.487141e-01 2.877098e-04 2.427649e-04
1.489850e-01 1.137108e-04 2.401214e-04
1.492558e-01 -3.973991e-04 2.414601e-04
1.495266e-01 -3.610682e-04 2.420646e-04
1.497974e-01 -1.567304e-04 2.386005e-04
1.500682e-01 3.746003e-04 2.407943e-04
1.503390e-01 1.917034e-05 2.411078e-04
1.506098e-01 2.064109e-04 2.395483e-04
1.508806e-01 1.683496e-04 2.388206e-04
1.511515e-01 -2.527703e-04 2.387290e-04
1.514223e-01 3.363807e-04 2.416320e-04
1.516931e-01 -1.054797e-04 2.400655e-04
1.519639e-01 6.224103e-04 2.395759e-04
1.522347e-01 4.218891e-06 2.405969e-04
1.525055e-01 -3.224108e-04 2.392599e-04
1.527763e-01 -1.815297e-04 2.436588e-04
1.530472e-01 2.207402e-04 2.371469e-04
1.533180e-01 -5.606003e-05 2.418985e-04
1.535888e-01 -4.974008e-05 2.420284e-04
1.538596e-01 6.758049e-05 2.391686e-04
1.541304e-01 -1.075510e-04 2.438945e-04
1.544012e-01 3.113188e-04 2.393877e-04
1.546721e-01 -2.912711e-04 2.422592e-04
1.549429e-01 1.316145e-05 2.454506e-04
1.552137e-01 -2.995785e-04 2.409539e-04
1.554845e-01 3.155805e-04 2.407565e-04
1.557553e-01 -5.787052e-05 2.415772e-04
1.560261e-01 2.114400e-04 2.429215e-04
1.562969e-01 -2.303496e-04 2.420341e-04
1.565678e-01 4.671142e-05 2.397361e-04
1.568386e-01 -1.079310e-04 2.424693e-04
1.571094e-01 -3.857408e-04 2.437185e-04
1.573802e-01 1.545064e-05 2.422834e-04
1.576510e-01 4.871506e-04 2.420171e-04
1.579218e-01 -1.948103e-04 2.415657e-04
1.581926e-01 -1.115091e-04 2.431521e-04
1.584634e-01 8.712895e-05 2.393434e-04
1.587343e-01 -2.708100e-04 2.399351e-04
1.590051e-01 3.018416e-04 2.413658e-04
1.592759e-01 2.785586e-04 2.414388e-04
1.595467e-01 -1.795813e-04 2.406812e-04
1.598175e-01 1.187902e-04 2.387849e-04
1.600883e-01 -5.199946e-05 2.386383e-04
1.603591e-01 5.312078e-05 2.396585e-04
1.606300e-01 2.064016e-04 2.398030e-04
1.609008e-01 4.346687e-04 2.402254e-04
1.611716e-01 1.472998e-04 2.401540e-04
1.614424e-01 -3.139507e-04 2.401462e-04
1.617132e-01 2.415087e-04 2.391315e-04
1.619840e-01 -2.780985e-04 2.394496e-04
1.622549e-01 5.195104e-04 2.392405e-04
1.625257e-01 2.605394e-04 2.389162e-04
1.627965e-01 -1.358986e-05 2.384373e-04
1.630673e-01 4.395843e-07 2.392657e-04
1.633381e-01 -2.239086e-05 2.394527e-04
1.636089e-01 4.027039e-05 2.386819e-04
1.638797e-01 1.369976e-05 2.404310e-04
1.641506e-01 7.856302e-04 2.392148e-04
1.644214e-01 2.260283e-04 2.377551e-04
1.646922e-01 3.547594e-04 2.404572e-04
1.649630e-01 9.689480e-06 2.394493e-04
1.652338e-01 3.910605e-04 2.425397e-04
1.655046e-01 2.823211e-04 2.387953e-04
1.657754e-01 6.715953e-05 2.375628e-04
1.660462e-01 -3.295802e-04 2.401640e-04
1.663171e-01 4.333984e-04 2.402480e-04
1.665879e-01 9.695068e-05 2.401210e-04
1.668587e-01 -2.945196e-04 2.399991e-04
1.671295e-01 4.220009e-05 2.414893e-04
1.674003e-01 5.304106e-04 2.410639e-04
1.676711e-01 6.338805e-04 2.477695e-04
1.679420e-01 6.209407e-04 2.541082e-04
1.682128e-01 2.769008e-05 2.552839e-04
1.684836e-01 1.065806e-04 2.612578e-04
1.687544e-01 9.525008e-05 2.586532e-04
1.690252e-01 -1.198407e-04 2.628110e-04
1.692960e-01 -2.443790e-04 2.592060e-04
1.695668e-01 9.208918e-05 2.692616e-04
1.698377e-01 1.015998e-04 2.683862e-04
1.701085e-01 1.584291e-04 2.719522e-04
1.703793e-01 2.498403e-04 2.717701e-04
1.706501e-01 3.939513e-04 2.716483e-04
1.709209e-01 2.698041e-05 2.748123e-04
1.711917e-01 -2.711397e-04 2.789757e-04
1.714625e-01 4.324876e-05 2.791675e-04
1.717333e-01 3.345702e-04 2.836783e-04
1.720042e-01 5.524103e-04 2.835446e-04
1.722750e-01 3.495105e-04 2.879969e-04
1.725458e-01 -1.373198e-04 2.864633e-04
1.728166e-01 4.652794e-04 2.881112e-04
1.730874e-01 -7.262900e-04 2.906717e-04
1.733582e-01 3.586151e-05 2.946004e-04
1.736291e-01 -2.220497e-04 2.987446e-04
1.738999e-01 2.841707e-04 2.942943e-04
1.741707e-01 2.573598e-04 2.980828e-04
1.744415e-01 5.028006e-04 2.995963e-04
1.747123e-01 -3.097951e-05 3.009048e-04
1.749831e-01 -5.920045e-05 2.895187e-04
1.752539e-01 3.032014e-04 2.832238e-04
1.755248e-01 -9.788014e-05 2.842135e-04
1.757956e-01 1.152698e-04 2.769240e-04
1.760664e-01 2.512895e-04 2.809798e-04
1.763372e-01 -3.229827e-05 2.783219e-04
1.766080e-01 7.550046e-05 2.786447e-04
1.768788e-01 1.451001e-04 2.799195e-04
1.771496e-01 -3.946014e-05 2.724980e-04
1.774205e-01 4.254207e-04 2.738539e-04
1.776913e-01 1.258608e-04 2.723011e-04
1.779621e-01 -1.271404e-04 2.713904e-04
1.782329e-01 2.573002e-04 2.717311e-04
1.785037e-01 1.041219e-06 2.672776e-04
1.787745e-01 4.174206e-04 2.705339e-04
1.790453e-01 1.111291e-04 2.668533e-04
1.793161e-01 -9.706058e-05 2.667255e-04
1.795870e-01 -1.468286e-04 2.647477e-04
1.798578e-01 -1.215898e-04 2.660304e-04
1.801286e-01 1.812205e-04 2.664880e-04
1.803994e-01 1.413003e-04 2.609288e-04
1.806702e-01 8.675084e-05 2.633560e-04
1.809410e-01 -4.696399e-04 2.640947e-04
1.812119e-01 1.349598e-04 2.622639e-04
1.814827e-01 -2.762992e-04 2.602968e-04
1.817535e-01 1.817942e-05 2.613608e-04
1.820243e-01 5.370006e-06 2.613886e-04
1.822951e-01 -6.542914e-05 2.601638e-04
1.825659e-01 4.331004e-04 2.612210e-04
1.828367e-01 -2.984200e-04 2.630618e-04
1.831076e-01 7.247925e-05 2.584756e-04
1.833784e-01 1.932997e-04 2.613666e-04
1.836492e-01 2.536997e-04 2.585383e-04
1.839200e-01 -3.894102e-04 2.592937e-04
1.841908e-01 4.008505e-04 2.581432e-04
1.844616e-01 -3.520101e-04 2.590025e-04
1.847324e-01 1.251139e-05 2.605996e-04
1.850033e-01 1.272503e-04 2.580394e-04
1.852741e-01 -1.305100e-04 2.597239e-04
1.855449e-01 -1.286305e-04 2.589246e-04
1.858157e-01 4.001893e-04 2.598347e-04
1.860865e-01 -1.291484e-04 2.603617e-04
1.863573e-01 3.494509e-04 2.571851e-04
1.866281e-01 -7.451884e-05 2.585457e-04
1.868990e-01 -1.463089e-04 2.554671e-04
1.871698e-01 3.328007e-04 2.613209e-04
1.874406e-01 6.281026e-05 2.615738e-04
1.877114e-01 4.891902e-04 2.553772e-04
1.879822e-01 6.265938e-05 2.585498e-04
1.882530e-01 -7.737055e-05 2.551647e-04
1.885238e-01 1.763385e-04 2.559722e-04
1.887947e-01 2.490617e-04 2.580752e-04
1.890655e-01 3.280099e-04 2.597803e-04
1.893363e-01 -9.832159e-05 2.602269e-04
1.896071e-01 -1.260303e-04 2.566657e-04
1.898779e-01 3.392287e-04 2.571842e-04
1.901487e-01 4.298594e-04 2.574641e-04
1.904195e-01 -1.524091e-04 2.590271e-04
1.906904e-01 1.392197e-04 2.599346e-04
1.909612e-01 8.497015e-05 2.557647e-04
1.912320e-01 1.048502e-04 2.594733e-04
1.915028e-01 2.432596e-04 2.549762e-04
1.917736e-01 3.999192e-04 2.579321e-04
1.920444e-01 -2.391599e-04 2.553162e-04
1.923153e-01 -5.013105e-04 2.560483e-04
1.925861e-01 2.424885e-04 2.593587e-04
1.928569e-01 -3.410503e-04 2.568007e-04
1.931277e-01 -2.596397e-04 2.553568e-04
1.933985e-01 -1.737885e-04 2.541874e-04
1.936693e-01 2.147295e-04 2.567977e-04
1.939401e-01 3.987011e-04 2.588709e-04
1.942109e-01 6.681103e-04 2.563433e-04
1.944818e-01 -1.261011e-06 2.566809e-04
1.947526e-01 1.139697e-04 2.569578e-04
1.950234e-01 -8.083880e-05 2.543660e-04
1.952942e-01 -1.608897e-04 2.557468e-04
1.955650e-01 -2.099499e-04 2.547236e-04
1.958358e-01 3.012288e-04 2.561265e-04
1.961066e-01 1.349412e-04 2.570815e-04
1.963775e-01 5.569868e-05 2.563051e-04
1.966483e-01 1.702886e-04 2.547940e-04
1.969191e-01 3.816001e-05 2.558942e-04
1.971899e-01 1.603793e-04 2.552463e-04
1.974607e-01 -3.825128e-05 2.565477e-04
1.977315e-01 1.932606e-04 2.565672e-04
1.980023e-01 1.543295e-04 2.552675e-04
1.982732e-01 8.507073e-05 2.558182e-04
1.985440e-01 1.085494e-04 2.558874e-04
1.988148e-01 1.389701e-04 2.552809e-04
1.990856e-01 -2.047699e-04 2.561370e-04
1.993564e-01 1.579095e-04 2.556860e-04
1.996272e-01 2.336800e-04 2.566630e-04
1.998980e-01 -6.419979e-05 2.556705e-04
2.001689e-01 2.433285e-04 2.523069e-04
2.004397e-01 9.319000e-05 2.517131e-04
2.007105e-01 1.405291e-04 2.527111e-04
2.009813e-01 -5.011000e-04 2.517775e-04
2.012521e-01 -5.303789e-04 2.535448e-04
2.015229e-01 2.767202e-04 2.522925e-04
2.017937e-01 1.206603e-04 2.547728e-04
2.020646e-01 4.114788e-04 2.525381e-04
2.023354e-01 5.499795e-04 2.547395e-04
2.026062e-01 3.026407e-04 2.517739e-04
2.028770e-01 2.615415e-04 2.528038e-04
2.031478e-01 1.939386e-04 2.521460e-04
2.034186e-01 1.412705e-04 2.509981e-04
2.036894e-01 2.818704e-04 2.495109e-04
2.039603e-01 2.673306e-04 2.530718e-04
2.042311e-01 2.405792e-04 2.516698e-04
2.045019e-01 1.096912e-04 2.505126e-04
2.047727e-01 -1.147594e-04 2.499698e-04
2.050435e-01 1.462102e-04 2.488174e-04
2.053143e-01 1.911074e-06 2.501722e-04
2.055852e-01 3.567506e-04 2.488746e-04
2.058560e-01 4.176311e-04 2.479842e-04
2.061268e-01 -2.019498e-04 2.485632e-04
2.063976e-01 4.137401e-04 2.498047e-04
2.066684e-01 -1.821294e-04 2.483896e-04
2.069392e-01 4.727095e-04 2.497356e-04
2.072100e-01 1.292005e-04 2.479550e-04
2.074808e-01 3.641509e-04 2.495942e-04
2.077517e-01 1.958795e-04 2.462984e-04
2.080225e-01 -1.327302e-04 2.474654e-04
2.082933e-01 1.081992e-04 2.472773e-04
2.085641e-01 4.705042e-05 2.465099e-04
2.088349e-01 -3.599096e-04 2.479695e-04
2.091057e-01 1.693014e-04 2.457878e-04
2.093765e-01 -3.129989e-04 2.468314e-04
2.096474e-01 1.864210e-04 2.488045e-04
2.099182e-01 2.033301e-04 2.471203e-04
2.101890e-01 -9.332038e-05 2.464422e-04
2.104598e-01 -2.682209e-04 2.496908e-04
2.107306e-01 -2.698507e-04 2.463327e-04
2.110014e-01 -3.368203e-04 2.465099e-04
2.112723e-01 -3.699400e-04 2.466307e-04
2.115431e-01 3.328603e-04 2.458632e-04
2.118139e-01 5.030110e-04 2.492376e-04
2.120847e-01 -1.040846e-05 2.506080e-04
2.123555e-01 -4.044902e-04 2.489601e-04
2.126263e-01 2.716314e-04 2.466606e-04
2.128971e-01 -1.111999e-04 2.465381e-04
2.131680e-01 1.034308e-04 2.477546e-04
2.134388e-01 3.015790e-04 2.473153e-04
2.137096e-01 9.206124e-05 2.467462e-04
2.139804e-01 -2.052095e-04 2.485950e-04
2.142512e-01 1.772698e-04 2.465490e-04
2.145220e-01 8.218922e-05 2.485096e-04
2.147928e-01 1.807604e-04 2.493869e-04
2.150636e-01 1.194701e-04 2.476340e-04
2.153345e-01 -2.495591e-04 2.490372e-04
2.156053e-01 2.071690e-04 2.505717e-04
2.158761e-01 2.825093e-04 2.491564e-04
2.161469e-01 3.573298e-04 2.470849e-04
2.164177e-01 1.512598e-04 2.477623e-04
2.166885e-01 -1.810696e-04 2.476136e-04
2.169593e-01 3.067963e-05 2.470679e-04
2.172302e-01 6.733388e-04 2.486277e-04
2.175010e-01 7.397123e-05 2.462074e-04
2.177718e-01 -1.499429e-06 2.479920e-04
2.180426e-01 -1.631603e-04 2.480114e-04
2.183134e-01 2.525914e-04 2.464628e-04
2.185842e-01 -7.190928e-05 2.460390e-04
2.188551e-01 1.256205e-04 2.468459e-04
2.191259e-01 -1.159217e-04 2.473356e-04
2.193967e-01 -1.709703e-04 2.455214e-04
2.196675e-01 2.993010e-04 2.453940e-04
2.199383e-01 -4.285015e-05 2.453308e-04
2.202091e-01 3.529806e-04 2.463929e-04
2.204799e-01 1.461599e-04 2.438225e-04
2.207507e-01 -2.839044e-05 2.462909e-04
2.210216e-01 -1.592394e-04 2.429523e-04
2.212924e-01 4.942305e-04 2.441537e-04
2.215632e-01 2.595391e-04 2.416227e-04
2.218340e-01 1.885388e-04 2.440797e-04
2.221048e-01 1.978911e-04 2.429669e-04
2.223756e-01 3.245100e-05 2.438928e-04
2.226464e-01 6.378610e-04 2.440662e-04
2.229173e-01 2.986696e-04 2.437563e-04
2.231881e-01 4.770048e-05 2.426745e-04
2.234589e-01 1.163613e-04 2.466521e-04
2.237297e-01 7.591024e-05 2.432123e-04
2.240005e-01 2.908409e-04 2.449565e-04
2.242713e-01 1.947805e-04 2.418802e-04
2.245422e-01 1.089107e-04 2.422651e-04
2.248130e-01 1.129396e-04 2.428006e-04
2.250838e-01 3.050901e-04 2.436703e-04
2.253546e-01 5.360004e-04 2.434618e-04
2.256254e-01 2.578311e-04 2.426718e-04
2.258962e-01 -9.460375e-06 2.426238e-04
2.261670e-01 1.654401e-04 2.545758e-04
2.264379e-01 3.155190e-04 2.564522e-04
2.267087e-01 -2.350807e-04 2.596814e-04
2.269795e-01 1.832489e-04 2.652253e-04
2.272503e-01 2.627615e-04 2.663226e-04
2.275211e-01 9.173304e-04 2.728184e-04
2.277919e-01 7.491093e-04 2.729020e-04
2.280627e-01 5.651694e-04 2.763952e-04
2.283335e-01 8.944049e-05 2.777803e-04
2.286044e-01 5.649962e-05 2.797491e-04
2.288752e-01 3.001802e-04 2.857643e-04
2.291460e-01 4.694313e-04 2.862892e-04
2.294168e-01 5.083401e-04 2.923121e-04
2.296876e-01 7.286295e-04 2.912137e-04
2.299584e-01 3.226884e-04 2.937857e-04
2.302293e-01 -3.249012e-05 2.983784e-04
2.305001e-01 -2.729315e-04 3.014369e-04
2.307709e-01 7.150508e-04 3.024000e-04
2.310417e-01 1.750086e-04 3.065179e-04
2.313125e-01 8.082502e-04 3.057640e-04
2.315833e-01 -1.935102e-05 3.086711e-04
2.318541e-01 2.633315e-04 3.114639e-04
2.321250e-01 5.224701e-04 3.161221e-04
2.323958e-01 6.292947e-05 3.178411e-04
2.326666e-01 1.500491e-04 3.191621e-04
2.329374e-01 1.075439e-03 3.253683e-04
2.332082e-01 4.562102e-04 3.210478e-04
2.334790e-01 3.801100e-04 3.247602e-04
2.337498e-01 4.962496e-04 3.329570e-04
2.340207e-01 8.626599e-04 3.347777e-04
2.342915e-01 4.849005e-04 3.348929e-04
2.345623e-01 4.029199e-04 3.351241e-04
2.348331e-01 7.712916e-04 3.454639e-04
2.351039e-01 7.793810e-04 3.416772e-04
2.353747e-01 1.015402e-04 3.433367e-04
2.356455e-01 -2.000406e-04 3.495675e-04
2.359163e-01 6.450601e-04 3.492161e-04
2.361872e-01 -1.051109e-04 3.543233e-04
2.364580e-01 1.023600e-03 3.632726e-04
2.367288e-01 -2.829991e-04 3.584042e-04
2.369996e-01 1.409017e-04 3.643567e-04
2.372704e-01 2.091415e-04 3.676112e-04
2.375412e-01 -4.592296e-04 3.685495e-04
2.378121e-01 8.577406e-04 3.761207e-04
2.380829e-01 5.513504e-04 3.714605e-04
2.383537e-01 5.024206e-04 3.793800e-04
2.386245e-01 1.342297e-04 3.923222e-04
2.388953e-01 5.227812e-04 3.854730e-04
2.391661e-01 6.844010e-04 3.919317e-04
2.394369e-01 6.284602e-04 3.893969e-04
2.397078e-01 1.645908e-04 4.009341e-04
2.399786e-01 3.984012e-05 4.052863e-04
2.402494e-01 1.776796e-04 4.078757e-04
2.405202e-01 -1.436900e-04 4.103508e-04
2.407910e-01 4.822612e-04 4.201809e-04
2.410618e-01 4.881397e-04 4.188947e-04
2.413326e-01 2.731401e-04 4.237476e-04
2.416034e-01 -1.890697e-04 4.203404e-04
2.418743e-01 9.768996e-04 4.400950e-04
2.421451e-01 2.025198e-04 4.412605e-04
2.424159e-01 1.234300e-04 4.492616e-04
2.426867e-01 -5.242974e-05 4.424689e-04
2.429575e-01 4.420001e-04 4.508535e-04
2.432283e-01 1.959503e-04 4.740522e-04
2.434992e-01 6.901398e-04 4.622224e-04
2.437700e-01 5.642902e-04 4.655560e-04
2.440408e-01 8.920506e-04 4.771997e-04
2.443116e-01 4.721507e-04 4.875151e-04
2.445824e-01 -1.590308e-04 4.842143e-04
2.448532e-01 6.815903e-04 4.803698e-04
2.451240e-01 -9.986944e-05 5.058158e-04
2.453949e-01 1.817290e-04 5.150813e-04
2.456657e-01 5.273800e-04 5.169776e-04
2.459365e-01 5.803201e-04 5.245953e-04
2.462073e-01 1.017101e-03 5.228787e-04
2.464781e-01 5.339794e-04 5.425286e-04
2.467489e-01 4.270803e-04 5.518066e-04
2.470197e-01 -2.816916e-04 5.404029e-04
2.472906e-01 -1.951214e-04 5.654117e-04
2.475614e-01 4.624296e-04 5.732388e-04
2.478322e-01 -1.270808e-04 5.794345e-04
2.481030e-01 5.871598e-04 5.878806e-04
2.483738e-01 3.884789e-04 5.899984e-04
2.486446e-01 1.666639e-03 6.295177e-04
2.489154e-01 5.989298e-04 6.433672e-04
2.491863e-01 -3.949888e-04 6.337674e-04
2.494571e-01 -4.622396e-04 6.423441e-04
2.497279e-01 5.525406e-04 6.592421e-04
2.499987e-01 6.994512e-04 6.969632e-04
2.502695e-01 -9.312294e-04 7.086630e-04
2.505403e-01 5.516037e-05 7.187281e-04
2.508111e-01 6.350316e-04 7.322372e-04
2.510819e-01 -3.937911e-04 7.791514e-04
2.513528e-01 3.516097e-04 7.652744e-04
2.516236e-01 6.041005e-04 8.105983e-04
2.518944e-01 -1.994800e-04 8.319238e-04
2.521652e-01 1.207430e-03 8.994704e-04
2.524360e-01 -5.903505e-04 8.928912e-04
2.527068e-01 7.362589e-04 8.366173e-04
2.529776e-01 1.390111e-03 9.184485e-04
2.532485e-01 1.150120e-03 9.407115e-04
2.535193e-01 1.374060e-03 9.582140e-04
2.537901e-01 -2.128892e-04 9.488468e-04
2.540609e-01 1.989001e-03 9.935936e-04
2.543317e-01 1.818430e-03 1.046708e-03
2.546025e-01 9.229500e-04 1.084302e-03
2.548733e-01 1.127509e-03 1.120248e-03
2.551441e-01 1.284162e-03 1.148625e-03
2.554150e-01 -2.766529e-03 1.174794e-03
2.556858e-01 -4.758593e-04 1.204429e-03
2.559566e-01 1.309920e-03 1.347353e-03
2.562274e-01 1.282731e-03 1.394145e-03
2.564982e-01 3.994070e-05 1.464219e-03
2.567690e-01 6.505810e-04 1.741232e-03
2.570398e-01 -2.182610e-04 1.888705e-03
2.573107e-01 -3.550500e-04 2.038696e-03
2.575815e-01 3.632549e-03 2.856905e-03
2.578523e-01 -2.915090e-03 3.453803e-03
2.581231e-01 3.789051e-03 4.279255e-03
