3.286826e-03 -1.356330e-01 0.000000e+00
3.557641e-03 6.362391e-02 7.816047e-02
3.828455e-03 2.604723e-02 4.927800e-02
4.099269e-03 4.106283e-02 3.811354e-02
4.370084e-03 4.096985e-03 2.774818e-02
4.640898e-03 2.959704e-02 2.010832e-02
4.911712e-03 3.008604e-02 1.718636e-02
5.182527e-03 3.967893e-02 1.341897e-02
5.453341e-03 3.589892e-02 1.198798e-02
5.724155e-03 2.510691e-02 8.990518e-03
5.994970e-03 3.114903e-02 8.111318e-03
6.265784e-03 1.191330e-02 6.891066e-03
6.536598e-03 2.841312e-02 5.510650e-03
6.807412e-03 2.209455e-02 5.042626e-03
7.078227e-03 2.484339e-02 4.316020e-03
7.349041e-03 2.569729e-02 3.784823e-03
7.619855e-03 2.626252e-02 3.442408e-03
7.890671e-03 2.451941e-02 3.028246e-03
8.161485e-03 2.216750e-02 2.727007e-03
8.432299e-03 2.482939e-02 2.488431e-03
8.703114e-03 2.260441e-02 2.289196e-03
8.973928e-03 2.471358e-02 2.034962e-03
9.244742e-03 2.276818e-02 1.903701e-03
9.515557e-03 2.276911e-02 1.770552e-03
9.786371e-03 2.059390e-02 1.623242e-03
1.005718e-02 2.144781e-02 1.536421e-03
1.032800e-02 2.005960e-02 1.430258e-03
1.059881e-02 1.943879e-02 1.364358e-03
1.086963e-02 1.882860e-02 1.257153e-03
1.114044e-02 2.073531e-02 1.184261e-03
1.141126e-02 1.988810e-02 1.179045e-03
1.168207e-02 2.052410e-02 1.099473e-03
1.195289e-02 2.020800e-02 1.055833e-03
1.222370e-02 1.917389e-02 1.002480e-03
1.249451e-02 1.712710e-02 9.627228e-04
1.276533e-02 1.882955e-02 9.341836e-04
1.303614e-02 1.672816e-02 8.826138e-04
1.330696e-02 1.794752e-02 8.556023e-04
1.357777e-02 1.556481e-02 8.231956e-04
1.384859e-02 1.619837e-02 7.890653e-04
1.411940e-02 1.444352e-02 7.636607e-04
1.439021e-02 1.647409e-02 7.336713e-04
1.466103e-02 1.550993e-02 7.132450e-04
1.493184e-02 1.415396e-02 7.014886e-04
1.520266e-02 1.659884e-02 6.813458e-04
1.547347e-02 1.568637e-02 6.619681e-04
1.574429e-02 1.513875e-02 6.345068e-04
1.601510e-02 1.486812e-02 6.343300e-04
1.628591e-02 1.523425e-02 6.095580e-04
1.655673e-02 1.458858e-02 5.971794e-04
1.682754e-02 1.316225e-02 5.873958e-04
1.709836e-02 1.316474e-02 5.746055e-04
1.736917e-02 1.391713e-02 5.583827e-04
1.763999e-02 1.406915e-02 5.549705e-04
1.791080e-02 1.263655e-02 5.352178e-04
1.818161e-02 1.318543e-02 5.400326e-04
1.845243e-02 1.268608e-02 5.327744e-04
1.872324e-02 1.197215e-02 5.255904e-04
1.899406e-02 1.335713e-02 5.170836e-04
1.926487e-02 1.373951e-02 5.160083e-04
1.953569e-02 1.313808e-02 5.159544e-04
1.980650e-02 1.174780e-02 5.110785e-04
2.007731e-02 1.275179e-02 4.970795e-04
2.034813e-02 1.268932e-02 5.008052e-04
2.061894e-02 1.135562e-02 4.935462e-04
2.088976e-02 1.125688e-02 4.893636e-04
2.116057e-02 1.149339e-02 4.820108e-04
2.143139e-02 1.207986e-02 4.761729e-04
2.170220e-02 1.116950e-02 4.815191e-04
2.197302e-02 1.048994e-02 4.676808e-04
2.224383e-02 1.025843e-02 4.581985e-04
2.251465e-02 1.059571e-02 4.591842e-04
2.278546e-02 1.066463e-02 4.435090e-04
2.305627e-02 1.102479e-02 4.426229e-04
2.332709e-02 1.025573e-02 4.372290e-04
2.359790e-02 9.222090e-03 4.172391e-04
2.386872e-02 9.883828e-03 4.203685e-04
2.413953e-02 1.003398e-02 4.121131e-04
2.441034e-02 9.367310e-03 4.097114e-04
2.468116e-02 9.837341e-03 4.046558e-04
2.495197e-02 9.279441e-03 3.992073e-04
2.522279e-02 8.942988e-03 4.015319e-04
2.549360e-02 9.505242e-03 3.876739e-04
2.576442e-02 9.252310e-03 3.851533e-04
2.603523e-02 8.904230e-03 3.871572e-04
2.630604e-02 9.289570e-03 3.752757e-04
2.657686e-02 8.541811e-03 3.835045e-04
2.684767e-02 8.350272e-03 3.703967e-04
2.711849e-02 8.349478e-03 3.684545e-04
2.738930e-02 8.616060e-03 3.721516e-04
2.766012e-02 8.207440e-03 3.612229e-04
2.793093e-02 8.398607e-03 3.590611e-04
2.820175e-02 8.413970e-03 3.507391e-04
2.847256e-02 7.387120e-03 3.483309e-04
2.874337e-02 7.643748e-03 3.470459e-04
2.901419e-02 8.245580e-03 3.423913e-04
2.928500e-02 7.268339e-03 3.368439e-04
2.955582e-02 7.328723e-03 3.359175e-04
2.982663e-02 6.602600e-03 3.361013e-04
3.009745e-02 6.549273e-03 3.325136e-04
3.036826e-02 6.508600e-03 3.269964e-04
3.063907e-02 7.072441e-03 3.258249e-04
3.090989e-02 6.844860e-03 3.220297e-04
3.118070e-02 7.131562e-03 3.220593e-04
3.145152e-02 6.430123e-03 3.215131e-04
3.172233e-02 6.338451e-03 3.165554e-04
3.199315e-02 5.990259e-03 3.163244e-04
3.226396e-02 6.508511e-03 3.148552e-04
3.253478e-02 6.449670e-03 3.142187e-04
3.280559e-02 6.551910e-03 3.107314e-04
3.307641e-02 6.429218e-03 3.090639e-04
3.334722e-02 6.693557e-03 3.079962e-04
3.361803e-02 5.428202e-03 3.074560e-04
3.388885e-02 5.818959e-03 3.029421e-04
3.415966e-02 5.627438e-03 3.039621e-04
3.443048e-02 6.227817e-03 2.997297e-04
3.470129e-02 5.995469e-03 2.969214e-04
3.497211e-02 5.934529e-03 2.950505e-04
3.524292e-02 5.315609e-03 2.942044e-04
3.551374e-02 5.248912e-03 2.955050e-04
3.578455e-02 6.009869e-03 2.919051e-04
3.605536e-02 5.100932e-03 2.900280e-04
3.632618e-02 5.314060e-03 2.902977e-04
3.659699e-02 5.570788e-03 2.891574e-04
3.686780e-02 5.261630e-03 2.888090e-04
3.713862e-02 5.406059e-03 2.849514e-04
3.740944e-02 5.474851e-03 2.817703e-04
3.768025e-02 4.871272e-03 2.796158e-04
3.795106e-02 5.053699e-03 2.779681e-04
3.822188e-02 5.277239e-03 2.780657e-04
3.849269e-02 5.370220e-03 2.740706e-04
3.876351e-02 5.638920e-03 2.740878e-04
3.903432e-02 5.254738e-03 2.741684e-04
3.930514e-02 4.938679e-03 2.707580e-04
3.957595e-02 4.845880e-03 2.718198e-04
3.984676e-02 4.931081e-03 2.679599e-04
4.011758e-02 4.507361e-03 2.684063e-04
4.038839e-02 4.436852e-03 2.684827e-04
4.065921e-02 4.136480e-03 2.641536e-04
4.093002e-02 4.633579e-03 2.659687e-04
4.120084e-02 4.665412e-03 2.650936e-04
4.147165e-02 4.331389e-03 2.641878e-04
4.174246e-02 4.657680e-03 2.620476e-04
4.201328e-02 4.821042e-03 2.600501e-04
4.228409e-02 4.236929e-03 2.594443e-04
4.255491e-02 4.564159e-03 2.553666e-04
4.282572e-02 4.476381e-03 2.596521e-04
4.309653e-02 4.409539e-03 2.549956e-04
4.336735e-02 4.509130e-03 2.527759e-04
4.363817e-02 4.540121e-03 2.539077e-04
4.390898e-02 4.243091e-03 2.549175e-04
4.417979e-02 4.375458e-03 2.514854e-04
4.445061e-02 4.117901e-03 2.496749e-04
4.472142e-02 3.879389e-03 2.484763e-04
4.499224e-02 4.466660e-03 2.497879e-04
4.526305e-02 4.275588e-03 2.495826e-04
4.553387e-02 3.726922e-03 2.458195e-04
4.580468e-02 3.884140e-03 2.460246e-04
4.607549e-02 3.968159e-03 2.458020e-04
4.634631e-02 4.233342e-03 2.442210e-04
4.661712e-02 3.959779e-03 2.433761e-04
4.688794e-02 3.709480e-03 2.412068e-04
4.715875e-02 3.333269e-03 2.430726e-04
4.742957e-02 4.039161e-03 2.408471e-04
4.770038e-02 3.372841e-03 2.399299e-04
4.797119e-02 3.900161e-03 2.375365e-04
4.824201e-02 3.400439e-03 2.375031e-04
4.851282e-02 3.616391e-03 2.388466e-04
4.878364e-02 3.820421e-03 2.328488e-04
4.905445e-02 3.385471e-03 2.336514e-04
4.932526e-02 3.329530e-03 2.347683e-04
4.959608e-02 3.725119e-03 2.331897e-04
4.986690e-02 3.360761e-03 2.331260e-04
5.013771e-02 3.259709e-03 2.329464e-04
5.040852e-02 3.598500e-03 2.306359e-04
5.067934e-02 3.426030e-03 2.310157e-04
5.095015e-02 3.229011e-03 2.291969e-04
5.122096e-02 3.177982e-03 2.286788e-04
5.149178e-02 3.565960e-03 2.273897e-04
5.176260e-02 3.666349e-03 2.286081e-04
5.203341e-02 3.078720e-03 2.270950e-04
5.230422e-02 3.097150e-03 2.243633e-04
5.257504e-02 3.326843e-03 2.259163e-04
5.284585e-02 3.217520e-03 2.228432e-04
5.311667e-02 2.691491e-03 2.239238e-04
5.338748e-02 2.921168e-03 2.281515e-04
5.365830e-02 3.143148e-03 2.265310e-04
5.392911e-02 2.774412e-03 2.282557e-04
5.419992e-02 2.976989e-03 2.277545e-04
5.447074e-02 3.062539e-03 2.276178e-04
5.474155e-02 2.862539e-03 2.306882e-04
5.501237e-02 2.835410e-03 2.336791e-04
5.528318e-02 3.416969e-03 2.364348e-04
5.555400e-02 2.954381e-03 2.374975e-04
5.582481e-02 3.260911e-03 2.383567e-04
5.609563e-02 3.164800e-03 2.405930e-04
5.636644e-02 2.470540e-03 2.415876e-04
5.663725e-02 2.543282e-03 2.387545e-04
5.690807e-02 2.474129e-03 2.413912e-04
5.717888e-02 3.203401e-03 2.411732e-04
5.744969e-02 3.167709e-03 2.414770e-04
5.772051e-02 2.754740e-03 2.422996e-04
5.799133e-02 3.130699e-03 2.413349e-04
5.826214e-02 2.469081e-03 2.428539e-04
5.853295e-02 2.439270e-03 2.444885e-04
5.880377e-02 2.822541e-03 2.423689e-04
5.907458e-02 2.804432e-03 2.425014e-04
5.934540e-02 2.644021e-03 2.446383e-04
5.961621e-02 2.731351e-03 2.432302e-04
5.988703e-02 2.163101e-03 2.446566e-04
6.015784e-02 2.387682e-03 2.447292e-04
6.042865e-02 2.619831e-03 2.445663e-04
6.069947e-02 2.777722e-03 2.407791e-04
6.097028e-02 2.769521e-03 2.403897e-04
6.124110e-02 2.679339e-03 2.356706e-04
6.151191e-02 2.365161e-03 2.366795e-04
6.178273e-02 2.703849e-03 2.363890e-04
6.205354e-02 2.789570e-03 2.338667e-04
6.232436e-02 2.547389e-03 2.364113e-04
6.259517e-02 2.596410e-03 2.343352e-04
6.286598e-02 2.288790e-03 2.362953e-04
6.313679e-02 2.136379e-03 2.355116e-04
6.340761e-02 2.810461e-03 2.307205e-04
6.367842e-02 2.072748e-03 2.320571e-04
6.394923e-02 2.430780e-03 2.298746e-04
6.422005e-02 2.656640e-03 2.307586e-04
6.449086e-02 2.036611e-03 2.316968e-04
6.476168e-02 2.062621e-03 2.272996e-04
6.503250e-02 2.077311e-03 2.325492e-04
6.530331e-02 2.128189e-03 2.285989e-04
6.557412e-02 1.910340e-03 2.290518e-04
6.584494e-02 2.479669e-03 2.295070e-04
6.611575e-02 2.081150e-03 2.281613e-04
6.638657e-02 2.234440e-03 2.290294e-04
6.665738e-02 2.425751e-03 2.265766e-04
6.692819e-02 2.131229e-03 2.267187e-04
6.719901e-02 2.294390e-03 2.262757e-04
6.746982e-02 2.445798e-03 2.281891e-04
6.774063e-02 2.394360e-03 2.267858e-04
6.801146e-02 2.389411e-03 2.249588e-04
6.828227e-02 2.426868e-03 2.229189e-04
6.855308e-02 2.321290e-03 2.250957e-04
6.882390e-02 2.414551e-03 2.246604e-04
6.909471e-02 2.285311e-03 2.237233e-04
6.936552e-02 2.068140e-03 2.206601e-04
6.963634e-02 2.040660e-03 2.237298e-04
6.990715e-02 2.127390e-03 2.249881e-04
7.017796e-02 2.147110e-03 2.198155e-04
7.044878e-02 2.003768e-03 2.209953e-04
7.071959e-02 2.129590e-03 2.204697e-04
7.099041e-02 2.113380e-03 2.231967e-04
7.126123e-02 1.784660e-03 2.207107e-04
7.153204e-02 2.281070e-03 2.183206e-04
7.180285e-02 2.223710e-03 2.199169e-04
7.207367e-02 2.052940e-03 2.182072e-04
7.234448e-02 2.014570e-03 2.190157e-04
7.261530e-02 1.754440e-03 2.180011e-04
7.288611e-02 1.823109e-03 2.166761e-04
7.315692e-02 2.238749e-03 2.178401e-04
7.342774e-02 1.761919e-03 2.176263e-04
7.369855e-02 1.930511e-03 2.173238e-04
7.396936e-02 2.047440e-03 2.183127e-04
7.424019e-02 1.819029e-03 2.170080e-04
7.451100e-02 1.945600e-03 2.154704e-04
7.478181e-02 2.378751e-03 2.160844e-04
7.505263e-02 1.884039e-03 2.134752e-04
7.532344e-02 1.902901e-03 2.181224e-04
7.559425e-02 2.082219e-03 2.150890e-04
7.586507e-02 1.833729e-03 2.173939e-04
7.613588e-02 1.663649e-03 2.136129e-04
7.640669e-02 1.856681e-03 2.133825e-04
7.667751e-02 1.645910e-03 2.166684e-04
7.694832e-02 1.786709e-03 2.137952e-04
7.721914e-02 1.846801e-03 2.142068e-04
7.748996e-02 1.845110e-03 2.140264e-04
7.776077e-02 1.450520e-03 2.106503e-04
7.803158e-02 2.083000e-03 2.143628e-04
7.830240e-02 1.574740e-03 2.112224e-04
7.857321e-02 1.435829e-03 2.129984e-04
7.884403e-02 1.606630e-03 2.111970e-04
7.911484e-02 1.996800e-03 2.097896e-04
7.938565e-02 1.894489e-03 2.131125e-04
7.965647e-02 1.850620e-03 2.096834e-04
7.992728e-02 1.802951e-03 2.091847e-04
8.019809e-02 1.325211e-03 2.110458e-04
8.046892e-02 1.080181e-03 2.090309e-04
8.073973e-02 1.612339e-03 2.103814e-04
8.101054e-02 1.867570e-03 2.085936e-04
8.128136e-02 1.628850e-03 2.070430e-04
8.155217e-02 1.176169e-03 2.090270e-04
8.182298e-02 1.561910e-03 2.077742e-04
8.209380e-02 1.800600e-03 2.081540e-04
8.236461e-02 1.767641e-03 2.095465e-04
8.263543e-02 1.828412e-03 2.077778e-04
8.290624e-02 1.843520e-03 2.089331e-04
8.317705e-02 1.882980e-03 2.046705e-04
8.344787e-02 1.871159e-03 2.065353e-04
8.371869e-02 1.619620e-03 2.071448e-04
8.398950e-02 1.563461e-03 2.054827e-04
8.426031e-02 1.686569e-03 2.071070e-04
8.453113e-02 1.684530e-03 2.053598e-04
8.480194e-02 1.646010e-03 2.054740e-04
8.507276e-02 1.262680e-03 2.049938e-04
8.534357e-02 1.466921e-03 2.042576e-04
8.561438e-02 1.085429e-03 2.034319e-04
8.588520e-02 1.209131e-03 2.024236e-04
8.615601e-02 1.561420e-03 2.027043e-04
8.642682e-02 1.868900e-03 2.026413e-04
8.669765e-02 1.669990e-03 2.013285e-04
8.696846e-02 1.285611e-03 2.018564e-04
8.723927e-02 1.260441e-03 2.014991e-04
8.751009e-02 1.543451e-03 2.029836e-04
8.778090e-02 1.783859e-03 2.007489e-04
8.805171e-02 1.680911e-03 2.014492e-04
8.832253e-02 1.317430e-03 2.015025e-04
8.859334e-02 1.695160e-03 2.026293e-04
8.886416e-02 1.670409e-03 2.003408e-04
8.913497e-02 1.208881e-03 2.008762e-04
8.940578e-02 1.073880e-03 1.996527e-04
8.967660e-02 1.010880e-03 2.017701e-04
8.994742e-02 1.396470e-03 2.020098e-04
9.021823e-02 1.249122e-03 1.986070e-04
9.048904e-02 1.013959e-03 1.996782e-04
9.075986e-02 1.360100e-03 1.990178e-04
9.103067e-02 1.385471e-03 1.991756e-04
9.130149e-02 1.343990e-03 1.975303e-04
9.157230e-02 1.495281e-03 1.986380e-04
9.184311e-02 1.529491e-03 1.995540e-04
9.211393e-02 1.074951e-03 1.970306e-04
9.238474e-02 1.371630e-03 1.974447e-04
9.265555e-02 9.492300e-04 1.985336e-04
9.292637e-02 1.292791e-03 1.956680e-04
9.319719e-02 1.115970e-03 1.963374e-04
9.346800e-02 1.394901e-03 1.950560e-04
9.373882e-02 1.769049e-03 1.964095e-04
9.400963e-02 1.301451e-03 1.973087e-04
9.428044e-02 1.383649e-03 1.965612e-04
9.455126e-02 1.436129e-03 1.942635e-04
9.482207e-02 1.195090e-03 1.939768e-04
9.509289e-02 1.482720e-03 1.962244e-04
9.536370e-02 1.071861e-03 1.961101e-04
9.563451e-02 1.149131e-03 1.925930e-04
9.590533e-02 1.304619e-03 1.944482e-04
9.617615e-02 1.150580e-03 1.933659e-04
9.644696e-02 1.327669e-03 1.931764e-04
9.671777e-02 9.482298e-04 1.934620e-04
9.698859e-02 1.554841e-03 1.918771e-04
9.725940e-02 9.053294e-04 1.926279e-04
9.753022e-02 1.264960e-03 1.911971e-04
9.780103e-02 1.183750e-03 1.929829e-04
9.807184e-02 1.122400e-03 1.910832e-04
9.834266e-02 1.098191e-03 1.922306e-04
9.861347e-02 1.118569e-03 1.922451e-04
9.888428e-02 8.896310e-04 1.901791e-04
9.915510e-02 1.090910e-03 1.921221e-04
9.942592e-02 8.969102e-04 1.911053e-04
9.969673e-02 1.296781e-03 1.913752e-04
9.996755e-02 1.187600e-03 1.913748e-04
1.002384e-01 1.076629e-03 1.904551e-04
1.005092e-01 8.527804e-04 1.919462e-04
1.007800e-01 1.258759e-03 1.899805e-04
1.010508e-01 1.311939e-03 1.911100e-04
1.013216e-01 9.595808e-04 1.878709e-04
1.015924e-01 8.166209e-04 1.875959e-04
1.018632e-01 6.642193e-04 1.902296e-04
1.021341e-01 1.344049e-03 1.896300e-04
1.024049e-01 1.474811e-03 1.897260e-04
1.026757e-01 1.423120e-03 1.882243e-04
1.029465e-01 1.250980e-03 1.878437e-04
1.032173e-01 9.759888e-04 1.880633e-04
1.034881e-01 1.159430e-03 1.863468e-04
1.037589e-01 1.355199e-03 1.869897e-04
1.040298e-01 1.290141e-03 1.875407e-04
1.043006e-01 1.077281e-03 1.875587e-04
1.045714e-01 7.334594e-04 1.859904e-04
1.048422e-01 9.657107e-04 1.848713e-04
1.051130e-01 9.428803e-04 1.865709e-04
1.053838e-01 8.213893e-04 1.862399e-04
1.056546e-01 8.711293e-04 1.859977e-04
1.059255e-01 9.348299e-04 1.859462e-04
1.061963e-01 9.237602e-04 1.851641e-04
1.064671e-01 1.338931e-03 1.848643e-04
1.067379e-01 1.294021e-03 1.843273e-04
1.070087e-01 6.711800e-04 1.857721e-04
1.072795e-01 1.014329e-03 1.832014e-04
1.075503e-01 1.031011e-03 1.858237e-04
1.078212e-01 6.818399e-04 1.845098e-04
1.080920e-01 8.863397e-04 1.837955e-04
1.083628e-01 8.985717e-04 1.851000e-04
1.086336e-01 1.039529e-03 1.842240e-04
1.089044e-01 5.698707e-04 1.840172e-04
1.091752e-01 9.959806e-04 1.831908e-04
1.094460e-01 8.509196e-04 1.826532e-04
1.097169e-01 1.185020e-03 1.840533e-04
1.099877e-01 9.804405e-04 1.825479e-04
1.102585e-01 1.143400e-03 1.832212e-04
1.105293e-01 1.109969e-03 1.851442e-04
1.108001e-01 8.436106e-04 1.865669e-04
1.110709e-01 8.587204e-04 1.898270e-04
1.113417e-01 9.381901e-04 1.871600e-04
1.116126e-01 7.694494e-04 1.894917e-04
1.118834e-01 8.559003e-04 1.885741e-04
1.121542e-01 7.440001e-04 1.908931e-04
1.124250e-01 9.003188e-04 1.939016e-04
1.126958e-01 7.560197e-04 1.949355e-04
1.129666e-01 8.786991e-04 1.954238e-04
1.132374e-01 5.274601e-04 1.983522e-04
1.135083e-01 1.022819e-03 1.985654e-04
1.137791e-01 7.987507e-04 2.010517e-04
1.140499e-01 9.290203e-04 1.988912e-04
1.143207e-01 6.954800e-04 2.018943e-04
1.145915e-01 5.687699e-04 2.032529e-04
1.148623e-01 1.065681e-03 2.061117e-04
1.151332e-01 8.974206e-04 2.037169e-04
1.154040e-01 9.054802e-04 2.061997e-04
1.156748e-01 6.274600e-04 2.074813e-04
1.159456e-01 9.666700e-04 2.085499e-04
1.162164e-01 9.277202e-04 2.105912e-04
1.164872e-01 4.918408e-04 2.090618e-04
1.167580e-01 2.557505e-04 2.133070e-04
1.170288e-01 9.357613e-04 2.125614e-04
1.172997e-01 1.045249e-03 2.125079e-04
1.175705e-01 9.570308e-04 2.125908e-04
1.178413e-01 7.889494e-04 2.153210e-04
1.181121e-01 6.654784e-04 2.117655e-04
1.183829e-01 2.913997e-04 2.092602e-04
1.186537e-01 6.288607e-04 2.098683e-04
1.189246e-01 7.900596e-04 2.081915e-04
1.191954e-01 3.584903e-04 2.078719e-04
1.194662e-01 8.622706e-04 2.081717e-04
1.197370e-01 1.148030e-03 2.067091e-04
1.200078e-01 7.691812e-04 2.067022e-04
1.202786e-01 8.883104e-04 2.056761e-04
1.205494e-01 4.819706e-04 2.061153e-04
1.208202e-01 7.511098e-04 2.085422e-04
1.210911e-01 9.816103e-04 2.054316e-04
1.213619e-01 5.394705e-04 2.060900e-04
1.216327e-01 7.585604e-04 2.054148e-04
1.219035e-01 6.210301e-04 2.056436e-04
1.221743e-01 7.648487e-04 2.060957e-04
1.224451e-01 6.518103e-04 2.063211e-04
1.227160e-01 7.794704e-04 2.077053e-04
1.229868e-01 7.415898e-04 2.048519e-04
1.232576e-01 1.240039e-03 2.053496e-04
1.235284e-01 7.687192e-04 2.072682e-04
1.237992e-01 8.950997e-04 2.062764e-04
1.240700e-01 7.743500e-04 2.074252e-04
1.243408e-01 7.836595e-04 2.045162e-04
1.246117e-01 1.045870e-03 2.064857e-04
1.248825e-01 8.806400e-04 2.054798e-04
1.251533e-01 4.570112e-04 2.048021e-04
1.254241e-01 2.870187e-04 2.037547e-04
1.256949e-01 7.225983e-04 2.036278e-04
1.259657e-01 7.611793e-04 2.051492e-04
1.262365e-01 7.329099e-04 2.038556e-04
1.265074e-01 -3.541075e-05 2.006137e-04
1.267782e-01 8.489098e-04 2.031418e-04
1.270490e-01 3.489982e-04 2.006357e-04
1.273198e-01 7.975493e-04 2.031982e-04
1.275906e-01 3.703497e-04 2.010018e-04
1.278614e-01 5.914196e-04 2.018676e-04
1.281322e-01 7.536691e-04 2.023643e-04
1.284031e-01 5.468801e-04 1.997057e-04
1.286739e-01 5.135406e-04 1.997833e-04
1.289447e-01 3.690105e-04 1.999826e-04
1.292155e-01 2.293810e-04 2.001523e-04
1.294863e-01 6.491505e-04 2.007625e-04
1.297571e-01 7.057004e-04 1.994727e-04
1.300279e-01 2.021603e-04 2.001740e-04
1.302988e-01 6.020088e-04 2.008458e-04
1.305696e-01 3.554095e-04 2.006249e-04
1.308404e-01 3.180094e-04 1.992538e-04
1.311112e-01 1.075871e-03 2.004467e-04
1.313820e-01 6.890595e-04 1.992508e-04
1.316528e-01 3.592409e-04 2.000288e-04
1.319236e-01 6.007701e-04 1.985004e-04
1.321945e-01 2.617389e-04 1.973752e-04
1.324653e-01 6.069504e-04 1.997159e-04
1.327361e-01 8.287802e-04 1.990638e-04
1.330069e-01 6.022695e-04 1.996208e-04
1.332777e-01 3.860686e-04 1.981552e-04
1.335485e-01 4.838798e-04 1.977007e-04
1.338193e-01 7.942691e-04 1.993556e-04
1.340902e-01 3.370289e-04 1.967329e-04
1.343610e-01 4.861895e-04 1.990652e-04
1.346318e-01 9.103864e-05 1.978186e-04
1.349026e-01 5.014502e-04 1.949096e-04
1.351734e-01 7.321909e-04 1.984692e-04
1.354442e-01 3.288016e-04 1.962510e-04
1.357151e-01 6.791390e-04 1.986085e-04
1.359859e-01 1.802295e-04 1.957150e-04
1.362567e-01 4.976597e-04 1.956535e-04
1.365275e-01 6.358493e-04 1.956477e-04
1.367983e-01 5.602706e-04 1.942365e-04
1.370691e-01 4.919991e-04 1.980601e-04
1.373399e-01 5.892906e-04 2.003914e-04
1.376107e-01 7.971097e-04 1.998767e-04
1.378816e-01 6.319489e-04 2.037645e-04
1.381524e-01 8.663498e-04 2.027101e-04
1.384232e-01 4.909616e-04 2.078034e-04
1.386940e-01 4.146397e-04 2.049352e-04
1.389648e-01 5.879197e-04 2.076746e-04
1.392356e-01 6.761197e-04 2.087853e-04
1.395064e-01 1.858603e-04 2.090269e-04
1.397773e-01 1.386590e-04 2.109423e-04
1.400481e-01 2.300311e-04 2.094288e-04
1.403189e-01 1.732707e-04 2.136404e-04
1.405897e-01 5.528498e-04 2.112820e-04
1.408605e-01 4.506186e-04 2.127274e-04
1.411313e-01 5.079191e-04 2.143233e-04
1.414021e-01 6.675292e-04 2.139294e-04
1.416730e-01 2.438948e-05 2.170307e-04
1.419438e-01 4.609786e-04 2.157420e-04
1.422146e-01 6.759986e-04 2.169708e-04
1.424854e-01 3.365409e-04 2.153381e-04
1.427562e-01 7.982086e-04 2.157151e-04
1.430270e-01 4.318208e-04 2.153889e-04
1.432979e-01 4.570708e-04 2.167734e-04
1.435687e-01 7.892512e-04 2.185839e-04
1.438395e-01 2.831910e-04 2.174885e-04
1.441103e-01 1.896191e-04 2.195144e-04
1.443811e-01 1.401715e-04 2.201259e-04
1.446519e-01 7.366706e-04 2.207993e-04
1.449227e-01 5.004201e-04 2.216806e-04
1.451935e-01 3.634095e-04 2.201879e-04
1.454644e-01 3.628992e-05 2.225348e-04
1.457352e-01 7.471088e-04 2.239977e-04
1.460060e-01 5.508903e-04 2.222357e-04
1.462768e-01 5.085599e-04 2.240898e-04
1.465476e-01 1.629405e-04 2.241564e-04
1.468184e-01 5.202293e-04 2.281775e-04
1.470892e-01 2.583005e-04 2.263273e-04
1.473601e-01 3.429186e-04 2.247321e-04
1.476309e-01 -3.073104e-04 2.251761e-04
1.479017e-01 5.057082e-05 2.245546e-04
1.481725e-01 6.964989e-05 2.252158e-04
1.484433e-01 6.541591e-04 2.235926e-04
1.487141e-01 2.618413e-04 2.246330e-04
1.489850e-01 -1.917034e-05 2.243029e-04
1.492558e-01 2.015904e-04 2.249500e-04
1.495266e-01 9.529106e-05 2.265934e-04
1.497974e-01 2.465304e-04 2.215250e-04
1.500682e-01 3.415812e-04 2.249869e-04
1.503390e-01 5.600601e-04 2.240104e-04
1.506098e-01 4.098900e-04 2.231717e-04
1.508806e-01 2.977401e-04 2.221061e-04
1.511515e-01 2.087988e-04 2.228548e-04
1.514223e-01 7.309597e-04 2.248668e-04
1.516931e-01 -1.307297e-04 2.241271e-04
1.519639e-01 1.051296e-04 2.241595e-04
1.522347e-01 2.725702e-04 2.257938e-04
1.525055e-01 6.021000e-04 2.246639e-04
1.527763e-01 2.955906e-04 2.254240e-04
1.530472e-01 4.582498e-04 2.233974e-04
1.533180e-01 4.401896e-04 2.277032e-04
1.535888e-01 2.993997e-04 2.250121e-04
1.538596e-01 2.031401e-04 2.237429e-04
1.541304e-01 6.823000e-04 2.244262e-04
1.544012e-01 2.436899e-04 2.245991e-04
1.546721e-01 3.864709e-04 2.267565e-04
1.549429e-01 4.148800e-04 2.254719e-04
1.552137e-01 2.917890e-04 2.249322e-04
1.554845e-01 1.050103e-04 2.257029e-04
1.557553e-01 4.859287e-04 2.244060e-04
1.560261e-01 -3.166888e-04 2.262029e-04
1.562969e-01 3.135409e-04 2.252570e-04
1.565678e-01 1.913700e-04 2.257335e-04
1.568386e-01 4.532002e-04 2.271727e-04
1.571094e-01 5.630199e-04 2.259858e-04
1.573802e-01 4.067197e-04 2.261563e-04
1.576510e-01 3.053099e-04 2.246444e-04
1.579218e-01 2.949499e-04 2.251873e-04
1.581926e-01 6.875712e-04 2.248588e-04
1.584634e-01 5.371291e-04 2.256910e-04
1.587343e-01 3.342908e-04 2.259467e-04
1.590051e-01 7.171184e-06 2.247774e-04
1.592759e-01 2.918802e-04 2.252903e-04
1.595467e-01 2.007596e-04 2.249109e-04
1.598175e-01 3.102887e-04 2.245978e-04
1.600883e-01 4.080608e-04 2.232542e-04
1.603591e-01 6.492287e-04 2.243290e-04
1.606300e-01 7.962603e-04 2.254091e-04
1.609008e-01 3.026705e-04 2.219912e-04
1.611716e-01 1.372211e-04 2.232653e-04
1.614424e-01 8.662902e-04 2.213570e-04
1.617132e-01 3.675614e-04 2.258439e-04
1.619840e-01 2.330206e-04 2.214632e-04
1.622549e-01 3.600288e-04 2.221743e-04
1.625257e-01 3.172010e-04 2.216006e-04
1.627965e-01 3.229007e-04 2.223666e-04
1.630673e-01 3.876891e-04 2.220370e-04
1.633381e-01 4.428513e-04 2.229171e-04
1.636089e-01 4.343502e-04 2.219015e-04
1.638797e-01 1.969300e-04 2.242212e-04
1.641506e-01 1.803599e-04 2.229226e-04
1.644214e-01 3.774613e-04 2.217253e-04
1.646922e-01 2.346691e-04 2.214344e-04
1.649630e-01 3.392007e-04 2.211721e-04
1.652338e-01 1.215804e-04 2.229275e-04
1.655046e-01 2.499204e-04 2.238799e-04
1.657754e-01 4.088003e-04 2.227720e-04
1.660462e-01 1.755711e-04 2.241318e-04
1.663171e-01 4.011020e-05 2.229455e-04
1.665879e-01 2.503898e-04 2.245325e-04
1.668587e-01 -1.058206e-04 2.237696e-04
1.671295e-01 1.714099e-04 2.243224e-04
1.674003e-01 5.889684e-06 2.231231e-04
1.676711e-01 2.777316e-04 2.302991e-04
1.679420e-01 3.442504e-04 2.349517e-04
1.682128e-01 4.788712e-04 2.358705e-04
1.684836e-01 -1.594704e-04 2.411948e-04
1.687544e-01 4.310794e-04 2.421740e-04
1.690252e-01 1.324490e-04 2.450337e-04
1.692960e-01 1.386702e-04 2.426681e-04
1.695668e-01 1.445301e-04 2.495257e-04
1.698377e-01 4.288387e-04 2.476858e-04
1.701085e-01 2.570450e-06 2.528779e-04
1.703793e-01 2.266988e-04 2.533701e-04
1.706501e-01 2.424512e-04 2.523017e-04
1.709209e-01 -3.205985e-05 2.584961e-04
1.711917e-01 1.100786e-04 2.588623e-04
1.714625e-01 7.560793e-04 2.609886e-04
1.717333e-01 2.913699e-04 2.657554e-04
1.720042e-01 4.317500e-04 2.621672e-04
1.722750e-01 5.566813e-04 2.680757e-04
1.725458e-01 1.697596e-04 2.656654e-04
1.728166e-01 5.995110e-04 2.690424e-04
1.730874e-01 5.444400e-04 2.714712e-04
1.733582e-01 -3.761984e-05 2.714642e-04
1.736291e-01 -1.988001e-04 2.778332e-04
1.738999e-01 9.374134e-05 2.752885e-04
1.741707e-01 7.104687e-04 2.801705e-04
1.744415e-01 4.324503e-04 2.766613e-04
1.747123e-01 5.762503e-04 2.837934e-04
1.749831e-01 3.829710e-04 2.691423e-04
1.752539e-01 4.829094e-04 2.659746e-04
1.755248e-01 2.172701e-04 2.619821e-04
1.757956e-01 7.489510e-04 2.590169e-04
1.760664e-01 3.418885e-05 2.619019e-04
1.763372e-01 3.111511e-04 2.601066e-04
1.766080e-01 3.352705e-04 2.588028e-04
1.768788e-01 6.424077e-05 2.585952e-04
1.771496e-01 3.912989e-04 2.551711e-04
1.774205e-01 3.533810e-04 2.561119e-04
1.776913e-01 -1.013614e-04 2.534573e-04
1.779621e-01 -2.493896e-05 2.534123e-04
1.782329e-01 1.916010e-04 2.531820e-04
1.785037e-01 3.541093e-04 2.488138e-04
1.787745e-01 -3.076904e-05 2.521678e-04
1.790453e-01 -6.876886e-05 2.499427e-04
1.793161e-01 2.068486e-04 2.470291e-04
1.795870e-01 3.609005e-04 2.498188e-04
1.798578e-01 1.732297e-04 2.451515e-04
1.801286e-01 -2.514701e-04 2.494661e-04
1.803994e-01 8.771941e-05 2.418221e-04
1.806702e-01 3.205184e-04 2.441057e-04
1.809410e-01 4.792009e-04 2.451730e-04
1.812119e-01 3.224406e-04 2.436326e-04
1.814827e-01 3.168695e-04 2.455837e-04
1.817535e-01 -2.385005e-04 2.416376e-04
1.820243e-01 -3.598630e-06 2.429975e-04
1.822951e-01 -2.220310e-04 2.432848e-04
1.825659e-01 2.433807e-04 2.419222e-04
1.828367e-01 5.820002e-04 2.443532e-04
1.831076e-01 3.227293e-04 2.403987e-04
1.833784e-01 4.065000e-04 2.435235e-04
1.836492e-01 4.776902e-04 2.402184e-04
1.839200e-01 5.394798e-04 2.425909e-04
1.841908e-01 2.642907e-04 2.409478e-04
1.844616e-01 3.658999e-04 2.423270e-04
1.847324e-01 4.456714e-04 2.439815e-04
1.850033e-01 6.033983e-04 2.393444e-04
1.852741e-01 4.054587e-04 2.420962e-04
1.855449e-01 7.153600e-04 2.406180e-04
1.858157e-01 1.732688e-04 2.418574e-04
1.860865e-01 -1.352709e-04 2.415334e-04
1.863573e-01 4.035290e-04 2.399992e-04
1.866281e-01 7.813890e-04 2.414681e-04
1.868990e-01 3.552400e-04 2.392691e-04
1.871698e-01 1.362693e-04 2.398252e-04
1.874406e-01 4.620496e-04 2.424033e-04
1.877114e-01 3.241003e-04 2.398954e-04
1.879822e-01 3.726687e-04 2.404720e-04
1.882530e-01 3.321413e-04 2.377100e-04
1.885238e-01 2.922993e-04 2.411129e-04
1.887947e-01 1.253802e-04 2.404314e-04
1.890655e-01 2.293512e-04 2.418876e-04
1.893363e-01 3.239904e-04 2.411858e-04
1.896071e-01 3.342889e-05 2.374343e-04
1.898779e-01 -2.513826e-05 2.420762e-04
1.901487e-01 1.687296e-04 2.379312e-04
1.904195e-01 4.375912e-05 2.378264e-04
1.906904e-01 -1.172591e-04 2.414112e-04
1.909612e-01 1.004990e-04 2.365286e-04
1.912320e-01 2.433807e-04 2.401629e-04
1.915028e-01 8.281320e-06 2.357523e-04
1.917736e-01 -2.062917e-04 2.404654e-04
1.920444e-01 5.142000e-04 2.369784e-04
1.923153e-01 2.905410e-04 2.386298e-04
1.925861e-01 -2.299100e-04 2.393285e-04
1.928569e-01 -3.472008e-04 2.387256e-04
1.931277e-01 2.030302e-04 2.373631e-04
1.933985e-01 3.616288e-04 2.376208e-04
1.936693e-01 3.486704e-04 2.385415e-04
1.939401e-01 2.041291e-04 2.399206e-04
1.942109e-01 -2.631191e-04 2.377653e-04
1.944818e-01 1.098402e-04 2.405617e-04
1.947526e-01 -5.180016e-06 2.399415e-04
1.950234e-01 5.189795e-04 2.378752e-04
1.952942e-01 7.046014e-05 2.383081e-04
1.955650e-01 2.130698e-04 2.377975e-04
1.958358e-01 6.053969e-05 2.376231e-04
1.961066e-01 1.145005e-04 2.379098e-04
1.963775e-01 1.751501e-04 2.365692e-04
1.966483e-01 1.445971e-05 2.365380e-04
1.969191e-01 -1.029503e-04 2.389081e-04
1.971899e-01 -2.247412e-04 2.374536e-04
1.974607e-01 2.871491e-04 2.365343e-04
1.977315e-01 3.480595e-04 2.371501e-04
1.980023e-01 -1.544878e-05 2.377950e-04
1.982732e-01 2.817996e-05 2.377289e-04
1.985440e-01 2.748799e-04 2.383257e-04
1.988148e-01 -1.910701e-04 2.372112e-04
1.990856e-01 -3.017001e-04 2.372365e-04
1.993564e-01 -9.490177e-06 2.392138e-04
1.996272e-01 2.217796e-04 2.383847e-04
1.998980e-01 2.851803e-04 2.376763e-04
2.001689e-01 -2.533104e-04 2.360240e-04
2.004397e-01 4.239697e-04 2.363406e-04
2.007105e-01 5.349517e-06 2.352628e-04
2.009813e-01 -9.488873e-05 2.315223e-04
2.012521e-01 -2.282802e-04 2.357285e-04
2.015229e-01 -1.621060e-05 2.355754e-04
2.017937e-01 2.161600e-04 2.357221e-04
2.020646e-01 3.750790e-04 2.351699e-04
2.023354e-01 4.865974e-05 2.369450e-04
2.026062e-01 -2.832487e-04 2.329367e-04
2.028770e-01 9.201467e-06 2.362013e-04
2.031478e-01 -3.496930e-05 2.327383e-04
2.034186e-01 2.919286e-04 2.348926e-04
2.036894e-01 -2.110898e-04 2.340919e-04
2.039603e-01 -1.641698e-04 2.341383e-04
2.042311e-01 -2.397317e-04 2.335763e-04
2.045019e-01 -1.796894e-05 2.330229e-04
2.047727e-01 1.289882e-05 2.349069e-04
2.050435e-01 -3.582053e-05 2.310396e-04
2.053143e-01 5.820021e-05 2.345532e-04
2.055852e-01 1.226403e-04 2.316343e-04
2.058560e-01 1.179911e-04 2.313692e-04
2.061268e-01 6.340444e-06 2.320257e-04
2.063976e-01 2.923794e-04 2.341937e-04
2.066684e-01 5.296059e-05 2.315680e-04
2.069392e-01 2.628304e-04 2.311948e-04
2.072100e-01 9.637885e-05 2.329214e-04
2.074808e-01 -1.838990e-04 2.303086e-04
2.077517e-01 -5.846843e-05 2.311164e-04
2.080225e-01 -1.472998e-04 2.316822e-04
2.082933e-01 -1.375005e-05 2.295086e-04
2.085641e-01 2.734289e-04 2.314335e-04
2.088349e-01 2.359916e-04 2.305275e-04
2.091057e-01 -4.508700e-04 2.303620e-04
2.093765e-01 -4.311018e-04 2.307266e-04
2.096474e-01 -8.619949e-05 2.309163e-04
2.099182e-01 1.440290e-04 2.322171e-04
2.101890e-01 -5.121902e-05 2.291939e-04
2.104598e-01 -2.091508e-04 2.294515e-04
2.107306e-01 -3.229827e-06 2.299075e-04
2.110014e-01 2.859160e-06 2.304127e-04
2.112723e-01 3.899895e-04 2.292573e-04
2.115431e-01 4.426017e-05 2.294682e-04
2.118139e-01 1.666136e-05 2.313867e-04
2.120847e-01 -3.679097e-05 2.310511e-04
2.123555e-01 -1.016706e-04 2.322029e-04
2.126263e-01 1.365300e-04 2.294636e-04
2.128971e-01 9.953976e-05 2.306492e-04
2.131680e-01 4.324876e-05 2.309805e-04
2.134388e-01 1.562499e-04 2.304463e-04
2.137096e-01 -1.402944e-05 2.294240e-04
2.139804e-01 -5.962141e-05 2.322476e-04
2.142512e-01 6.023981e-05 2.296481e-04
2.145220e-01 -1.719035e-05 2.319459e-04
2.147928e-01 2.494901e-04 2.308701e-04
2.150636e-01 -1.021903e-04 2.303594e-04
2.153345e-01 -6.745942e-05 2.326158e-04
2.156053e-01 2.850499e-04 2.300886e-04
2.158761e-01 1.380201e-04 2.304464e-04
2.161469e-01 -5.874038e-05 2.297374e-04
2.164177e-01 4.520081e-05 2.310200e-04
2.166885e-01 -2.045929e-05 2.322017e-04
2.169593e-01 -1.749098e-04 2.305340e-04
2.172302e-01 2.407804e-04 2.314392e-04
2.175010e-01 -7.214025e-05 2.277721e-04
2.177718e-01 4.909411e-04 2.283515e-04
2.180426e-01 -4.491694e-04 2.299893e-04
2.183134e-01 2.089590e-04 2.272589e-04
2.185842e-01 1.694188e-04 2.284401e-04
2.188551e-01 -2.777595e-04 2.269189e-04
2.191259e-01 4.459191e-04 2.305757e-04
2.193967e-01 2.145804e-04 2.286084e-04
2.196675e-01 -1.281127e-05 2.269004e-04
2.199383e-01 3.735162e-05 2.266729e-04
2.202091e-01 -4.098993e-04 2.304373e-04
2.204799e-01 -1.722202e-04 2.273101e-04
2.207507e-01 -2.757795e-04 2.271267e-04
2.210216e-01 -1.180992e-04 2.246188e-04
2.212924e-01 -8.428097e-05 2.247419e-04
2.215632e-01 4.136004e-05 2.253511e-04
2.218340e-01 3.179889e-04 2.280151e-04
2.221048e-01 -3.186055e-05 2.252553e-04
2.223756e-01 6.486606e-04 2.253032e-04
2.226464e-01 3.536195e-04 2.271201e-04
2.229173e-01 -1.121089e-04 2.260058e-04
2.231881e-01 4.965998e-05 2.258690e-04
2.234589e-01 -3.469698e-04 2.248986e-04
2.237297e-01 5.585887e-05 2.256987e-04
2.240005e-01 -1.256913e-04 2.237208e-04
2.242713e-01 6.416999e-05 2.243939e-04
2.245422e-01 1.665391e-04 2.248298e-04
2.248130e-01 2.568197e-04 2.282915e-04
2.250838e-01 -9.077042e-05 2.242247e-04
2.253546e-01 5.552918e-05 2.259640e-04
2.256254e-01 8.117035e-05 2.259028e-04
2.258962e-01 1.691282e-06 2.249007e-04
2.261670e-01 1.110137e-06 2.340471e-04
2.264379e-01 -1.838189e-04 2.402645e-04
2.267087e-01 3.594197e-04 2.425749e-04
2.269795e-01 3.588591e-04 2.427216e-04
2.272503e-01 3.891904e-04 2.491960e-04
2.275211e-01 6.425940e-05 2.520500e-04
2.277919e-01 5.932394e-04 2.508849e-04
2.280627e-01 -2.580006e-04 2.559639e-04
2.283335e-01 8.139759e-06 2.583378e-04
2.286044e-01 2.857707e-04 2.579337e-04
2.288752e-01 2.010297e-04 2.659084e-04
2.291460e-01 -3.218800e-04 2.637368e-04
2.294168e-01 -2.757609e-04 2.658820e-04
2.296876e-01 -3.798492e-04 2.717693e-04
2.299584e-01 2.447907e-04 2.723447e-04
2.302293e-01 6.739981e-05 2.775439e-04
2.305001e-01 3.638119e-05 2.775515e-04
2.307709e-01 3.148504e-04 2.808738e-04
2.310417e-01 -8.437037e-05 2.809906e-04
2.313125e-01 1.184084e-05 2.852741e-04
2.315833e-01 -1.926702e-04 2.842961e-04
2.318541e-01 -1.307689e-04 2.906080e-04
2.321250e-01 1.499597e-04 2.895944e-04
2.323958e-01 9.667873e-05 2.933132e-04
2.326666e-01 4.060399e-04 2.958069e-04
2.329374e-01 1.938492e-04 2.995266e-04
2.332082e-01 -4.440509e-04 2.978506e-04
2.334790e-01 3.617071e-05 3.021314e-04
2.337498e-01 7.441696e-04 3.085652e-04
2.340207e-01 -5.817972e-05 3.078064e-04
2.342915e-01 1.810398e-04 3.113606e-04
2.345623e-01 6.193388e-04 3.125444e-04
2.348331e-01 -1.322497e-04 3.167647e-04
2.351039e-01 6.532110e-05 3.210765e-04
2.353747e-01 -2.655797e-04 3.180694e-04
2.356455e-01 -1.768004e-04 3.239663e-04
2.359163e-01 -7.981993e-05 3.266430e-04
2.361872e-01 2.349913e-05 3.311900e-04
2.364580e-01 3.862195e-04 3.336359e-04
2.367288e-01 -9.967946e-05 3.271686e-04
2.369996e-01 2.373010e-05 3.368196e-04
2.372704e-01 3.884099e-04 3.467484e-04
2.375412e-01 2.579018e-05 3.437849e-04
2.378121e-01 -1.661908e-04 3.483603e-04
2.380829e-01 3.476087e-04 3.472521e-04
2.383537e-01 2.238806e-04 3.530964e-04
2.386245e-01 3.680792e-04 3.605134e-04
2.388953e-01 1.525786e-04 3.591640e-04
2.391661e-01 2.589300e-04 3.664919e-04
2.394369e-01 7.224903e-04 3.665913e-04
2.397078e-01 6.492902e-04 3.742149e-04
2.399786e-01 9.746999e-04 3.717570e-04
2.402494e-01 2.030507e-04 3.803176e-04
2.405202e-01 5.648490e-04 3.788437e-04
2.407910e-01 9.876862e-05 3.854835e-04
2.410618e-01 4.584100e-04 3.881607e-04
2.413326e-01 -2.457798e-04 3.904870e-04
2.416034e-01 7.062033e-05 3.881824e-04
2.418743e-01 -1.949407e-04 4.048617e-04
2.421451e-01 -3.186408e-04 4.076098e-04
2.424159e-01 -6.697085e-04 4.112209e-04
2.426867e-01 1.036916e-04 4.145411e-04
2.429575e-01 1.114700e-04 4.251791e-04
2.432283e-01 -6.361492e-04 4.258853e-04
2.434992e-01 4.603993e-04 4.174286e-04
2.437700e-01 8.974299e-04 4.315909e-04
2.440408e-01 3.795810e-04 4.446778e-04
2.443116e-01 -3.440101e-04 4.549665e-04
2.445824e-01 -2.541021e-05 4.548946e-04
2.448532e-01 -1.669209e-04 4.552195e-04
2.451240e-01 3.646910e-04 4.632959e-04
2.453949e-01 -3.348403e-04 4.678489e-04
2.456657e-01 -5.159602e-04 4.757821e-04
2.459365e-01 6.741602e-04 4.883848e-04
2.462073e-01 -1.689103e-04 4.809554e-04
2.464781e-01 5.763490e-04 4.945869e-04
2.467489e-01 8.232109e-04 5.058641e-04
2.470197e-01 -1.701396e-04 5.129920e-04
2.472906e-01 6.946009e-04 5.109045e-04
2.475614e-01 1.001930e-03 5.295225e-04
2.478322e-01 -1.392700e-04 5.540652e-04
2.481030e-01 -2.162810e-04 5.439530e-04
2.483738e-01 -4.100502e-04 5.489238e-04
2.486446e-01 9.919200e-04 5.829956e-04
2.489154e-01 5.991813e-04 5.972606e-04
2.491863e-01 4.192609e-04 5.819070e-04
2.494571e-01 -4.597008e-05 6.055208e-04
2.497279e-01 3.716815e-04 6.210608e-04
2.499987e-01 -5.145315e-04 6.422406e-04
2.502695e-01 1.604229e-03 6.460183e-04
2.505403e-01 7.762499e-04 6.656189e-04
2.508111e-01 -4.623197e-04 6.865002e-04
2.510819e-01 -4.158691e-04 7.180875e-04
2.513528e-01 1.984108e-04 6.949263e-04
2.516236e-01 -1.253486e-04 7.412700e-04
2.518944e-01 6.399713e-04 7.625573e-04
2.521652e-01 6.634016e-04 8.279106e-04
2.524360e-01 4.304703e-04 8.006106e-04
2.527068e-01 1.589060e-03 8.060871e-04
2.529776e-01 1.335960e-03 8.721518e-04
2.532485e-01 -9.328891e-04 8.937143e-04
2.535193e-01 -3.148895e-04 9.038047e-04
2.537901e-01 -1.224691e-03 8.785751e-04
2.540609e-01 -1.941063e-05 9.102636e-04
2.543317e-01 6.727595e-04 9.530138e-04
2.546025e-01 -5.714800e-04 9.843571e-04
2.548733e-01 9.458605e-04 9.879028e-04
2.551441e-01 9.023100e-04 1.071986e-03
2.554150e-01 1.290310e-04 1.133155e-03
2.556858e-01 -7.897299e-04 1.143584e-03
2.559566e-01 -2.874931e-03 1.300044e-03
2.562274e-01 6.811097e-04 1.308922e-03
2.564982e-01 -3.980696e-04 1.347604e-03
2.567690e-01 2.381010e-03 1.544539e-03
2.570398e-01 -3.758339e-03 1.688915e-03
2.573107e-01 -1.713205e-04 1.890922e-03
2.575815e-01 -1.431460e-03 2.555882e-03
2.578523e-01 3.435070e-03 3.253741e-03
2.581231e-01 6.165929e-03 4.307312e-03
