3.286826e-03 -3.065839e-01 0.000000e+00
3.557641e-03 -3.874907e-01 8.249124e-02
3.828455e-03 -3.381691e-01 5.200737e-02
4.099269e-03 -2.879028e-01 3.926146e-02
4.370084e-03 -2.766178e-01 2.921572e-02
4.640898e-03 -2.457750e-01 2.028173e-02
4.911712e-03 -2.263570e-01 1.752320e-02
5.182527e-03 -1.978680e-01 1.386829e-02
5.453341e-03 -1.719130e-01 1.246293e-02
5.724155e-03 -1.657809e-01 9.439627e-03
5.994970e-03 -1.551630e-01 8.314860e-03
6.265784e-03 -1.447771e-01 6.994990e-03
6.536598e-03 -1.255519e-01 5.710646e-03
6.807412e-03 -1.150916e-01 5.325604e-03
7.078227e-03 -1.066763e-01 4.502840e-03
7.349041e-03 -9.913260e-02 3.893216e-03
7.619855e-03 -9.580070e-02 3.464519e-03
7.890671e-03 -8.719689e-02 3.073333e-03
8.161485e-03 -8.343148e-02 2.824720e-03
8.432299e-03 -7.509112e-02 2.538547e-03
8.703114e-03 -7.195380e-02 2.285076e-03
8.973928e-03 -6.326669e-02 2.060533e-03
9.244742e-03 -6.314442e-02 1.943495e-03
9.515557e-03 -5.782582e-02 1.834585e-03
9.786371e-03 -5.465189e-02 1.666492e-03
1.005718e-02 -4.784410e-02 1.629240e-03
1.032800e-02 -4.648989e-02 1.485061e-03
1.059881e-02 -4.579800e-02 1.422449e-03
1.086963e-02 -4.270941e-02 1.332557e-03
1.114044e-02 -4.150711e-02 1.261005e-03
1.141126e-02 -3.744499e-02 1.209593e-03
1.168207e-02 -3.600770e-02 1.138741e-03
1.195289e-02 -3.372009e-02 1.083238e-03
1.222370e-02 -3.196131e-02 1.034463e-03
1.249451e-02 -2.928999e-02 9.713882e-04
1.276533e-02 -2.918714e-02 9.488511e-04
1.303614e-02 -2.633338e-02 8.891232e-04
1.330696e-02 -2.646238e-02 8.764045e-04
1.357777e-02 -2.395969e-02 8.424709e-04
1.384859e-02 -2.240860e-02 8.071827e-04
1.411940e-02 -2.332234e-02 7.784961e-04
1.439021e-02 -1.974276e-02 7.414279e-04
1.466103e-02 -1.877024e-02 7.253998e-04
1.493184e-02 -1.725851e-02 7.172713e-04
1.520266e-02 -1.858505e-02 6.799603e-04
1.547347e-02 -1.672029e-02 6.671216e-04
1.574429e-02 -1.634196e-02 6.443160e-04
1.601510e-02 -1.522456e-02 6.345652e-04
1.628591e-02 -1.432134e-02 6.290297e-04
1.655673e-02 -1.411152e-02 5.950183e-04
1.682754e-02 -1.274198e-02 5.860515e-04
1.709836e-02 -1.173618e-02 5.728569e-04
1.736917e-02 -1.190700e-02 5.540849e-04
1.763999e-02 -1.117489e-02 5.511890e-04
1.791080e-02 -1.112529e-02 5.304810e-04
1.818161e-02 -1.063887e-02 5.305999e-04
1.845243e-02 -9.365920e-03 5.350830e-04
1.872324e-02 -9.925269e-03 5.194776e-04
1.899406e-02 -9.319521e-03 5.176595e-04
1.926487e-02 -8.861788e-03 5.046674e-04
1.953569e-02 -7.741049e-03 5.076848e-04
1.980650e-02 -7.384140e-03 5.019049e-04
2.007731e-02 -7.357650e-03 4.899326e-04
2.034813e-02 -7.774699e-03 4.979131e-04
2.061894e-02 -7.339809e-03 4.862755e-04
2.088976e-02 -5.636550e-03 4.786922e-04
2.116057e-02 -6.724749e-03 4.718512e-04
2.143139e-02 -6.163660e-03 4.685676e-04
2.170220e-02 -5.445972e-03 4.739029e-04
2.197302e-02 -4.759550e-03 4.643401e-04
2.224383e-02 -5.790941e-03 4.547983e-04
2.251465e-02 -4.182309e-03 4.470764e-04
2.278546e-02 -4.837759e-03 4.359111e-04
2.305627e-02 -4.198782e-03 4.341724e-04
2.332709e-02 -4.931848e-03 4.247044e-04
2.359790e-02 -4.610930e-03 4.125170e-04
2.386872e-02 -4.175767e-03 4.153204e-04
2.413953e-02 -3.937259e-03 4.036070e-04
2.441034e-02 -3.239650e-03 4.006920e-04
2.468116e-02 -3.503818e-03 3.943215e-04
2.495197e-02 -3.276892e-03 3.846237e-04
2.522279e-02 -3.555831e-03 3.895507e-04
2.549360e-02 -3.690820e-03 3.828301e-04
2.576442e-02 -2.897177e-03 3.735163e-04
2.603523e-02 -3.008999e-03 3.740038e-04
2.630604e-02 -2.877917e-03 3.683716e-04
2.657686e-02 -3.246751e-03 3.703937e-04
2.684767e-02 -2.174698e-03 3.591685e-04
2.711849e-02 -1.915641e-03 3.578487e-04
2.738930e-02 -2.780657e-03 3.582519e-04
2.766012e-02 -2.790678e-03 3.517792e-04
2.793093e-02 -1.950700e-03 3.505507e-04
2.820175e-02 -1.783181e-03 3.399983e-04
2.847256e-02 -2.401121e-03 3.418803e-04
2.874337e-02 -2.769712e-03 3.377507e-04
2.901419e-02 -1.765158e-03 3.308592e-04
2.928500e-02 -1.983110e-03 3.328376e-04
2.955582e-02 -1.291368e-03 3.283016e-04
2.982663e-02 -1.881789e-03 3.256555e-04
3.009745e-02 -2.186898e-03 3.260443e-04
3.036826e-02 -1.386218e-03 3.186696e-04
3.063907e-02 -1.909550e-03 3.231008e-04
3.090989e-02 -1.765110e-03 3.156753e-04
3.118070e-02 -1.572039e-03 3.161659e-04
3.145152e-02 -1.506902e-03 3.131032e-04
3.172233e-02 -1.699422e-03 3.110905e-04
3.199315e-02 -1.777783e-03 3.087420e-04
3.226396e-02 -1.371581e-03 3.068890e-04
3.253478e-02 -1.444049e-03 3.055000e-04
3.280559e-02 -1.151729e-03 3.050197e-04
3.307641e-02 -1.344062e-03 2.998250e-04
3.334722e-02 -6.301999e-04 2.994529e-04
3.361803e-02 -1.150440e-03 2.995847e-04
3.388885e-02 -9.508505e-04 2.933453e-04
3.415966e-02 -7.854104e-04 2.962275e-04
3.443048e-02 -7.235780e-04 2.967210e-04
3.470129e-02 -1.210980e-03 2.930729e-04
3.497211e-02 -1.124330e-03 2.898552e-04
3.524292e-02 -1.050700e-03 2.867600e-04
3.551374e-02 -7.975698e-04 2.912138e-04
3.578455e-02 -1.190830e-03 2.871159e-04
3.605536e-02 -1.052771e-03 2.846697e-04
3.632618e-02 -4.546829e-04 2.821599e-04
3.659699e-02 -5.627200e-04 2.816380e-04
3.686780e-02 -8.222200e-04 2.807952e-04
3.713862e-02 -6.733015e-04 2.800041e-04
3.740944e-02 -3.729090e-04 2.767519e-04
3.768025e-02 -5.025677e-04 2.751579e-04
3.795106e-02 -1.587383e-04 2.724213e-04
3.822188e-02 -8.139610e-04 2.739886e-04
3.849269e-02 -1.990981e-04 2.708396e-04
3.876351e-02 -3.749616e-04 2.702223e-04
3.903432e-02 -6.565601e-04 2.682784e-04
3.930514e-02 -8.860994e-04 2.660381e-04
3.957595e-02 -4.968718e-04 2.683117e-04
3.984676e-02 -1.330823e-04 2.622212e-04
4.011758e-02 -7.121898e-04 2.655487e-04
4.038839e-02 -5.204491e-04 2.623815e-04
4.065921e-02 -8.170102e-04 2.593526e-04
4.093002e-02 -5.542785e-04 2.617403e-04
4.120084e-02 -4.548505e-04 2.578613e-04
4.147165e-02 -7.397700e-04 2.568085e-04
4.174246e-02 -5.645584e-04 2.608123e-04
4.201328e-02 -6.097294e-04 2.537293e-04
4.228409e-02 -5.521886e-04 2.574483e-04
4.255491e-02 -1.996905e-04 2.547324e-04
4.282572e-02 -4.903097e-04 2.535392e-04
4.309653e-02 -7.158499e-04 2.481061e-04
4.336735e-02 -4.999004e-04 2.516478e-04
4.363817e-02 -8.799899e-04 2.507593e-04
4.390898e-02 -6.226078e-05 2.505398e-04
4.417979e-02 -4.193597e-04 2.505873e-04
4.445061e-02 -5.450100e-04 2.474476e-04
4.472142e-02 -2.809502e-04 2.461669e-04
4.499224e-02 -8.681901e-04 2.465915e-04
4.526305e-02 -5.460996e-04 2.440563e-04
4.553387e-02 -5.307700e-04 2.451653e-04
4.580468e-02 -5.246494e-04 2.435213e-04
4.607549e-02 -5.150400e-04 2.439710e-04
4.634631e-02 -4.488099e-04 2.416476e-04
4.661712e-02 -4.347004e-04 2.416005e-04
4.688794e-02 -9.210967e-05 2.405964e-04
4.715875e-02 -6.722398e-04 2.382196e-04
4.742957e-02 -1.965500e-04 2.370424e-04
4.770038e-02 -2.398603e-04 2.346986e-04
4.797119e-02 -1.876894e-04 2.346025e-04
4.824201e-02 -7.224083e-05 2.338999e-04
4.851282e-02 -1.813397e-04 2.354638e-04
4.878364e-02 -8.451007e-05 2.335640e-04
4.905445e-02 -4.860293e-04 2.316294e-04
4.932526e-02 -2.626888e-04 2.328701e-04
4.959608e-02 -2.199784e-06 2.310959e-04
4.986690e-02 7.069111e-05 2.324311e-04
5.013771e-02 -5.878508e-06 2.301188e-04
5.040852e-02 -4.080907e-04 2.286883e-04
5.067934e-02 -3.034063e-05 2.288389e-04
5.095015e-02 -1.352709e-04 2.256619e-04
5.122096e-02 2.652109e-04 2.259872e-04
5.149178e-02 -2.627112e-04 2.270772e-04
5.176260e-02 -1.766160e-05 2.250005e-04
5.203341e-02 -3.360007e-04 2.269231e-04
5.230422e-02 -1.105405e-04 2.227795e-04
5.257504e-02 1.109801e-04 2.228377e-04
5.284585e-02 -4.760697e-04 2.220017e-04
5.311667e-02 -5.849302e-04 2.208265e-04
5.338748e-02 -2.107304e-04 2.277052e-04
5.365830e-02 -1.371000e-04 2.233230e-04
5.392911e-02 -6.385185e-04 2.266931e-04
5.419992e-02 -7.136017e-04 2.262806e-04
5.447074e-02 -1.005698e-04 2.238324e-04
5.474155e-02 1.314096e-05 2.291431e-04
5.501237e-02 -2.837889e-04 2.329734e-04
5.528318e-02 -4.429705e-04 2.354318e-04
5.555400e-02 -4.728884e-05 2.363387e-04
5.582481e-02 -1.195092e-04 2.362331e-04
5.609563e-02 -2.615806e-04 2.387580e-04
5.636644e-02 -2.139993e-05 2.377980e-04
5.663725e-02 6.096996e-05 2.420249e-04
5.690807e-02 -4.811957e-05 2.422943e-04
5.717888e-02 -1.334902e-04 2.397459e-04
5.744969e-02 -2.116300e-04 2.410134e-04
5.772051e-02 1.565386e-04 2.419515e-04
5.799133e-02 7.078052e-08 2.420083e-04
5.826214e-02 -4.285108e-04 2.435321e-04
5.853295e-02 -7.376503e-04 2.438172e-04
5.880377e-02 -8.199364e-06 2.415502e-04
5.907458e-02 -7.572509e-04 2.423325e-04
5.934540e-02 -6.646607e-04 2.425946e-04
5.961621e-02 -2.210196e-04 2.431500e-04
5.988703e-02 1.047999e-04 2.455842e-04
6.015784e-02 -5.370397e-04 2.445146e-04
6.042865e-02 -4.547816e-04 2.464610e-04
6.069947e-02 -1.783185e-04 2.403460e-04
6.097028e-02 3.139488e-04 2.398358e-04
6.124110e-02 9.126030e-05 2.353249e-04
6.151191e-02 -2.405997e-04 2.352231e-04
6.178273e-02 -8.196943e-05 2.352957e-04
6.205354e-02 -8.151103e-04 2.334618e-04
6.232436e-02 -3.575701e-04 2.349957e-04
6.259517e-02 -3.439598e-04 2.333301e-04
6.286598e-02 -1.005512e-04 2.313777e-04
6.313679e-02 -1.202505e-04 2.324530e-04
6.340761e-02 -6.704964e-05 2.310478e-04
6.367842e-02 -3.628060e-05 2.317242e-04
6.394923e-02 -7.265061e-05 2.291706e-04
6.422005e-02 -5.787052e-05 2.321574e-04
6.449086e-02 -3.342405e-04 2.313147e-04
6.476168e-02 -1.976006e-04 2.279409e-04
6.503250e-02 3.567282e-04 2.318597e-04
6.530331e-02 -3.038198e-04 2.287025e-04
6.557412e-02 -8.470006e-05 2.288196e-04
6.584494e-02 -5.345047e-05 2.283129e-04
6.611575e-02 -3.613904e-04 2.276466e-04
6.638657e-02 2.959929e-05 2.293298e-04
6.665738e-02 -9.643100e-05 2.255971e-04
6.692819e-02 8.274987e-05 2.285682e-04
6.719901e-02 -1.509096e-04 2.274800e-04
6.746982e-02 -2.232902e-04 2.271744e-04
6.774063e-02 3.159977e-05 2.279044e-04
6.801146e-02 -4.871413e-04 2.252549e-04
6.828227e-02 -4.391298e-04 2.239418e-04
6.855308e-02 -3.229827e-06 2.270781e-04
6.882390e-02 3.143959e-05 2.247068e-04
6.909471e-02 1.843702e-04 2.245307e-04
6.936552e-02 7.473864e-05 2.228781e-04
6.963634e-02 -5.026106e-04 2.237824e-04
6.990715e-02 -2.459493e-04 2.234865e-04
7.017796e-02 -1.110993e-04 2.209968e-04
7.044878e-02 -2.246816e-04 2.229596e-04
7.071959e-02 4.594959e-05 2.192541e-04
7.099041e-02 -1.929700e-06 2.210216e-04
7.126123e-02 -1.343004e-04 2.200014e-04
7.153204e-02 2.388097e-05 2.176711e-04
7.180285e-02 -2.998598e-04 2.201756e-04
7.207367e-02 -4.792027e-05 2.185153e-04
7.234448e-02 -3.262702e-04 2.194921e-04
7.261530e-02 -2.369806e-04 2.196640e-04
7.288611e-02 -5.381927e-05 2.174154e-04
7.315692e-02 4.019961e-05 2.190629e-04
7.342774e-02 8.510984e-05 2.186221e-04
7.369855e-02 5.025044e-05 2.155502e-04
7.396936e-02 2.264977e-05 2.168394e-04
7.424019e-02 4.915800e-04 2.198052e-04
7.451100e-02 2.803896e-04 2.165539e-04
7.478181e-02 -1.229495e-04 2.160161e-04
7.505263e-02 -2.699587e-04 2.158883e-04
7.532344e-02 -4.637502e-04 2.189684e-04
7.559425e-02 -1.303088e-04 2.138167e-04
7.586507e-02 -5.158186e-04 2.159778e-04
7.613588e-02 -4.701409e-04 2.146862e-04
7.640669e-02 1.500715e-04 2.127602e-04
7.667751e-02 -3.580190e-04 2.178962e-04
7.694832e-02 -1.150891e-04 2.139599e-04
7.721914e-02 -3.321301e-04 2.146357e-04
7.748996e-02 -1.567099e-04 2.140986e-04
7.776077e-02 -1.419187e-04 2.121775e-04
7.803158e-02 -3.290605e-04 2.147687e-04
7.830240e-02 -3.133696e-04 2.129118e-04
7.857321e-02 -8.114055e-05 2.130817e-04
7.884403e-02 -1.100414e-04 2.129635e-04
7.911484e-02 1.390502e-04 2.115811e-04
7.938565e-02 -1.637600e-04 2.134212e-04
7.965647e-02 2.872944e-05 2.093649e-04
7.992728e-02 2.375115e-04 2.122975e-04
8.019809e-02 -6.179884e-05 2.111138e-04
8.046892e-02 6.676838e-05 2.088181e-04
8.073973e-02 4.930422e-06 2.108512e-04
8.101054e-02 2.129935e-05 2.091363e-04
8.128136e-02 1.776032e-05 2.088920e-04
8.155217e-02 -3.452394e-04 2.090854e-04
8.182298e-02 9.221956e-05 2.084055e-04
8.209380e-02 -2.251007e-04 2.094190e-04
8.236461e-02 3.255885e-04 2.097471e-04
8.263543e-02 2.858303e-04 2.075142e-04
8.290624e-02 -2.130810e-04 2.084501e-04
8.317705e-02 7.282943e-07 2.052595e-04
8.344787e-02 -3.981013e-04 2.075036e-04
8.371869e-02 2.210699e-04 2.084997e-04
8.398950e-02 9.533018e-05 2.066869e-04
8.426031e-02 3.105886e-04 2.079343e-04
8.453113e-02 -3.179014e-04 2.051236e-04
8.480194e-02 8.751079e-05 2.075739e-04
8.507276e-02 3.785398e-04 2.064856e-04
8.534357e-02 5.340204e-06 2.065873e-04
8.561438e-02 7.830001e-05 2.042395e-04
8.588520e-02 -2.316609e-04 2.034064e-04
8.615601e-02 -1.512393e-04 2.033322e-04
8.642682e-02 1.870096e-06 2.038306e-04
8.669765e-02 -4.582293e-04 2.043846e-04
8.696846e-02 -4.039500e-04 2.030364e-04
8.723927e-02 -2.761912e-04 2.029023e-04
8.751009e-02 5.647913e-05 2.028403e-04
8.778090e-02 3.467388e-04 2.015397e-04
8.805171e-02 -4.738010e-05 2.027776e-04
8.832253e-02 -2.637599e-04 2.020100e-04
8.859334e-02 2.549961e-06 2.020921e-04
8.886416e-02 2.280790e-04 2.017936e-04
8.913497e-02 1.491047e-05 2.011333e-04
8.940578e-02 -3.982615e-04 2.018978e-04
8.967660e-02 7.177889e-05 2.010948e-04
8.994742e-02 -5.450901e-04 2.014369e-04
9.021823e-02 -1.524705e-04 2.004239e-04
9.048904e-02 -3.356114e-05 2.002090e-04
9.075986e-02 -4.010275e-06 2.011756e-04
9.103067e-02 -2.228003e-04 1.993072e-04
9.130149e-02 1.742598e-04 1.994980e-04
9.157230e-02 1.358110e-04 1.979477e-04
9.184311e-02 -3.379602e-04 2.016107e-04
9.211393e-02 -3.388897e-05 1.994505e-04
9.238474e-02 6.301329e-06 2.002740e-04
9.265555e-02 1.384411e-04 1.998695e-04
9.292637e-02 -4.905891e-04 1.984168e-04
9.319719e-02 1.526792e-04 2.005567e-04
9.346800e-02 -1.620203e-04 1.970965e-04
9.373882e-02 -2.353396e-04 1.987042e-04
9.400963e-02 2.677497e-04 1.974616e-04
9.428044e-02 1.780391e-04 1.980006e-04
9.455126e-02 -3.564917e-05 1.969721e-04
9.482207e-02 1.225602e-04 1.960211e-04
9.509289e-02 2.440512e-04 1.969942e-04
9.536370e-02 -2.418086e-05 1.975378e-04
9.563451e-02 2.033003e-04 1.959952e-04
9.590533e-02 -4.950911e-06 1.962457e-04
9.617615e-02 -1.776814e-04 1.947919e-04
9.644696e-02 -2.672505e-04 1.963295e-04
9.671777e-02 -2.842955e-05 1.948752e-04
9.698859e-02 -1.498684e-04 1.937567e-04
9.725940e-02 8.028001e-05 1.968528e-04
9.753022e-02 -1.279078e-05 1.927452e-04
9.780103e-02 -2.883989e-04 1.951838e-04
9.807184e-02 -1.398791e-04 1.937369e-04
9.834266e-02 -1.954511e-04 1.939159e-04
9.861347e-02 -1.535304e-04 1.940525e-04
9.888428e-02 -1.787804e-04 1.929896e-04
9.915510e-02 -8.893013e-05 1.934941e-04
9.942592e-02 1.420081e-05 1.928172e-04
9.969673e-02 -1.683403e-04 1.937515e-04
9.996755e-02 1.263004e-04 1.918584e-04
1.002384e-01 -1.012906e-05 1.930719e-04
1.005092e-01 -1.407303e-04 1.934683e-04
1.007800e-01 2.828799e-04 1.920838e-04
1.010508e-01 -4.204996e-04 1.927694e-04
1.013216e-01 -2.415106e-04 1.918671e-04
1.015924e-01 9.298883e-05 1.901015e-04
1.018632e-01 1.338087e-04 1.915916e-04
1.021341e-01 2.534091e-04 1.906795e-04
1.024049e-01 2.502594e-04 1.919160e-04
1.026757e-01 6.480142e-06 1.892167e-04
1.029465e-01 -6.273016e-05 1.908633e-04
1.032173e-01 1.228899e-04 1.916507e-04
1.034881e-01 -4.007500e-04 1.893129e-04
1.037589e-01 1.350194e-04 1.891444e-04
1.040298e-01 -2.072696e-04 1.886884e-04
1.043006e-01 -8.380041e-06 1.894393e-04
1.045714e-01 1.637191e-04 1.883974e-04
1.048422e-01 -3.563110e-04 1.887023e-04
1.051130e-01 1.832005e-04 1.877032e-04
1.053838e-01 -2.753511e-04 1.884351e-04
1.056546e-01 6.772019e-05 1.886767e-04
1.059255e-01 -1.911316e-04 1.874224e-04
1.061963e-01 -5.161017e-05 1.871647e-04
1.064671e-01 4.532933e-05 1.879852e-04
1.067379e-01 1.514796e-04 1.875262e-04
1.070087e-01 -2.174806e-04 1.884119e-04
1.072795e-01 2.468210e-04 1.851966e-04
1.075503e-01 -2.268590e-04 1.874173e-04
1.078212e-01 3.195088e-04 1.868381e-04
1.080920e-01 1.415703e-04 1.864946e-04
1.083628e-01 4.991889e-05 1.862887e-04
1.086336e-01 -1.116302e-04 1.850321e-04
1.089044e-01 -1.102407e-04 1.869117e-04
1.091752e-01 -1.879502e-04 1.863371e-04
1.094460e-01 4.143082e-05 1.842981e-04
1.097169e-01 -8.579902e-05 1.859327e-04
1.099877e-01 -2.850033e-05 1.844467e-04
1.102585e-01 7.963926e-05 1.847713e-04
1.105293e-01 4.588068e-05 1.884438e-04
1.108001e-01 -7.926114e-05 1.897323e-04
1.110709e-01 -1.060497e-04 1.914326e-04
1.113417e-01 2.934597e-04 1.891171e-04
1.116126e-01 8.868054e-05 1.934178e-04
1.118834e-01 1.283791e-04 1.919553e-04
1.121542e-01 1.038909e-04 1.929184e-04
1.124250e-01 1.441203e-04 1.962372e-04
1.126958e-01 1.735389e-04 1.964839e-04
1.129666e-01 1.229811e-04 1.977387e-04
1.132374e-01 -9.470060e-05 1.998967e-04
1.135083e-01 2.902932e-05 2.020151e-04
1.137791e-01 8.147955e-05 2.032770e-04
1.140499e-01 -1.965594e-04 2.033079e-04
1.143207e-01 -1.470204e-04 2.067287e-04
1.145915e-01 1.000203e-04 2.054532e-04
1.148623e-01 1.093801e-04 2.070461e-04
1.151332e-01 -1.584105e-04 2.067426e-04
1.154040e-01 -5.117096e-04 2.092973e-04
1.156748e-01 -3.830511e-04 2.092891e-04
1.159456e-01 2.458096e-04 2.110747e-04
1.162164e-01 1.865197e-04 2.126403e-04
1.164872e-01 -4.860703e-04 2.127984e-04
1.167580e-01 7.474050e-05 2.171382e-04
1.170288e-01 -2.370961e-05 2.157501e-04
1.172997e-01 -1.741592e-04 2.164321e-04
1.175705e-01 1.661796e-04 2.158068e-04
1.178413e-01 4.965607e-04 2.182768e-04
1.181121e-01 -2.317298e-04 2.159773e-04
1.183829e-01 1.781192e-04 2.115874e-04
1.186537e-01 -3.497899e-04 2.124934e-04
1.189246e-01 1.903307e-04 2.107652e-04
1.191954e-01 3.175214e-04 2.103411e-04
1.194662e-01 -1.235586e-04 2.105226e-04
1.197370e-01 1.831688e-04 2.104428e-04
1.200078e-01 3.827922e-05 2.101589e-04
1.202786e-01 -1.741089e-04 2.090157e-04
1.205494e-01 3.281310e-04 2.079291e-04
1.208202e-01 -2.779104e-04 2.100069e-04
1.210911e-01 -2.315398e-04 2.082129e-04
1.213619e-01 2.463795e-04 2.090467e-04
1.216327e-01 -1.276098e-05 2.084143e-04
1.219035e-01 -6.018020e-05 2.094376e-04
1.221743e-01 -1.457315e-04 2.081299e-04
1.224451e-01 7.428043e-05 2.099293e-04
1.227160e-01 1.200605e-04 2.103405e-04
1.229868e-01 1.183897e-04 2.084226e-04
1.232576e-01 1.614615e-04 2.083738e-04
1.235284e-01 3.352500e-04 2.106023e-04
1.237992e-01 1.044888e-04 2.076469e-04
1.240700e-01 -2.521407e-04 2.098559e-04
1.243408e-01 -4.371069e-05 2.083533e-04
1.246117e-01 1.445096e-04 2.089274e-04
1.248825e-01 3.708098e-04 2.092463e-04
1.251533e-01 -1.376998e-04 2.068650e-04
1.254241e-01 -1.722015e-05 2.095303e-04
1.256949e-01 -2.029408e-04 2.072840e-04
1.259657e-01 6.174110e-05 2.081942e-04
1.262365e-01 3.134813e-04 2.059260e-04
1.265074e-01 -9.350106e-05 2.049269e-04
1.267782e-01 4.043393e-04 2.066295e-04
1.270490e-01 7.122010e-05 2.047519e-04
1.273198e-01 3.537908e-05 2.057934e-04
1.275906e-01 -6.625503e-04 2.035682e-04
1.278614e-01 -2.564006e-04 2.048588e-04
1.281322e-01 -3.565699e-04 2.037049e-04
1.284031e-01 3.322288e-04 2.048093e-04
1.286739e-01 1.441315e-04 2.060847e-04
1.289447e-01 9.215996e-05 2.023898e-04
1.292155e-01 6.750226e-06 2.046947e-04
1.294863e-01 -1.178104e-04 2.031066e-04
1.297571e-01 -9.205006e-05 2.027315e-04
1.300279e-01 6.111152e-05 2.024034e-04
1.302988e-01 1.031496e-04 2.031853e-04
1.305696e-01 -4.538149e-05 2.027910e-04
1.308404e-01 9.161048e-05 2.023075e-04
1.311112e-01 1.084004e-04 2.034029e-04
1.313820e-01 -2.573300e-04 2.013618e-04
1.316528e-01 7.705949e-05 2.033110e-04
1.319236e-01 -4.630014e-04 2.023134e-04
1.321945e-01 -1.539309e-04 2.030772e-04
1.324653e-01 1.289696e-04 2.035018e-04
1.327361e-01 -9.239092e-05 2.015026e-04
1.330069e-01 1.690201e-04 2.020658e-04
1.332777e-01 3.211014e-05 2.018925e-04
1.335485e-01 1.250412e-04 2.011122e-04
1.338193e-01 -8.912012e-05 2.029541e-04
1.340902e-01 -2.072006e-04 2.000514e-04
1.343610e-01 1.937207e-04 2.031493e-04
1.346318e-01 -5.139969e-05 2.008918e-04
1.349026e-01 -1.241006e-04 1.993195e-04
1.351734e-01 -4.668906e-05 2.014391e-04
1.354442e-01 -2.341289e-04 1.977420e-04
1.357151e-01 3.287010e-05 2.007052e-04
1.359859e-01 -3.921408e-04 1.984322e-04
1.362567e-01 -1.521967e-05 1.985136e-04
1.365275e-01 1.883898e-04 1.994802e-04
1.367983e-01 -1.568589e-04 1.987098e-04
1.370691e-01 3.935490e-04 2.008329e-04
1.373399e-01 1.014303e-04 2.015745e-04
1.376107e-01 9.570085e-05 2.041199e-04
1.378816e-01 -2.474394e-04 2.071322e-04
1.381524e-01 2.329051e-05 2.066154e-04
1.384232e-01 -1.876298e-04 2.086614e-04
1.386940e-01 -4.294310e-04 2.095087e-04
1.389648e-01 5.040318e-06 2.110101e-04
1.392356e-01 2.174787e-04 2.136982e-04
1.395064e-01 1.567695e-04 2.121548e-04
1.397773e-01 -6.358139e-05 2.129762e-04
1.400481e-01 -1.213402e-04 2.135729e-04
1.403189e-01 3.070403e-04 2.162681e-04
1.405897e-01 -2.974216e-04 2.143396e-04
1.408605e-01 1.640990e-05 2.162754e-04
1.411313e-01 -3.204904e-04 2.175820e-04
1.414021e-01 -3.356487e-04 2.162754e-04
1.416730e-01 -5.779043e-05 2.198049e-04
1.419438e-01 5.421806e-04 2.196605e-04
1.422146e-01 -4.026107e-05 2.204890e-04
1.424854e-01 -2.159700e-04 2.211348e-04
1.427562e-01 -8.306094e-05 2.189515e-04
1.430270e-01 9.931996e-05 2.188984e-04
1.432979e-01 4.724488e-04 2.192368e-04
1.435687e-01 2.771989e-05 2.220076e-04
1.438395e-01 1.085401e-04 2.227182e-04
1.441103e-01 6.347504e-04 2.237246e-04
1.443811e-01 -1.507998e-04 2.235139e-04
1.446519e-01 -7.157959e-05 2.237011e-04
1.449227e-01 2.250895e-04 2.247230e-04
1.451935e-01 2.009794e-04 2.232188e-04
1.454644e-01 -3.906488e-04 2.249780e-04
1.457352e-01 -1.655109e-04 2.263242e-04
1.460060e-01 -1.838300e-04 2.265851e-04
1.462768e-01 -6.552972e-05 2.276349e-04
1.465476e-01 5.913302e-04 2.269285e-04
1.468184e-01 4.981495e-04 2.290861e-04
1.470892e-01 -1.228396e-04 2.310111e-04
1.473601e-01 -1.056120e-05 2.274132e-04
1.476309e-01 -6.574001e-04 2.312491e-04
1.479017e-01 -6.734803e-04 2.304938e-04
1.481725e-01 1.063012e-05 2.305028e-04
1.484433e-01 1.335703e-04 2.296967e-04
1.487141e-01 1.542605e-04 2.286341e-04
1.489850e-01 4.375167e-05 2.293793e-04
1.492558e-01 -2.619009e-04 2.301756e-04
1.495266e-01 1.615398e-04 2.296218e-04
1.497974e-01 -1.366064e-05 2.257145e-04
1.500682e-01 -6.550923e-06 2.289865e-04
1.503390e-01 3.897101e-04 2.289380e-04
1.506098e-01 5.164929e-05 2.280182e-04
1.508806e-01 -4.697964e-05 2.276193e-04
1.511515e-01 5.490109e-04 2.272243e-04
1.514223e-01 -3.159288e-04 2.294288e-04
1.516931e-01 -1.882799e-04 2.281706e-04
1.519639e-01 -9.578094e-05 2.282830e-04
1.522347e-01 -1.732074e-05 2.281779e-04
1.525055e-01 -1.869909e-05 2.279310e-04
1.527763e-01 9.919889e-05 2.308389e-04
1.530472e-01 -3.626011e-05 2.255649e-04
1.533180e-01 2.649911e-04 2.288908e-04
1.535888e-01 7.093884e-05 2.300860e-04
1.538596e-01 -2.660993e-04 2.276086e-04
1.541304e-01 -9.361655e-06 2.292022e-04
1.544012e-01 -4.529953e-06 2.297416e-04
1.546721e-01 -1.564100e-04 2.306460e-04
1.549429e-01 -5.032122e-05 2.297374e-04
1.552137e-01 -2.543107e-04 2.297171e-04
1.554845e-01 -2.628993e-04 2.299538e-04
1.557553e-01 -1.903493e-04 2.291315e-04
1.560261e-01 -3.393106e-04 2.327018e-04
1.562969e-01 -3.392790e-04 2.281383e-04
1.565678e-01 1.358911e-04 2.290612e-04
1.568386e-01 -4.320033e-05 2.291199e-04
1.571094e-01 -8.629076e-05 2.308446e-04
1.573802e-01 1.137182e-04 2.298785e-04
1.576510e-01 2.670214e-04 2.286649e-04
1.579218e-01 9.289011e-05 2.303849e-04
1.581926e-01 -2.439693e-04 2.297972e-04
1.584634e-01 8.893013e-05 2.304353e-04
1.587343e-01 9.999983e-05 2.278212e-04
1.590051e-01 -2.622586e-04 2.256748e-04
1.592759e-01 5.347095e-05 2.274313e-04
1.595467e-01 -3.994796e-04 2.295490e-04
1.598175e-01 -1.074690e-04 2.281461e-04
1.600883e-01 -1.342036e-05 2.275290e-04
1.603591e-01 3.158897e-04 2.298466e-04
1.606300e-01 4.912913e-05 2.281807e-04
1.609008e-01 -2.682898e-04 2.271192e-04
1.611716e-01 -5.373806e-04 2.272949e-04
1.614424e-01 1.522712e-04 2.276050e-04
1.617132e-01 1.201406e-06 2.273139e-04
1.619840e-01 2.461784e-04 2.268611e-04
1.622549e-01 3.470499e-04 2.265797e-04
1.625257e-01 2.184398e-04 2.264605e-04
1.627965e-01 2.051014e-04 2.257338e-04
1.630673e-01 1.906399e-04 2.260008e-04
1.633381e-01 -2.737902e-05 2.287716e-04
1.636089e-01 -4.089996e-05 2.264877e-04
1.638797e-01 -9.091944e-05 2.281239e-04
1.641506e-01 1.101494e-04 2.263586e-04
1.644214e-01 -3.352910e-04 2.261247e-04
1.646922e-01 -2.836399e-04 2.262197e-04
1.649630e-01 7.137489e-04 2.261726e-04
1.652338e-01 -3.149584e-04 2.280466e-04
1.655046e-01 -6.401911e-05 2.274440e-04
1.657754e-01 1.816601e-04 2.273900e-04
1.660462e-01 1.351293e-04 2.283553e-04
1.663171e-01 8.810125e-05 2.273985e-04
1.665879e-01 -2.533607e-04 2.272001e-04
1.668587e-01 -3.520958e-05 2.277809e-04
1.671295e-01 4.807804e-04 2.279183e-04
1.674003e-01 -1.109093e-04 2.271528e-04
1.676711e-01 -9.337999e-05 2.362161e-04
1.679420e-01 -4.545040e-05 2.378687e-04
1.682128e-01 1.174305e-04 2.414593e-04
1.684836e-01 2.022497e-04 2.464530e-04
1.687544e-01 2.858900e-04 2.456786e-04
1.690252e-01 1.452398e-04 2.491870e-04
1.692960e-01 1.607388e-04 2.458661e-04
1.695668e-01 -1.224689e-04 2.536325e-04
1.698377e-01 -3.566500e-04 2.538448e-04
1.701085e-01 1.316797e-04 2.567200e-04
1.703793e-01 3.300998e-04 2.591173e-04
1.706501e-01 1.640711e-04 2.585408e-04
1.709209e-01 7.090159e-05 2.623906e-04
1.711917e-01 -2.008490e-04 2.627657e-04
1.714625e-01 -1.624972e-05 2.646253e-04
1.717333e-01 1.978297e-04 2.693646e-04
1.720042e-01 -1.979284e-04 2.685164e-04
1.722750e-01 -2.691001e-04 2.733621e-04
1.725458e-01 1.829211e-04 2.731107e-04
1.728166e-01 -1.554713e-04 2.750686e-04
1.730874e-01 1.592692e-04 2.748585e-04
1.733582e-01 4.859306e-04 2.775800e-04
1.736291e-01 -3.174488e-04 2.830912e-04
1.738999e-01 3.579203e-04 2.764623e-04
1.741707e-01 -1.177005e-05 2.822910e-04
1.744415e-01 -2.375003e-04 2.854556e-04
1.747123e-01 -3.689192e-04 2.857106e-04
1.749831e-01 -2.568029e-05 2.754183e-04
1.752539e-01 3.490038e-05 2.687152e-04
1.755248e-01 -1.229811e-04 2.693321e-04
1.757956e-01 -1.794212e-04 2.624794e-04
1.760664e-01 2.724510e-04 2.679825e-04
1.763372e-01 4.673935e-05 2.675427e-04
1.766080e-01 -2.081096e-04 2.631863e-04
1.768788e-01 3.213994e-04 2.636276e-04
1.771496e-01 -1.129899e-04 2.593624e-04
1.774205e-01 3.340207e-04 2.611206e-04
1.776913e-01 2.634190e-04 2.611283e-04
1.779621e-01 -8.990988e-05 2.564057e-04
1.782329e-01 4.447699e-04 2.586801e-04
1.785037e-01 -1.372583e-04 2.538239e-04
1.787745e-01 3.385171e-05 2.564818e-04
1.790453e-01 -2.591871e-05 2.526686e-04
1.793161e-01 -5.978886e-04 2.532680e-04
1.795870e-01 1.583602e-04 2.516233e-04
1.798578e-01 -3.264509e-04 2.506726e-04
1.801286e-01 -4.483946e-05 2.547000e-04
1.803994e-01 1.939703e-04 2.482873e-04
1.806702e-01 5.279891e-04 2.477868e-04
1.809410e-01 -1.887102e-04 2.508263e-04
1.812119e-01 2.907906e-04 2.480281e-04
1.814827e-01 -1.057386e-04 2.500119e-04
1.817535e-01 2.802089e-04 2.470959e-04
1.820243e-01 -1.504589e-04 2.496923e-04
1.822951e-01 4.662890e-04 2.480025e-04
1.825659e-01 2.220105e-04 2.466041e-04
1.828367e-01 -3.308989e-05 2.466985e-04
1.831076e-01 1.549497e-04 2.439185e-04
1.833784e-01 6.140023e-05 2.493461e-04
1.836492e-01 2.703499e-04 2.454659e-04
1.839200e-01 1.164153e-05 2.478099e-04
1.841908e-01 -2.217609e-04 2.474437e-04
1.844616e-01 -1.088809e-04 2.445021e-04
1.847324e-01 -3.300048e-05 2.479927e-04
1.850033e-01 -1.076981e-05 2.424633e-04
1.852741e-01 4.582107e-05 2.464428e-04
1.855449e-01 -7.107854e-05 2.461220e-04
1.858157e-01 -1.254510e-04 2.472659e-04
1.860865e-01 3.845710e-04 2.481502e-04
1.863573e-01 -1.327898e-04 2.431519e-04
1.866281e-01 1.508314e-04 2.461441e-04
1.868990e-01 -2.149791e-04 2.447277e-04
1.871698e-01 1.767892e-04 2.432314e-04
1.874406e-01 2.463497e-04 2.448031e-04
1.877114e-01 1.606997e-04 2.424600e-04
1.879822e-01 4.302207e-04 2.467429e-04
1.882530e-01 1.555309e-04 2.434436e-04
1.885238e-01 -2.193004e-04 2.464380e-04
1.887947e-01 -8.205883e-05 2.450434e-04
1.890655e-01 -9.381026e-05 2.439054e-04
1.893363e-01 -7.284060e-05 2.462589e-04
1.896071e-01 -1.285207e-04 2.413159e-04
1.898779e-01 -4.914030e-05 2.469663e-04
1.901487e-01 -2.731513e-04 2.432652e-04
1.904195e-01 -1.026001e-04 2.450132e-04
1.906904e-01 -2.299510e-04 2.455843e-04
1.909612e-01 6.873161e-05 2.413485e-04
1.912320e-01 -5.459972e-05 2.432679e-04
1.915028e-01 -4.404504e-04 2.408932e-04
1.917736e-01 2.203137e-05 2.446666e-04
1.920444e-01 -1.535937e-05 2.421296e-04
1.923153e-01 9.277090e-05 2.428659e-04
1.925861e-01 5.212985e-05 2.427111e-04
1.928569e-01 1.526400e-04 2.420657e-04
1.931277e-01 -4.702397e-04 2.429276e-04
1.933985e-01 -2.394058e-05 2.431344e-04
1.936693e-01 -1.536105e-04 2.411655e-04
1.939401e-01 -5.156919e-05 2.426176e-04
1.942109e-01 1.440700e-04 2.403830e-04
1.944818e-01 -1.140404e-04 2.436065e-04
1.947526e-01 -3.252383e-04 2.416150e-04
1.950234e-01 3.054403e-04 2.423153e-04
1.952942e-01 1.229197e-04 2.437953e-04
1.955650e-01 2.741907e-04 2.427298e-04
1.958358e-01 -1.209900e-04 2.433545e-04
1.961066e-01 -3.063399e-04 2.422420e-04
1.963775e-01 3.669038e-05 2.421085e-04
1.966483e-01 4.066899e-04 2.420108e-04
1.969191e-01 3.496502e-04 2.440915e-04
1.971899e-01 4.651994e-04 2.443905e-04
1.974607e-01 2.145953e-05 2.435106e-04
1.977315e-01 -1.799874e-05 2.433918e-04
1.980023e-01 6.029382e-06 2.405719e-04
1.982732e-01 1.494307e-04 2.422393e-04
1.985440e-01 9.544007e-05 2.449119e-04
1.988148e-01 -1.138411e-04 2.444214e-04
1.990856e-01 -1.478791e-04 2.426959e-04
1.993564e-01 6.768852e-06 2.430641e-04
1.996272e-01 -2.142601e-04 2.434444e-04
1.998980e-01 -1.614708e-04 2.405068e-04
2.001689e-01 3.356915e-04 2.399135e-04
2.004397e-01 -1.818091e-04 2.394643e-04
2.007105e-01 -2.349690e-04 2.397883e-04
2.009813e-01 2.073795e-04 2.391440e-04
2.012521e-01 4.329793e-04 2.409252e-04
2.015229e-01 -1.648888e-04 2.417350e-04
2.017937e-01 -1.626704e-04 2.416711e-04
2.020646e-01 -3.076997e-04 2.405937e-04
2.023354e-01 -1.119096e-04 2.398595e-04
2.026062e-01 3.800914e-05 2.373549e-04
2.028770e-01 8.451007e-05 2.423255e-04
2.031478e-01 2.180599e-04 2.389710e-04
2.034186e-01 -1.272503e-04 2.380417e-04
2.036894e-01 2.348907e-04 2.384840e-04
2.039603e-01 2.373699e-04 2.386327e-04
2.042311e-01 1.193192e-04 2.393928e-04
2.045019e-01 -7.623993e-05 2.391442e-04
2.047727e-01 3.631301e-04 2.358774e-04
2.050435e-01 1.733098e-04 2.361559e-04
2.053143e-01 4.262794e-04 2.372241e-04
2.055852e-01 -1.428388e-04 2.362702e-04
2.058560e-01 -8.756109e-05 2.358998e-04
2.061268e-01 -8.833967e-05 2.355495e-04
2.063976e-01 2.100114e-04 2.379388e-04
2.066684e-01 -3.501792e-04 2.362636e-04
2.069392e-01 1.042206e-04 2.357273e-04
2.072100e-01 2.459809e-04 2.338865e-04
2.074808e-01 3.388599e-04 2.352909e-04
2.077517e-01 1.412202e-04 2.325978e-04
2.080225e-01 -1.671202e-04 2.348859e-04
2.082933e-01 1.276899e-04 2.322925e-04
2.085641e-01 -2.696104e-04 2.351498e-04
2.088349e-01 3.558025e-05 2.368276e-04
2.091057e-01 3.736615e-04 2.336556e-04
2.093765e-01 7.852912e-05 2.334575e-04
2.096474e-01 -9.811111e-05 2.345034e-04
2.099182e-01 1.077503e-04 2.356736e-04
2.101890e-01 -1.013689e-04 2.363629e-04
2.104598e-01 4.126001e-04 2.358475e-04
2.107306e-01 -1.360402e-04 2.349745e-04
2.110014e-01 3.777687e-04 2.368906e-04
2.112723e-01 -3.087502e-04 2.341684e-04
2.115431e-01 5.576946e-05 2.358041e-04
2.118139e-01 -6.853044e-05 2.351463e-04
2.120847e-01 1.332890e-04 2.360960e-04
2.123555e-01 1.339708e-04 2.375520e-04
2.126263e-01 -3.946200e-04 2.353354e-04
2.128971e-01 -1.337305e-04 2.342990e-04
2.131680e-01 -1.007896e-04 2.352684e-04
2.134388e-01 9.373017e-05 2.363175e-04
2.137096e-01 2.488308e-04 2.352450e-04
2.139804e-01 4.571863e-05 2.355673e-04
2.142512e-01 -5.348958e-05 2.348210e-04
2.145220e-01 3.081914e-04 2.354137e-04
2.147928e-01 -9.350479e-06 2.349187e-04
2.150636e-01 2.809614e-04 2.327699e-04
2.153345e-01 -2.747960e-05 2.353787e-04
2.156053e-01 2.912991e-05 2.369148e-04
2.158761e-01 -7.052105e-04 2.355087e-04
2.161469e-01 2.303813e-04 2.340344e-04
2.164177e-01 2.477001e-04 2.350879e-04
2.166885e-01 -7.824972e-05 2.364431e-04
2.169593e-01 -2.487935e-05 2.357664e-04
2.172302e-01 1.876410e-04 2.368574e-04
2.175010e-01 -5.559064e-05 2.333514e-04
2.177718e-01 3.266893e-05 2.338894e-04
2.180426e-01 4.811995e-04 2.340130e-04
2.183134e-01 -1.567807e-04 2.326787e-04
2.185842e-01 -5.138852e-05 2.334504e-04
2.188551e-01 8.944981e-05 2.330527e-04
2.191259e-01 -5.232915e-05 2.350304e-04
2.193967e-01 2.833009e-04 2.328525e-04
2.196675e-01 -2.010185e-04 2.340547e-04
2.199383e-01 2.303105e-04 2.332419e-04
2.202091e-01 2.891608e-04 2.338999e-04
2.204799e-01 -2.165698e-04 2.332097e-04
2.207507e-01 4.172605e-04 2.331900e-04
2.210216e-01 1.824088e-04 2.319060e-04
2.212924e-01 9.723008e-05 2.328638e-04
2.215632e-01 5.231295e-04 2.325177e-04
2.218340e-01 2.767500e-04 2.323546e-04
2.221048e-01 1.002997e-04 2.285459e-04
2.223756e-01 -1.876410e-04 2.307042e-04
2.226464e-01 1.889411e-04 2.328635e-04
2.229173e-01 -1.687203e-04 2.304159e-04
2.231881e-01 1.498889e-04 2.281247e-04
2.234589e-01 2.481490e-04 2.298189e-04
2.237297e-01 3.611296e-04 2.303134e-04
2.240005e-01 1.383405e-04 2.295848e-04
2.242713e-01 -8.710846e-05 2.298098e-04
2.245422e-01 1.314804e-04 2.300902e-04
2.248130e-01 -3.519710e-04 2.304059e-04
2.250838e-01 -8.613989e-05 2.301547e-04
2.253546e-01 6.598979e-05 2.282958e-04
2.256254e-01 1.829416e-04 2.291555e-04
2.258962e-01 -2.171807e-04 2.298481e-04
2.261670e-01 5.130004e-04 2.394470e-04
2.264379e-01 -3.777985e-04 2.454318e-04
2.267087e-01 -8.828007e-05 2.460559e-04
2.269795e-01 2.824795e-04 2.493095e-04
2.272503e-01 3.288127e-05 2.518354e-04
2.275211e-01 -1.222696e-04 2.600854e-04
2.277919e-01 -5.068071e-05 2.565628e-04
2.280627e-01 2.292190e-04 2.609026e-04
2.283335e-01 -4.130192e-04 2.648025e-04
2.286044e-01 -9.232946e-05 2.634249e-04
2.288752e-01 7.661059e-05 2.693400e-04
2.291460e-01 1.615994e-04 2.721524e-04
2.294168e-01 -5.749986e-05 2.731015e-04
2.296876e-01 1.979303e-04 2.783113e-04
2.299584e-01 2.034009e-05 2.771254e-04
2.302293e-01 1.090914e-04 2.786373e-04
2.305001e-01 -4.624687e-04 2.867094e-04
2.307709e-01 -2.394915e-04 2.857719e-04
2.310417e-01 3.813785e-04 2.852796e-04
2.313125e-01 -2.908707e-04 2.913418e-04
2.315833e-01 7.119961e-05 2.938926e-04
2.318541e-01 8.735992e-05 2.960874e-04
2.321250e-01 -2.986006e-05 3.008368e-04
2.323958e-01 -4.398823e-05 3.008979e-04
2.326666e-01 3.140494e-04 3.033271e-04
2.329374e-01 -4.902799e-04 3.040354e-04
2.332082e-01 -3.461204e-04 3.029350e-04
2.334790e-01 1.545399e-04 3.080794e-04
2.337498e-01 -2.871193e-04 3.133403e-04
2.340207e-01 6.186962e-05 3.157703e-04
2.342915e-01 3.256798e-04 3.160333e-04
2.345623e-01 4.097689e-04 3.167919e-04
2.348331e-01 -3.868900e-04 3.213708e-04
2.351039e-01 1.874007e-05 3.301568e-04
2.353747e-01 -4.117936e-05 3.250141e-04
2.356455e-01 2.440810e-04 3.315772e-04
2.359163e-01 3.895499e-04 3.316902e-04
2.361872e-01 -2.374910e-04 3.318171e-04
2.364580e-01 1.018997e-04 3.370062e-04
2.367288e-01 3.647059e-05 3.393386e-04
2.369996e-01 -2.155602e-04 3.424976e-04
2.372704e-01 7.899217e-04 3.523515e-04
2.375412e-01 5.591083e-04 3.476941e-04
2.378121e-01 5.616061e-05 3.575672e-04
2.380829e-01 4.276000e-04 3.505709e-04
2.383537e-01 1.179408e-04 3.611353e-04
2.386245e-01 7.089227e-06 3.701906e-04
2.388953e-01 -6.069802e-04 3.584013e-04
2.391661e-01 -1.597032e-05 3.690283e-04
2.394369e-01 1.343209e-04 3.704956e-04
2.397078e-01 -1.315400e-04 3.801045e-04
2.399786e-01 4.722103e-04 3.790790e-04
2.402494e-01 -1.353808e-04 3.857399e-04
2.405202e-01 -2.148300e-04 3.889211e-04
2.407910e-01 -4.823804e-04 3.960447e-04
2.410618e-01 2.674013e-05 3.942639e-04
2.413326e-01 -3.169086e-04 4.035437e-04
2.416034e-01 -6.397888e-04 4.043023e-04
2.418743e-01 -3.936589e-04 4.106105e-04
2.421451e-01 7.695146e-05 4.170257e-04
2.424159e-01 2.124198e-04 4.199734e-04
2.426867e-01 4.176199e-04 4.147975e-04
2.429575e-01 -2.153907e-04 4.334456e-04
2.432283e-01 3.416501e-04 4.409893e-04
2.434992e-01 1.932401e-04 4.375012e-04
2.437700e-01 7.274933e-05 4.424522e-04
2.440408e-01 -1.452070e-03 4.534331e-04
2.443116e-01 1.444388e-04 4.579655e-04
2.445824e-01 -2.095792e-04 4.554636e-04
2.448532e-01 6.616507e-04 4.639155e-04
2.451240e-01 -3.528800e-04 4.727789e-04
2.453949e-01 4.700199e-04 4.844739e-04
2.456657e-01 9.667128e-05 4.845394e-04
2.459365e-01 -3.242996e-04 4.983350e-04
2.462073e-01 4.695505e-04 4.933962e-04
2.464781e-01 -9.046812e-04 5.125698e-04
2.467489e-01 -4.002303e-04 5.241514e-04
2.470197e-01 1.161899e-04 5.155704e-04
2.472906e-01 4.861206e-04 5.225909e-04
2.475614e-01 1.405291e-04 5.395556e-04
2.478322e-01 -3.062095e-04 5.584631e-04
2.481030e-01 3.142599e-04 5.575008e-04
2.483738e-01 -2.446603e-04 5.534718e-04
2.486446e-01 3.031511e-04 5.863975e-04
2.489154e-01 -3.887694e-04 6.012459e-04
2.491863e-01 4.707295e-04 5.903637e-04
2.494571e-01 -3.613811e-04 6.150484e-04
2.497279e-01 7.654484e-04 6.336607e-04
2.499987e-01 1.141056e-05 6.623714e-04
2.502695e-01 -3.026295e-04 6.585422e-04
2.505403e-01 1.459960e-03 6.696396e-04
2.508111e-01 3.228690e-04 6.963699e-04
2.510819e-01 -2.427604e-04 7.211023e-04
2.513528e-01 1.031959e-03 7.389706e-04
2.516236e-01 7.703807e-04 7.553921e-04
2.518944e-01 -5.448405e-04 7.729876e-04
2.521652e-01 -5.696900e-05 8.267556e-04
2.524360e-01 6.345604e-04 8.248072e-04
2.527068e-01 -2.707895e-04 8.125607e-04
2.529776e-01 -1.572989e-03 8.646864e-04
2.532485e-01 -8.557998e-04 9.277820e-04
2.535193e-01 -1.777031e-03 9.118624e-04
2.537901e-01 -5.028099e-04 9.352044e-04
2.540609e-01 -1.044890e-03 9.387772e-04
2.543317e-01 5.199593e-04 9.820397e-04
2.546025e-01 1.185089e-04 1.015405e-03
2.548733e-01 8.528307e-04 1.057622e-03
2.551441e-01 2.398761e-03 1.098698e-03
2.554150e-01 -3.720591e-03 1.154641e-03
2.556858e-01 1.285821e-03 1.173999e-03
2.559566e-01 -1.919659e-03 1.327387e-03
2.562274e-01 8.909032e-05 1.330405e-03
2.564982e-01 6.394517e-04 1.450404e-03
2.567690e-01 2.583396e-04 1.630581e-03
2.570398e-01 4.677493e-04 1.859962e-03
2.573107e-01 -1.687771e-03 1.928338e-03
2.575815e-01 -9.668209e-04 2.373570e-03
2.578523e-01 1.171980e-03 3.089448e-03
2.581231e-01 1.202810e-02 5.022793e-03
