3.286826e-03 3.342087e+00 0.000000e+00
3.557641e-03 4.286723e+00 9.371127e-02
3.828455e-03 4.317621e+00 5.580616e-02
4.099269e-03 4.266720e+00 4.200780e-02
4.370084e-03 4.215774e+00 3.232096e-02
4.640898e-03 4.111243e+00 2.394930e-02
4.911712e-03 4.032614e+00 2.104541e-02
5.182527e-03 3.923008e+00 1.697497e-02
5.453341e-03 3.852602e+00 1.519189e-02
5.724155e-03 3.747247e+00 1.302081e-02
5.994970e-03 3.643351e+00 1.151578e-02
6.265784e-03 3.542862e+00 1.028834e-02
6.536598e-03 3.439095e+00 9.187108e-03
6.807412e-03 3.314677e+00 8.854188e-03
7.078227e-03 3.212825e+00 7.883517e-03
7.349041e-03 3.123018e+00 7.232361e-03
7.619855e-03 3.000115e+00 6.803442e-03
7.890671e-03 2.896051e+00 6.322289e-03
8.161485e-03 2.768046e+00 6.261657e-03
8.432299e-03 2.675035e+00 5.763338e-03
8.703114e-03 2.568868e+00 5.457104e-03
8.973928e-03 2.459592e+00 5.032464e-03
9.244742e-03 2.350260e+00 4.897053e-03
9.515557e-03 2.240267e+00 4.665461e-03
9.786371e-03 2.140268e+00 4.445930e-03
1.005718e-02 2.033194e+00 4.262169e-03
1.032800e-02 1.923254e+00 3.999394e-03
1.059881e-02 1.829910e+00 3.934407e-03
1.086963e-02 1.734005e+00 3.715396e-03
1.114044e-02 1.628719e+00 3.498170e-03
1.141126e-02 1.540502e+00 3.394737e-03
1.168207e-02 1.457714e+00 3.171176e-03
1.195289e-02 1.373325e+00 3.077481e-03
1.222370e-02 1.282758e+00 2.886987e-03
1.249451e-02 1.202096e+00 2.757332e-03
1.276533e-02 1.129062e+00 2.593844e-03
1.303614e-02 1.049993e+00 2.485679e-03
1.330696e-02 9.815598e-01 2.401454e-03
1.357777e-02 9.101912e-01 2.313099e-03
1.384859e-02 8.449126e-01 2.218047e-03
1.411940e-02 7.817519e-01 2.058465e-03
1.439021e-02 7.231166e-01 1.933789e-03
1.466103e-02 6.629024e-01 1.850281e-03
1.493184e-02 6.156417e-01 1.768232e-03
1.520266e-02 5.639398e-01 1.664542e-03
1.547347e-02 5.155930e-01 1.580336e-03
1.574429e-02 4.681704e-01 1.515068e-03
1.601510e-02 4.268106e-01 1.430665e-03
1.628591e-02 3.900630e-01 1.369751e-03
1.655673e-02 3.545386e-01 1.277095e-03
1.682754e-02 3.180324e-01 1.231230e-03
1.709836e-02 2.903076e-01 1.181356e-03
1.736917e-02 2.591043e-01 1.116446e-03
1.763999e-02 2.337980e-01 1.041466e-03
1.791080e-02 2.076695e-01 9.844907e-04
1.818161e-02 1.846350e-01 9.589676e-04
1.845243e-02 1.652315e-01 9.116492e-04
1.872324e-02 1.461702e-01 8.696952e-04
1.899406e-02 1.300011e-01 8.274931e-04
1.926487e-02 1.136753e-01 7.942747e-04
1.953569e-02 1.019690e-01 7.690664e-04
1.980650e-02 9.005210e-02 7.382756e-04
2.007731e-02 7.791555e-02 7.000424e-04
2.034813e-02 6.738379e-02 6.777184e-04
2.061894e-02 6.031794e-02 6.621575e-04
2.088976e-02 5.264411e-02 6.278180e-04
2.116057e-02 4.496719e-02 6.121393e-04
2.143139e-02 3.974900e-02 5.916069e-04
2.170220e-02 3.511315e-02 5.837068e-04
2.197302e-02 3.118568e-02 5.709432e-04
2.224383e-02 2.905214e-02 5.466393e-04
2.251465e-02 2.632321e-02 5.335920e-04
2.278546e-02 2.321469e-02 5.176693e-04
2.305627e-02 2.311875e-02 5.105267e-04
2.332709e-02 2.109871e-02 4.884139e-04
2.359790e-02 2.039793e-02 4.756988e-04
2.386872e-02 1.907956e-02 4.764874e-04
2.413953e-02 1.842908e-02 4.637111e-04
2.441034e-02 1.851516e-02 4.618950e-04
2.468116e-02 1.898760e-02 4.635789e-04
2.495197e-02 1.852028e-02 4.479377e-04
2.522279e-02 1.909682e-02 4.586431e-04
2.549360e-02 1.936359e-02 4.488769e-04
2.576442e-02 2.013421e-02 4.342779e-04
2.603523e-02 2.008094e-02 4.436451e-04
2.630604e-02 2.060290e-02 4.351700e-04
2.657686e-02 2.120403e-02 4.408567e-04
2.684767e-02 2.123188e-02 4.305383e-04
2.711849e-02 2.242029e-02 4.307282e-04
2.738930e-02 2.157227e-02 4.317973e-04
2.766012e-02 2.234802e-02 4.235131e-04
2.793093e-02 2.352935e-02 4.188195e-04
2.820175e-02 2.319983e-02 4.141301e-04
2.847256e-02 2.310985e-02 4.062802e-04
2.874337e-02 2.303298e-02 4.105493e-04
2.901419e-02 2.335010e-02 4.048839e-04
2.928500e-02 2.312792e-02 3.983093e-04
2.955582e-02 2.296826e-02 3.965703e-04
2.982663e-02 2.249589e-02 3.948993e-04
3.009745e-02 2.307378e-02 3.924289e-04
3.036826e-02 2.205364e-02 3.870383e-04
3.063907e-02 2.188224e-02 3.851232e-04
3.090989e-02 2.091564e-02 3.813938e-04
3.118070e-02 2.062050e-02 3.767927e-04
3.145152e-02 1.978574e-02 3.727288e-04
3.172233e-02 1.948948e-02 3.754068e-04
3.199315e-02 1.947316e-02 3.668776e-04
3.226396e-02 1.907937e-02 3.657747e-04
3.253478e-02 1.812206e-02 3.608807e-04
3.280559e-02 1.736263e-02 3.606302e-04
3.307641e-02 1.681152e-02 3.529098e-04
3.334722e-02 1.641851e-02 3.503559e-04
3.361803e-02 1.467599e-02 3.484881e-04
3.388885e-02 1.342569e-02 3.426664e-04
3.415966e-02 1.353531e-02 3.431305e-04
3.443048e-02 1.279665e-02 3.358185e-04
3.470129e-02 1.244781e-02 3.344042e-04
3.497211e-02 1.156960e-02 3.303935e-04
3.524292e-02 1.130624e-02 3.240161e-04
3.551374e-02 1.112683e-02 3.241352e-04
3.578455e-02 1.046181e-02 3.216486e-04
3.605536e-02 9.178709e-03 3.167654e-04
3.632618e-02 8.804590e-03 3.152736e-04
3.659699e-02 8.333169e-03 3.123306e-04
3.686780e-02 8.199301e-03 3.102661e-04
3.713862e-02 7.870249e-03 3.085746e-04
3.740944e-02 6.529540e-03 3.066489e-04
3.768025e-02 6.753951e-03 3.035408e-04
3.795106e-02 6.658778e-03 2.982335e-04
3.822188e-02 6.331682e-03 3.000283e-04
3.849269e-02 5.927689e-03 2.951224e-04
3.876351e-02 5.455390e-03 2.935837e-04
3.903432e-02 5.803242e-03 2.939648e-04
3.930514e-02 5.463779e-03 2.910398e-04
3.957595e-02 4.756778e-03 2.899766e-04
3.984676e-02 4.928108e-03 2.848118e-04
4.011758e-02 4.784610e-03 2.859466e-04
4.038839e-02 4.882373e-03 2.871268e-04
4.065921e-02 3.765538e-03 2.828175e-04
4.093002e-02 3.939640e-03 2.823824e-04
4.120084e-02 4.124030e-03 2.783601e-04
4.147165e-02 3.850829e-03 2.794669e-04
4.174246e-02 4.153021e-03 2.788306e-04
4.201328e-02 4.180282e-03 2.757848e-04
4.228409e-02 3.923818e-03 2.780777e-04
4.255491e-02 4.858501e-03 2.750478e-04
4.282572e-02 3.454860e-03 2.755836e-04
4.309653e-02 3.500011e-03 2.706743e-04
4.336735e-02 3.590550e-03 2.721153e-04
4.363817e-02 3.951969e-03 2.717785e-04
4.390898e-02 4.002981e-03 2.718043e-04
4.417979e-02 3.431760e-03 2.694993e-04
4.445061e-02 3.445983e-03 2.672117e-04
4.472142e-02 3.352301e-03 2.632407e-04
4.499224e-02 3.265381e-03 2.656187e-04
4.526305e-02 3.000960e-03 2.657855e-04
4.553387e-02 3.308762e-03 2.614298e-04
4.580468e-02 3.466180e-03 2.607913e-04
4.607549e-02 3.473509e-03 2.625792e-04
4.634631e-02 3.267590e-03 2.593776e-04
4.661712e-02 3.503172e-03 2.600608e-04
4.688794e-02 3.261190e-03 2.565224e-04
4.715875e-02 3.036659e-03 2.547583e-04
4.742957e-02 3.036860e-03 2.534119e-04
4.770038e-02 3.458049e-03 2.535116e-04
4.797119e-02 3.257241e-03 2.534224e-04
4.824201e-02 2.998250e-03 2.509332e-04
4.851282e-02 3.172640e-03 2.547047e-04
4.878364e-02 3.207190e-03 2.502151e-04
4.905445e-02 3.207510e-03 2.483524e-04
4.932526e-02 3.283028e-03 2.486296e-04
4.959608e-02 2.874238e-03 2.464615e-04
4.986690e-02 2.588768e-03 2.473546e-04
5.013771e-02 3.121790e-03 2.461279e-04
5.040852e-02 2.722081e-03 2.438106e-04
5.067934e-02 2.547329e-03 2.446304e-04
5.095015e-02 2.800280e-03 2.418843e-04
5.122096e-02 2.218060e-03 2.432584e-04
5.149178e-02 1.910038e-03 2.425474e-04
5.176260e-02 3.528090e-03 2.417517e-04
5.203341e-02 2.781812e-03 2.409331e-04
5.230422e-02 2.066489e-03 2.371430e-04
5.257504e-02 2.493471e-03 2.392736e-04
5.284585e-02 2.382431e-03 2.384889e-04
5.311667e-02 1.894491e-03 2.362956e-04
5.338748e-02 2.154112e-03 2.421705e-04
5.365830e-02 2.231138e-03 2.374415e-04
5.392911e-02 2.084572e-03 2.403667e-04
5.419992e-02 2.051601e-03 2.392858e-04
5.447074e-02 1.836460e-03 2.387370e-04
5.474155e-02 2.016751e-03 2.428338e-04
5.501237e-02 1.725130e-03 2.441949e-04
5.528318e-02 1.785580e-03 2.480887e-04
5.555400e-02 1.905758e-03 2.520104e-04
5.582481e-02 1.503631e-03 2.488412e-04
5.609563e-02 2.190690e-03 2.532333e-04
5.636644e-02 1.689281e-03 2.539047e-04
5.663725e-02 1.910530e-03 2.549663e-04
5.690807e-02 1.763610e-03 2.562567e-04
5.717888e-02 1.332402e-03 2.527154e-04
5.744969e-02 1.701260e-03 2.552748e-04
5.772051e-02 9.362474e-04 2.567570e-04
5.799133e-02 1.160240e-03 2.563708e-04
5.826214e-02 1.483100e-03 2.584836e-04
5.853295e-02 1.483152e-03 2.565142e-04
5.880377e-02 1.459131e-03 2.564348e-04
5.907458e-02 1.143061e-03 2.546074e-04
5.934540e-02 1.719570e-03 2.567070e-04
5.961621e-02 2.014618e-03 2.581349e-04
5.988703e-02 1.251429e-03 2.594641e-04
6.015784e-02 1.293710e-03 2.596038e-04
6.042865e-02 1.398081e-03 2.592954e-04
6.069947e-02 1.228930e-03 2.535739e-04
6.097028e-02 1.237379e-03 2.526404e-04
6.124110e-02 1.389051e-03 2.510462e-04
6.151191e-02 1.467301e-03 2.490090e-04
6.178273e-02 1.112599e-03 2.486414e-04
6.205354e-02 1.236558e-03 2.468495e-04
6.232436e-02 1.606988e-03 2.490004e-04
6.259517e-02 1.095310e-03 2.456077e-04
6.286598e-02 1.149340e-03 2.462401e-04
6.313679e-02 8.769911e-04 2.472206e-04
6.340761e-02 1.557309e-03 2.424552e-04
6.367842e-02 1.038669e-03 2.413264e-04
6.394923e-02 1.158049e-03 2.423574e-04
6.422005e-02 1.315091e-03 2.431515e-04
6.449086e-02 1.206242e-03 2.451824e-04
6.476168e-02 1.336521e-03 2.409397e-04
6.503250e-02 1.336960e-03 2.429818e-04
6.530331e-02 8.632299e-04 2.412981e-04
6.557412e-02 1.141910e-03 2.413287e-04
6.584494e-02 9.755604e-04 2.400658e-04
6.611575e-02 9.473804e-04 2.407134e-04
6.638657e-02 8.842386e-04 2.414316e-04
6.665738e-02 1.446491e-03 2.388084e-04
6.692819e-02 1.006370e-03 2.400168e-04
6.719901e-02 9.484906e-04 2.374273e-04
6.746982e-02 8.299090e-04 2.397768e-04
6.774063e-02 1.161819e-03 2.377686e-04
6.801146e-02 1.134841e-03 2.371094e-04
6.828227e-02 1.004150e-03 2.368794e-04
6.855308e-02 1.102669e-03 2.377492e-04
6.882390e-02 1.064248e-03 2.363460e-04
6.909471e-02 6.323308e-04 2.359332e-04
6.936552e-02 6.795004e-04 2.341588e-04
6.963634e-02 9.779800e-04 2.352634e-04
6.990715e-02 1.170959e-03 2.353325e-04
7.017796e-02 1.050470e-03 2.309063e-04
7.044878e-02 1.352079e-03 2.317516e-04
7.071959e-02 6.808694e-04 2.327102e-04
7.099041e-02 7.538088e-04 2.325939e-04
7.126123e-02 7.772595e-04 2.315799e-04
7.153204e-02 9.097904e-04 2.308226e-04
7.180285e-02 4.538596e-04 2.315668e-04
7.207367e-02 7.438697e-04 2.317283e-04
7.234448e-02 7.704496e-04 2.304177e-04
7.261530e-02 4.671905e-04 2.306707e-04
7.288611e-02 6.981902e-04 2.285843e-04
7.315692e-02 5.153418e-04 2.309776e-04
7.342774e-02 6.591510e-04 2.299817e-04
7.369855e-02 9.898394e-04 2.296829e-04
7.396936e-02 7.889699e-04 2.285690e-04
7.424019e-02 9.274501e-04 2.285361e-04
7.451100e-02 7.778909e-04 2.279433e-04
7.478181e-02 7.952098e-04 2.263931e-04
7.505263e-02 4.132986e-04 2.266845e-04
7.532344e-02 9.264797e-04 2.296129e-04
7.559425e-02 7.304102e-04 2.267656e-04
7.586507e-02 9.546895e-04 2.264264e-04
7.613588e-02 9.737201e-04 2.273598e-04
7.640669e-02 4.010890e-04 2.258959e-04
7.667751e-02 4.884005e-04 2.274270e-04
7.694832e-02 8.523501e-04 2.245459e-04
7.721914e-02 5.726404e-04 2.254069e-04
7.748996e-02 6.831102e-04 2.241505e-04
7.776077e-02 9.080004e-04 2.226647e-04
7.803158e-02 3.096201e-04 2.244858e-04
7.830240e-02 6.548092e-04 2.236057e-04
7.857321e-02 7.587299e-04 2.236241e-04
7.884403e-02 8.133389e-04 2.233832e-04
7.911484e-02 4.249513e-04 2.216075e-04
7.938565e-02 7.903986e-04 2.220960e-04
7.965647e-02 6.216504e-04 2.209793e-04
7.992728e-02 2.907794e-04 2.200964e-04
8.019809e-02 6.438792e-04 2.226501e-04
8.046892e-02 4.298296e-04 2.192800e-04
8.073973e-02 7.441696e-04 2.192752e-04
8.101054e-02 4.390012e-04 2.188430e-04
8.128136e-02 7.840302e-04 2.185242e-04
8.155217e-02 1.020730e-03 2.186723e-04
8.182298e-02 2.942197e-04 2.174457e-04
8.209380e-02 6.137099e-04 2.186762e-04
8.236461e-02 8.801091e-04 2.214342e-04
8.263543e-02 6.733313e-04 2.176525e-04
8.290624e-02 1.734905e-04 2.191360e-04
8.317705e-02 3.081802e-04 2.167848e-04
8.344787e-02 7.188004e-04 2.180947e-04
8.371869e-02 4.325900e-04 2.179432e-04
8.398950e-02 7.435586e-04 2.175454e-04
8.426031e-02 4.632305e-04 2.168278e-04
8.453113e-02 3.757998e-04 2.151046e-04
8.480194e-02 -1.558382e-04 2.169078e-04
8.507276e-02 4.305299e-04 2.153691e-04
8.534357e-02 6.378293e-04 2.155489e-04
8.561438e-02 6.084014e-04 2.134154e-04
8.588520e-02 3.825892e-04 2.142469e-04
8.615601e-02 5.824305e-04 2.127786e-04
8.642682e-02 1.855996e-04 2.137229e-04
8.669765e-02 4.897788e-04 2.112525e-04
8.696846e-02 4.513394e-04 2.137321e-04
8.723927e-02 6.302297e-04 2.116437e-04
8.751009e-02 1.983494e-04 2.127995e-04
8.778090e-02 6.234404e-04 2.118223e-04
8.805171e-02 1.106597e-04 2.137942e-04
8.832253e-02 5.873106e-04 2.129112e-04
8.859334e-02 4.462097e-04 2.107002e-04
8.886416e-02 6.724615e-04 2.115732e-04
8.913497e-02 -2.718102e-04 2.091033e-04
8.940578e-02 1.539700e-04 2.086888e-04
8.967660e-02 8.050706e-04 2.103768e-04
8.994742e-02 4.190207e-04 2.110205e-04
9.021823e-02 4.693810e-04 2.099774e-04
9.048904e-02 1.793001e-04 2.095114e-04
9.075986e-02 1.352113e-04 2.109304e-04
9.103067e-02 3.074706e-04 2.085915e-04
9.130149e-02 2.066791e-04 2.077138e-04
9.157230e-02 1.353212e-04 2.085342e-04
9.184311e-02 6.178208e-04 2.105733e-04
9.211393e-02 5.525593e-04 2.078296e-04
9.238474e-02 1.479294e-04 2.066318e-04
9.265555e-02 4.719105e-04 2.101891e-04
9.292637e-02 3.532693e-04 2.068711e-04
9.319719e-02 -8.785911e-05 2.077890e-04
9.346800e-02 6.291699e-04 2.062509e-04
9.373882e-02 -1.759287e-04 2.065569e-04
9.400963e-02 -5.659088e-05 2.072407e-04
9.428044e-02 2.039410e-04 2.073867e-04
9.455126e-02 7.152595e-04 2.055545e-04
9.482207e-02 5.005114e-04 2.059376e-04
9.509289e-02 3.585499e-04 2.069597e-04
9.536370e-02 -2.629124e-05 2.054909e-04
9.563451e-02 3.513601e-04 2.039124e-04
9.590533e-02 8.608028e-05 2.053759e-04
9.617615e-02 2.912115e-04 2.021700e-04
9.644696e-02 3.338400e-04 2.033533e-04
9.671777e-02 2.671201e-04 2.034299e-04
9.698859e-02 2.309121e-05 2.007832e-04
9.725940e-02 1.899209e-04 2.032173e-04
9.753022e-02 3.756490e-04 2.019277e-04
9.780103e-02 3.922004e-04 2.026741e-04
9.807184e-02 -2.330616e-04 2.007952e-04
9.834266e-02 2.868399e-04 2.013101e-04
9.861347e-02 2.641510e-04 2.018387e-04
9.888428e-02 4.814006e-05 1.993334e-04
9.915510e-02 2.576206e-04 2.018040e-04
9.942592e-02 6.550886e-04 2.009292e-04
9.969673e-02 6.152000e-04 1.999983e-04
9.996755e-02 3.972985e-04 2.014428e-04
1.002384e-01 1.331512e-04 2.000524e-04
1.005092e-01 3.176592e-04 2.016915e-04
1.007800e-01 -3.877096e-05 2.004437e-04
1.010508e-01 3.712699e-04 2.005445e-04
1.013216e-01 1.282692e-04 1.991207e-04
1.015924e-01 2.388004e-04 1.982347e-04
1.018632e-01 -1.365002e-04 1.990432e-04
1.021341e-01 7.138029e-05 1.976766e-04
1.024049e-01 3.040954e-05 1.996591e-04
1.026757e-01 1.866706e-04 1.983167e-04
1.029465e-01 3.163405e-04 1.984209e-04
1.032173e-01 5.159397e-04 1.980132e-04
1.034881e-01 -2.796948e-05 1.968665e-04
1.037589e-01 7.807091e-05 1.970068e-04
1.040298e-01 4.548002e-04 1.966172e-04
1.043006e-01 4.765391e-04 1.981727e-04
1.045714e-01 -3.197808e-04 1.962467e-04
1.048422e-01 -1.755301e-04 1.958705e-04
1.051130e-01 -2.537910e-04 1.957352e-04
1.053838e-01 -1.707003e-04 1.964301e-04
1.056546e-01 1.876801e-04 1.950630e-04
1.059255e-01 3.052875e-05 1.953114e-04
1.061963e-01 -1.566112e-05 1.944430e-04
1.064671e-01 2.992712e-04 1.961977e-04
1.067379e-01 -8.613989e-05 1.947075e-04
1.070087e-01 1.502391e-04 1.964751e-04
1.072795e-01 2.879016e-04 1.936756e-04
1.075503e-01 -1.986306e-04 1.932947e-04
1.078212e-01 3.414042e-05 1.947882e-04
1.080920e-01 -1.342408e-04 1.948306e-04
1.083628e-01 1.114607e-04 1.949448e-04
1.086336e-01 1.129601e-04 1.933891e-04
1.089044e-01 3.959984e-05 1.937753e-04
1.091752e-01 -1.337100e-04 1.934127e-04
1.094460e-01 -2.244115e-05 1.916969e-04
1.097169e-01 6.483123e-05 1.931511e-04
1.099877e-01 -4.223920e-05 1.924523e-04
1.102585e-01 -1.768805e-04 1.925371e-04
1.105293e-01 -1.957603e-04 1.945095e-04
1.108001e-01 -2.377704e-04 1.972039e-04
1.110709e-01 -7.284991e-05 1.987943e-04
1.113417e-01 -3.287606e-04 1.978602e-04
1.116126e-01 -4.334003e-05 1.997541e-04
1.118834e-01 -3.067032e-05 1.996906e-04
1.121542e-01 -2.191309e-04 2.004146e-04
1.124250e-01 4.457906e-04 2.019412e-04
1.126958e-01 -1.372490e-04 2.036121e-04
1.129666e-01 -8.649938e-05 2.043378e-04
1.132374e-01 1.045112e-04 2.080140e-04
1.135083e-01 3.430694e-04 2.101744e-04
1.137791e-01 -5.869009e-05 2.091189e-04
1.140499e-01 8.034892e-05 2.099934e-04
1.143207e-01 -3.226213e-04 2.133465e-04
1.145915e-01 -2.668407e-04 2.133063e-04
1.148623e-01 -1.686700e-04 2.170372e-04
1.151332e-01 -1.430809e-04 2.140553e-04
1.154040e-01 1.237914e-04 2.191036e-04
1.156748e-01 -5.228296e-04 2.193202e-04
1.159456e-01 1.845304e-04 2.201131e-04
1.162164e-01 2.689697e-04 2.212383e-04
1.164872e-01 -1.302101e-04 2.194809e-04
1.167580e-01 -4.513208e-04 2.251061e-04
1.170288e-01 5.637091e-04 2.245709e-04
1.172997e-01 -5.057789e-04 2.229711e-04
1.175705e-01 -1.990702e-04 2.256342e-04
1.178413e-01 -3.929194e-04 2.278817e-04
1.181121e-01 -3.069397e-04 2.255138e-04
1.183829e-01 2.046302e-04 2.207272e-04
1.186537e-01 -5.788598e-04 2.209692e-04
1.189246e-01 9.755976e-05 2.197541e-04
1.191954e-01 2.630055e-06 2.188644e-04
1.194662e-01 -3.979411e-04 2.198682e-04
1.197370e-01 -1.302212e-04 2.181497e-04
1.200078e-01 3.599301e-04 2.172995e-04
1.202786e-01 2.031196e-04 2.162925e-04
1.205494e-01 4.093815e-04 2.177444e-04
1.208202e-01 2.817307e-04 2.200572e-04
1.210911e-01 -2.537388e-04 2.162321e-04
1.213619e-01 -2.535991e-05 2.183110e-04
1.216327e-01 1.287404e-04 2.154374e-04
1.219035e-01 5.173869e-05 2.168234e-04
1.221743e-01 -2.916306e-04 2.165856e-04
1.224451e-01 1.015104e-04 2.161759e-04
1.227160e-01 -4.659034e-05 2.174200e-04
1.229868e-01 -5.066711e-04 2.160338e-04
1.232576e-01 -1.708902e-04 2.170660e-04
1.235284e-01 -4.155897e-04 2.195078e-04
1.237992e-01 -2.984591e-04 2.166760e-04
1.240700e-01 3.180839e-05 2.179216e-04
1.243408e-01 8.532032e-05 2.171360e-04
1.246117e-01 1.765974e-05 2.164875e-04
1.248825e-01 -4.582107e-07 2.169722e-04
1.251533e-01 -1.291707e-04 2.146157e-04
1.254241e-01 -1.909211e-06 2.172048e-04
1.256949e-01 -5.489960e-05 2.130009e-04
1.259657e-01 -9.911135e-06 2.142448e-04
1.262365e-01 2.624094e-04 2.131835e-04
1.265074e-01 -2.793800e-04 2.141348e-04
1.267782e-01 -2.626497e-04 2.138885e-04
1.270490e-01 -3.889799e-04 2.112351e-04
1.273198e-01 -1.666211e-04 2.136930e-04
1.275906e-01 -1.066308e-04 2.116461e-04
1.278614e-01 -5.867891e-05 2.121622e-04
1.281322e-01 4.188400e-04 2.117799e-04
1.284031e-01 -5.035885e-04 2.112315e-04
1.286739e-01 1.096111e-04 2.137794e-04
1.289447e-01 -6.390698e-04 2.116016e-04
1.292155e-01 4.800893e-04 2.133249e-04
1.294863e-01 3.801510e-04 2.115395e-04
1.297571e-01 -9.472109e-05 2.115751e-04
1.300279e-01 -4.272591e-04 2.108441e-04
1.302988e-01 -2.173595e-04 2.100797e-04
1.305696e-01 -1.574401e-04 2.104015e-04
1.308404e-01 -1.375992e-04 2.089030e-04
1.311112e-01 -1.469105e-04 2.118320e-04
1.313820e-01 -3.473200e-04 2.091955e-04
1.316528e-01 -2.834909e-04 2.110545e-04
1.319236e-01 2.782699e-04 2.086275e-04
1.321945e-01 -3.606100e-04 2.094917e-04
1.324653e-01 2.197921e-07 2.103037e-04
1.327361e-01 -1.835600e-04 2.097590e-04
1.330069e-01 -1.076404e-04 2.109949e-04
1.332777e-01 1.717601e-04 2.089395e-04
1.335485e-01 1.353957e-05 2.070259e-04
1.338193e-01 -9.695999e-05 2.111183e-04
1.340902e-01 7.013045e-05 2.074701e-04
1.343610e-01 -1.244191e-04 2.096221e-04
1.346318e-01 -1.339503e-04 2.074233e-04
1.349026e-01 7.779896e-05 2.076396e-04
1.351734e-01 -1.956187e-04 2.101851e-04
1.354442e-01 1.102090e-04 2.072014e-04
1.357151e-01 -1.641791e-04 2.103561e-04
1.359859e-01 6.024167e-05 2.070700e-04
1.362567e-01 -1.062080e-05 2.069944e-04
1.365275e-01 -8.071959e-05 2.061036e-04
1.367983e-01 -9.718910e-05 2.039731e-04
1.370691e-01 -8.046068e-05 2.085784e-04
1.373399e-01 -3.164411e-04 2.114185e-04
1.376107e-01 6.750226e-06 2.123541e-04
1.378816e-01 -5.461089e-05 2.146679e-04
1.381524e-01 1.277998e-04 2.133659e-04
1.384232e-01 1.683906e-04 2.178427e-04
1.386940e-01 1.688506e-04 2.161816e-04
1.389648e-01 -2.191700e-04 2.202992e-04
1.392356e-01 1.746006e-04 2.223437e-04
1.395064e-01 -1.093000e-05 2.195467e-04
1.397773e-01 8.361042e-05 2.216993e-04
1.400481e-01 -1.711026e-05 2.214297e-04
1.403189e-01 2.812389e-04 2.228569e-04
1.405897e-01 2.997499e-04 2.238768e-04
1.408605e-01 -2.318192e-04 2.244568e-04
1.411313e-01 -1.441892e-04 2.253815e-04
1.414021e-01 -2.030488e-04 2.253925e-04
1.416730e-01 4.634298e-04 2.286988e-04
1.419438e-01 -5.186908e-05 2.271167e-04
1.422146e-01 1.774207e-04 2.293149e-04
1.424854e-01 -4.314594e-04 2.277204e-04
1.427562e-01 -3.252197e-04 2.264620e-04
1.430270e-01 -2.603084e-04 2.278262e-04
1.432979e-01 -2.291612e-04 2.282486e-04
1.435687e-01 -7.116310e-04 2.292750e-04
1.438395e-01 -3.125500e-04 2.308006e-04
1.441103e-01 -4.681703e-04 2.319614e-04
1.443811e-01 -5.204901e-04 2.319902e-04
1.446519e-01 -4.306063e-05 2.328027e-04
1.449227e-01 -2.354998e-04 2.327265e-04
1.451935e-01 -7.380918e-05 2.330189e-04
1.454644e-01 -2.010204e-04 2.343638e-04
1.457352e-01 3.085807e-04 2.354091e-04
1.460060e-01 -1.418311e-04 2.340085e-04
1.462768e-01 -5.526207e-04 2.353541e-04
1.465476e-01 -3.312305e-04 2.360075e-04
1.468184e-01 -1.631398e-04 2.375421e-04
1.470892e-01 -5.801395e-04 2.368297e-04
1.473601e-01 -4.835054e-05 2.358030e-04
1.476309e-01 1.760945e-05 2.380022e-04
1.479017e-01 -4.204083e-04 2.369520e-04
1.481725e-01 -6.139204e-04 2.374766e-04
1.484433e-01 -3.046505e-04 2.346348e-04
1.487141e-01 -5.495902e-04 2.366369e-04
1.489850e-01 -3.626402e-04 2.354500e-04
1.492558e-01 -4.296415e-04 2.351560e-04
1.495266e-01 -3.070701e-04 2.371718e-04
1.497974e-01 -6.616116e-05 2.347409e-04
1.500682e-01 -2.872609e-04 2.362673e-04
1.503390e-01 -1.118500e-04 2.373154e-04
1.506098e-01 -5.396996e-04 2.354863e-04
1.508806e-01 -7.183105e-05 2.351124e-04
1.511515e-01 -4.797205e-04 2.335813e-04
1.514223e-01 -2.516508e-04 2.380281e-04
1.516931e-01 -1.296904e-04 2.345461e-04
1.519639e-01 -7.333979e-05 2.354761e-04
1.522347e-01 -3.068205e-04 2.385201e-04
1.525055e-01 9.449944e-05 2.347291e-04
1.527763e-01 -1.210906e-04 2.373540e-04
1.530472e-01 -2.572201e-04 2.368689e-04
1.533180e-01 -4.041288e-04 2.367546e-04
1.535888e-01 -1.960993e-05 2.364239e-04
1.538596e-01 6.381981e-05 2.381531e-04
1.541304e-01 1.002699e-04 2.392154e-04
1.544012e-01 2.152845e-05 2.357267e-04
1.546721e-01 -3.651213e-04 2.390301e-04
1.549429e-01 -2.202801e-04 2.388502e-04
1.552137e-01 8.898973e-05 2.377678e-04
1.554845e-01 -1.399200e-04 2.377845e-04
1.557553e-01 -3.301315e-04 2.382998e-04
1.560261e-01 -1.487397e-04 2.377319e-04
1.562969e-01 -1.557898e-04 2.364597e-04
1.565678e-01 7.334910e-05 2.367537e-04
1.568386e-01 -7.835031e-05 2.390364e-04
1.571094e-01 -5.945005e-05 2.403611e-04
1.573802e-01 -2.826788e-04 2.365692e-04
1.576510e-01 1.717098e-04 2.363317e-04
1.579218e-01 -1.195893e-04 2.371385e-04
1.581926e-01 -3.008172e-05 2.385051e-04
1.584634e-01 6.616861e-05 2.365872e-04
1.587343e-01 -3.769603e-04 2.347243e-04
1.590051e-01 1.914408e-04 2.378340e-04
1.592759e-01 4.797988e-05 2.371534e-04
1.595467e-01 5.473010e-05 2.387353e-04
1.598175e-01 1.719203e-04 2.357615e-04
1.600883e-01 -7.000789e-04 2.342953e-04
1.603591e-01 -1.737308e-04 2.350583e-04
1.606300e-01 4.306994e-05 2.346472e-04
1.609008e-01 -2.915598e-04 2.338577e-04
1.611716e-01 -1.929197e-04 2.358001e-04
1.614424e-01 -1.271795e-04 2.326435e-04
1.617132e-01 -5.727801e-04 2.355378e-04
1.619840e-01 -1.680106e-06 2.354971e-04
1.622549e-01 -5.942024e-05 2.350172e-04
1.625257e-01 -5.383603e-04 2.344560e-04
1.627965e-01 -3.803186e-04 2.330232e-04
1.630673e-01 -3.646594e-04 2.351662e-04
1.633381e-01 -8.708052e-05 2.342846e-04
1.636089e-01 -3.033690e-04 2.356347e-04
1.638797e-01 -2.274103e-04 2.367746e-04
1.641506e-01 -1.207609e-04 2.356970e-04
1.644214e-01 1.197308e-04 2.358684e-04
1.646922e-01 1.164898e-05 2.341757e-04
1.649630e-01 -7.954054e-05 2.352474e-04
1.652338e-01 2.028309e-04 2.386352e-04
1.655046e-01 -2.408903e-04 2.356137e-04
1.657754e-01 -3.053900e-04 2.352725e-04
1.660462e-01 -1.148414e-04 2.365798e-04
1.663171e-01 -9.807013e-05 2.359090e-04
1.665879e-01 -1.418106e-04 2.338091e-04
1.668587e-01 -3.561005e-05 2.367691e-04
1.671295e-01 -4.228689e-04 2.363664e-04
1.674003e-01 1.470298e-04 2.368303e-04
1.676711e-01 -2.060588e-04 2.438810e-04
1.679420e-01 -1.833085e-04 2.488076e-04
1.682128e-01 -3.124401e-04 2.501367e-04
1.684836e-01 5.727075e-05 2.545855e-04
1.687544e-01 4.402921e-05 2.558648e-04
1.690252e-01 -1.840685e-04 2.597107e-04
1.692960e-01 -1.826696e-04 2.564758e-04
1.695668e-01 5.699135e-05 2.602879e-04
1.698377e-01 2.796017e-05 2.620783e-04
1.701085e-01 -1.498405e-04 2.664919e-04
1.703793e-01 2.858806e-04 2.700894e-04
1.706501e-01 -7.116795e-04 2.677621e-04
1.709209e-01 -4.173294e-04 2.731824e-04
1.711917e-01 -1.683999e-04 2.716012e-04
1.714625e-01 -1.005903e-04 2.737387e-04
1.717333e-01 -4.523806e-04 2.768582e-04
1.720042e-01 -3.665891e-04 2.793848e-04
1.722750e-01 -2.779998e-05 2.827714e-04
1.725458e-01 -2.050307e-04 2.794855e-04
1.728166e-01 1.374688e-04 2.829016e-04
1.730874e-01 -2.475400e-04 2.866453e-04
1.733582e-01 3.020093e-05 2.881192e-04
1.736291e-01 -3.714710e-04 2.925940e-04
1.738999e-01 -2.370588e-04 2.852897e-04
1.741707e-01 -1.370702e-04 2.964120e-04
1.744415e-01 -4.343297e-04 2.964551e-04
1.747123e-01 -1.946203e-04 2.974633e-04
1.749831e-01 -1.788586e-04 2.847707e-04
1.752539e-01 -2.473891e-04 2.783448e-04
1.755248e-01 -2.934895e-04 2.789844e-04
1.757956e-01 -3.143102e-04 2.740250e-04
1.760664e-01 -7.210486e-04 2.762920e-04
1.763372e-01 9.920448e-06 2.736539e-04
1.766080e-01 3.367197e-04 2.749103e-04
1.768788e-01 -4.578009e-04 2.757680e-04
1.771496e-01 -7.152893e-04 2.669773e-04
1.774205e-01 -3.500897e-04 2.711288e-04
1.776913e-01 -1.755804e-04 2.674082e-04
1.779621e-01 -3.633611e-04 2.673492e-04
1.782329e-01 -2.758112e-04 2.677928e-04
1.785037e-01 -4.537199e-04 2.616081e-04
1.787745e-01 -1.833402e-04 2.680621e-04
1.790453e-01 -4.917588e-04 2.635349e-04
1.793161e-01 -3.923886e-04 2.623262e-04
1.795870e-01 -2.813414e-04 2.609597e-04
1.798578e-01 -2.615005e-04 2.619662e-04
1.801286e-01 -5.291402e-04 2.609485e-04
1.803994e-01 -1.364201e-04 2.573464e-04
1.806702e-01 -3.920700e-04 2.587780e-04
1.809410e-01 2.929009e-05 2.577768e-04
1.812119e-01 -3.497209e-04 2.554139e-04
1.814827e-01 -6.288197e-04 2.572204e-04
1.817535e-01 2.507102e-04 2.554485e-04
1.820243e-01 -5.139038e-06 2.562106e-04
1.822951e-01 -1.968089e-04 2.571281e-04
1.825659e-01 -6.510802e-04 2.565789e-04
1.828367e-01 -5.811583e-04 2.559338e-04
1.831076e-01 1.785699e-04 2.532928e-04
1.833784e-01 -2.754889e-04 2.575004e-04
1.836492e-01 -3.798101e-04 2.538738e-04
1.839200e-01 -1.762491e-04 2.544114e-04
1.841908e-01 -9.120200e-04 2.558819e-04
1.844616e-01 -5.960893e-04 2.550126e-04
1.847324e-01 -1.730993e-04 2.553657e-04
1.850033e-01 -3.095195e-04 2.512307e-04
1.852741e-01 -2.481602e-04 2.545077e-04
1.855449e-01 -4.499499e-04 2.531801e-04
1.858157e-01 -5.910508e-04 2.550642e-04
1.860865e-01 -1.143105e-05 2.559320e-04
1.863573e-01 -2.223998e-05 2.519998e-04
1.866281e-01 -5.768389e-04 2.547837e-04
1.868990e-01 -3.494900e-04 2.536439e-04
1.871698e-01 6.030872e-05 2.544061e-04
1.874406e-01 -5.399399e-04 2.553119e-04
1.877114e-01 -4.795808e-04 2.509045e-04
1.879822e-01 -1.789499e-04 2.566567e-04
1.882530e-01 -5.047955e-05 2.522640e-04
1.885238e-01 -5.342402e-04 2.517289e-04
1.887947e-01 -2.296995e-04 2.524737e-04
1.890655e-01 -3.789198e-04 2.535470e-04
1.893363e-01 -2.335943e-05 2.527501e-04
1.896071e-01 -3.352705e-04 2.497283e-04
1.898779e-01 -4.672501e-04 2.538279e-04
1.901487e-01 -2.988987e-05 2.501513e-04
1.904195e-01 -4.771296e-04 2.515746e-04
1.906904e-01 -2.324209e-04 2.542596e-04
1.909612e-01 -5.367510e-04 2.485565e-04
1.912320e-01 -1.016892e-04 2.534668e-04
1.915028e-01 -1.290888e-04 2.493948e-04
1.917736e-01 1.147911e-04 2.520733e-04
1.920444e-01 -3.094207e-04 2.530255e-04
1.923153e-01 -2.070908e-04 2.487403e-04
1.925861e-01 -4.617702e-04 2.530959e-04
1.928569e-01 -5.563013e-04 2.529655e-04
1.931277e-01 -5.640704e-04 2.521814e-04
1.933985e-01 3.486872e-05 2.513648e-04
1.936693e-01 -1.964699e-04 2.522289e-04
1.939401e-01 1.941901e-04 2.520641e-04
1.942109e-01 -1.994800e-04 2.500538e-04
1.944818e-01 -3.406033e-05 2.525935e-04
1.947526e-01 -3.488790e-04 2.517997e-04
1.950234e-01 -4.016198e-04 2.510697e-04
1.952942e-01 -9.248964e-05 2.511952e-04
1.955650e-01 4.394166e-05 2.500924e-04
1.958358e-01 -1.206100e-04 2.535810e-04
1.961066e-01 -6.837025e-05 2.512688e-04
1.963775e-01 1.788102e-04 2.508093e-04
1.966483e-01 -4.121698e-04 2.507670e-04
1.969191e-01 -2.091788e-04 2.522264e-04
1.971899e-01 -2.631303e-04 2.505260e-04
1.974607e-01 -2.102386e-04 2.516510e-04
1.977315e-01 -2.928693e-04 2.509692e-04
1.980023e-01 9.176135e-05 2.478612e-04
1.982732e-01 -4.619360e-06 2.510644e-04
1.985440e-01 6.473996e-05 2.514561e-04
1.988148e-01 -1.025293e-04 2.521670e-04
1.990856e-01 -1.336597e-04 2.502455e-04
1.993564e-01 -3.496502e-04 2.511616e-04
1.996272e-01 -2.878699e-04 2.521823e-04
1.998980e-01 -1.756903e-04 2.491465e-04
2.001689e-01 6.120652e-06 2.464313e-04
2.004397e-01 -5.285405e-04 2.460974e-04
2.007105e-01 -2.499800e-04 2.495670e-04
2.009813e-01 -5.539395e-04 2.494974e-04
2.012521e-01 3.289301e-04 2.480408e-04
2.015229e-01 7.724017e-05 2.501873e-04
2.017937e-01 -3.388207e-04 2.499381e-04
2.020646e-01 -2.945308e-04 2.478097e-04
2.023354e-01 -3.660806e-04 2.473904e-04
2.026062e-01 -1.479704e-04 2.466557e-04
2.028770e-01 -2.621114e-05 2.504941e-04
2.031478e-01 -3.401898e-04 2.473525e-04
2.034186e-01 2.055001e-04 2.483764e-04
2.036894e-01 -5.244408e-04 2.484103e-04
2.039603e-01 6.944872e-05 2.477379e-04
2.042311e-01 -4.984401e-04 2.468242e-04
2.045019e-01 -1.122598e-04 2.455762e-04
2.047727e-01 -1.657698e-04 2.451405e-04
2.050435e-01 -7.240102e-06 2.453588e-04
2.053143e-01 3.769901e-04 2.483552e-04
2.055852e-01 1.548994e-04 2.444064e-04
2.058560e-01 1.764186e-04 2.441655e-04
2.061268e-01 -6.960090e-04 2.438794e-04
2.063976e-01 -3.657695e-04 2.456026e-04
2.066684e-01 -4.613511e-04 2.429055e-04
2.069392e-01 -1.340713e-04 2.439372e-04
2.072100e-01 -1.718588e-04 2.448845e-04
2.074808e-01 -4.314985e-04 2.448506e-04
2.077517e-01 2.122410e-04 2.433260e-04
2.080225e-01 -8.260291e-04 2.442149e-04
2.082933e-01 -2.552196e-04 2.418255e-04
2.085641e-01 -2.613291e-04 2.405480e-04
2.088349e-01 -5.244184e-04 2.461399e-04
2.091057e-01 -9.229798e-04 2.417554e-04
2.093765e-01 -3.445502e-04 2.427731e-04
2.096474e-01 -2.711099e-04 2.419191e-04
2.099182e-01 1.563877e-05 2.438869e-04
2.101890e-01 -5.023815e-04 2.402530e-04
2.104598e-01 -1.160000e-04 2.417325e-04
2.107306e-01 1.704488e-04 2.442605e-04
2.110014e-01 -6.903801e-04 2.422075e-04
2.112723e-01 -3.471896e-04 2.423167e-04
2.115431e-01 -7.651001e-04 2.422305e-04
2.118139e-01 -4.875995e-04 2.437845e-04
2.120847e-01 -8.221306e-04 2.427857e-04
2.123555e-01 -4.534908e-04 2.455064e-04
2.126263e-01 -1.256000e-04 2.432403e-04
2.128971e-01 9.406917e-05 2.427436e-04
2.131680e-01 2.678204e-04 2.430339e-04
2.134388e-01 -3.229901e-04 2.435187e-04
2.137096e-01 -3.650617e-04 2.425006e-04
2.139804e-01 6.890111e-05 2.430153e-04
2.142512e-01 -2.486408e-04 2.432089e-04
2.145220e-01 -3.826898e-04 2.414353e-04
2.147928e-01 -3.352109e-04 2.424933e-04
2.150636e-01 -5.359594e-04 2.421056e-04
2.153345e-01 1.986884e-05 2.450407e-04
2.156053e-01 -4.122294e-04 2.407588e-04
2.158761e-01 -3.848206e-04 2.435043e-04
2.161469e-01 -3.120899e-04 2.436814e-04
2.164177e-01 -5.527306e-04 2.425361e-04
2.166885e-01 -7.050000e-04 2.438995e-04
2.169593e-01 -2.630055e-05 2.430371e-04
2.172302e-01 -2.634004e-04 2.453165e-04
2.175010e-01 -3.024191e-04 2.438584e-04
2.177718e-01 -3.588200e-04 2.436011e-04
2.180426e-01 4.073046e-05 2.433774e-04
2.183134e-01 6.109476e-06 2.429254e-04
2.185842e-01 -3.303587e-04 2.430486e-04
2.188551e-01 -4.323088e-04 2.419062e-04
2.191259e-01 3.073607e-04 2.435890e-04
2.193967e-01 1.098998e-04 2.421176e-04
2.196675e-01 -2.304800e-04 2.427333e-04
2.199383e-01 -2.221800e-04 2.414347e-04
2.202091e-01 -3.414005e-04 2.409152e-04
2.204799e-01 -1.459103e-04 2.400368e-04
2.207507e-01 -6.523095e-04 2.415666e-04
2.210216e-01 7.570907e-05 2.402929e-04
2.212924e-01 -4.081503e-04 2.406923e-04
2.215632e-01 6.729737e-06 2.410727e-04
2.218340e-01 2.901070e-05 2.385790e-04
2.221048e-01 -1.824312e-04 2.376148e-04
2.223756e-01 -4.819408e-04 2.389646e-04
2.226464e-01 -1.859087e-04 2.387207e-04
2.229173e-01 -1.801308e-04 2.386020e-04
2.231881e-01 -4.385710e-04 2.382885e-04
2.234589e-01 -8.230414e-04 2.382644e-04
2.237297e-01 -3.242008e-04 2.381560e-04
2.240005e-01 1.756400e-04 2.392320e-04
2.242713e-01 -5.994607e-04 2.380957e-04
2.245422e-01 -2.944302e-04 2.391724e-04
2.248130e-01 -4.103910e-04 2.398263e-04
2.250838e-01 -2.311505e-04 2.360235e-04
2.253546e-01 -6.381609e-04 2.382427e-04
2.256254e-01 -5.130302e-04 2.402651e-04
2.258962e-01 -1.151785e-04 2.386338e-04
2.261670e-01 -8.239970e-05 2.474459e-04
2.264379e-01 2.389401e-04 2.526441e-04
2.267087e-01 -2.146140e-05 2.582002e-04
2.269795e-01 -1.709908e-06 2.592193e-04
2.272503e-01 4.016049e-05 2.608718e-04
2.275211e-01 -3.743600e-04 2.653343e-04
2.277919e-01 -2.230890e-05 2.659796e-04
2.280627e-01 -6.299093e-05 2.719477e-04
2.283335e-01 -5.712919e-05 2.734819e-04
2.286044e-01 -2.893284e-04 2.737714e-04
2.288752e-01 -1.692306e-04 2.787613e-04
2.291460e-01 -7.429197e-04 2.805659e-04
2.294168e-01 -2.985187e-04 2.872715e-04
2.296876e-01 -4.556701e-04 2.880742e-04
2.299584e-01 -2.302509e-04 2.877706e-04
2.302293e-01 3.153794e-04 2.910100e-04
2.305001e-01 -1.219604e-04 2.954752e-04
2.307709e-01 -6.294716e-04 2.978871e-04
2.310417e-01 8.250028e-05 2.958461e-04
2.313125e-01 -3.624801e-04 3.003046e-04
2.315833e-01 -4.233699e-04 3.057663e-04
2.318541e-01 -7.885788e-04 3.043722e-04
2.321250e-01 -4.976317e-04 3.067678e-04
2.323958e-01 -2.042111e-04 3.087831e-04
2.326666e-01 -3.617015e-04 3.138820e-04
2.329374e-01 -6.776694e-04 3.166502e-04
2.332082e-01 1.257304e-04 3.174985e-04
2.334790e-01 -5.397014e-04 3.194844e-04
2.337498e-01 1.440588e-04 3.258702e-04
2.340207e-01 -1.240205e-04 3.311802e-04
2.342915e-01 -5.424786e-04 3.226620e-04
2.345623e-01 -7.143710e-04 3.316146e-04
2.348331e-01 -4.480015e-04 3.321043e-04
2.351039e-01 1.079012e-04 3.343660e-04
2.353747e-01 3.468990e-05 3.367564e-04
2.356455e-01 2.085604e-04 3.426679e-04
2.359163e-01 3.339797e-04 3.431318e-04
2.361872e-01 1.346599e-04 3.464733e-04
2.364580e-01 -2.237204e-04 3.501675e-04
2.367288e-01 -2.132095e-04 3.500140e-04
2.369996e-01 4.113894e-04 3.527851e-04
2.372704e-01 -9.340048e-05 3.648065e-04
2.375412e-01 9.464100e-05 3.632034e-04
2.378121e-01 -5.303398e-04 3.704369e-04
2.380829e-01 -1.366697e-04 3.597330e-04
2.383537e-01 -3.689509e-04 3.702509e-04
2.386245e-01 -7.070508e-04 3.824984e-04
2.388953e-01 -3.239606e-04 3.762732e-04
2.391661e-01 -8.817017e-05 3.814492e-04
2.394369e-01 -1.765694e-04 3.821839e-04
2.397078e-01 -5.178507e-04 3.911910e-04
2.399786e-01 -2.294797e-04 3.936725e-04
2.402494e-01 1.368504e-04 3.994455e-04
2.405202e-01 -5.956814e-04 4.016183e-04
2.407910e-01 -4.943013e-04 4.049177e-04
2.410618e-01 3.540292e-04 4.062490e-04
2.413326e-01 3.143791e-04 4.166400e-04
2.416034e-01 4.302710e-07 4.170775e-04
2.418743e-01 3.581997e-04 4.282238e-04
2.421451e-01 3.166404e-04 4.316814e-04
2.424159e-01 -6.655697e-04 4.338483e-04
2.426867e-01 -9.115040e-05 4.328464e-04
2.429575e-01 -1.719389e-04 4.445198e-04
2.432283e-01 1.445208e-04 4.598003e-04
2.434992e-01 -5.388614e-04 4.552713e-04
2.437700e-01 -5.495697e-04 4.521687e-04
2.440408e-01 2.918802e-04 4.691365e-04
2.443116e-01 -6.864704e-04 4.735510e-04
2.445824e-01 -1.513213e-04 4.705415e-04
2.448532e-01 2.275985e-04 4.763463e-04
2.451240e-01 -1.053579e-03 4.950785e-04
2.453949e-01 1.587290e-04 5.006728e-04
2.456657e-01 -5.565956e-05 5.143844e-04
2.459365e-01 6.240048e-05 5.049916e-04
2.462073e-01 -4.182998e-04 5.122431e-04
2.464781e-01 -8.792412e-04 5.193657e-04
2.467489e-01 3.771000e-04 5.390737e-04
2.470197e-01 1.560301e-04 5.365852e-04
2.472906e-01 -1.778100e-04 5.446544e-04
2.475614e-01 -5.925186e-04 5.590986e-04
2.478322e-01 -2.922509e-04 5.790065e-04
2.481030e-01 -7.975511e-04 5.802365e-04
2.483738e-01 -5.962513e-04 5.744601e-04
2.486446e-01 -3.834292e-04 6.107914e-04
2.489154e-01 1.856180e-03 6.485346e-04
2.491863e-01 2.408400e-04 6.362440e-04
2.494571e-01 -2.539493e-04 6.313613e-04
2.497279e-01 -9.443611e-04 6.539120e-04
2.499987e-01 6.694198e-04 6.939967e-04
2.502695e-01 -6.837901e-04 6.784336e-04
2.505403e-01 3.598407e-04 7.295986e-04
2.508111e-01 -2.000241e-03 7.155985e-04
2.510819e-01 -2.277605e-04 7.525168e-04
2.513528e-01 -1.446160e-03 7.560892e-04
2.516236e-01 3.704987e-05 7.751416e-04
2.518944e-01 -3.006384e-04 7.924802e-04
2.521652e-01 -1.604408e-04 8.665152e-04
2.524360e-01 1.084115e-04 8.750280e-04
2.527068e-01 9.696092e-04 8.489379e-04
2.529776e-01 -1.253130e-03 8.939425e-04
2.532485e-01 2.024397e-04 9.455910e-04
2.535193e-01 -1.774915e-05 9.398766e-04
2.537901e-01 -1.017671e-03 9.690169e-04
2.540609e-01 -2.298802e-04 9.624369e-04
2.543317e-01 1.316221e-03 1.002088e-03
2.546025e-01 -1.044210e-03 1.058935e-03
2.548733e-01 -1.374090e-03 1.099456e-03
2.551441e-01 -6.094947e-05 1.148565e-03
2.554150e-01 4.871488e-04 1.163827e-03
2.556858e-01 -8.159205e-04 1.210898e-03
2.559566e-01 -9.480864e-06 1.281416e-03
2.562274e-01 -4.498996e-04 1.405526e-03
2.564982e-01 8.809492e-04 1.491638e-03
2.567690e-01 -5.543493e-04 1.661252e-03
2.570398e-01 1.512300e-04 1.842531e-03
2.573107e-01 8.408893e-04 1.902269e-03
2.575815e-01 2.134591e-04 2.865786e-03
2.578523e-01 -1.460761e-03 3.704573e-03
2.581231e-01 1.077405e-02 4.602893e-03
