3.286826e-03 -1.207042e-01 0.000000e+00
3.557641e-03 -5.301380e-02 8.076334e-02
3.828455e-03 -8.373022e-02 4.908016e-02
4.099269e-03 -5.407095e-03 3.728161e-02
4.370084e-03 -2.533793e-02 2.748336e-02
4.640898e-03 -5.639076e-03 1.898890e-02
4.911712e-03 -2.271402e-02 1.600257e-02
5.182527e-03 -1.505709e-02 1.248884e-02
5.453341e-03 -2.812028e-03 1.125789e-02
5.724155e-03 -8.036017e-03 8.499433e-03
5.994970e-03 -9.953976e-03 7.527424e-03
6.265784e-03 1.996160e-04 6.396962e-03
6.536598e-03 -6.905079e-03 5.264088e-03
6.807412e-03 -7.060647e-03 4.803917e-03
7.078227e-03 -8.356929e-03 4.145281e-03
7.349041e-03 -2.949178e-03 3.624164e-03
7.619855e-03 -4.527926e-03 3.171075e-03
7.890671e-03 -4.222602e-03 2.858522e-03
8.161485e-03 -2.979696e-03 2.727642e-03
8.432299e-03 -5.170196e-03 2.434774e-03
8.703114e-03 1.786083e-03 2.209916e-03
8.973928e-03 -1.998395e-03 1.973668e-03
9.244742e-03 -1.201794e-03 1.853091e-03
9.515557e-03 -4.612997e-03 1.685376e-03
9.786371e-03 -9.502023e-04 1.602390e-03
1.005718e-02 -1.272708e-03 1.534809e-03
1.032800e-02 -4.056007e-03 1.397405e-03
1.059881e-02 -7.628053e-04 1.356070e-03
1.086963e-02 2.879053e-04 1.274342e-03
1.114044e-02 -3.225952e-04 1.206620e-03
1.141126e-02 -4.440993e-04 1.159303e-03
1.168207e-02 -1.213700e-03 1.095961e-03
1.195289e-02 3.738999e-04 1.025178e-03
1.222370e-02 2.118699e-03 9.798915e-04
1.249451e-02 1.378998e-03 9.263963e-04
1.276533e-02 3.653392e-04 8.981827e-04
1.303614e-02 -7.142946e-04 8.755971e-04
1.330696e-02 -1.624301e-04 8.202071e-04
1.357777e-02 1.615964e-03 7.828403e-04
1.384859e-02 9.622723e-04 7.492927e-04
1.411940e-02 6.225407e-04 7.292825e-04
1.439021e-02 1.326002e-03 6.963909e-04
1.466103e-02 3.868118e-04 6.786835e-04
1.493184e-02 1.139566e-04 6.680580e-04
1.520266e-02 -2.598912e-04 6.510029e-04
1.547347e-02 -9.539723e-04 6.243911e-04
1.574429e-02 2.434775e-04 6.023602e-04
1.601510e-02 5.637296e-04 5.946893e-04
1.628591e-02 -1.867823e-04 5.845285e-04
1.655673e-02 -6.832890e-04 5.647326e-04
1.682754e-02 9.125397e-04 5.581695e-04
1.709836e-02 1.356501e-03 5.431133e-04
1.736917e-02 1.385842e-03 5.296663e-04
1.763999e-02 5.808398e-04 5.209970e-04
1.791080e-02 -2.538115e-04 5.028985e-04
1.818161e-02 -3.780909e-04 5.090183e-04
1.845243e-02 -6.383397e-04 5.095979e-04
1.872324e-02 2.414882e-04 4.974641e-04
1.899406e-02 3.407113e-04 4.900466e-04
1.926487e-02 -5.214810e-04 4.965785e-04
1.953569e-02 -3.846399e-04 4.832521e-04
1.980650e-02 -6.529428e-04 4.860961e-04
2.007731e-02 -4.313700e-04 4.723851e-04
2.034813e-02 5.122684e-04 4.748936e-04
2.061894e-02 2.528504e-04 4.661106e-04
2.088976e-02 6.171316e-04 4.619079e-04
2.116057e-02 1.540594e-04 4.624288e-04
2.143139e-02 8.019507e-04 4.541954e-04
2.170220e-02 -8.336082e-05 4.513613e-04
2.197302e-02 -3.753304e-04 4.488046e-04
2.224383e-02 6.652251e-05 4.382367e-04
2.251465e-02 -5.505010e-04 4.304840e-04
2.278546e-02 1.974627e-04 4.208958e-04
2.305627e-02 -1.092255e-05 4.194098e-04
2.332709e-02 -6.757900e-04 4.115648e-04
2.359790e-02 6.814003e-04 4.051679e-04
2.386872e-02 9.372123e-04 4.011233e-04
2.413953e-02 1.678988e-05 3.957307e-04
2.441034e-02 6.417781e-04 3.909229e-04
2.468116e-02 -2.258010e-04 3.856934e-04
2.495197e-02 5.211681e-06 3.821640e-04
2.522279e-02 3.798194e-04 3.809495e-04
2.549360e-02 1.236539e-03 3.755580e-04
2.576442e-02 1.514181e-04 3.695231e-04
2.603523e-02 6.689727e-04 3.674615e-04
2.630604e-02 3.290214e-04 3.635536e-04
2.657686e-02 -3.346093e-04 3.649226e-04
2.684767e-02 1.161806e-04 3.532005e-04
2.711849e-02 8.352101e-06 3.530092e-04
2.738930e-02 -4.434101e-04 3.499927e-04
2.766012e-02 -3.100894e-04 3.471668e-04
2.793093e-02 3.940091e-04 3.484776e-04
2.820175e-02 -3.047287e-06 3.353929e-04
2.847256e-02 -1.635514e-04 3.393912e-04
2.874337e-02 -2.356395e-04 3.362015e-04
2.901419e-02 -5.692318e-04 3.312193e-04
2.928500e-02 9.774044e-05 3.283683e-04
2.955582e-02 7.145591e-04 3.224578e-04
2.982663e-02 4.305393e-04 3.225737e-04
3.009745e-02 5.310625e-04 3.225386e-04
3.036826e-02 4.455820e-05 3.159993e-04
3.063907e-02 -6.911904e-05 3.164125e-04
3.090989e-02 5.459785e-05 3.147432e-04
3.118070e-02 8.545071e-05 3.138049e-04
3.145152e-02 -8.599795e-04 3.104159e-04
3.172233e-02 -3.008172e-05 3.092125e-04
3.199315e-02 -2.588071e-04 3.071223e-04
3.226396e-02 2.348721e-04 3.040345e-04
3.253478e-02 -2.816916e-04 3.059385e-04
3.280559e-02 -4.868954e-06 2.998418e-04
3.307641e-02 -2.373196e-04 3.023826e-04
3.334722e-02 -2.611428e-06 2.975665e-04
3.361803e-02 2.683401e-04 2.988443e-04
3.388885e-02 -5.963594e-04 2.919910e-04
3.415966e-02 1.292191e-04 2.933973e-04
3.443048e-02 -4.592203e-04 2.946898e-04
3.470129e-02 -7.747896e-04 2.930524e-04
3.497211e-02 6.913021e-05 2.906720e-04
3.524292e-02 -1.108907e-04 2.862087e-04
3.551374e-02 3.586300e-04 2.885893e-04
3.578455e-02 9.490177e-05 2.853907e-04
3.605536e-02 3.737211e-04 2.833202e-04
3.632618e-02 1.861006e-04 2.833556e-04
3.659699e-02 2.487004e-05 2.807721e-04
3.686780e-02 2.882779e-04 2.833005e-04
3.713862e-02 2.550296e-04 2.766203e-04
3.740944e-02 5.472489e-04 2.752477e-04
3.768025e-02 2.068281e-04 2.738587e-04
3.795106e-02 1.976900e-04 2.729555e-04
3.822188e-02 1.864024e-04 2.747810e-04
3.849269e-02 -6.845966e-05 2.690563e-04
3.876351e-02 1.331791e-04 2.686484e-04
3.903432e-02 2.917387e-04 2.690924e-04
3.930514e-02 6.236397e-04 2.678335e-04
3.957595e-02 -1.497939e-05 2.672302e-04
3.984676e-02 4.958399e-04 2.642712e-04
4.011758e-02 -1.959503e-06 2.657015e-04
4.038839e-02 1.691915e-04 2.609953e-04
4.065921e-02 8.817017e-05 2.610223e-04
4.093002e-02 -3.298000e-05 2.610727e-04
4.120084e-02 5.925316e-04 2.575070e-04
4.147165e-02 1.954809e-04 2.601420e-04
4.174246e-02 -1.300201e-04 2.580598e-04
4.201328e-02 -2.479609e-04 2.576972e-04
4.228409e-02 4.480034e-05 2.571066e-04
4.255491e-02 4.157797e-05 2.540378e-04
4.282572e-02 -1.469385e-04 2.554797e-04
4.309653e-02 1.729988e-04 2.511791e-04
4.336735e-02 -2.906509e-04 2.512300e-04
4.363817e-02 -4.756078e-05 2.538251e-04
4.390898e-02 3.937706e-04 2.499129e-04
4.417979e-02 -2.069306e-04 2.485943e-04
4.445061e-02 -2.726112e-04 2.474153e-04
4.472142e-02 9.649992e-05 2.460047e-04
4.499224e-02 -3.989991e-04 2.485671e-04
4.526305e-02 3.996491e-04 2.460368e-04
4.553387e-02 1.248810e-04 2.427097e-04
4.580468e-02 3.707968e-05 2.444711e-04
4.607549e-02 -8.260831e-05 2.424453e-04
4.634631e-02 1.680888e-04 2.405312e-04
4.661712e-02 3.962964e-05 2.422248e-04
4.688794e-02 -2.123881e-04 2.414899e-04
4.715875e-02 2.598017e-04 2.386101e-04
4.742957e-02 -1.002308e-04 2.374101e-04
4.770038e-02 -9.669922e-05 2.356172e-04
4.797119e-02 -6.451290e-04 2.358409e-04
4.824201e-02 -3.699306e-04 2.343643e-04
4.851282e-02 -5.017966e-05 2.362093e-04
4.878364e-02 2.192799e-04 2.344952e-04
4.905445e-02 3.676210e-04 2.333639e-04
4.932526e-02 1.131613e-04 2.325696e-04
4.959608e-02 -1.260079e-05 2.319352e-04
4.986690e-02 1.080614e-04 2.336416e-04
5.013771e-02 -7.286854e-05 2.296547e-04
5.040852e-02 -3.133100e-04 2.290669e-04
5.067934e-02 -5.793944e-05 2.296423e-04
5.095015e-02 1.853146e-05 2.296128e-04
5.122096e-02 -2.988297e-04 2.276577e-04
5.149178e-02 -1.048800e-04 2.273335e-04
5.176260e-02 -5.690008e-05 2.266941e-04
5.203341e-02 2.129897e-04 2.279778e-04
5.230422e-02 4.835892e-04 2.228703e-04
5.257504e-02 2.675913e-04 2.261995e-04
5.284585e-02 3.462210e-04 2.234261e-04
5.311667e-02 3.456101e-04 2.236938e-04
5.338748e-02 1.912713e-04 2.282010e-04
5.365830e-02 3.186800e-04 2.261828e-04
5.392911e-02 9.728037e-05 2.271499e-04
5.419992e-02 -2.110004e-05 2.287194e-04
5.447074e-02 -5.448982e-05 2.275119e-04
5.474155e-02 1.946706e-04 2.305957e-04
5.501237e-02 2.337601e-04 2.313355e-04
5.528318e-02 7.691588e-04 2.372056e-04
5.555400e-02 1.626089e-05 2.377923e-04
5.582481e-02 -2.032891e-04 2.371653e-04
5.609563e-02 -3.523193e-04 2.387814e-04
5.636644e-02 3.041402e-04 2.404506e-04
5.663725e-02 -1.385994e-05 2.409205e-04
5.690807e-02 -2.535488e-04 2.422246e-04
5.717888e-02 3.854595e-04 2.389750e-04
5.744969e-02 -5.431697e-04 2.407619e-04
5.772051e-02 -3.350899e-05 2.430001e-04
5.799133e-02 3.078021e-05 2.414336e-04
5.826214e-02 1.944415e-04 2.430037e-04
5.853295e-02 2.244189e-04 2.438472e-04
5.880377e-02 7.791072e-05 2.434517e-04
5.907458e-02 4.969798e-04 2.431587e-04
5.934540e-02 -1.173392e-04 2.430321e-04
5.961621e-02 -4.841611e-04 2.432574e-04
5.988703e-02 -2.305396e-04 2.453449e-04
6.015784e-02 4.488993e-04 2.468823e-04
6.042865e-02 2.276395e-04 2.459875e-04
6.069947e-02 -3.299303e-04 2.386937e-04
6.097028e-02 1.196004e-05 2.408431e-04
6.124110e-02 -2.314411e-04 2.366195e-04
6.151191e-02 -4.246794e-04 2.376115e-04
6.178273e-02 -4.595146e-05 2.376495e-04
6.205354e-02 8.821860e-05 2.368671e-04
6.232436e-02 1.223907e-04 2.359386e-04
6.259517e-02 3.238600e-04 2.328798e-04
6.286598e-02 1.367386e-04 2.331055e-04
6.313679e-02 3.651902e-04 2.340299e-04
6.340761e-02 -6.255601e-04 2.305138e-04
6.367842e-02 2.895296e-04 2.303226e-04
6.394923e-02 2.063513e-04 2.295528e-04
6.422005e-02 2.712496e-04 2.332974e-04
6.449086e-02 5.859137e-05 2.318205e-04
6.476168e-02 3.289804e-04 2.291448e-04
6.503250e-02 -2.304595e-04 2.303591e-04
6.530331e-02 1.249835e-06 2.300027e-04
6.557412e-02 -2.255011e-04 2.279582e-04
6.584494e-02 2.904404e-04 2.286429e-04
6.611575e-02 1.937412e-04 2.280302e-04
6.638657e-02 1.894701e-04 2.292843e-04
6.665738e-02 3.864989e-05 2.274616e-04
6.692819e-02 -6.414000e-04 2.265226e-04
6.719901e-02 -1.322813e-04 2.267289e-04
6.746982e-02 2.137590e-04 2.252973e-04
6.774063e-02 -1.225900e-04 2.280469e-04
6.801146e-02 -8.515082e-05 2.251315e-04
6.828227e-02 4.599486e-04 2.245948e-04
6.855308e-02 -8.806027e-05 2.255175e-04
6.882390e-02 3.765896e-05 2.253278e-04
6.909471e-02 1.873188e-04 2.249817e-04
6.936552e-02 7.219054e-05 2.226924e-04
6.963634e-02 -5.698018e-05 2.243532e-04
6.990715e-02 2.460312e-04 2.246623e-04
7.017796e-02 5.498808e-04 2.217720e-04
7.044878e-02 -7.024035e-05 2.213918e-04
7.071959e-02 -4.419293e-04 2.221160e-04
7.099041e-02 -1.622103e-04 2.209280e-04
7.126123e-02 4.941598e-06 2.190567e-04
7.153204e-02 2.708808e-04 2.193968e-04
7.180285e-02 -7.814914e-05 2.212787e-04
7.207367e-02 1.086406e-04 2.209093e-04
7.234448e-02 3.870502e-04 2.206494e-04
7.261530e-02 2.162904e-05 2.217063e-04
7.288611e-02 7.463060e-05 2.169113e-04
7.315692e-02 -3.608391e-04 2.201908e-04
7.342774e-02 1.065396e-04 2.182965e-04
7.369855e-02 -9.879470e-06 2.177440e-04
7.396936e-02 6.520934e-05 2.194184e-04
7.424019e-02 -9.752065e-05 2.185124e-04
7.451100e-02 -2.629887e-04 2.183656e-04
7.478181e-02 -2.883933e-05 2.183664e-04
7.505263e-02 -9.333156e-05 2.156629e-04
7.532344e-02 1.000501e-04 2.213318e-04
7.559425e-02 4.567951e-05 2.144682e-04
7.586507e-02 -1.188386e-04 2.186119e-04
7.613588e-02 -1.152288e-04 2.155660e-04
7.640669e-02 -6.105006e-05 2.141211e-04
7.667751e-02 9.344146e-05 2.175135e-04
7.694832e-02 5.549304e-04 2.158816e-04
7.721914e-02 2.817810e-04 2.159695e-04
7.748996e-02 -4.046038e-05 2.129686e-04
7.776077e-02 -1.486912e-04 2.118311e-04
7.803158e-02 3.260933e-05 2.152604e-04
7.830240e-02 -1.805797e-04 2.123962e-04
7.857321e-02 2.005100e-04 2.125256e-04
7.884403e-02 2.243500e-04 2.145331e-04
7.911484e-02 1.187101e-04 2.108727e-04
7.938565e-02 -1.487099e-04 2.135768e-04
7.965647e-02 -3.169701e-04 2.099728e-04
7.992728e-02 -1.608003e-04 2.111277e-04
8.019809e-02 5.730987e-05 2.113191e-04
8.046892e-02 -2.329983e-05 2.094854e-04
8.073973e-02 -1.726188e-04 2.117097e-04
8.101054e-02 2.129786e-04 2.094280e-04
8.128136e-02 1.709405e-04 2.112541e-04
8.155217e-02 -1.612287e-04 2.110679e-04
8.182298e-02 -1.589898e-04 2.091625e-04
8.209380e-02 -2.087504e-04 2.097992e-04
8.236461e-02 -9.741634e-06 2.087322e-04
8.263543e-02 7.540919e-05 2.075579e-04
8.290624e-02 -3.078021e-05 2.090579e-04
8.317705e-02 2.584085e-04 2.078576e-04
8.344787e-02 -3.230497e-04 2.082152e-04
8.371869e-02 9.218976e-05 2.068078e-04
8.398950e-02 4.382208e-04 2.077997e-04
8.426031e-02 3.725104e-05 2.081702e-04
8.453113e-02 -1.212303e-04 2.055382e-04
8.480194e-02 -2.603494e-04 2.062472e-04
8.507276e-02 -4.456099e-04 2.071900e-04
8.534357e-02 -4.054978e-05 2.042088e-04
8.561438e-02 -2.711713e-04 2.044667e-04
8.588520e-02 1.385603e-04 2.036733e-04
8.615601e-02 -1.276210e-04 2.044472e-04
8.642682e-02 -2.296492e-04 2.051162e-04
8.669765e-02 -1.312494e-04 2.020641e-04
8.696846e-02 -1.328997e-05 2.050578e-04
8.723927e-02 1.654197e-04 2.026623e-04
8.751009e-02 -1.922995e-05 2.016044e-04
8.778090e-02 5.533919e-05 2.003632e-04
8.805171e-02 1.782086e-04 2.035341e-04
8.832253e-02 -7.915869e-05 2.028796e-04
8.859334e-02 -4.214887e-04 2.021457e-04
8.886416e-02 1.161397e-04 2.013386e-04
8.913497e-02 -2.111699e-04 2.022789e-04
8.940578e-02 2.217703e-04 2.010464e-04
8.967660e-02 3.748946e-05 2.011378e-04
8.994742e-02 4.842877e-05 2.017280e-04
9.021823e-02 -2.426095e-05 2.006654e-04
9.048904e-02 4.618708e-04 2.014061e-04
9.075986e-02 2.293102e-04 2.011438e-04
9.103067e-02 2.641808e-04 1.994103e-04
9.130149e-02 -3.220309e-04 2.000046e-04
9.157230e-02 1.289602e-04 1.988996e-04
9.184311e-02 -2.130885e-04 1.999269e-04
9.211393e-02 2.191961e-05 1.976753e-04
9.238474e-02 3.000703e-04 1.987617e-04
9.265555e-02 2.899952e-05 1.991861e-04
9.292637e-02 1.122393e-04 1.976692e-04
9.319719e-02 3.060084e-04 2.005180e-04
9.346800e-02 1.512710e-04 1.984350e-04
9.373882e-02 -5.345978e-05 1.994006e-04
9.400963e-02 -1.663808e-04 1.981367e-04
9.428044e-02 4.266594e-04 1.982577e-04
9.455126e-02 5.172007e-05 1.986445e-04
9.482207e-02 8.978136e-05 1.960666e-04
9.509289e-02 2.844706e-04 1.974280e-04
9.536370e-02 1.156498e-04 1.987669e-04
9.563451e-02 -8.676015e-05 1.952780e-04
9.590533e-02 -4.765615e-04 1.976263e-04
9.617615e-02 9.626150e-05 1.934960e-04
9.644696e-02 -1.091287e-04 1.940986e-04
9.671777e-02 3.653709e-04 1.960847e-04
9.698859e-02 -1.550503e-04 1.933441e-04
9.725940e-02 -2.098102e-04 1.959776e-04
9.753022e-02 2.904888e-04 1.932326e-04
9.780103e-02 1.567900e-04 1.966485e-04
9.807184e-02 1.431499e-04 1.925187e-04
9.834266e-02 -1.356211e-04 1.936148e-04
9.861347e-02 1.111701e-04 1.946549e-04
9.888428e-02 -2.934001e-04 1.933278e-04
9.915510e-02 2.710894e-04 1.934785e-04
9.942592e-02 -4.011691e-04 1.932445e-04
9.969673e-02 -6.237999e-05 1.936729e-04
9.996755e-02 -8.992106e-05 1.924078e-04
1.002384e-01 3.056210e-04 1.917029e-04
1.005092e-01 -4.047900e-04 1.927922e-04
1.007800e-01 -1.407601e-04 1.919603e-04
1.010508e-01 -2.853107e-04 1.931098e-04
1.013216e-01 -9.974092e-05 1.915169e-04
1.015924e-01 3.523808e-04 1.914341e-04
1.018632e-01 4.770979e-05 1.914101e-04
1.021341e-01 -1.468398e-04 1.907619e-04
1.024049e-01 -3.287997e-04 1.916392e-04
1.026757e-01 -1.435392e-04 1.904382e-04
1.029465e-01 -5.248003e-05 1.896585e-04
1.032173e-01 -1.112502e-04 1.906672e-04
1.034881e-01 2.203993e-04 1.891499e-04
1.037589e-01 -9.371899e-05 1.891920e-04
1.040298e-01 1.174025e-05 1.868239e-04
1.043006e-01 4.720874e-05 1.892662e-04
1.045714e-01 7.864088e-05 1.888776e-04
1.048422e-01 1.491047e-05 1.881749e-04
1.051130e-01 -2.802908e-05 1.876630e-04
1.053838e-01 -1.613814e-04 1.881716e-04
1.056546e-01 -1.098197e-04 1.883794e-04
1.059255e-01 3.433600e-04 1.882817e-04
1.061963e-01 1.623798e-04 1.875921e-04
1.064671e-01 -2.420004e-04 1.874903e-04
1.067379e-01 -2.663303e-04 1.871282e-04
1.070087e-01 1.781993e-04 1.890952e-04
1.072795e-01 1.770183e-04 1.849591e-04
1.075503e-01 4.614610e-04 1.859979e-04
1.078212e-01 1.339111e-04 1.860644e-04
1.080920e-01 -3.129505e-04 1.856804e-04
1.083628e-01 7.006153e-05 1.864877e-04
1.086336e-01 1.047608e-04 1.853134e-04
1.089044e-01 -2.760999e-04 1.862940e-04
1.091752e-01 -2.873503e-04 1.856084e-04
1.094460e-01 -8.448958e-05 1.859183e-04
1.097169e-01 3.532879e-05 1.862074e-04
1.099877e-01 -3.430508e-04 1.847826e-04
1.102585e-01 7.466972e-05 1.855706e-04
1.105293e-01 2.048910e-06 1.884459e-04
1.108001e-01 -8.918904e-05 1.884363e-04
1.110709e-01 -2.210196e-04 1.915282e-04
1.113417e-01 2.172608e-04 1.892699e-04
1.116126e-01 1.993030e-07 1.924523e-04
1.118834e-01 -1.046900e-04 1.912023e-04
1.121542e-01 -1.319889e-04 1.917340e-04
1.124250e-01 2.999976e-05 1.962391e-04
1.126958e-01 4.177913e-05 1.959644e-04
1.129666e-01 4.106797e-04 1.989968e-04
1.132374e-01 -2.095010e-04 1.999738e-04
1.135083e-01 -1.092497e-04 2.014202e-04
1.137791e-01 1.011398e-04 2.030450e-04
1.140499e-01 4.459098e-04 2.014071e-04
1.143207e-01 1.128800e-04 2.053297e-04
1.145915e-01 3.094096e-04 2.041235e-04
1.148623e-01 -1.564398e-04 2.072784e-04
1.151332e-01 2.913494e-04 2.067096e-04
1.154040e-01 -9.850971e-05 2.096575e-04
1.156748e-01 7.485040e-05 2.088572e-04
1.159456e-01 1.554508e-04 2.110296e-04
1.162164e-01 2.169982e-06 2.116214e-04
1.164872e-01 -4.347600e-04 2.109545e-04
1.167580e-01 -3.203787e-04 2.154986e-04
1.170288e-01 -1.973305e-04 2.157320e-04
1.172997e-01 1.382083e-05 2.148753e-04
1.175705e-01 -3.471393e-04 2.165193e-04
1.178413e-01 3.359187e-04 2.190595e-04
1.181121e-01 2.248790e-04 2.155339e-04
1.183829e-01 -1.139585e-04 2.100314e-04
1.186537e-01 -1.477282e-04 2.118944e-04
1.189246e-01 -7.610954e-05 2.111493e-04
1.191954e-01 -3.674310e-04 2.109220e-04
1.194662e-01 -3.987905e-04 2.107902e-04
1.197370e-01 -2.122596e-04 2.100771e-04
1.200078e-01 -1.291204e-04 2.089743e-04
1.202786e-01 1.642909e-04 2.093145e-04
1.205494e-01 -3.210213e-04 2.082914e-04
1.208202e-01 -5.331077e-05 2.094770e-04
1.210911e-01 -4.046969e-05 2.092842e-04
1.213619e-01 1.721401e-04 2.092792e-04
1.216327e-01 2.591200e-04 2.070714e-04
1.219035e-01 4.566088e-05 2.081334e-04
1.221743e-01 1.795013e-04 2.081098e-04
1.224451e-01 2.443288e-04 2.083060e-04
1.227160e-01 2.148300e-04 2.108497e-04
1.229868e-01 -6.411038e-05 2.080973e-04
1.232576e-01 1.491606e-04 2.094858e-04
1.235284e-01 -3.637504e-04 2.086731e-04
1.237992e-01 2.499297e-04 2.094928e-04
1.240700e-01 2.355874e-05 2.086407e-04
1.243408e-01 -1.611188e-06 2.097267e-04
1.246117e-01 3.234800e-04 2.087778e-04
1.248825e-01 -1.840498e-04 2.078058e-04
1.251533e-01 1.880899e-04 2.075369e-04
1.254241e-01 -3.045797e-04 2.079775e-04
1.256949e-01 -5.104952e-05 2.054573e-04
1.259657e-01 -6.069988e-05 2.073771e-04
1.262365e-01 1.680497e-04 2.055255e-04
1.265074e-01 -1.356099e-04 2.049924e-04
1.267782e-01 -9.118021e-05 2.049146e-04
1.270490e-01 1.303293e-04 2.044351e-04
1.273198e-01 8.245930e-05 2.065388e-04
1.275906e-01 9.024888e-05 2.035259e-04
1.278614e-01 5.669892e-05 2.039303e-04
1.281322e-01 -9.310991e-05 2.052422e-04
1.284031e-01 -3.579389e-04 2.030759e-04
1.286739e-01 -1.335889e-05 2.037471e-04
1.289447e-01 -2.962295e-04 2.024489e-04
1.292155e-01 -1.374204e-04 2.034903e-04
1.294863e-01 1.974031e-05 2.038978e-04
1.297571e-01 3.154017e-05 2.024507e-04
1.300279e-01 1.409799e-04 2.019902e-04
1.302988e-01 -2.270397e-04 2.046952e-04
1.305696e-01 3.336798e-04 2.025684e-04
1.308404e-01 5.437061e-05 2.021052e-04
1.311112e-01 1.879800e-04 2.034148e-04
1.313820e-01 2.672300e-04 2.020497e-04
1.316528e-01 7.743016e-05 2.037326e-04
1.319236e-01 -3.154706e-04 2.013856e-04
1.321945e-01 -9.972043e-05 2.019385e-04
1.324653e-01 3.628992e-05 2.027400e-04
1.327361e-01 -3.010035e-05 2.001962e-04
1.330069e-01 -2.245605e-04 2.016734e-04
1.332777e-01 -3.732610e-04 2.021736e-04
1.335485e-01 5.378947e-05 2.002792e-04
1.338193e-01 -1.657009e-05 2.028985e-04
1.340902e-01 8.597970e-05 1.995703e-04
1.343610e-01 -1.397599e-04 2.020093e-04
1.346318e-01 2.489891e-04 2.001543e-04
1.349026e-01 1.319684e-04 1.976739e-04
1.351734e-01 -8.335151e-05 1.998241e-04
1.354442e-01 -1.117196e-04 2.006109e-04
1.357151e-01 1.778491e-04 2.000056e-04
1.359859e-01 7.081032e-05 1.994071e-04
1.362567e-01 -2.134796e-04 1.983747e-04
1.365275e-01 -1.681503e-04 1.990974e-04
1.367983e-01 1.920015e-05 1.968103e-04
1.370691e-01 -1.051202e-04 2.017229e-04
1.373399e-01 5.060993e-05 2.007493e-04
1.376107e-01 1.245290e-04 2.023172e-04
1.378816e-01 1.019500e-04 2.074521e-04
1.381524e-01 2.905205e-04 2.062775e-04
1.384232e-01 -3.499109e-04 2.096783e-04
1.386940e-01 1.234002e-05 2.085630e-04
1.389648e-01 -5.471408e-04 2.102162e-04
1.392356e-01 -2.137311e-04 2.121757e-04
1.395064e-01 2.765842e-05 2.111392e-04
1.397773e-01 -8.253008e-05 2.135116e-04
1.400481e-01 -1.517385e-04 2.130740e-04
1.403189e-01 -1.049973e-05 2.155286e-04
1.405897e-01 -7.970259e-06 2.152552e-04
1.408605e-01 -1.005903e-04 2.167180e-04
1.411313e-01 -3.062934e-05 2.170778e-04
1.414021e-01 1.706500e-04 2.172043e-04
1.416730e-01 1.382697e-04 2.190115e-04
1.419438e-01 4.697964e-05 2.187851e-04
1.422146e-01 1.552403e-04 2.203299e-04
1.424854e-01 5.308539e-07 2.200853e-04
1.427562e-01 2.331603e-04 2.183822e-04
1.430270e-01 1.375899e-04 2.175640e-04
1.432979e-01 -1.684707e-04 2.193333e-04
1.435687e-01 -1.279283e-04 2.222137e-04
1.438395e-01 -1.221690e-04 2.213292e-04
1.441103e-01 -1.399964e-05 2.222351e-04
1.443811e-01 8.535013e-05 2.232454e-04
1.446519e-01 4.597008e-05 2.238727e-04
1.449227e-01 -1.030788e-04 2.264528e-04
1.451935e-01 2.950057e-05 2.227873e-04
1.454644e-01 -2.358407e-04 2.256541e-04
1.457352e-01 -1.749508e-04 2.275098e-04
1.460060e-01 -3.314950e-05 2.252512e-04
1.462768e-01 -1.925491e-04 2.269749e-04
1.465476e-01 -1.368895e-04 2.257427e-04
1.468184e-01 -1.602098e-04 2.306642e-04
1.470892e-01 8.400157e-05 2.281786e-04
1.473601e-01 -3.075004e-04 2.273916e-04
1.476309e-01 -3.769994e-04 2.280073e-04
1.479017e-01 2.073105e-04 2.279586e-04
1.481725e-01 -1.970679e-06 2.293547e-04
1.484433e-01 -5.936064e-05 2.263743e-04
1.487141e-01 1.945700e-04 2.298554e-04
1.489850e-01 1.287498e-04 2.267484e-04
1.492558e-01 3.233198e-04 2.280933e-04
1.495266e-01 -1.967009e-04 2.271723e-04
1.497974e-01 5.840138e-05 2.261876e-04
1.500682e-01 -1.333505e-04 2.266222e-04
1.503390e-01 -9.843893e-05 2.286133e-04
1.506098e-01 -2.099015e-05 2.256142e-04
1.508806e-01 -2.650488e-04 2.270070e-04
1.511515e-01 -1.756605e-04 2.251452e-04
1.514223e-01 -3.947392e-04 2.295750e-04
1.516931e-01 1.475401e-04 2.281901e-04
1.519639e-01 1.331046e-05 2.286377e-04
1.522347e-01 -4.647505e-04 2.279381e-04
1.525055e-01 7.816963e-05 2.269296e-04
1.527763e-01 1.469385e-04 2.291931e-04
1.530472e-01 -2.228096e-04 2.269350e-04
1.533180e-01 1.373608e-04 2.280191e-04
1.535888e-01 -1.724288e-04 2.279319e-04
1.538596e-01 3.028493e-04 2.260069e-04
1.541304e-01 5.128048e-05 2.278664e-04
1.544012e-01 5.785935e-05 2.279811e-04
1.546721e-01 -2.155080e-05 2.314454e-04
1.549429e-01 -2.715923e-05 2.303275e-04
1.552137e-01 3.048610e-04 2.297150e-04
1.554845e-01 -2.315100e-04 2.303358e-04
1.557553e-01 1.643598e-04 2.284538e-04
1.560261e-01 -6.227940e-05 2.295165e-04
1.562969e-01 1.549311e-04 2.291619e-04
1.565678e-01 9.426847e-05 2.289371e-04
1.568386e-01 2.279691e-04 2.311510e-04
1.571094e-01 3.273189e-04 2.312062e-04
1.573802e-01 -9.476021e-05 2.284380e-04
1.576510e-01 -1.385286e-04 2.281812e-04
1.579218e-01 1.922585e-04 2.282088e-04
1.581926e-01 -1.986697e-04 2.286249e-04
1.584634e-01 -1.790002e-06 2.276926e-04
1.587343e-01 2.760701e-04 2.291941e-04
1.590051e-01 -1.011100e-04 2.263263e-04
1.592759e-01 -3.153291e-04 2.254281e-04
1.595467e-01 -4.520081e-05 2.272931e-04
1.598175e-01 -1.630597e-04 2.273868e-04
1.600883e-01 -3.726091e-04 2.275959e-04
1.603591e-01 -2.574585e-04 2.272700e-04
1.606300e-01 2.047699e-04 2.275761e-04
1.609008e-01 -6.518140e-05 2.256122e-04
1.611716e-01 -6.826036e-05 2.263404e-04
1.614424e-01 6.119907e-05 2.256998e-04
1.617132e-01 4.988909e-04 2.261493e-04
1.619840e-01 3.368035e-05 2.260092e-04
1.622549e-01 -5.958974e-05 2.269986e-04
1.625257e-01 -6.631017e-05 2.247892e-04
1.627965e-01 -1.630094e-04 2.239147e-04
1.630673e-01 -6.907061e-05 2.256953e-04
1.633381e-01 -2.923701e-04 2.270741e-04
1.636089e-01 -4.890002e-05 2.249915e-04
1.638797e-01 1.498386e-04 2.282714e-04
1.641506e-01 -5.833060e-05 2.256658e-04
1.644214e-01 -1.284685e-04 2.278107e-04
1.646922e-01 8.863024e-05 2.249132e-04
1.649630e-01 -3.933907e-05 2.244657e-04
1.652338e-01 1.520105e-05 2.294351e-04
1.655046e-01 -1.465511e-04 2.278072e-04
1.657754e-01 2.003498e-04 2.266390e-04
1.660462e-01 -3.822148e-05 2.268966e-04
1.663171e-01 9.182096e-05 2.261977e-04
1.665879e-01 1.178589e-04 2.266614e-04
1.668587e-01 1.209397e-04 2.270370e-04
1.671295e-01 5.788188e-04 2.283200e-04
1.674003e-01 3.217198e-04 2.269436e-04
1.676711e-01 -1.412407e-04 2.350208e-04
1.679420e-01 -2.751406e-04 2.403478e-04
1.682128e-01 1.498405e-04 2.411665e-04
1.684836e-01 -4.058089e-04 2.441965e-04
1.687544e-01 2.012085e-04 2.450743e-04
1.690252e-01 3.334787e-04 2.494611e-04
1.692960e-01 6.295498e-04 2.436381e-04
1.695668e-01 -1.491793e-04 2.522166e-04
1.698377e-01 3.403984e-05 2.529258e-04
1.701085e-01 4.457403e-04 2.545603e-04
1.703793e-01 3.399290e-04 2.587743e-04
1.706501e-01 -1.134500e-04 2.573309e-04
1.709209e-01 -3.692880e-05 2.634922e-04
1.711917e-01 2.479386e-04 2.620313e-04
1.714625e-01 -3.977399e-04 2.664693e-04
1.717333e-01 1.207907e-04 2.704206e-04
1.720042e-01 2.869032e-05 2.687081e-04
1.722750e-01 9.547919e-05 2.733831e-04
1.725458e-01 2.453197e-04 2.752265e-04
1.728166e-01 1.199804e-04 2.718863e-04
1.730874e-01 -3.657006e-04 2.770246e-04
1.733582e-01 -3.912412e-04 2.761260e-04
1.736291e-01 1.181215e-04 2.811768e-04
1.738999e-01 -2.934504e-04 2.750254e-04
1.741707e-01 8.940138e-05 2.851574e-04
1.744415e-01 2.390202e-04 2.822488e-04
1.747123e-01 -4.683696e-04 2.851642e-04
1.749831e-01 4.175305e-04 2.745396e-04
1.752539e-01 2.327692e-04 2.693704e-04
1.755248e-01 3.563091e-04 2.702656e-04
1.757956e-01 -1.458600e-04 2.621402e-04
1.760664e-01 -3.766902e-04 2.655899e-04
1.763372e-01 -2.769809e-04 2.639627e-04
1.766080e-01 -1.217201e-04 2.624292e-04
1.768788e-01 -3.975090e-04 2.629671e-04
1.771496e-01 2.308208e-04 2.610247e-04
1.774205e-01 -4.772302e-04 2.604881e-04
1.776913e-01 2.728011e-04 2.565004e-04
1.779621e-01 7.496029e-05 2.556270e-04
1.782329e-01 3.530830e-05 2.565275e-04
1.785037e-01 -1.977589e-04 2.518062e-04
1.787745e-01 -7.051975e-05 2.551452e-04
1.790453e-01 -1.118500e-04 2.521908e-04
1.793161e-01 3.799982e-05 2.523705e-04
1.795870e-01 -5.085021e-05 2.520281e-04
1.798578e-01 -9.801984e-05 2.485104e-04
1.801286e-01 4.233494e-04 2.518231e-04
1.803994e-01 -6.299205e-04 2.479183e-04
1.806702e-01 -2.928693e-04 2.497041e-04
1.809410e-01 -6.278977e-05 2.489089e-04
1.812119e-01 -2.439097e-04 2.473826e-04
1.814827e-01 1.436602e-04 2.483257e-04
1.817535e-01 6.368384e-06 2.451174e-04
1.820243e-01 -2.645887e-05 2.468425e-04
1.822951e-01 1.061000e-04 2.465894e-04
1.825659e-01 -4.461594e-04 2.480565e-04
1.828367e-01 -2.450123e-05 2.504747e-04
1.831076e-01 3.127940e-05 2.438404e-04
1.833784e-01 3.492404e-04 2.492166e-04
1.836492e-01 2.960898e-04 2.430657e-04
1.839200e-01 4.876703e-04 2.461933e-04
1.841908e-01 1.197997e-04 2.455806e-04
1.844616e-01 2.556704e-04 2.433428e-04
1.847324e-01 2.536308e-04 2.473472e-04
1.850033e-01 -3.882404e-04 2.423327e-04
1.852741e-01 -1.299791e-04 2.452548e-04
1.855449e-01 3.099293e-04 2.451276e-04
1.858157e-01 -7.037893e-04 2.467275e-04
1.860865e-01 -5.274806e-04 2.463120e-04
1.863573e-01 -1.480989e-05 2.424773e-04
1.866281e-01 -1.025945e-05 2.446833e-04
1.868990e-01 1.245905e-04 2.435678e-04
1.871698e-01 4.812106e-04 2.452967e-04
1.874406e-01 -1.661014e-04 2.440948e-04
1.877114e-01 -3.612805e-04 2.417481e-04
1.879822e-01 4.573502e-04 2.442195e-04
1.882530e-01 -1.603607e-04 2.407043e-04
1.885238e-01 -3.945790e-04 2.425119e-04
1.887947e-01 3.464893e-05 2.417948e-04
1.890655e-01 -3.599934e-05 2.429517e-04
1.893363e-01 7.990748e-07 2.447183e-04
1.896071e-01 1.364499e-04 2.413693e-04
1.898779e-01 -4.218090e-04 2.459771e-04
1.901487e-01 8.128956e-05 2.446538e-04
1.904195e-01 6.628707e-04 2.417397e-04
1.906904e-01 -3.254395e-04 2.460055e-04
1.909612e-01 -1.063012e-04 2.410068e-04
1.912320e-01 1.243893e-04 2.435560e-04
1.915028e-01 3.771409e-04 2.409713e-04
1.917736e-01 3.325399e-04 2.423357e-04
1.920444e-01 -4.102197e-04 2.434073e-04
1.923153e-01 -2.837814e-04 2.411680e-04
1.925861e-01 4.318804e-04 2.449419e-04
1.928569e-01 -3.793593e-04 2.420604e-04
1.931277e-01 -1.550913e-04 2.406676e-04
1.933985e-01 -1.421794e-04 2.425487e-04
1.936693e-01 9.702146e-05 2.414575e-04
1.939401e-01 2.317503e-04 2.447306e-04
1.942109e-01 1.634303e-04 2.417801e-04
1.944818e-01 3.160611e-04 2.427090e-04
1.947526e-01 -5.811453e-07 2.417297e-04
1.950234e-01 2.904981e-05 2.407873e-04
1.952942e-01 -1.824703e-04 2.417913e-04
1.955650e-01 -1.998097e-04 2.413796e-04
1.958358e-01 -9.158626e-06 2.417489e-04
1.961066e-01 1.783408e-04 2.423849e-04
1.963775e-01 1.718700e-04 2.429972e-04
1.966483e-01 -4.190207e-04 2.428265e-04
1.969191e-01 9.961054e-05 2.439446e-04
1.971899e-01 1.392905e-04 2.436954e-04
1.974607e-01 -3.723502e-04 2.435421e-04
1.977315e-01 -1.001805e-04 2.399764e-04
1.980023e-01 3.169198e-04 2.404968e-04
1.982732e-01 1.944974e-05 2.407088e-04
1.985440e-01 1.843013e-04 2.428772e-04
1.988148e-01 -1.434516e-04 2.432237e-04
1.990856e-01 -4.601907e-04 2.411764e-04
1.993564e-01 -4.589297e-04 2.423783e-04
1.996272e-01 -1.717508e-04 2.415340e-04
1.998980e-01 -2.512410e-04 2.418734e-04
2.001689e-01 -6.008390e-04 2.396024e-04
2.004397e-01 5.316790e-04 2.388277e-04
2.007105e-01 -2.188813e-04 2.379071e-04
2.009813e-01 -1.437999e-04 2.391256e-04
2.012521e-01 -4.469976e-05 2.390815e-04
2.015229e-01 1.991913e-05 2.389424e-04
2.017937e-01 1.642592e-04 2.405903e-04
2.020646e-01 -8.196011e-05 2.418449e-04
2.023354e-01 2.838708e-04 2.401081e-04
2.026062e-01 -2.886709e-04 2.381938e-04
2.028770e-01 3.055185e-04 2.404515e-04
2.031478e-01 -5.245712e-04 2.385522e-04
2.034186e-01 4.048012e-04 2.394535e-04
2.036894e-01 -3.728308e-04 2.359561e-04
2.039603e-01 -3.600903e-04 2.358598e-04
2.042311e-01 -7.930025e-05 2.387319e-04
2.045019e-01 -3.594495e-04 2.344951e-04
2.047727e-01 1.244992e-05 2.353723e-04
2.050435e-01 -6.970018e-05 2.357245e-04
2.053143e-01 -2.720803e-04 2.386613e-04
2.055852e-01 3.933515e-04 2.339734e-04
2.058560e-01 -8.301064e-05 2.359972e-04
2.061268e-01 2.237596e-04 2.340372e-04
2.063976e-01 5.424023e-05 2.372736e-04
2.066684e-01 3.635492e-04 2.345315e-04
2.069392e-01 -9.133108e-05 2.338692e-04
2.072100e-01 -5.360804e-04 2.353693e-04
2.074808e-01 -8.354895e-05 2.348924e-04
2.077517e-01 -9.674020e-05 2.337374e-04
2.080225e-01 -2.181996e-04 2.345287e-04
2.082933e-01 -1.224093e-04 2.329339e-04
2.085641e-01 2.389289e-04 2.337021e-04
2.088349e-01 2.203193e-04 2.373143e-04
2.091057e-01 -1.711808e-04 2.355656e-04
2.093765e-01 -2.899896e-04 2.322713e-04
2.096474e-01 -1.842715e-04 2.350700e-04
2.099182e-01 -1.133308e-04 2.359955e-04
2.101890e-01 -3.365800e-04 2.340082e-04
2.104598e-01 2.960097e-04 2.369336e-04
2.107306e-01 8.746050e-05 2.338316e-04
2.110014e-01 9.015948e-05 2.332185e-04
2.112723e-01 1.643412e-04 2.359774e-04
2.115431e-01 3.246907e-04 2.328732e-04
2.118139e-01 -1.434293e-04 2.344796e-04
2.120847e-01 2.861600e-04 2.354317e-04
2.123555e-01 -2.231300e-04 2.347678e-04
2.126263e-01 2.833009e-04 2.325621e-04
2.128971e-01 -1.880303e-04 2.338083e-04
2.131680e-01 5.780794e-04 2.341702e-04
2.134388e-01 -1.850314e-04 2.347634e-04
2.137096e-01 -8.430332e-06 2.338873e-04
2.139804e-01 2.792105e-05 2.345083e-04
2.142512e-01 4.272386e-04 2.340406e-04
2.145220e-01 -1.984406e-04 2.374037e-04
2.147928e-01 -1.538172e-05 2.349934e-04
2.150636e-01 -1.339242e-06 2.325605e-04
2.153345e-01 1.277104e-04 2.357509e-04
2.156053e-01 -1.776591e-04 2.359713e-04
2.158761e-01 -1.080893e-04 2.346787e-04
2.161469e-01 -1.825001e-04 2.326766e-04
2.164177e-01 -2.280809e-04 2.336929e-04
2.166885e-01 -3.733803e-04 2.336501e-04
2.169593e-01 -5.847961e-05 2.346762e-04
2.172302e-01 -2.325699e-04 2.352735e-04
2.175010e-01 -3.684293e-04 2.348449e-04
2.177718e-01 -1.457389e-04 2.328570e-04
2.180426e-01 -1.686998e-05 2.365967e-04
2.183134e-01 1.666602e-04 2.325273e-04
2.185842e-01 2.562497e-04 2.327670e-04
2.188551e-01 7.596109e-04 2.344293e-04
2.191259e-01 -5.025044e-05 2.337045e-04
2.193967e-01 -2.579764e-06 2.308601e-04
2.196675e-01 1.615304e-04 2.313914e-04
2.199383e-01 -1.035295e-04 2.333907e-04
2.202091e-01 -5.358085e-05 2.319691e-04
2.204799e-01 2.710987e-04 2.303040e-04
2.207507e-01 -9.453110e-05 2.312940e-04
2.210216e-01 -1.154691e-04 2.299001e-04
2.212924e-01 1.708604e-04 2.310135e-04
2.215632e-01 3.172588e-04 2.303802e-04
2.218340e-01 -4.405901e-05 2.312374e-04
2.221048e-01 2.542995e-04 2.295498e-04
2.223756e-01 6.373972e-05 2.296210e-04
2.226464e-01 -2.700295e-04 2.301425e-04
2.229173e-01 -1.202915e-04 2.297155e-04
2.231881e-01 -6.959960e-05 2.290102e-04
2.234589e-01 -4.453603e-04 2.285716e-04
2.237297e-01 2.818909e-04 2.286871e-04
2.240005e-01 -1.154393e-04 2.298827e-04
2.242713e-01 -1.822039e-05 2.268658e-04
2.245422e-01 -3.724098e-04 2.281851e-04
2.248130e-01 -9.600073e-05 2.315468e-04
2.250838e-01 -2.279002e-04 2.286031e-04
2.253546e-01 -2.539884e-04 2.296548e-04
2.256254e-01 -1.078509e-04 2.276646e-04
2.258962e-01 -2.479292e-04 2.290697e-04
2.261670e-01 -5.224198e-04 2.392823e-04
2.264379e-01 -6.452017e-05 2.419860e-04
2.267087e-01 -1.474917e-04 2.459278e-04
2.269795e-01 5.971398e-04 2.506349e-04
2.272503e-01 -4.265886e-04 2.521585e-04
2.275211e-01 -1.872405e-04 2.554447e-04
2.277919e-01 -2.762601e-04 2.564665e-04
2.280627e-01 6.844103e-05 2.616496e-04
2.283335e-01 1.499709e-04 2.659917e-04
2.286044e-01 1.954716e-04 2.639140e-04
2.288752e-01 -3.588013e-04 2.671617e-04
2.291460e-01 2.754908e-04 2.711094e-04
2.294168e-01 4.327614e-04 2.753945e-04
2.296876e-01 4.589930e-05 2.727835e-04
2.299584e-01 -7.447191e-04 2.774493e-04
2.302293e-01 -2.554487e-04 2.798747e-04
2.305001e-01 -3.527608e-04 2.839622e-04
2.307709e-01 -2.846401e-04 2.866015e-04
2.310417e-01 2.587959e-05 2.872771e-04
2.313125e-01 9.569898e-05 2.893674e-04
2.315833e-01 1.262315e-04 2.915575e-04
2.318541e-01 4.510954e-05 2.924766e-04
2.321250e-01 -4.141200e-04 2.983069e-04
2.323958e-01 1.109112e-04 2.989798e-04
2.326666e-01 1.008492e-04 3.019851e-04
2.329374e-01 3.345124e-05 3.076179e-04
2.332082e-01 -3.271196e-04 3.026029e-04
2.334790e-01 -4.779603e-04 3.093524e-04
2.337498e-01 -6.827302e-04 3.152338e-04
2.340207e-01 -2.073608e-04 3.144088e-04
2.342915e-01 -7.982180e-05 3.155883e-04
2.345623e-01 -2.062004e-04 3.139994e-04
2.348331e-01 9.456798e-04 3.233941e-04
2.351039e-01 -8.282997e-05 3.262673e-04
2.353747e-01 4.814211e-04 3.244629e-04
2.356455e-01 -4.089493e-04 3.309230e-04
2.359163e-01 1.748092e-04 3.337795e-04
2.361872e-01 -4.720390e-04 3.317067e-04
2.364580e-01 1.271702e-04 3.352834e-04
2.367288e-01 -1.638904e-04 3.350511e-04
2.369996e-01 -7.970259e-06 3.389273e-04
2.372704e-01 -3.653951e-05 3.502973e-04
2.375412e-01 3.058705e-04 3.499951e-04
2.378121e-01 1.575053e-05 3.591695e-04
2.380829e-01 -2.136100e-04 3.507656e-04
2.383537e-01 2.206713e-04 3.602109e-04
2.386245e-01 -1.213182e-03 3.686198e-04
2.388953e-01 -3.129803e-04 3.627599e-04
2.391661e-01 2.177190e-04 3.677931e-04
2.394369e-01 7.126387e-04 3.681565e-04
2.397078e-01 -3.105812e-04 3.791111e-04
2.399786e-01 -1.386199e-04 3.815612e-04
2.402494e-01 -3.678109e-04 3.856169e-04
2.405202e-01 -6.788038e-05 3.824630e-04
2.407910e-01 -3.247708e-04 3.927225e-04
2.410618e-01 5.360991e-04 3.978134e-04
2.413326e-01 6.288905e-04 4.055674e-04
2.416034e-01 -1.549590e-04 4.006747e-04
2.418743e-01 1.432505e-04 4.127259e-04
2.421451e-01 -9.508058e-05 4.209149e-04
2.424159e-01 2.297200e-04 4.266936e-04
2.426867e-01 -2.217311e-04 4.167373e-04
2.429575e-01 5.318988e-04 4.273455e-04
2.432283e-01 -2.701804e-04 4.360417e-04
2.434992e-01 4.922617e-04 4.328724e-04
2.437700e-01 -9.743702e-04 4.359683e-04
2.440408e-01 3.786944e-05 4.583884e-04
2.443116e-01 6.090198e-04 4.579608e-04
2.445824e-01 6.396212e-04 4.554178e-04
2.448532e-01 8.152053e-05 4.571945e-04
2.451240e-01 5.253963e-05 4.746154e-04
2.453949e-01 -2.575107e-04 4.777178e-04
2.456657e-01 3.224816e-04 4.918081e-04
2.459365e-01 -2.200305e-04 4.904868e-04
2.462073e-01 -3.039408e-04 4.953814e-04
2.464781e-01 -8.893013e-05 5.136630e-04
2.467489e-01 9.640995e-04 5.215104e-04
2.470197e-01 -1.448207e-04 5.166094e-04
2.472906e-01 -4.450902e-04 5.302052e-04
2.475614e-01 8.584000e-04 5.435444e-04
2.478322e-01 9.415112e-05 5.542694e-04
2.481030e-01 -3.760606e-04 5.608394e-04
2.483738e-01 -2.692193e-04 5.602824e-04
2.486446e-01 6.482098e-04 5.852922e-04
2.489154e-01 3.942102e-04 6.091944e-04
2.491863e-01 -1.052991e-04 5.941948e-04
2.494571e-01 -8.685794e-04 6.108116e-04
2.497279e-01 1.878999e-04 6.245258e-04
2.499987e-01 -1.233391e-03 6.530618e-04
2.502695e-01 6.858986e-04 6.649511e-04
2.505403e-01 2.481900e-04 6.868140e-04
2.508111e-01 1.572009e-03 6.909791e-04
2.510819e-01 4.496984e-05 7.251479e-04
2.513528e-01 -5.146693e-04 7.323163e-04
2.516236e-01 8.451808e-04 7.485146e-04
2.518944e-01 -1.489501e-04 7.809146e-04
2.521652e-01 1.243560e-03 8.739638e-04
2.524360e-01 1.525395e-04 8.435712e-04
2.527068e-01 -1.586089e-03 7.983685e-04
2.529776e-01 9.012036e-05 8.621729e-04
2.532485e-01 4.350413e-04 8.842444e-04
2.535193e-01 1.510307e-04 9.155588e-04
2.537901e-01 -1.230249e-03 9.442282e-04
2.540609e-01 -6.185807e-04 9.139218e-04
2.543317e-01 -5.350597e-04 9.839097e-04
2.546025e-01 5.445685e-04 9.874671e-04
2.548733e-01 -1.369290e-03 1.069445e-03
2.551441e-01 1.385801e-03 1.056189e-03
2.554150e-01 1.221320e-03 1.130170e-03
2.556858e-01 -4.746094e-04 1.162579e-03
2.559566e-01 1.549009e-03 1.264009e-03
2.562274e-01 2.046410e-03 1.337337e-03
2.564982e-01 -4.647505e-04 1.460204e-03
2.567690e-01 2.576001e-03 1.582705e-03
2.570398e-01 2.793809e-03 1.722061e-03
2.573107e-01 -6.643403e-04 1.945070e-03
2.575815e-01 1.299610e-03 2.443253e-03
2.578523e-01 -5.845550e-03 3.041655e-03
2.581231e-01 1.313280e-03 4.742309e-03
