3.286826e-03 -2.085757e-01 0.000000e+00
3.557641e-03 -1.554298e-02 7.848195e-02
3.828455e-03 -3.635883e-03 4.921256e-02
4.099269e-03 -8.217812e-03 3.796639e-02
4.370084e-03 -1.864910e-02 2.777834e-02
4.640898e-03 -3.301001e-02 1.977631e-02
4.911712e-03 -2.083898e-02 1.727596e-02
5.182527e-03 -2.158999e-03 1.348563e-02
5.453341e-03 3.694057e-03 1.177716e-02
5.724155e-03 -6.000996e-03 9.047147e-03
5.994970e-03 -1.345706e-02 7.909649e-03
6.265784e-03 -1.236856e-03 6.728882e-03
6.536598e-03 1.469135e-03 5.402711e-03
6.807412e-03 -7.396758e-03 4.972642e-03
7.078227e-03 -1.191795e-03 4.344596e-03
7.349041e-03 4.267931e-03 3.793266e-03
7.619855e-03 1.066506e-03 3.409978e-03
7.890671e-03 1.522005e-04 2.939215e-03
8.161485e-03 2.480090e-03 2.710271e-03
8.432299e-03 2.312809e-03 2.473773e-03
8.703114e-03 3.259212e-03 2.241691e-03
8.973928e-03 9.116828e-04 1.958580e-03
9.244742e-03 2.516955e-04 1.864865e-03
9.515557e-03 -1.692921e-04 1.703940e-03
9.786371e-03 -9.588003e-04 1.586622e-03
1.005718e-02 -6.668866e-04 1.505038e-03
1.032800e-02 1.342699e-03 1.377047e-03
1.059881e-02 2.513081e-04 1.328514e-03
1.086963e-02 1.543015e-04 1.238376e-03
1.114044e-02 -2.790987e-04 1.161278e-03
1.141126e-02 1.413196e-03 1.119405e-03
1.168207e-02 6.083995e-04 1.047331e-03
1.195289e-02 -1.464799e-03 1.014624e-03
1.222370e-02 -8.490980e-04 9.631721e-04
1.249451e-02 -4.437044e-04 9.117934e-04
1.276533e-02 6.121397e-04 8.884993e-04
1.303614e-02 -1.848191e-04 8.375741e-04
1.330696e-02 1.739755e-03 8.084365e-04
1.357777e-02 4.713386e-04 8.030314e-04
1.384859e-02 -5.430877e-04 7.602308e-04
1.411940e-02 5.676448e-04 7.340302e-04
1.439021e-02 -2.792180e-04 6.954495e-04
1.466103e-02 -1.204334e-03 6.827210e-04
1.493184e-02 -5.338341e-04 6.659682e-04
1.520266e-02 1.083538e-04 6.463268e-04
1.547347e-02 7.363930e-04 6.307980e-04
1.574429e-02 3.383309e-04 6.081413e-04
1.601510e-02 9.405091e-04 5.981127e-04
1.628591e-02 -8.195639e-07 5.827070e-04
1.655673e-02 2.428405e-04 5.650931e-04
1.682754e-02 -6.717071e-05 5.564496e-04
1.709836e-02 -3.075227e-04 5.437243e-04
1.736917e-02 -7.320717e-04 5.343083e-04
1.763999e-02 -4.020408e-04 5.209445e-04
1.791080e-02 -2.070516e-04 5.105431e-04
1.818161e-02 -1.881681e-04 5.155871e-04
1.845243e-02 -1.703203e-04 5.109747e-04
1.872324e-02 4.585423e-04 4.977626e-04
1.899406e-02 3.712289e-04 4.919600e-04
1.926487e-02 3.384687e-04 4.888088e-04
1.953569e-02 -2.351403e-04 4.791245e-04
1.980650e-02 -4.645996e-04 4.827074e-04
2.007731e-02 -2.166517e-04 4.733970e-04
2.034813e-02 8.179992e-05 4.766977e-04
2.061894e-02 4.077479e-04 4.702543e-04
2.088976e-02 -3.710203e-04 4.630010e-04
2.116057e-02 1.007240e-03 4.576189e-04
2.143139e-02 6.070882e-04 4.525337e-04
2.170220e-02 9.398200e-04 4.569030e-04
2.197302e-02 8.092001e-04 4.514305e-04
2.224383e-02 -9.577796e-04 4.422993e-04
2.251465e-02 -1.629218e-04 4.315932e-04
2.278546e-02 -3.642403e-04 4.218589e-04
2.305627e-02 -2.083927e-05 4.201829e-04
2.332709e-02 2.653487e-04 4.093401e-04
2.359790e-02 -3.914610e-04 4.032047e-04
2.386872e-02 -3.804415e-04 4.046666e-04
2.413953e-02 -5.250908e-04 3.957369e-04
2.441034e-02 -5.233996e-04 3.851458e-04
2.468116e-02 2.580024e-04 3.892032e-04
2.495197e-02 -3.158711e-04 3.822232e-04
2.522279e-02 1.944378e-04 3.810598e-04
2.549360e-02 -1.696609e-04 3.746688e-04
2.576442e-02 -2.337396e-04 3.698878e-04
2.603523e-02 8.231774e-05 3.681177e-04
2.630604e-02 -2.350211e-04 3.633302e-04
2.657686e-02 2.434775e-04 3.608163e-04
2.684767e-02 -8.617193e-04 3.556979e-04
2.711849e-02 5.362183e-05 3.528322e-04
2.738930e-02 1.144037e-05 3.508238e-04
2.766012e-02 2.888292e-04 3.458098e-04
2.793093e-02 -1.529977e-05 3.408098e-04
2.820175e-02 6.914288e-04 3.359176e-04
2.847256e-02 3.152490e-04 3.350914e-04
2.874337e-02 -2.299994e-05 3.342434e-04
2.901419e-02 3.213100e-04 3.280683e-04
2.928500e-02 -2.338104e-04 3.212136e-04
2.955582e-02 4.282966e-05 3.248587e-04
2.982663e-02 -1.556799e-05 3.176848e-04
3.009745e-02 2.123825e-04 3.228453e-04
3.036826e-02 2.020784e-04 3.133385e-04
3.063907e-02 1.183301e-04 3.163082e-04
3.090989e-02 -1.752302e-04 3.167053e-04
3.118070e-02 -1.009807e-03 3.145367e-04
3.145152e-02 -1.369789e-05 3.125639e-04
3.172233e-02 4.616007e-05 3.105096e-04
3.199315e-02 -9.353831e-05 3.062636e-04
3.226396e-02 -2.291687e-04 3.043066e-04
3.253478e-02 1.555420e-04 3.048296e-04
3.280559e-02 -2.563596e-04 3.011771e-04
3.307641e-02 -2.727993e-04 3.016073e-04
3.334722e-02 -1.027286e-04 2.979615e-04
3.361803e-02 -1.294091e-04 2.964715e-04
3.388885e-02 -5.526915e-04 2.950424e-04
3.415966e-02 1.273267e-04 2.989117e-04
3.443048e-02 -1.007803e-04 2.932181e-04
3.470129e-02 7.100105e-04 2.911313e-04
3.497211e-02 -4.300848e-05 2.888287e-04
3.524292e-02 -1.034513e-04 2.887639e-04
3.551374e-02 -3.915317e-04 2.880008e-04
3.578455e-02 -2.124682e-04 2.867612e-04
3.605536e-02 -1.153313e-04 2.831001e-04
3.632618e-02 1.448020e-05 2.828008e-04
3.659699e-02 4.448220e-04 2.822252e-04
3.686780e-02 -2.343506e-04 2.790692e-04
3.713862e-02 -8.689985e-05 2.781773e-04
3.740944e-02 -2.648197e-04 2.741719e-04
3.768025e-02 5.797986e-04 2.740587e-04
3.795106e-02 2.543181e-04 2.727823e-04
3.822188e-02 1.193807e-04 2.726619e-04
3.849269e-02 -5.558878e-05 2.692530e-04
3.876351e-02 -2.311580e-04 2.693593e-04
3.903432e-02 5.285218e-04 2.678077e-04
3.930514e-02 -1.709703e-04 2.661514e-04
3.957595e-02 -1.432691e-04 2.641557e-04
3.984676e-02 2.331287e-05 2.648803e-04
4.011758e-02 9.028055e-05 2.644486e-04
4.038839e-02 -1.857914e-04 2.646951e-04
4.065921e-02 5.147979e-05 2.618261e-04
4.093002e-02 2.889708e-04 2.633162e-04
4.120084e-02 -2.714898e-04 2.581273e-04
4.147165e-02 3.140997e-04 2.593460e-04
4.174246e-02 -1.258012e-04 2.574174e-04
4.201328e-02 4.141685e-04 2.561511e-04
4.228409e-02 -3.737956e-05 2.571647e-04
4.255491e-02 -1.124591e-04 2.557933e-04
4.282572e-02 3.709309e-04 2.557834e-04
4.309653e-02 2.056416e-04 2.518583e-04
4.336735e-02 -3.052875e-05 2.513528e-04
4.363817e-02 3.548414e-04 2.526646e-04
4.390898e-02 9.160489e-06 2.494668e-04
4.417979e-02 -6.728992e-05 2.489712e-04
4.445061e-02 -8.643046e-05 2.481936e-04
4.472142e-02 3.697108e-04 2.422917e-04
4.499224e-02 -8.698553e-07 2.469427e-04
4.526305e-02 3.025401e-04 2.465968e-04
4.553387e-02 8.027069e-05 2.451841e-04
4.580468e-02 2.812203e-04 2.430067e-04
4.607549e-02 -4.582293e-04 2.435150e-04
4.634631e-02 -4.881602e-04 2.404424e-04
4.661712e-02 -2.008900e-04 2.429076e-04
4.688794e-02 2.524797e-04 2.405576e-04
4.715875e-02 7.682107e-05 2.382707e-04
4.742957e-02 2.687983e-05 2.366575e-04
4.770038e-02 -2.820902e-04 2.351419e-04
4.797119e-02 1.107901e-05 2.356537e-04
4.824201e-02 -6.028116e-04 2.352823e-04
4.851282e-02 -5.362928e-05 2.370109e-04
4.878364e-02 1.373310e-04 2.324424e-04
4.905445e-02 1.277104e-04 2.322797e-04
4.932526e-02 1.081508e-04 2.327352e-04
4.959608e-02 4.632957e-05 2.311610e-04
4.986690e-02 9.370036e-05 2.309921e-04
5.013771e-02 1.027193e-04 2.314000e-04
5.040852e-02 2.399702e-04 2.304075e-04
5.067934e-02 -1.282301e-04 2.296453e-04
5.095015e-02 3.838316e-04 2.261966e-04
5.122096e-02 7.293932e-05 2.280346e-04
5.149178e-02 3.532898e-04 2.276898e-04
5.176260e-02 1.176298e-04 2.256679e-04
5.203341e-02 4.228689e-04 2.284795e-04
5.230422e-02 -2.301801e-04 2.239083e-04
5.257504e-02 -2.002697e-04 2.259147e-04
5.284585e-02 -2.354886e-04 2.229902e-04
5.311667e-02 -1.101289e-04 2.238598e-04
5.338748e-02 3.410801e-04 2.284766e-04
5.365830e-02 4.035104e-04 2.261738e-04
5.392911e-02 -3.964081e-05 2.269335e-04
5.419992e-02 -1.619104e-04 2.265077e-04
5.447074e-02 1.183301e-04 2.268647e-04
5.474155e-02 2.501588e-04 2.300924e-04
5.501237e-02 2.275705e-04 2.330971e-04
5.528318e-02 -1.388974e-05 2.346016e-04
5.555400e-02 2.702605e-04 2.363076e-04
5.582481e-02 1.234505e-04 2.360997e-04
5.609563e-02 1.141392e-04 2.389887e-04
5.636644e-02 -5.316921e-05 2.390985e-04
5.663725e-02 3.601089e-04 2.417891e-04
5.690807e-02 2.637412e-04 2.440550e-04
5.717888e-02 -7.451698e-04 2.398856e-04
5.744969e-02 -2.945904e-04 2.422784e-04
5.772051e-02 -1.190044e-05 2.425846e-04
5.799133e-02 -3.438909e-04 2.408404e-04
5.826214e-02 1.433492e-04 2.429958e-04
5.853295e-02 2.107192e-04 2.441246e-04
5.880377e-02 3.972203e-04 2.450507e-04
5.907458e-02 1.324899e-05 2.418505e-04
5.934540e-02 1.614913e-04 2.441919e-04
5.961621e-02 -4.606880e-05 2.451499e-04
5.988703e-02 -1.617409e-04 2.459178e-04
6.015784e-02 -3.419816e-06 2.448881e-04
6.042865e-02 -1.478288e-04 2.446860e-04
6.069947e-02 -5.945936e-05 2.401471e-04
6.097028e-02 3.167894e-04 2.437225e-04
6.124110e-02 2.289899e-04 2.371822e-04
6.151191e-02 4.987400e-04 2.378367e-04
6.178273e-02 2.533514e-04 2.370846e-04
6.205354e-02 -1.446400e-04 2.328179e-04
6.232436e-02 1.355093e-04 2.369463e-04
6.259517e-02 -8.263998e-05 2.350025e-04
6.286598e-02 3.600512e-04 2.328892e-04
6.313679e-02 -5.342998e-05 2.335143e-04
6.340761e-02 1.308098e-04 2.321526e-04
6.367842e-02 -1.563299e-04 2.316101e-04
6.394923e-02 -1.849402e-04 2.309049e-04
6.422005e-02 -3.322959e-05 2.312494e-04
6.449086e-02 2.299305e-04 2.337366e-04
6.476168e-02 1.354609e-04 2.286105e-04
6.503250e-02 5.877018e-05 2.307156e-04
6.530331e-02 2.116002e-04 2.298118e-04
6.557412e-02 -1.525301e-04 2.288997e-04
6.584494e-02 2.812613e-04 2.297905e-04
6.611575e-02 -1.876056e-05 2.274819e-04
6.638657e-02 2.895202e-04 2.303197e-04
6.665738e-02 -6.798655e-07 2.286418e-04
6.692819e-02 3.554113e-05 2.285780e-04
6.719901e-02 -4.545487e-04 2.272525e-04
6.746982e-02 -2.957303e-04 2.290688e-04
6.774063e-02 1.896508e-04 2.286875e-04
6.801146e-02 4.735198e-04 2.266252e-04
6.828227e-02 2.338197e-04 2.239464e-04
6.855308e-02 1.895986e-05 2.274366e-04
6.882390e-02 -2.870895e-05 2.244245e-04
6.909471e-02 1.509599e-04 2.248515e-04
6.936552e-02 -2.284590e-04 2.227139e-04
6.963634e-02 -1.103897e-04 2.247763e-04
6.990715e-02 9.994023e-05 2.250884e-04
7.017796e-02 -3.285315e-04 2.210961e-04
7.044878e-02 3.415905e-05 2.222031e-04
7.071959e-02 2.438501e-04 2.226642e-04
7.099041e-02 -3.348812e-04 2.239630e-04
7.126123e-02 -3.221072e-05 2.216195e-04
7.153204e-02 -1.146402e-04 2.212981e-04
7.180285e-02 -9.944104e-05 2.214263e-04
7.207367e-02 1.697987e-04 2.200018e-04
7.234448e-02 -2.877787e-04 2.211490e-04
7.261530e-02 5.648807e-04 2.198077e-04
7.288611e-02 -4.150588e-04 2.198029e-04
7.315692e-02 -1.252312e-04 2.196762e-04
7.342774e-02 -4.795492e-04 2.211991e-04
7.369855e-02 3.292393e-04 2.192466e-04
7.396936e-02 1.758914e-04 2.184756e-04
7.424019e-02 -5.930662e-06 2.197880e-04
7.451100e-02 -3.236514e-04 2.200890e-04
7.478181e-02 2.462976e-05 2.173118e-04
7.505263e-02 2.304092e-04 2.166164e-04
7.532344e-02 2.460089e-04 2.206781e-04
7.559425e-02 1.913998e-04 2.164038e-04
7.586507e-02 -1.562946e-05 2.181958e-04
7.613588e-02 1.889803e-04 2.170669e-04
7.640669e-02 -3.544893e-04 2.158511e-04
7.667751e-02 -1.809094e-04 2.167313e-04
7.694832e-02 2.566893e-04 2.172047e-04
7.721914e-02 2.142601e-04 2.146738e-04
7.748996e-02 2.149791e-04 2.146888e-04
7.776077e-02 -1.389291e-04 2.138399e-04
7.803158e-02 -2.380088e-05 2.165742e-04
7.830240e-02 -9.223074e-05 2.140716e-04
7.857321e-02 2.260413e-04 2.138806e-04
7.884403e-02 2.376512e-04 2.130012e-04
7.911484e-02 3.277808e-04 2.125885e-04
7.938565e-02 1.091603e-04 2.143785e-04
7.965647e-02 -1.667999e-05 2.121065e-04
7.992728e-02 -1.216866e-05 2.116878e-04
8.019809e-02 1.170710e-04 2.128772e-04
8.046892e-02 -1.037810e-04 2.113952e-04
8.073973e-02 2.872385e-04 2.112537e-04
8.101054e-02 1.601875e-07 2.113565e-04
8.128136e-02 1.799203e-04 2.113152e-04
8.155217e-02 -4.074499e-04 2.109698e-04
8.182298e-02 4.159193e-04 2.103165e-04
8.209380e-02 -3.275089e-05 2.095616e-04
8.236461e-02 1.037810e-04 2.101089e-04
8.263543e-02 2.337694e-04 2.097913e-04
8.290624e-02 5.288403e-04 2.081500e-04
8.317705e-02 -7.897615e-07 2.076473e-04
8.344787e-02 -2.531800e-04 2.096058e-04
8.371869e-02 4.944950e-05 2.095592e-04
8.398950e-02 -9.070151e-05 2.069477e-04
8.426031e-02 -7.887930e-05 2.075626e-04
8.453113e-02 3.150310e-04 2.064085e-04
8.480194e-02 1.986101e-04 2.068552e-04
8.507276e-02 -2.156310e-04 2.074236e-04
8.534357e-02 -2.526864e-05 2.063267e-04
8.561438e-02 -2.796799e-04 2.062776e-04
8.588520e-02 -2.840590e-04 2.042843e-04
8.615601e-02 2.826937e-05 2.058230e-04
8.642682e-02 -1.917612e-04 2.054094e-04
8.669765e-02 -2.667606e-04 2.042904e-04
8.696846e-02 -4.150998e-04 2.044225e-04
8.723927e-02 -1.153015e-04 2.042381e-04
8.751009e-02 3.960598e-04 2.028021e-04
8.778090e-02 -1.952201e-04 2.022862e-04
8.805171e-02 1.892801e-04 2.038621e-04
8.832253e-02 1.596101e-05 2.039377e-04
8.859334e-02 -2.932698e-04 2.039517e-04
8.886416e-02 8.067116e-05 2.017802e-04
8.913497e-02 -2.374295e-04 2.023417e-04
8.940578e-02 2.790242e-06 2.013034e-04
8.967660e-02 1.772121e-05 2.025707e-04
8.994742e-02 2.911128e-05 2.050064e-04
9.021823e-02 4.878081e-05 2.029519e-04
9.048904e-02 -1.204908e-04 2.012855e-04
9.075986e-02 -2.000686e-04 2.019895e-04
9.103067e-02 -1.983903e-05 2.014272e-04
9.130149e-02 2.745297e-04 2.003928e-04
9.157230e-02 -3.475491e-04 2.017690e-04
9.184311e-02 1.248587e-04 2.033746e-04
9.211393e-02 1.711305e-04 1.986411e-04
9.238474e-02 -5.554035e-05 2.004364e-04
9.265555e-02 -1.092795e-04 2.004652e-04
9.292637e-02 -2.339482e-06 1.990034e-04
9.319719e-02 7.145852e-05 2.005681e-04
9.346800e-02 -5.012937e-05 1.990909e-04
9.373882e-02 3.105495e-04 1.998634e-04
9.400963e-02 1.677591e-04 1.975872e-04
9.428044e-02 -1.340695e-04 1.985315e-04
9.455126e-02 2.351590e-04 1.978345e-04
9.482207e-02 2.215300e-04 1.986770e-04
9.509289e-02 2.990700e-04 1.972052e-04
9.536370e-02 2.104696e-04 1.988798e-04
9.563451e-02 -4.187208e-04 1.963242e-04
9.590533e-02 2.648104e-04 1.974997e-04
9.617615e-02 -3.142506e-04 1.960898e-04
9.644696e-02 9.468012e-05 1.969000e-04
9.671777e-02 -2.064910e-04 1.959646e-04
9.698859e-02 -3.271997e-04 1.958272e-04
9.725940e-02 -1.934208e-04 1.966984e-04
9.753022e-02 9.926036e-05 1.941437e-04
9.780103e-02 1.282711e-04 1.968525e-04
9.807184e-02 7.089227e-06 1.944862e-04
9.834266e-02 6.621145e-05 1.954437e-04
9.861347e-02 1.138002e-04 1.954091e-04
9.888428e-02 -1.436099e-04 1.942867e-04
9.915510e-02 2.346709e-04 1.947308e-04
9.942592e-02 1.224894e-04 1.922246e-04
9.969673e-02 -2.219602e-04 1.942473e-04
9.996755e-02 -1.535304e-04 1.930826e-04
1.002384e-01 1.757033e-05 1.918735e-04
1.005092e-01 1.209304e-04 1.948012e-04
1.007800e-01 1.009200e-04 1.931685e-04
1.010508e-01 2.897698e-04 1.923436e-04
1.013216e-01 5.960464e-08 1.923885e-04
1.015924e-01 8.028001e-05 1.921059e-04
1.018632e-01 1.357887e-04 1.928453e-04
1.021341e-01 3.753975e-05 1.925129e-04
1.024049e-01 2.179295e-06 1.925823e-04
1.026757e-01 -1.608394e-04 1.909292e-04
1.029465e-01 -1.181792e-04 1.913887e-04
1.032173e-01 8.426048e-05 1.918061e-04
1.034881e-01 2.050027e-05 1.905895e-04
1.037589e-01 -3.248714e-04 1.907312e-04
1.040298e-01 -1.218896e-04 1.889780e-04
1.043006e-01 2.088994e-04 1.896038e-04
1.045714e-01 1.026411e-04 1.891911e-04
1.048422e-01 -1.612213e-04 1.897090e-04
1.051130e-01 -2.784599e-04 1.895851e-04
1.053838e-01 1.256187e-04 1.905807e-04
1.056546e-01 3.334880e-05 1.907344e-04
1.059255e-01 -1.974031e-05 1.892268e-04
1.061963e-01 -9.799004e-05 1.885962e-04
1.064671e-01 -2.742186e-04 1.885125e-04
1.067379e-01 3.882311e-04 1.886658e-04
1.070087e-01 -6.447919e-05 1.891281e-04
1.072795e-01 2.685301e-04 1.869765e-04
1.075503e-01 -7.232092e-05 1.877738e-04
1.078212e-01 -4.160963e-05 1.874552e-04
1.080920e-01 -7.176027e-05 1.871074e-04
1.083628e-01 -1.462493e-04 1.867485e-04
1.086336e-01 1.132004e-04 1.867967e-04
1.089044e-01 -1.044702e-04 1.870355e-04
1.091752e-01 1.954101e-05 1.867334e-04
1.094460e-01 3.037788e-04 1.860831e-04
1.097169e-01 -6.088056e-05 1.868939e-04
1.099877e-01 -4.390255e-06 1.856416e-04
1.102585e-01 2.214499e-04 1.863054e-04
1.105293e-01 2.115108e-04 1.883895e-04
1.108001e-01 -2.185069e-05 1.900620e-04
1.110709e-01 1.079589e-04 1.926824e-04
1.113417e-01 -2.753809e-04 1.908653e-04
1.116126e-01 3.852285e-04 1.930277e-04
1.118834e-01 -5.042199e-04 1.922292e-04
1.121542e-01 3.707968e-05 1.947949e-04
1.124250e-01 3.716499e-04 1.966099e-04
1.126958e-01 5.006101e-04 1.984446e-04
1.129666e-01 8.552894e-05 1.981414e-04
1.132374e-01 -4.043691e-04 2.022800e-04
1.135083e-01 6.519072e-05 2.027401e-04
1.137791e-01 1.588687e-04 2.037318e-04
1.140499e-01 -3.885087e-04 2.024400e-04
1.143207e-01 2.854001e-04 2.076220e-04
1.145915e-01 2.926607e-04 2.063114e-04
1.148623e-01 2.953801e-04 2.105144e-04
1.151332e-01 7.898919e-05 2.091839e-04
1.154040e-01 1.317393e-04 2.098953e-04
1.156748e-01 -1.009107e-04 2.106050e-04
1.159456e-01 1.030397e-04 2.128565e-04
1.162164e-01 -9.924918e-05 2.145198e-04
1.164872e-01 -4.756991e-04 2.125132e-04
1.167580e-01 1.364406e-04 2.166871e-04
1.170288e-01 -1.347400e-04 2.165624e-04
1.172997e-01 -8.940138e-05 2.189589e-04
1.175705e-01 2.955608e-04 2.182613e-04
1.178413e-01 5.546957e-05 2.193484e-04
1.181121e-01 -3.338885e-04 2.142685e-04
1.183829e-01 6.557070e-05 2.123463e-04
1.186537e-01 3.864095e-04 2.129521e-04
1.189246e-01 -2.406314e-04 2.126510e-04
1.191954e-01 2.594199e-04 2.113995e-04
1.194662e-01 3.529489e-04 2.128323e-04
1.197370e-01 -3.638193e-04 2.095491e-04
1.200078e-01 -2.106093e-05 2.096944e-04
1.202786e-01 -3.889296e-04 2.099522e-04
1.205494e-01 1.111999e-04 2.106135e-04
1.208202e-01 1.127403e-04 2.117317e-04
1.210911e-01 1.160391e-04 2.093136e-04
1.213619e-01 -2.481006e-04 2.132231e-04
1.216327e-01 -1.859087e-04 2.096196e-04
1.219035e-01 1.253802e-04 2.101566e-04
1.221743e-01 2.762899e-04 2.098606e-04
1.224451e-01 -3.467202e-04 2.115155e-04
1.227160e-01 -4.011597e-04 2.124464e-04
1.229868e-01 1.887046e-05 2.086483e-04
1.232576e-01 2.978370e-06 2.106765e-04
1.235284e-01 -5.764887e-05 2.105675e-04
1.237992e-01 3.304798e-04 2.101285e-04
1.240700e-01 -4.022606e-04 2.112863e-04
1.243408e-01 3.475789e-04 2.093032e-04
1.246117e-01 5.413033e-05 2.103440e-04
1.248825e-01 2.851188e-04 2.105688e-04
1.251533e-01 1.470204e-04 2.093762e-04
1.254241e-01 -2.975948e-05 2.094961e-04
1.256949e-01 3.506914e-04 2.083905e-04
1.259657e-01 8.157082e-05 2.088834e-04
1.262365e-01 -4.917700e-04 2.073360e-04
1.265074e-01 -7.580966e-05 2.065273e-04
1.267782e-01 1.621991e-04 2.073679e-04
1.270490e-01 -5.340204e-06 2.054575e-04
1.273198e-01 -2.287384e-04 2.071783e-04
1.275906e-01 4.041940e-05 2.048711e-04
1.278614e-01 -1.985393e-04 2.050943e-04
1.281322e-01 1.787711e-04 2.045766e-04
1.284031e-01 -2.726298e-04 2.058623e-04
1.286739e-01 -8.938089e-05 2.065546e-04
1.289447e-01 -1.662001e-04 2.046227e-04
1.292155e-01 8.605421e-07 2.056141e-04
1.294863e-01 -3.799982e-05 2.039747e-04
1.297571e-01 -2.170615e-04 2.048943e-04
1.300279e-01 4.862063e-05 2.049244e-04
1.302988e-01 1.241006e-04 2.043776e-04
1.305696e-01 -8.750148e-05 2.065047e-04
1.308404e-01 -6.728061e-05 2.040029e-04
1.311112e-01 -1.563411e-04 2.049035e-04
1.313820e-01 6.577000e-05 2.021715e-04
1.316528e-01 -4.892200e-04 2.036823e-04
1.319236e-01 -1.556911e-04 2.032186e-04
1.321945e-01 -4.778411e-04 2.040442e-04
1.324653e-01 -3.148057e-05 2.034459e-04
1.327361e-01 -2.486799e-04 2.031292e-04
1.330069e-01 -1.740195e-04 2.032166e-04
1.332777e-01 -6.579980e-05 2.034481e-04
1.335485e-01 1.585297e-04 2.016987e-04
1.338193e-01 5.873851e-05 2.032139e-04
1.340902e-01 -7.599592e-06 1.997486e-04
1.343610e-01 3.100000e-05 2.038751e-04
1.346318e-01 -9.065866e-05 2.019155e-04
1.349026e-01 -7.050112e-06 2.004579e-04
1.351734e-01 3.154594e-04 2.030150e-04
1.354442e-01 1.972504e-04 2.015147e-04
1.357151e-01 2.792496e-04 2.022510e-04
1.359859e-01 -2.262928e-05 2.010716e-04
1.362567e-01 -1.764502e-04 2.002078e-04
1.365275e-01 -1.753084e-04 2.004158e-04
1.367983e-01 -6.283075e-05 1.994088e-04
1.370691e-01 -1.336802e-04 2.012870e-04
1.373399e-01 -9.086914e-05 2.026204e-04
1.376107e-01 3.269482e-04 2.055090e-04
1.378816e-01 3.312100e-04 2.076702e-04
1.381524e-01 1.706704e-04 2.064959e-04
1.384232e-01 7.702969e-05 2.110597e-04
1.386940e-01 4.289858e-05 2.106241e-04
1.389648e-01 6.395020e-05 2.116503e-04
1.392356e-01 1.994912e-04 2.152858e-04
1.395064e-01 -4.904196e-04 2.147392e-04
1.397773e-01 -2.561789e-04 2.142836e-04
1.400481e-01 -1.235716e-04 2.145526e-04
1.403189e-01 -4.819389e-04 2.173096e-04
1.405897e-01 -2.395920e-05 2.154523e-04
1.408605e-01 -4.837103e-05 2.180284e-04
1.411313e-01 -7.100962e-05 2.186184e-04
1.414021e-01 2.212077e-05 2.186396e-04
1.416730e-01 7.608905e-05 2.215246e-04
1.419438e-01 -1.792051e-05 2.204055e-04
1.422146e-01 2.327934e-05 2.220386e-04
1.424854e-01 -3.282800e-04 2.208619e-04
1.427562e-01 -1.322292e-04 2.210897e-04
1.430270e-01 -2.793185e-04 2.210696e-04
1.432979e-01 2.247803e-04 2.211552e-04
1.435687e-01 1.048911e-04 2.233577e-04
1.438395e-01 -9.565987e-05 2.234503e-04
1.441103e-01 2.120994e-05 2.244915e-04
1.443811e-01 2.468694e-04 2.245090e-04
1.446519e-01 7.477030e-05 2.261912e-04
1.449227e-01 -1.974888e-04 2.284496e-04
1.451935e-01 2.869293e-04 2.252117e-04
1.454644e-01 4.762039e-05 2.273034e-04
1.457352e-01 -3.390089e-04 2.301091e-04
1.460060e-01 -2.260897e-04 2.277488e-04
1.462768e-01 2.324916e-04 2.298681e-04
1.465476e-01 1.059510e-04 2.290831e-04
1.468184e-01 -3.449600e-04 2.324820e-04
1.470892e-01 2.297293e-04 2.313491e-04
1.473601e-01 -1.789294e-04 2.307135e-04
1.476309e-01 4.042797e-04 2.306724e-04
1.479017e-01 -8.223020e-05 2.295890e-04
1.481725e-01 -1.921691e-04 2.319553e-04
1.484433e-01 -1.516603e-04 2.274534e-04
1.487141e-01 -2.355613e-04 2.302080e-04
1.489850e-01 3.268309e-04 2.295325e-04
1.492558e-01 -1.173597e-04 2.286809e-04
1.495266e-01 1.170598e-04 2.325613e-04
1.497974e-01 -1.572408e-04 2.272860e-04
1.500682e-01 -4.473887e-04 2.296195e-04
1.503390e-01 6.953068e-05 2.287227e-04
1.506098e-01 9.152107e-05 2.294188e-04
1.508806e-01 -2.187900e-04 2.293779e-04
1.511515e-01 4.584156e-05 2.278403e-04
1.514223e-01 1.544692e-04 2.299355e-04
1.516931e-01 2.339594e-04 2.295682e-04
1.519639e-01 1.577213e-04 2.299459e-04
1.522347e-01 2.557710e-04 2.293321e-04
1.525055e-01 4.168600e-06 2.306700e-04
1.527763e-01 -2.265386e-04 2.321787e-04
1.530472e-01 1.674797e-04 2.282725e-04
1.533180e-01 4.199147e-05 2.308607e-04
1.535888e-01 3.471896e-04 2.319156e-04
1.538596e-01 -5.288050e-05 2.275968e-04
1.541304e-01 -3.315397e-04 2.308219e-04
1.544012e-01 1.184195e-04 2.280725e-04
1.546721e-01 -4.341695e-04 2.311417e-04
1.549429e-01 -5.640090e-05 2.306425e-04
1.552137e-01 -2.460200e-04 2.291019e-04
1.554845e-01 -6.003305e-04 2.314406e-04
1.557553e-01 1.985189e-04 2.312441e-04
1.560261e-01 2.860595e-04 2.305702e-04
1.562969e-01 3.768299e-04 2.309926e-04
1.565678e-01 4.692897e-04 2.281757e-04
1.568386e-01 -2.964288e-04 2.327524e-04
1.571094e-01 -7.894076e-05 2.315408e-04
1.573802e-01 5.974993e-05 2.311800e-04
1.576510e-01 2.564788e-04 2.302627e-04
1.579218e-01 -1.819003e-04 2.313559e-04
1.581926e-01 -1.151897e-04 2.306926e-04
1.584634e-01 -5.242974e-05 2.306640e-04
1.587343e-01 -3.021024e-05 2.295336e-04
1.590051e-01 -4.076008e-04 2.297636e-04
1.592759e-01 -3.856979e-05 2.306883e-04
1.595467e-01 -1.208913e-04 2.295634e-04
1.598175e-01 -2.379399e-04 2.291401e-04
1.600883e-01 1.309067e-05 2.279238e-04
1.603591e-01 -1.618303e-04 2.293301e-04
1.606300e-01 -5.212985e-05 2.287724e-04
1.609008e-01 -5.995110e-05 2.297174e-04
1.611716e-01 -9.872019e-05 2.279559e-04
1.614424e-01 7.143058e-05 2.268842e-04
1.617132e-01 3.306102e-04 2.310793e-04
1.619840e-01 1.946092e-04 2.281950e-04
1.622549e-01 6.756932e-05 2.282350e-04
1.625257e-01 5.237944e-05 2.309494e-04
1.627965e-01 -4.892405e-04 2.282655e-04
1.630673e-01 -5.700998e-05 2.281057e-04
1.633381e-01 3.876891e-04 2.292902e-04
1.636089e-01 -4.185215e-04 2.272695e-04
1.638797e-01 -3.380999e-04 2.294904e-04
1.641506e-01 6.265938e-05 2.277458e-04
1.644214e-01 -7.781014e-05 2.287347e-04
1.646922e-01 3.351811e-04 2.270701e-04
1.649630e-01 5.413964e-05 2.281910e-04
1.652338e-01 -9.842962e-05 2.297754e-04
1.655046e-01 8.557923e-05 2.296600e-04
1.657754e-01 -1.997203e-04 2.277890e-04
1.660462e-01 -3.791396e-04 2.301334e-04
1.663171e-01 4.461613e-04 2.296368e-04
1.665879e-01 1.970697e-04 2.268907e-04
1.668587e-01 4.762709e-04 2.291544e-04
1.671295e-01 -2.409611e-04 2.304510e-04
1.674003e-01 -5.763955e-05 2.302148e-04
1.676711e-01 -4.699454e-06 2.377895e-04
1.679420e-01 -2.413597e-04 2.418085e-04
1.682128e-01 -3.683940e-05 2.424556e-04
1.684836e-01 5.675200e-04 2.487463e-04
1.687544e-01 -2.421439e-06 2.469589e-04
1.690252e-01 -9.785034e-05 2.477777e-04
1.692960e-01 -1.584105e-04 2.476798e-04
1.695668e-01 2.020597e-04 2.549407e-04
1.698377e-01 -4.441105e-05 2.568351e-04
1.701085e-01 -1.958404e-04 2.575076e-04
1.703793e-01 -1.515914e-04 2.592711e-04
1.706501e-01 2.401713e-04 2.622177e-04
1.709209e-01 -3.654994e-04 2.644002e-04
1.711917e-01 -9.647943e-05 2.640788e-04
1.714625e-01 3.491398e-04 2.670644e-04
1.717333e-01 -2.498906e-04 2.713704e-04
1.720042e-01 -4.867837e-05 2.709288e-04
1.722750e-01 1.834016e-04 2.752453e-04
1.725458e-01 2.357904e-04 2.723480e-04
1.728166e-01 2.603997e-04 2.744655e-04
1.730874e-01 1.842100e-04 2.803187e-04
1.733582e-01 1.550838e-05 2.779775e-04
1.736291e-01 1.136512e-04 2.834022e-04
1.738999e-01 3.068801e-04 2.810734e-04
1.741707e-01 4.231930e-05 2.861271e-04
1.744415e-01 7.161126e-05 2.844283e-04
1.747123e-01 -4.325099e-04 2.864735e-04
1.749831e-01 3.111605e-04 2.787431e-04
1.752539e-01 2.241507e-04 2.684443e-04
1.755248e-01 -1.006592e-04 2.684930e-04
1.757956e-01 1.253095e-04 2.654719e-04
1.760664e-01 4.193094e-04 2.667483e-04
1.763372e-01 -4.109610e-04 2.649269e-04
1.766080e-01 -4.199892e-05 2.649729e-04
1.768788e-01 1.076702e-04 2.638476e-04
1.771496e-01 -2.647992e-04 2.610439e-04
1.774205e-01 -3.332999e-04 2.606985e-04
1.776913e-01 5.002134e-05 2.572983e-04
1.779621e-01 -4.743002e-04 2.607246e-04
1.782329e-01 5.484000e-05 2.586508e-04
1.785037e-01 2.528485e-04 2.559801e-04
1.787745e-01 2.588686e-04 2.573328e-04
1.790453e-01 -4.944410e-04 2.562800e-04
1.793161e-01 -2.630986e-04 2.535857e-04
1.795870e-01 -3.369693e-04 2.549767e-04
1.798578e-01 -2.823900e-04 2.518522e-04
1.801286e-01 -3.083311e-04 2.542578e-04
1.803994e-01 2.002493e-04 2.501588e-04
1.806702e-01 4.387088e-05 2.512333e-04
1.809410e-01 1.431797e-04 2.537051e-04
1.812119e-01 -2.236906e-04 2.489095e-04
1.814827e-01 9.151921e-05 2.512311e-04
1.817535e-01 -2.907403e-04 2.483593e-04
1.820243e-01 -2.945997e-04 2.507852e-04
1.822951e-01 -3.118608e-04 2.475732e-04
1.825659e-01 9.362027e-05 2.476004e-04
1.828367e-01 -2.851803e-04 2.516021e-04
1.831076e-01 -1.648106e-04 2.444772e-04
1.833784e-01 -2.267025e-05 2.499123e-04
1.836492e-01 1.500100e-04 2.474356e-04
1.839200e-01 -1.663100e-04 2.491701e-04
1.841908e-01 -1.586899e-04 2.495730e-04
1.844616e-01 -4.048012e-04 2.472784e-04
1.847324e-01 -2.601929e-05 2.495532e-04
1.850033e-01 6.145053e-05 2.480471e-04
1.852741e-01 3.932975e-05 2.471182e-04
1.855449e-01 -4.080907e-04 2.470065e-04
1.858157e-01 -5.016308e-04 2.484635e-04
1.860865e-01 1.127105e-04 2.468753e-04
1.863573e-01 -2.114512e-04 2.442180e-04
1.866281e-01 -1.473110e-04 2.459706e-04
1.868990e-01 9.408966e-05 2.443711e-04
1.871698e-01 1.577493e-04 2.461265e-04
1.874406e-01 5.592033e-05 2.485286e-04
1.877114e-01 -3.088098e-04 2.444094e-04
1.879822e-01 -1.636688e-04 2.468024e-04
1.882530e-01 -6.577000e-05 2.441043e-04
1.885238e-01 1.975503e-04 2.459658e-04
1.887947e-01 -1.841299e-04 2.467835e-04
1.890655e-01 -6.891973e-05 2.444671e-04
1.893363e-01 -3.077202e-04 2.459536e-04
1.896071e-01 -1.382288e-04 2.426197e-04
1.898779e-01 -6.389059e-05 2.470127e-04
1.901487e-01 -8.410029e-05 2.453837e-04
1.904195e-01 -2.949499e-04 2.468436e-04
1.906904e-01 -4.929192e-04 2.492724e-04
1.909612e-01 -4.744902e-04 2.429045e-04
1.912320e-01 5.527027e-05 2.465549e-04
1.915028e-01 3.976505e-04 2.428329e-04
1.917736e-01 8.093007e-05 2.441934e-04
1.920444e-01 7.819384e-06 2.461282e-04
1.923153e-01 -3.286302e-04 2.439429e-04
1.925861e-01 4.486926e-05 2.466058e-04
1.928569e-01 -1.926702e-04 2.429405e-04
1.931277e-01 1.963042e-05 2.430261e-04
1.933985e-01 9.069219e-06 2.436266e-04
1.936693e-01 1.422130e-05 2.442853e-04
1.939401e-01 2.192799e-04 2.434822e-04
1.942109e-01 -1.244005e-04 2.428632e-04
1.944818e-01 1.869407e-04 2.455169e-04
1.947526e-01 -3.676508e-04 2.452897e-04
1.950234e-01 9.476952e-05 2.430374e-04
1.952942e-01 -8.828938e-06 2.455307e-04
1.955650e-01 9.763986e-05 2.441180e-04
1.958358e-01 -4.961286e-04 2.428843e-04
1.961066e-01 -4.837513e-04 2.438201e-04
1.963775e-01 -1.704115e-04 2.435896e-04
1.966483e-01 3.745705e-04 2.445512e-04
1.969191e-01 2.082400e-04 2.438155e-04
1.971899e-01 -1.417100e-05 2.449256e-04
1.974607e-01 -2.414305e-04 2.457840e-04
1.977315e-01 -5.928054e-05 2.433116e-04
1.980023e-01 7.409044e-05 2.429427e-04
1.982732e-01 -4.515983e-05 2.449895e-04
1.985440e-01 -6.139837e-05 2.474157e-04
1.988148e-01 -7.637963e-05 2.452301e-04
1.990856e-01 -1.124889e-04 2.438887e-04
1.993564e-01 -2.271105e-04 2.416849e-04
1.996272e-01 -2.281293e-04 2.449497e-04
1.998980e-01 2.712943e-05 2.413856e-04
2.001689e-01 1.138076e-05 2.394078e-04
2.004397e-01 1.197495e-04 2.406310e-04
2.007105e-01 6.598979e-05 2.387941e-04
2.009813e-01 6.690994e-05 2.397887e-04
2.012521e-01 -6.274134e-05 2.425848e-04
2.015229e-01 3.990997e-04 2.415982e-04
2.017937e-01 2.326816e-04 2.438655e-04
2.020646e-01 4.639849e-06 2.419375e-04
2.023354e-01 1.451187e-04 2.440261e-04
2.026062e-01 -5.329959e-05 2.397477e-04
2.028770e-01 1.137611e-04 2.407546e-04
2.031478e-01 -4.041009e-05 2.403876e-04
2.034186e-01 -3.936701e-04 2.402856e-04
2.036894e-01 1.402795e-04 2.404426e-04
2.039603e-01 -1.407601e-04 2.395967e-04
2.042311e-01 2.719592e-04 2.402687e-04
2.045019e-01 7.728115e-05 2.371522e-04
2.047727e-01 -1.439825e-06 2.394352e-04
2.050435e-01 -4.889406e-04 2.384780e-04
2.053143e-01 2.589077e-05 2.394470e-04
2.055852e-01 -1.767594e-04 2.394657e-04
2.058560e-01 7.965975e-05 2.374810e-04
2.061268e-01 -1.731683e-04 2.377067e-04
2.063976e-01 -1.677591e-04 2.379335e-04
2.066684e-01 2.014805e-04 2.370180e-04
2.069392e-01 1.231302e-04 2.364676e-04
2.072100e-01 -7.071011e-04 2.375819e-04
2.074808e-01 1.219306e-04 2.379257e-04
2.077517e-01 -6.232969e-05 2.354984e-04
2.080225e-01 -3.884900e-04 2.365370e-04
2.082933e-01 2.564806e-04 2.363798e-04
2.085641e-01 1.956392e-04 2.349438e-04
2.088349e-01 -1.913793e-04 2.360867e-04
2.091057e-01 -2.515391e-04 2.355035e-04
2.093765e-01 -3.866106e-05 2.358399e-04
2.096474e-01 -1.934599e-04 2.366860e-04
2.099182e-01 8.450076e-05 2.391941e-04
2.101890e-01 1.870804e-04 2.356103e-04
2.104598e-01 1.807008e-04 2.358093e-04
2.107306e-01 -3.668498e-04 2.381369e-04
2.110014e-01 -6.884299e-04 2.366633e-04
2.112723e-01 1.430400e-04 2.356124e-04
2.115431e-01 -4.399400e-04 2.351931e-04
2.118139e-01 -1.803990e-04 2.373423e-04
2.120847e-01 -1.828298e-04 2.361713e-04
2.123555e-01 3.311895e-04 2.384689e-04
2.126263e-01 3.922004e-04 2.353141e-04
2.128971e-01 -5.293600e-04 2.362249e-04
2.131680e-01 -3.539026e-05 2.371292e-04
2.134388e-01 -2.424400e-04 2.370939e-04
2.137096e-01 3.211200e-06 2.362206e-04
2.139804e-01 -3.087893e-05 2.353270e-04
2.142512e-01 1.448914e-04 2.360361e-04
2.145220e-01 2.007596e-04 2.370789e-04
2.147928e-01 -3.944710e-04 2.377021e-04
2.150636e-01 -2.187788e-04 2.346245e-04
2.153345e-01 -5.558133e-05 2.373478e-04
2.156053e-01 4.907139e-05 2.373576e-04
2.158761e-01 6.874092e-05 2.384413e-04
2.161469e-01 -2.960190e-04 2.366511e-04
2.164177e-01 2.653599e-04 2.357428e-04
2.166885e-01 3.558900e-04 2.358325e-04
2.169593e-01 3.159903e-04 2.373153e-04
2.172302e-01 -2.747029e-05 2.385275e-04
2.175010e-01 2.615899e-05 2.368630e-04
2.177718e-01 2.581608e-04 2.362494e-04
2.180426e-01 -8.810312e-07 2.358812e-04
2.183134e-01 6.869994e-05 2.340519e-04
2.185842e-01 -3.391411e-04 2.332533e-04
2.188551e-01 -8.931011e-05 2.359081e-04
2.191259e-01 -1.293197e-04 2.360235e-04
2.193967e-01 4.245155e-05 2.334110e-04
2.196675e-01 -2.157800e-04 2.331011e-04
2.199383e-01 -7.848069e-05 2.342505e-04
2.202091e-01 -1.936890e-04 2.336992e-04
2.204799e-01 -3.861077e-05 2.341643e-04
2.207507e-01 -4.537702e-04 2.355194e-04
2.210216e-01 3.344994e-04 2.325725e-04
2.212924e-01 -1.297686e-04 2.331363e-04
2.215632e-01 2.152603e-04 2.324263e-04
2.218340e-01 -6.590039e-05 2.323228e-04
2.221048e-01 -6.121024e-05 2.304427e-04
2.223756e-01 -6.651506e-06 2.326086e-04
2.226464e-01 -2.712104e-04 2.320363e-04
2.229173e-01 1.713298e-04 2.308458e-04
2.231881e-01 -3.153086e-05 2.320876e-04
2.234589e-01 -1.610592e-04 2.316558e-04
2.237297e-01 4.146602e-04 2.303770e-04
2.240005e-01 -9.397976e-05 2.289616e-04
2.242713e-01 4.938990e-05 2.302402e-04
2.245422e-01 1.750607e-04 2.305268e-04
2.248130e-01 3.210902e-04 2.321801e-04
2.250838e-01 -3.980100e-05 2.301395e-04
2.253546e-01 -1.349393e-04 2.306756e-04
2.256254e-01 -1.169797e-04 2.331916e-04
2.258962e-01 -3.421903e-04 2.307466e-04
2.261670e-01 -2.104416e-04 2.395629e-04
2.264379e-01 4.429929e-05 2.467693e-04
2.267087e-01 -2.431404e-04 2.488202e-04
2.269795e-01 -1.777504e-04 2.532498e-04
2.272503e-01 3.752802e-04 2.536286e-04
2.275211e-01 -8.045882e-05 2.579335e-04
2.277919e-01 1.893211e-04 2.585887e-04
2.280627e-01 -1.746994e-04 2.641399e-04
2.283335e-01 -7.409044e-05 2.662772e-04
2.286044e-01 -9.172037e-05 2.668284e-04
2.288752e-01 1.198053e-05 2.722346e-04
2.291460e-01 2.828110e-04 2.720529e-04
2.294168e-01 -3.211889e-04 2.753547e-04
2.296876e-01 -5.461890e-04 2.775656e-04
2.299584e-01 -1.202598e-04 2.791034e-04
2.302293e-01 -2.211705e-04 2.838506e-04
2.305001e-01 8.247979e-05 2.842044e-04
2.307709e-01 1.973901e-04 2.881692e-04
2.310417e-01 4.471801e-04 2.897570e-04
2.313125e-01 2.980586e-04 2.913623e-04
2.315833e-01 -2.219900e-05 2.950755e-04
2.318541e-01 -3.366489e-04 2.973858e-04
2.321250e-01 -3.132895e-04 3.022109e-04
2.323958e-01 -2.039708e-04 3.034083e-04
2.326666e-01 1.805387e-04 3.060338e-04
2.329374e-01 -4.398115e-04 3.104112e-04
2.332082e-01 -2.598390e-06 3.026774e-04
2.334790e-01 1.511890e-04 3.083584e-04
2.337498e-01 -7.564016e-05 3.133601e-04
2.340207e-01 2.357103e-04 3.179556e-04
2.342915e-01 8.130446e-06 3.166376e-04
2.345623e-01 1.461096e-04 3.189039e-04
2.348331e-01 2.607498e-04 3.240892e-04
2.351039e-01 1.389496e-04 3.291074e-04
2.353747e-01 -2.022106e-04 3.279946e-04
2.356455e-01 -7.000398e-04 3.299810e-04
2.359163e-01 -2.889317e-04 3.360311e-04
2.361872e-01 2.139099e-04 3.357403e-04
2.364580e-01 -5.733613e-04 3.420328e-04
2.367288e-01 -2.728589e-04 3.411737e-04
2.369996e-01 7.866137e-05 3.448697e-04
2.372704e-01 3.164392e-04 3.486477e-04
2.375412e-01 6.271899e-05 3.460294e-04
2.378121e-01 -1.113601e-04 3.552926e-04
2.380829e-01 4.136935e-05 3.533242e-04
2.383537e-01 -9.101983e-04 3.577342e-04
2.386245e-01 2.695993e-05 3.685616e-04
2.388953e-01 -1.000687e-04 3.652694e-04
2.391661e-01 2.590511e-04 3.737150e-04
2.394369e-01 5.985592e-04 3.703458e-04
2.397078e-01 6.446987e-05 3.808620e-04
2.399786e-01 -1.729913e-04 3.816816e-04
2.402494e-01 -5.378015e-04 3.829161e-04
2.405202e-01 -4.236028e-05 3.909296e-04
2.407910e-01 -2.519600e-04 3.978819e-04
2.410618e-01 4.299916e-05 3.934462e-04
2.413326e-01 -1.802407e-04 4.027617e-04
2.416034e-01 -1.481604e-04 4.054047e-04
2.418743e-01 -2.251007e-05 4.120215e-04
2.421451e-01 2.120100e-04 4.157091e-04
2.424159e-01 7.600095e-04 4.227296e-04
2.426867e-01 -1.418609e-04 4.214595e-04
2.429575e-01 2.945103e-04 4.316094e-04
2.432283e-01 9.824894e-05 4.477692e-04
2.434992e-01 -2.502296e-04 4.403468e-04
2.437700e-01 -2.393797e-04 4.519941e-04
2.440408e-01 -2.579503e-04 4.468181e-04
2.443116e-01 -1.836196e-04 4.621061e-04
2.445824e-01 -4.221201e-04 4.573186e-04
2.448532e-01 -1.112269e-03 4.647960e-04
2.451240e-01 3.851950e-05 4.793759e-04
2.453949e-01 -5.192999e-04 4.883138e-04
2.456657e-01 -7.233992e-04 4.844891e-04
2.459365e-01 -2.970900e-04 4.913174e-04
2.462073e-01 -7.972121e-05 4.957904e-04
2.464781e-01 -5.785190e-04 5.206134e-04
2.467489e-01 7.940698e-04 5.149731e-04
2.470197e-01 -3.335010e-04 5.265900e-04
2.472906e-01 5.339496e-04 5.320004e-04
2.475614e-01 9.493157e-05 5.498698e-04
2.478322e-01 -3.983192e-04 5.587358e-04
2.481030e-01 -7.111020e-05 5.543548e-04
2.483738e-01 -5.707983e-04 5.642764e-04
2.486446e-01 -7.301997e-04 5.849914e-04
2.489154e-01 1.277650e-03 6.203655e-04
2.491863e-01 -5.343501e-04 6.047564e-04
2.494571e-01 -3.418103e-04 6.185660e-04
2.497279e-01 9.874105e-04 6.364288e-04
2.499987e-01 -2.912898e-04 6.688253e-04
2.502695e-01 3.032498e-04 6.553985e-04
2.505403e-01 -3.951807e-04 6.841325e-04
2.508111e-01 -5.466864e-05 6.993861e-04
2.510819e-01 9.983033e-05 7.274012e-04
2.513528e-01 1.336504e-04 7.255726e-04
2.516236e-01 -2.424996e-04 7.435709e-04
2.518944e-01 4.040487e-04 7.813913e-04
2.521652e-01 3.241114e-04 8.468621e-04
2.524360e-01 -8.643400e-04 8.334108e-04
2.527068e-01 1.490116e-06 8.232406e-04
2.529776e-01 -2.530012e-04 8.863034e-04
2.532485e-01 3.569499e-04 8.939719e-04
2.535193e-01 -1.303310e-03 9.346062e-04
2.537901e-01 -1.169510e-03 9.478711e-04
2.540609e-01 1.149541e-03 9.394537e-04
2.543317e-01 5.294401e-04 9.908660e-04
2.546025e-01 7.176585e-04 1.006110e-03
2.548733e-01 1.642888e-03 1.079563e-03
2.551441e-01 1.218911e-03 1.066919e-03
2.554150e-01 8.027013e-04 1.170238e-03
2.556858e-01 1.446716e-04 1.153034e-03
2.559566e-01 8.496605e-04 1.300245e-03
2.562274e-01 1.410211e-03 1.290593e-03
2.564982e-01 -1.229383e-04 1.405758e-03
2.567690e-01 4.471205e-04 1.625173e-03
2.570398e-01 3.009904e-04 1.752410e-03
2.573107e-01 -1.606170e-03 1.892698e-03
2.575815e-01 -5.804803e-04 2.555224e-03
2.578523e-01 -2.002642e-03 3.398088e-03
2.581231e-01 -1.525061e-03 5.309118e-03
