3.286826e-03 1.232523e+01 0.000000e+00
3.557641e-03 1.530399e+01 1.604081e-01
3.828455e-03 1.521855e+01 8.603528e-02
4.099269e-03 1.490384e+01 6.416395e-02
4.370084e-03 1.444069e+01 5.068742e-02
4.640898e-03 1.396911e+01 3.833554e-02
4.911712e-03 1.348173e+01 3.711596e-02
5.182527e-03 1.302213e+01 3.146760e-02
5.453341e-03 1.263187e+01 2.942404e-02
5.724155e-03 1.217290e+01 2.612841e-02
5.994970e-03 1.177920e+01 2.364029e-02
6.265784e-03 1.131225e+01 2.247139e-02
6.536598e-03 1.091291e+01 1.973215e-02
6.807412e-03 1.046881e+01 1.931206e-02
7.078227e-03 1.004870e+01 1.796392e-02
7.349041e-03 9.620992e+00 1.704530e-02
7.619855e-03 9.180369e+00 1.565772e-02
7.890671e-03 8.756507e+00 1.548032e-02
8.161485e-03 8.304488e+00 1.475340e-02
8.432299e-03 7.919626e+00 1.331382e-02
8.703114e-03 7.508693e+00 1.326004e-02
8.973928e-03 7.096363e+00 1.198097e-02
9.244742e-03 6.716864e+00 1.168524e-02
9.515557e-03 6.325499e+00 1.086414e-02
9.786371e-03 5.961209e+00 1.085435e-02
1.005718e-02 5.603878e+00 1.015931e-02
1.032800e-02 5.256636e+00 9.596374e-03
1.059881e-02 4.918756e+00 9.113552e-03
1.086963e-02 4.601478e+00 8.478857e-03
1.114044e-02 4.278900e+00 8.163617e-03
1.141126e-02 3.995999e+00 7.652194e-03
1.168207e-02 3.715356e+00 7.008733e-03
1.195289e-02 3.441081e+00 7.028834e-03
1.222370e-02 3.182207e+00 6.510053e-03
1.249451e-02 2.935751e+00 6.011721e-03
1.276533e-02 2.712531e+00 5.742031e-03
1.303614e-02 2.490610e+00 5.473651e-03
1.330696e-02 2.290895e+00 5.154078e-03
1.357777e-02 2.097208e+00 4.829398e-03
1.384859e-02 1.929008e+00 4.473395e-03
1.411940e-02 1.747721e+00 4.154406e-03
1.439021e-02 1.593689e+00 3.890658e-03
1.466103e-02 1.443027e+00 3.638124e-03
1.493184e-02 1.301688e+00 3.560514e-03
1.520266e-02 1.183880e+00 3.228905e-03
1.547347e-02 1.065844e+00 2.999436e-03
1.574429e-02 9.504441e-01 2.732079e-03
1.601510e-02 8.570602e-01 2.681182e-03
1.628591e-02 7.646176e-01 2.492446e-03
1.655673e-02 6.805819e-01 2.294375e-03
1.682754e-02 6.054302e-01 2.134792e-03
1.709836e-02 5.412953e-01 1.982469e-03
1.736917e-02 4.793757e-01 1.873659e-03
1.763999e-02 4.244443e-01 1.727408e-03
1.791080e-02 3.753467e-01 1.630763e-03
1.818161e-02 3.243433e-01 1.517292e-03
1.845243e-02 2.917014e-01 1.484549e-03
1.872324e-02 2.538922e-01 1.367770e-03
1.899406e-02 2.216243e-01 1.265642e-03
1.926487e-02 1.965824e-01 1.200219e-03
1.953569e-02 1.733223e-01 1.152814e-03
1.980650e-02 1.530014e-01 1.083395e-03
2.007731e-02 1.334803e-01 1.041156e-03
2.034813e-02 1.198737e-01 9.793040e-04
2.061894e-02 1.071261e-01 9.443714e-04
2.088976e-02 9.590765e-02 9.089814e-04
2.116057e-02 8.644845e-02 8.654987e-04
2.143139e-02 8.107372e-02 8.402165e-04
2.170220e-02 7.479056e-02 8.214866e-04
2.197302e-02 6.973721e-02 7.996211e-04
2.224383e-02 6.748459e-02 7.702280e-04
2.251465e-02 6.462812e-02 7.697720e-04
2.278546e-02 6.306910e-02 7.385399e-04
2.305627e-02 6.345573e-02 7.480362e-04
2.332709e-02 6.212520e-02 7.199689e-04
2.359790e-02 6.230711e-02 7.054694e-04
2.386872e-02 6.139868e-02 7.075990e-04
2.413953e-02 6.363443e-02 6.925088e-04
2.441034e-02 6.364882e-02 6.945882e-04
2.468116e-02 6.304492e-02 6.908965e-04
2.495197e-02 6.564754e-02 6.816245e-04
2.522279e-02 6.517734e-02 6.980064e-04
2.549360e-02 6.561600e-02 6.752510e-04
2.576442e-02 6.701316e-02 6.699365e-04
2.603523e-02 6.730957e-02 6.796612e-04
2.630604e-02 6.922488e-02 6.665329e-04
2.657686e-02 6.804384e-02 6.699504e-04
2.684767e-02 6.940890e-02 6.505590e-04
2.711849e-02 6.734554e-02 6.482555e-04
2.738930e-02 6.740207e-02 6.489383e-04
2.766012e-02 6.751846e-02 6.359185e-04
2.793093e-02 6.740925e-02 6.355134e-04
2.820175e-02 6.605196e-02 6.149518e-04
2.847256e-02 6.486587e-02 5.986021e-04
2.874337e-02 6.311358e-02 5.993102e-04
2.901419e-02 6.337845e-02 6.003376e-04
2.928500e-02 6.137181e-02 5.860534e-04
2.955582e-02 5.954164e-02 5.725074e-04
2.982663e-02 5.923588e-02 5.670011e-04
3.009745e-02 5.634649e-02 5.745389e-04
3.036826e-02 5.438951e-02 5.443834e-04
3.063907e-02 5.277385e-02 5.466356e-04
3.090989e-02 5.056577e-02 5.378635e-04
3.118070e-02 4.890509e-02 5.291027e-04
3.145152e-02 4.688736e-02 5.247082e-04
3.172233e-02 4.400900e-02 5.183865e-04
3.199315e-02 4.337814e-02 5.035086e-04
3.226396e-02 4.036451e-02 4.942116e-04
3.253478e-02 3.832605e-02 4.980843e-04
3.280559e-02 3.713883e-02 4.866029e-04
3.307641e-02 3.552881e-02 4.841236e-04
3.334722e-02 3.366253e-02 4.683935e-04
3.361803e-02 3.127169e-02 4.627636e-04
3.388885e-02 3.057567e-02 4.549977e-04
3.415966e-02 2.861540e-02 4.537208e-04
3.443048e-02 2.692300e-02 4.433979e-04
3.470129e-02 2.591866e-02 4.342060e-04
3.497211e-02 2.429307e-02 4.345592e-04
3.524292e-02 2.274341e-02 4.186133e-04
3.551374e-02 2.138890e-02 4.205498e-04
3.578455e-02 1.946584e-02 4.163677e-04
3.605536e-02 1.918612e-02 4.050216e-04
3.632618e-02 1.818475e-02 4.023613e-04
3.659699e-02 1.722840e-02 3.968581e-04
3.686780e-02 1.570444e-02 3.904536e-04
3.713862e-02 1.536652e-02 3.892948e-04
3.740944e-02 1.575144e-02 3.851461e-04
3.768025e-02 1.394476e-02 3.800730e-04
3.795106e-02 1.467656e-02 3.788718e-04
3.822188e-02 1.286165e-02 3.748465e-04
3.849269e-02 1.289613e-02 3.708615e-04
3.876351e-02 1.312020e-02 3.707756e-04
3.903432e-02 1.254488e-02 3.729561e-04
3.930514e-02 1.215367e-02 3.685431e-04
3.957595e-02 1.155624e-02 3.592692e-04
3.984676e-02 1.144293e-02 3.532747e-04
4.011758e-02 1.082894e-02 3.574498e-04
4.038839e-02 1.119454e-02 3.550495e-04
4.065921e-02 1.129521e-02 3.560241e-04
4.093002e-02 1.035703e-02 3.563060e-04
4.120084e-02 1.086821e-02 3.456860e-04
4.147165e-02 9.529540e-03 3.423887e-04
4.174246e-02 1.027108e-02 3.470826e-04
4.201328e-02 9.654040e-03 3.412851e-04
4.228409e-02 9.638069e-03 3.435665e-04
4.255491e-02 1.042878e-02 3.386344e-04
4.282572e-02 9.099040e-03 3.415882e-04
4.309653e-02 9.282840e-03 3.335954e-04
4.336735e-02 8.879902e-03 3.341868e-04
4.363817e-02 9.742780e-03 3.351874e-04
4.390898e-02 9.814100e-03 3.309523e-04
4.417979e-02 8.541619e-03 3.281829e-04
4.445061e-02 8.742392e-03 3.295985e-04
4.472142e-02 9.062851e-03 3.238037e-04
4.499224e-02 9.093560e-03 3.280171e-04
4.526305e-02 8.433009e-03 3.244260e-04
4.553387e-02 8.835409e-03 3.233062e-04
4.580468e-02 8.317022e-03 3.186524e-04
4.607549e-02 8.654701e-03 3.211142e-04
4.634631e-02 7.724201e-03 3.147489e-04
4.661712e-02 7.991951e-03 3.203967e-04
4.688794e-02 7.703910e-03 3.144399e-04
4.715875e-02 8.328760e-03 3.168110e-04
4.742957e-02 7.898688e-03 3.126391e-04
4.770038e-02 8.025389e-03 3.091935e-04
4.797119e-02 7.834561e-03 3.098783e-04
4.824201e-02 8.095350e-03 3.107818e-04
4.851282e-02 7.370370e-03 3.074465e-04
4.878364e-02 7.393202e-03 3.054126e-04
4.905445e-02 7.324390e-03 3.035657e-04
4.932526e-02 7.406309e-03 3.046949e-04
4.959608e-02 6.961640e-03 3.016679e-04
4.986690e-02 7.179830e-03 3.064419e-04
5.013771e-02 6.950989e-03 2.988758e-04
5.040852e-02 6.393211e-03 2.966409e-04
5.067934e-02 7.151360e-03 2.975127e-04
5.095015e-02 6.340500e-03 2.902645e-04
5.122096e-02 6.848879e-03 2.993290e-04
5.149178e-02 6.048981e-03 2.973799e-04
5.176260e-02 6.674770e-03 2.942379e-04
5.203341e-02 6.015372e-03 2.942018e-04
5.230422e-02 6.919252e-03 2.901570e-04
5.257504e-02 6.773042e-03 2.905525e-04
5.284585e-02 7.034373e-03 2.915814e-04
5.311667e-02 6.930070e-03 2.913014e-04
5.338748e-02 6.024430e-03 2.936414e-04
5.365830e-02 6.555390e-03 2.956647e-04
5.392911e-02 6.306130e-03 2.966285e-04
5.419992e-02 6.268999e-03 2.935324e-04
5.447074e-02 6.118920e-03 2.897820e-04
5.474155e-02 6.372601e-03 2.972937e-04
5.501237e-02 5.994000e-03 2.982495e-04
5.528318e-02 6.125048e-03 3.049423e-04
5.555400e-02 5.759530e-03 3.057035e-04
5.582481e-02 5.079091e-03 3.031571e-04
5.609563e-02 6.363500e-03 3.129220e-04
5.636644e-02 6.433330e-03 3.109815e-04
5.663725e-02 5.834891e-03 3.119811e-04
5.690807e-02 5.979210e-03 3.145333e-04
5.717888e-02 5.728362e-03 3.123029e-04
5.744969e-02 5.065361e-03 3.107846e-04
5.772051e-02 5.506530e-03 3.083793e-04
5.799133e-02 5.318679e-03 3.091958e-04
5.826214e-02 5.256120e-03 3.116291e-04
5.853295e-02 4.835559e-03 3.124984e-04
5.880377e-02 5.098149e-03 3.110623e-04
5.907458e-02 4.640659e-03 3.098791e-04
5.934540e-02 4.773071e-03 3.109735e-04
5.961621e-02 4.172599e-03 3.139872e-04
5.988703e-02 4.925102e-03 3.125758e-04
6.015784e-02 4.167909e-03 3.112429e-04
6.042865e-02 4.254960e-03 3.125429e-04
6.069947e-02 3.785949e-03 3.062838e-04
6.097028e-02 4.177110e-03 3.050017e-04
6.124110e-02 4.298089e-03 3.039790e-04
6.151191e-02 4.174162e-03 3.024592e-04
6.178273e-02 3.821200e-03 3.005898e-04
6.205354e-02 3.804360e-03 2.971791e-04
6.232436e-02 3.650980e-03 2.980314e-04
6.259517e-02 3.405992e-03 2.947628e-04
6.286598e-02 3.351901e-03 2.952046e-04
6.313679e-02 3.741141e-03 2.981322e-04
6.340761e-02 3.007969e-03 2.859971e-04
6.367842e-02 3.232330e-03 2.898771e-04
6.394923e-02 3.283678e-03 2.908520e-04
6.422005e-02 3.298722e-03 2.933751e-04
6.449086e-02 2.840642e-03 2.903873e-04
6.476168e-02 2.649838e-03 2.844626e-04
6.503250e-02 2.950251e-03 2.890291e-04
6.530331e-02 2.038099e-03 2.876643e-04
6.557412e-02 2.493011e-03 2.854436e-04
6.584494e-02 2.851769e-03 2.883454e-04
6.611575e-02 1.825649e-03 2.845041e-04
6.638657e-02 2.722600e-03 2.862460e-04
6.665738e-02 2.600431e-03 2.848114e-04
6.692819e-02 2.490440e-03 2.850540e-04
6.719901e-02 2.015918e-03 2.796333e-04
6.746982e-02 2.128219e-03 2.828417e-04
6.774063e-02 2.050398e-03 2.831091e-04
6.801146e-02 2.966600e-03 2.825435e-04
6.828227e-02 2.380921e-03 2.801843e-04
6.855308e-02 2.427241e-03 2.805501e-04
6.882390e-02 2.555830e-03 2.791902e-04
6.909471e-02 2.754143e-03 2.815511e-04
6.936552e-02 2.571000e-03 2.755510e-04
6.963634e-02 2.003541e-03 2.774237e-04
6.990715e-02 2.177771e-03 2.801855e-04
7.017796e-02 1.600102e-03 2.753228e-04
7.044878e-02 1.584789e-03 2.771840e-04
7.071959e-02 1.659909e-03 2.742294e-04
7.099041e-02 1.868019e-03 2.742196e-04
7.126123e-02 1.976218e-03 2.739062e-04
7.153204e-02 2.474049e-03 2.737602e-04
7.180285e-02 2.120391e-03 2.734288e-04
7.207367e-02 2.080390e-03 2.746677e-04
7.234448e-02 1.950610e-03 2.741614e-04
7.261530e-02 1.513539e-03 2.741404e-04
7.288611e-02 2.488520e-03 2.722631e-04
7.315692e-02 1.983140e-03 2.740949e-04
7.342774e-02 2.120791e-03 2.706947e-04
7.369855e-02 2.554832e-03 2.708249e-04
7.396936e-02 1.886111e-03 2.687612e-04
7.424019e-02 2.088880e-03 2.712119e-04
7.451100e-02 2.186829e-03 2.701295e-04
7.478181e-02 1.615921e-03 2.687422e-04
7.505263e-02 1.937149e-03 2.673879e-04
7.532344e-02 2.166789e-03 2.704183e-04
7.559425e-02 1.376411e-03 2.684620e-04
7.586507e-02 1.879320e-03 2.686375e-04
7.613588e-02 1.383880e-03 2.677276e-04
7.640669e-02 1.535710e-03 2.693636e-04
7.667751e-02 2.125992e-03 2.663894e-04
7.694832e-02 1.724830e-03 2.657729e-04
7.721914e-02 1.797620e-03 2.638183e-04
7.748996e-02 1.993109e-03 2.675894e-04
7.776077e-02 1.925740e-03 2.651498e-04
7.803158e-02 1.292091e-03 2.665651e-04
7.830240e-02 2.052760e-03 2.652339e-04
7.857321e-02 1.544138e-03 2.644313e-04
7.884403e-02 1.824791e-03 2.646895e-04
7.911484e-02 1.923151e-03 2.619425e-04
7.938565e-02 1.610329e-03 2.626023e-04
7.965647e-02 8.907411e-04 2.590948e-04
7.992728e-02 2.166228e-03 2.647860e-04
8.019809e-02 9.593386e-04 2.591378e-04
8.046892e-02 1.395341e-03 2.589679e-04
8.073973e-02 1.013661e-03 2.581835e-04
8.101054e-02 1.388611e-03 2.582571e-04
8.128136e-02 1.727710e-03 2.585639e-04
8.155217e-02 9.291396e-04 2.586301e-04
8.182298e-02 1.230130e-03 2.587935e-04
8.209380e-02 1.480609e-03 2.581011e-04
8.236461e-02 1.483889e-03 2.577875e-04
8.263543e-02 1.367571e-03 2.588906e-04
8.290624e-02 1.627021e-03 2.589838e-04
8.317705e-02 1.286980e-03 2.558365e-04
8.344787e-02 6.713904e-04 2.561517e-04
8.371869e-02 1.762029e-03 2.557087e-04
8.398950e-02 1.359511e-03 2.555328e-04
8.426031e-02 1.785168e-03 2.578209e-04
8.453113e-02 1.218321e-03 2.541544e-04
8.480194e-02 1.128649e-03 2.535800e-04
8.507276e-02 1.202909e-03 2.536389e-04
8.534357e-02 1.225490e-03 2.531637e-04
8.561438e-02 1.644580e-03 2.522712e-04
8.588520e-02 1.262709e-03 2.510243e-04
8.615601e-02 1.078989e-03 2.515466e-04
8.642682e-02 7.099714e-04 2.515283e-04
8.669765e-02 9.468812e-04 2.499851e-04
8.696846e-02 1.224620e-03 2.521963e-04
8.723927e-02 1.173120e-03 2.509031e-04
8.751009e-02 1.432840e-03 2.491475e-04
8.778090e-02 1.134340e-03 2.475441e-04
8.805171e-02 9.842105e-04 2.474988e-04
8.832253e-02 1.315719e-03 2.496616e-04
8.859334e-02 1.178650e-03 2.509774e-04
8.886416e-02 1.056541e-03 2.474001e-04
8.913497e-02 1.515940e-03 2.478779e-04
8.940578e-02 1.182081e-03 2.483497e-04
8.967660e-02 9.464212e-04 2.487732e-04
8.994742e-02 1.073942e-03 2.479538e-04
9.021823e-02 1.415970e-03 2.470607e-04
9.048904e-02 1.483390e-03 2.489607e-04
9.075986e-02 1.244280e-03 2.471670e-04
9.103067e-02 8.399487e-04 2.445744e-04
9.130149e-02 8.987803e-04 2.462565e-04
9.157230e-02 9.688791e-04 2.456796e-04
9.184311e-02 1.369840e-03 2.460198e-04
9.211393e-02 8.057691e-04 2.445191e-04
9.238474e-02 1.096360e-03 2.434942e-04
9.265555e-02 1.331061e-03 2.467655e-04
9.292637e-02 7.864498e-04 2.430820e-04
9.319719e-02 1.221180e-03 2.439789e-04
9.346800e-02 1.142420e-03 2.425854e-04
9.373882e-02 7.572006e-04 2.454910e-04
9.400963e-02 9.969417e-04 2.448238e-04
9.428044e-02 1.298400e-03 2.453781e-04
9.455126e-02 9.046197e-04 2.433853e-04
9.482207e-02 6.455686e-04 2.408982e-04
9.509289e-02 1.035240e-03 2.423985e-04
9.536370e-02 5.129203e-04 2.422740e-04
9.563451e-02 7.789098e-04 2.407783e-04
9.590533e-02 4.085507e-04 2.424701e-04
9.617615e-02 4.613698e-04 2.400014e-04
9.644696e-02 9.176396e-04 2.387217e-04
9.671777e-02 7.576905e-04 2.391466e-04
9.698859e-02 8.180793e-04 2.379168e-04
9.725940e-02 8.908994e-04 2.404783e-04
9.753022e-02 7.011611e-04 2.395406e-04
9.780103e-02 9.370614e-04 2.403319e-04
9.807184e-02 7.207114e-04 2.367548e-04
9.834266e-02 5.952306e-04 2.372593e-04
9.861347e-02 6.423406e-04 2.382694e-04
9.888428e-02 4.967004e-04 2.335413e-04
9.915510e-02 8.761995e-04 2.382011e-04
9.942592e-02 4.376508e-04 2.373455e-04
9.969673e-02 8.283798e-04 2.386039e-04
9.996755e-02 1.116859e-03 2.369004e-04
1.002384e-01 8.562207e-04 2.354884e-04
1.005092e-01 6.386116e-04 2.347655e-04
1.007800e-01 5.242899e-04 2.361588e-04
1.010508e-01 8.320604e-04 2.349396e-04
1.013216e-01 7.808302e-04 2.347772e-04
1.015924e-01 9.168405e-04 2.357742e-04
1.018632e-01 1.234960e-03 2.365915e-04
1.021341e-01 9.173900e-04 2.345558e-04
1.024049e-01 6.233994e-04 2.369705e-04
1.026757e-01 4.734192e-04 2.341626e-04
1.029465e-01 9.219814e-04 2.325415e-04
1.032173e-01 8.550510e-04 2.333396e-04
1.034881e-01 9.837989e-04 2.336354e-04
1.037589e-01 6.578192e-04 2.307307e-04
1.040298e-01 6.635096e-04 2.306628e-04
1.043006e-01 7.026494e-04 2.335944e-04
1.045714e-01 1.039971e-03 2.322660e-04
1.048422e-01 8.254815e-04 2.313466e-04
1.051130e-01 9.784494e-04 2.300366e-04
1.053838e-01 9.681601e-04 2.308893e-04
1.056546e-01 8.458011e-04 2.305046e-04
1.059255e-01 8.548386e-04 2.310159e-04
1.061963e-01 6.662216e-04 2.289073e-04
1.064671e-01 1.186009e-03 2.309957e-04
1.067379e-01 1.065129e-03 2.294076e-04
1.070087e-01 1.013899e-03 2.321653e-04
1.072795e-01 5.779993e-04 2.278228e-04
1.075503e-01 8.815210e-04 2.315953e-04
1.078212e-01 7.723011e-04 2.288273e-04
1.080920e-01 8.518808e-04 2.285604e-04
1.083628e-01 9.415485e-04 2.277562e-04
1.086336e-01 6.984305e-04 2.279055e-04
1.089044e-01 2.694707e-04 2.281436e-04
1.091752e-01 8.881707e-04 2.274789e-04
1.094460e-01 8.879099e-04 2.276540e-04
1.097169e-01 8.115098e-04 2.272728e-04
1.099877e-01 1.169192e-03 2.270462e-04
1.102585e-01 1.405330e-03 2.278519e-04
1.105293e-01 1.391290e-03 2.305622e-04
1.108001e-01 6.596502e-04 2.333455e-04
1.110709e-01 5.301498e-04 2.350631e-04
1.113417e-01 1.140259e-03 2.328529e-04
1.116126e-01 6.148200e-04 2.369673e-04
1.118834e-01 9.225700e-04 2.358791e-04
1.121542e-01 8.141305e-04 2.376179e-04
1.124250e-01 9.760074e-05 2.388018e-04
1.126958e-01 7.841606e-04 2.403132e-04
1.129666e-01 8.645710e-04 2.421124e-04
1.132374e-01 3.181193e-04 2.457103e-04
1.135083e-01 6.702300e-04 2.473675e-04
1.137791e-01 9.625200e-04 2.481616e-04
1.140499e-01 5.772300e-04 2.477716e-04
1.143207e-01 2.810303e-04 2.498515e-04
1.145915e-01 8.158199e-04 2.512829e-04
1.148623e-01 3.575999e-04 2.546111e-04
1.151332e-01 4.072804e-04 2.541992e-04
1.154040e-01 6.724000e-04 2.582863e-04
1.156748e-01 8.888301e-04 2.564752e-04
1.159456e-01 5.070213e-04 2.586893e-04
1.162164e-01 7.171798e-04 2.596042e-04
1.164872e-01 5.960688e-04 2.577020e-04
1.167580e-01 4.721694e-04 2.637284e-04
1.170288e-01 4.776195e-04 2.651129e-04
1.172997e-01 4.405696e-04 2.668656e-04
1.175705e-01 5.804002e-04 2.644840e-04
1.178413e-01 7.626396e-04 2.689880e-04
1.181121e-01 2.471413e-04 2.642562e-04
1.183829e-01 2.322495e-04 2.579544e-04
1.186537e-01 2.742596e-04 2.590666e-04
1.189246e-01 2.642088e-04 2.568722e-04
1.191954e-01 -1.123007e-04 2.569858e-04
1.194662e-01 2.410002e-04 2.580979e-04
1.197370e-01 7.393695e-04 2.532620e-04
1.200078e-01 3.999211e-04 2.570216e-04
1.202786e-01 3.740788e-04 2.533026e-04
1.205494e-01 3.619306e-04 2.567696e-04
1.208202e-01 6.396193e-04 2.578064e-04
1.210911e-01 6.286204e-04 2.541766e-04
1.213619e-01 1.067203e-04 2.535903e-04
1.216327e-01 8.272510e-04 2.554861e-04
1.219035e-01 5.161017e-05 2.558494e-04
1.221743e-01 6.671995e-04 2.553905e-04
1.224451e-01 3.440417e-04 2.561329e-04
1.227160e-01 5.176589e-04 2.568102e-04
1.229868e-01 4.601497e-04 2.530407e-04
1.232576e-01 4.417691e-04 2.537266e-04
1.235284e-01 3.771894e-04 2.585501e-04
1.237992e-01 6.249789e-04 2.550432e-04
1.240700e-01 -4.719011e-05 2.522903e-04
1.243408e-01 4.648902e-04 2.556124e-04
1.246117e-01 2.364498e-04 2.540649e-04
1.248825e-01 6.957799e-04 2.551250e-04
1.251533e-01 2.275705e-04 2.535619e-04
1.254241e-01 -4.911982e-05 2.540482e-04
1.256949e-01 6.919801e-04 2.504646e-04
1.259657e-01 4.659407e-04 2.507757e-04
1.262365e-01 3.588088e-04 2.526581e-04
1.265074e-01 4.770216e-04 2.499578e-04
1.267782e-01 9.180978e-05 2.497221e-04
1.270490e-01 5.966909e-04 2.509108e-04
1.273198e-01 5.141310e-04 2.525075e-04
1.275906e-01 5.798601e-04 2.489794e-04
1.278614e-01 5.473290e-04 2.490722e-04
1.281322e-01 6.269403e-04 2.480874e-04
1.284031e-01 2.638511e-04 2.487488e-04
1.286739e-01 8.725803e-04 2.517966e-04
1.289447e-01 7.231403e-04 2.486935e-04
1.292155e-01 1.984891e-04 2.485537e-04
1.294863e-01 1.677200e-04 2.468511e-04
1.297571e-01 2.545603e-04 2.474850e-04
1.300279e-01 4.802700e-04 2.462326e-04
1.302988e-01 5.493108e-04 2.475720e-04
1.305696e-01 3.715605e-04 2.481657e-04
1.308404e-01 5.284492e-04 2.468794e-04
1.311112e-01 5.033109e-04 2.467350e-04
1.313820e-01 1.701694e-04 2.454053e-04
1.316528e-01 1.151096e-04 2.481704e-04
1.319236e-01 2.868697e-04 2.442703e-04
1.321945e-01 2.825297e-04 2.454504e-04
1.324653e-01 5.532615e-04 2.451143e-04
1.327361e-01 6.304309e-04 2.461459e-04
1.330069e-01 9.403899e-04 2.452038e-04
1.332777e-01 6.441604e-04 2.446839e-04
1.335485e-01 6.192196e-04 2.436503e-04
1.338193e-01 3.132094e-04 2.458539e-04
1.340902e-01 1.979508e-04 2.444586e-04
1.343610e-01 -1.896787e-04 2.443618e-04
1.346318e-01 4.567988e-04 2.438840e-04
1.349026e-01 4.897993e-04 2.441764e-04
1.351734e-01 2.346095e-04 2.460744e-04
1.354442e-01 6.597005e-04 2.421185e-04
1.357151e-01 -1.001712e-04 2.464947e-04
1.359859e-01 -8.334033e-05 2.444434e-04
1.362567e-01 4.629903e-04 2.432290e-04
1.365275e-01 4.754514e-04 2.428505e-04
1.367983e-01 4.652906e-04 2.416630e-04
1.370691e-01 2.813507e-04 2.427345e-04
1.373399e-01 4.136600e-04 2.443871e-04
1.376107e-01 2.278890e-04 2.477552e-04
1.378816e-01 6.098710e-04 2.550885e-04
1.381524e-01 3.520399e-04 2.513088e-04
1.384232e-01 3.302693e-04 2.582657e-04
1.386940e-01 6.927308e-04 2.555106e-04
1.389648e-01 1.252797e-04 2.559023e-04
1.392356e-01 8.582715e-04 2.616980e-04
1.395064e-01 -1.771506e-04 2.569923e-04
1.397773e-01 1.332890e-04 2.600066e-04
1.400481e-01 8.080602e-04 2.618893e-04
1.403189e-01 4.313998e-04 2.637622e-04
1.405897e-01 -6.879121e-05 2.612939e-04
1.408605e-01 2.779495e-04 2.630035e-04
1.411313e-01 3.290400e-04 2.672036e-04
1.414021e-01 7.527880e-05 2.655864e-04
1.416730e-01 1.485310e-04 2.684206e-04
1.419438e-01 2.939906e-04 2.696958e-04
1.422146e-01 -2.403930e-05 2.674281e-04
1.424854e-01 -1.716502e-04 2.665967e-04
1.427562e-01 3.321692e-04 2.679646e-04
1.430270e-01 1.909602e-04 2.652181e-04
1.432979e-01 6.397292e-04 2.698182e-04
1.435687e-01 3.671404e-04 2.704578e-04
1.438395e-01 6.322414e-04 2.705753e-04
1.441103e-01 6.129909e-04 2.714569e-04
1.443811e-01 2.019107e-06 2.733841e-04
1.446519e-01 -6.560050e-05 2.719322e-04
1.449227e-01 5.757604e-04 2.754947e-04
1.451935e-01 2.691504e-04 2.741411e-04
1.454644e-01 1.629107e-04 2.744547e-04
1.457352e-01 -2.663508e-04 2.742920e-04
1.460060e-01 -4.402008e-04 2.720245e-04
1.462768e-01 -2.009310e-04 2.765064e-04
1.465476e-01 -2.093501e-04 2.763803e-04
1.468184e-01 -7.224828e-05 2.812718e-04
1.470892e-01 2.108701e-04 2.814914e-04
1.473601e-01 8.315034e-05 2.789827e-04
1.476309e-01 6.449204e-04 2.781635e-04
1.479017e-01 2.667606e-04 2.776091e-04
1.481725e-01 1.980308e-04 2.796267e-04
1.484433e-01 -1.006015e-05 2.787002e-04
1.487141e-01 2.207886e-04 2.798161e-04
1.489850e-01 7.214025e-05 2.762978e-04
1.492558e-01 5.230401e-04 2.776809e-04
1.495266e-01 2.327096e-04 2.814518e-04
1.497974e-01 2.403110e-04 2.748751e-04
1.500682e-01 2.297405e-04 2.786927e-04
1.503390e-01 3.416706e-04 2.796362e-04
1.506098e-01 3.191698e-04 2.772262e-04
1.508806e-01 1.950003e-05 2.745216e-04
1.511515e-01 5.715899e-05 2.736953e-04
1.514223e-01 2.504997e-04 2.820313e-04
1.516931e-01 2.681091e-04 2.751626e-04
1.519639e-01 -5.831942e-05 2.761032e-04
1.522347e-01 4.187897e-04 2.776900e-04
1.525055e-01 3.066193e-04 2.781439e-04
1.527763e-01 5.890410e-04 2.813063e-04
1.530472e-01 4.021991e-04 2.778972e-04
1.533180e-01 3.960803e-04 2.799827e-04
1.535888e-01 5.400497e-04 2.799185e-04
1.538596e-01 8.709729e-06 2.780849e-04
1.541304e-01 2.355892e-04 2.777740e-04
1.544012e-01 1.562703e-04 2.787746e-04
1.546721e-01 4.973393e-04 2.787644e-04
1.549429e-01 6.103590e-04 2.790790e-04
1.552137e-01 -1.133978e-05 2.764047e-04
1.554845e-01 9.677000e-05 2.790397e-04
1.557553e-01 -2.735406e-04 2.803347e-04
1.560261e-01 1.483038e-05 2.787002e-04
1.562969e-01 3.206898e-04 2.795386e-04
1.565678e-01 2.674107e-04 2.783957e-04
1.568386e-01 5.541909e-04 2.796579e-04
1.571094e-01 5.713794e-04 2.817165e-04
1.573802e-01 1.089489e-03 2.809644e-04
1.576510e-01 3.433041e-05 2.780461e-04
1.579218e-01 -2.416689e-04 2.783016e-04
1.581926e-01 2.466794e-04 2.771847e-04
1.584634e-01 2.597906e-04 2.768632e-04
1.587343e-01 6.541405e-04 2.781586e-04
1.590051e-01 3.388394e-04 2.763080e-04
1.592759e-01 6.802808e-04 2.793923e-04
1.595467e-01 -2.026930e-05 2.783548e-04
1.598175e-01 3.042202e-04 2.804844e-04
1.600883e-01 4.630536e-06 2.778309e-04
1.603591e-01 4.308205e-04 2.757894e-04
1.606300e-01 4.204884e-04 2.775300e-04
1.609008e-01 3.756303e-04 2.775333e-04
1.611716e-01 1.122598e-04 2.770748e-04
1.614424e-01 4.598200e-04 2.732715e-04
1.617132e-01 -1.300126e-06 2.770673e-04
1.619840e-01 4.529394e-04 2.756065e-04
1.622549e-01 2.363604e-04 2.748649e-04
1.625257e-01 3.144592e-04 2.752897e-04
1.627965e-01 2.289508e-04 2.752222e-04
1.630673e-01 2.248399e-04 2.746822e-04
1.633381e-01 7.186830e-05 2.770386e-04
1.636089e-01 1.799110e-04 2.745538e-04
1.638797e-01 1.416095e-04 2.792485e-04
1.641506e-01 -3.032014e-05 2.761189e-04
1.644214e-01 -2.616905e-04 2.759474e-04
1.646922e-01 5.105697e-04 2.749382e-04
1.649630e-01 2.271496e-04 2.722660e-04
1.652338e-01 5.510505e-04 2.839344e-04
1.655046e-01 4.493389e-04 2.751744e-04
1.657754e-01 -1.411010e-04 2.766372e-04
1.660462e-01 1.706798e-04 2.761550e-04
1.663171e-01 3.145188e-04 2.778495e-04
1.665879e-01 2.784804e-04 2.783913e-04
1.668587e-01 1.357105e-04 2.782131e-04
1.671295e-01 -8.044951e-05 2.770402e-04
1.674003e-01 -2.717972e-05 2.749405e-04
1.676711e-01 3.576595e-04 2.858555e-04
1.679420e-01 1.158006e-04 2.942354e-04
1.682128e-01 4.566312e-04 2.951276e-04
1.684836e-01 2.700798e-04 2.987982e-04
1.687544e-01 5.378500e-04 2.987795e-04
1.690252e-01 2.516992e-04 3.051055e-04
1.692960e-01 2.371147e-05 3.010341e-04
1.695668e-01 6.456003e-04 3.129323e-04
1.698377e-01 -1.603905e-04 3.085270e-04
1.701085e-01 -5.689096e-04 3.085695e-04
1.703793e-01 3.627911e-04 3.137006e-04
1.706501e-01 5.189795e-04 3.107289e-04
1.709209e-01 5.006511e-04 3.200066e-04
1.711917e-01 7.745065e-05 3.179102e-04
1.714625e-01 5.304310e-04 3.198997e-04
1.717333e-01 1.541711e-04 3.247167e-04
1.720042e-01 -7.725004e-04 3.263021e-04
1.722750e-01 -2.138112e-04 3.281799e-04
1.725458e-01 3.832392e-04 3.327498e-04
1.728166e-01 2.828501e-04 3.334387e-04
1.730874e-01 2.800208e-04 3.363732e-04
1.733582e-01 4.008599e-04 3.362133e-04
1.736291e-01 5.414505e-04 3.420794e-04
1.738999e-01 1.047608e-04 3.374295e-04
1.741707e-01 -5.638041e-05 3.474129e-04
1.744415e-01 4.810598e-04 3.480992e-04
1.747123e-01 2.427958e-05 3.526705e-04
1.749831e-01 1.956411e-04 3.350469e-04
1.752539e-01 4.739705e-04 3.224905e-04
1.755248e-01 -2.247989e-04 3.278198e-04
1.757956e-01 2.637506e-04 3.215061e-04
1.760664e-01 -3.155004e-04 3.234113e-04
1.763372e-01 3.876388e-04 3.216983e-04
1.766080e-01 5.054493e-04 3.200858e-04
1.768788e-01 4.073884e-04 3.216099e-04
1.771496e-01 1.117904e-04 3.152839e-04
1.774205e-01 4.103687e-04 3.183331e-04
1.776913e-01 -1.574401e-04 3.153636e-04
1.779621e-01 -6.891042e-05 3.117797e-04
1.782329e-01 1.729112e-04 3.151274e-04
1.785037e-01 -2.426896e-04 3.067206e-04
1.787745e-01 8.346885e-05 3.124573e-04
1.790453e-01 -1.554396e-04 3.093669e-04
1.793161e-01 2.836995e-04 3.054995e-04
1.795870e-01 1.943298e-04 3.082767e-04
1.798578e-01 3.471412e-04 3.063379e-04
1.801286e-01 2.332963e-05 3.114512e-04
1.803994e-01 2.024509e-04 3.030922e-04
1.806702e-01 4.055612e-04 3.051349e-04
1.809410e-01 -1.371913e-04 3.032213e-04
1.812119e-01 5.450100e-06 3.013784e-04
1.814827e-01 1.298096e-04 3.058968e-04
1.817535e-01 -4.945397e-04 2.973758e-04
1.820243e-01 1.553092e-04 3.021442e-04
1.822951e-01 4.071798e-04 3.021316e-04
1.825659e-01 5.198307e-04 3.012318e-04
1.828367e-01 1.878012e-04 3.023078e-04
1.831076e-01 -2.423301e-04 2.965200e-04
1.833784e-01 3.641285e-04 3.034647e-04
1.836492e-01 3.915504e-04 2.983084e-04
1.839200e-01 1.095496e-04 2.993722e-04
1.841908e-01 -3.682394e-04 2.959717e-04
1.844616e-01 4.134197e-04 3.030369e-04
1.847324e-01 -1.127608e-04 2.991013e-04
1.850033e-01 7.875077e-05 2.978433e-04
1.852741e-01 -8.109957e-06 2.969510e-04
1.855449e-01 9.407103e-05 2.976720e-04
1.858157e-01 1.030490e-04 3.000194e-04
1.860865e-01 3.926400e-04 3.005988e-04
1.863573e-01 7.325970e-05 2.950797e-04
1.866281e-01 3.525708e-04 2.998257e-04
1.868990e-01 -9.560958e-06 2.966759e-04
1.871698e-01 2.811886e-04 3.004675e-04
1.874406e-01 3.627203e-04 2.993319e-04
1.877114e-01 1.783110e-05 2.932181e-04
1.879822e-01 3.832299e-04 2.990170e-04
1.882530e-01 -8.574873e-05 2.929895e-04
1.885238e-01 5.506296e-04 2.985854e-04
1.887947e-01 -1.747683e-04 2.936875e-04
1.890655e-01 4.510097e-04 2.949806e-04
1.893363e-01 1.018215e-04 2.994259e-04
1.896071e-01 3.893785e-04 2.937177e-04
1.898779e-01 6.492008e-04 2.984521e-04
1.901487e-01 -2.140179e-06 2.975450e-04
1.904195e-01 5.775988e-04 2.962269e-04
1.906904e-01 -3.309604e-04 2.980922e-04
1.909612e-01 -2.075098e-04 2.923832e-04
1.912320e-01 3.709290e-04 3.000148e-04
1.915028e-01 5.105007e-04 2.969899e-04
1.917736e-01 2.444908e-04 2.950162e-04
1.920444e-01 -7.413141e-05 2.954302e-04
1.923153e-01 1.489092e-04 2.958644e-04
1.925861e-01 2.526101e-04 3.009915e-04
1.928569e-01 2.769511e-04 2.948889e-04
1.931277e-01 2.023112e-04 2.987420e-04
1.933985e-01 7.400513e-04 2.940306e-04
1.936693e-01 4.617013e-04 2.977688e-04
1.939401e-01 5.328096e-05 2.976984e-04
1.942109e-01 3.201198e-04 2.956714e-04
1.944818e-01 1.019500e-04 2.934642e-04
1.947526e-01 3.656894e-04 2.951740e-04
1.950234e-01 2.179109e-04 2.959185e-04
1.952942e-01 3.063902e-04 2.948275e-04
1.955650e-01 8.244291e-04 2.948417e-04
1.958358e-01 3.022999e-04 2.922426e-04
1.961066e-01 4.283097e-04 2.951232e-04
1.963775e-01 4.807599e-04 2.931994e-04
1.966483e-01 4.402213e-04 2.920294e-04
1.969191e-01 2.285913e-04 2.964797e-04
1.971899e-01 -3.908109e-04 2.942945e-04
1.974607e-01 -7.032976e-05 2.953221e-04
1.977315e-01 -9.026006e-05 2.952166e-04
1.980023e-01 -6.227903e-04 2.906994e-04
1.982732e-01 -1.974404e-04 2.941439e-04
1.985440e-01 -5.159155e-05 2.950359e-04
1.988148e-01 -1.586191e-04 2.962376e-04
1.990856e-01 1.362413e-04 2.954203e-04
1.993564e-01 3.047995e-04 2.959420e-04
1.996272e-01 3.797095e-04 2.968854e-04
1.998980e-01 -1.335703e-04 2.938963e-04
2.001689e-01 2.288800e-04 2.922656e-04
2.004397e-01 6.952900e-04 2.931075e-04
2.007105e-01 4.632305e-04 2.879779e-04
2.009813e-01 3.955793e-04 2.910627e-04
2.012521e-01 1.135003e-04 2.923509e-04
2.015229e-01 1.583192e-04 2.938020e-04
2.017937e-01 4.950110e-04 2.924213e-04
2.020646e-01 4.307590e-04 2.914343e-04
2.023354e-01 -1.630504e-04 2.910887e-04
2.026062e-01 7.439386e-04 2.900338e-04
2.028770e-01 2.839696e-04 2.930772e-04
2.031478e-01 4.057102e-04 2.917076e-04
2.034186e-01 1.651403e-04 2.932014e-04
2.036894e-01 -5.610101e-05 2.890262e-04
2.039603e-01 3.748517e-04 2.886310e-04
2.042311e-01 1.873393e-04 2.887218e-04
2.045019e-01 2.252292e-04 2.899796e-04
2.047727e-01 1.824591e-04 2.890190e-04
2.050435e-01 1.841970e-05 2.862579e-04
2.053143e-01 3.315099e-04 2.899105e-04
2.055852e-01 3.072899e-04 2.861140e-04
2.058560e-01 2.166405e-04 2.889715e-04
2.061268e-01 5.247798e-04 2.867893e-04
2.063976e-01 -1.562797e-04 2.862343e-04
2.066684e-01 3.151800e-04 2.877674e-04
2.069392e-01 -5.778857e-05 2.843099e-04
2.072100e-01 1.051594e-04 2.843445e-04
2.074808e-01 2.663489e-04 2.877650e-04
2.077517e-01 4.424807e-04 2.867496e-04
2.080225e-01 2.298802e-04 2.839115e-04
2.082933e-01 -1.701992e-04 2.819611e-04
2.085641e-01 -7.131137e-05 2.871449e-04
2.088349e-01 7.742401e-04 2.913659e-04
2.091057e-01 1.214202e-04 2.869448e-04
2.093765e-01 6.185602e-04 2.892777e-04
2.096474e-01 -3.942102e-04 2.859265e-04
2.099182e-01 -1.976304e-04 2.844965e-04
2.101890e-01 7.658079e-05 2.877956e-04
2.104598e-01 3.281906e-04 2.868774e-04
2.107306e-01 -2.349000e-04 2.858188e-04
2.110014e-01 5.165506e-04 2.862775e-04
2.112723e-01 5.340017e-04 2.878704e-04
2.115431e-01 6.800797e-04 2.868265e-04
2.118139e-01 6.747898e-04 2.870842e-04
2.120847e-01 -1.288690e-04 2.862611e-04
2.123555e-01 4.558004e-04 2.880353e-04
2.126263e-01 3.119111e-04 2.853352e-04
2.128971e-01 1.778305e-04 2.861328e-04
2.131680e-01 3.812816e-04 2.859945e-04
2.134388e-01 1.027260e-03 2.877275e-04
2.137096e-01 3.414508e-04 2.828465e-04
2.139804e-01 7.763896e-04 2.857482e-04
2.142512e-01 -2.345704e-04 2.856234e-04
2.145220e-01 1.396202e-04 2.864861e-04
2.147928e-01 -2.291705e-04 2.841122e-04
2.150636e-01 4.891902e-04 2.878647e-04
2.153345e-01 -1.906604e-04 2.849939e-04
2.156053e-01 -5.358830e-05 2.866446e-04
2.158761e-01 7.641595e-04 2.850608e-04
2.161469e-01 1.217499e-04 2.829708e-04
2.164177e-01 2.884194e-04 2.842310e-04
2.166885e-01 5.783886e-05 2.861037e-04
2.169593e-01 1.780596e-04 2.845032e-04
2.172302e-01 7.632598e-04 2.880686e-04
2.175010e-01 2.367906e-04 2.853728e-04
2.177718e-01 -3.669299e-04 2.848462e-04
2.180426e-01 6.699003e-05 2.864471e-04
2.183134e-01 -1.627393e-04 2.842558e-04
2.185842e-01 4.862603e-04 2.821731e-04
2.188551e-01 1.610108e-04 2.857261e-04
2.191259e-01 -7.619895e-05 2.852709e-04
2.193967e-01 -5.935878e-05 2.814515e-04
2.196675e-01 3.002007e-04 2.839567e-04
2.199383e-01 4.848503e-04 2.853649e-04
2.202091e-01 6.288998e-04 2.839925e-04
2.204799e-01 4.635695e-04 2.798336e-04
2.207507e-01 -3.288090e-04 2.835954e-04
2.210216e-01 4.128292e-04 2.827389e-04
2.212924e-01 4.681014e-05 2.827366e-04
2.215632e-01 2.892688e-04 2.836882e-04
2.218340e-01 -9.160489e-06 2.815667e-04
2.221048e-01 6.740913e-06 2.801914e-04
2.223756e-01 3.836304e-04 2.819346e-04
2.226464e-01 1.417790e-04 2.779618e-04
2.229173e-01 5.394202e-04 2.843244e-04
2.231881e-01 -1.666099e-04 2.787827e-04
2.234589e-01 1.927987e-04 2.767840e-04
2.237297e-01 7.721912e-04 2.813952e-04
2.240005e-01 3.214926e-05 2.768124e-04
2.242713e-01 2.232213e-04 2.797001e-04
2.245422e-01 -1.324192e-04 2.819200e-04
2.248130e-01 2.436899e-05 2.797088e-04
2.250838e-01 3.966503e-04 2.777457e-04
2.253546e-01 1.969412e-04 2.798702e-04
2.256254e-01 -2.425108e-04 2.774993e-04
2.258962e-01 4.449598e-04 2.782416e-04
2.261670e-01 6.360188e-04 2.929860e-04
2.264379e-01 -2.584606e-04 2.990913e-04
2.267087e-01 2.539605e-04 2.988117e-04
2.269795e-01 -3.062002e-05 3.020141e-04
2.272503e-01 1.295097e-04 3.107363e-04
2.275211e-01 6.181002e-04 3.181580e-04
2.277919e-01 -1.865495e-04 3.128861e-04
2.280627e-01 3.683697e-04 3.175124e-04
2.283335e-01 1.538396e-04 3.252349e-04
2.286044e-01 2.838112e-04 3.237060e-04
2.288752e-01 3.701393e-04 3.295131e-04
2.291460e-01 5.048886e-04 3.293723e-04
2.294168e-01 -7.412955e-05 3.343786e-04
2.296876e-01 4.534088e-04 3.350997e-04
2.299584e-01 -3.899708e-04 3.378483e-04
2.302293e-01 2.019610e-04 3.396402e-04
2.305001e-01 2.443492e-04 3.471212e-04
2.307709e-01 3.643483e-04 3.483578e-04
2.310417e-01 4.557893e-05 3.504957e-04
2.313125e-01 9.699110e-04 3.543067e-04
2.315833e-01 6.878804e-04 3.580951e-04
2.318541e-01 2.004392e-04 3.596821e-04
2.321250e-01 3.810097e-04 3.661641e-04
2.323958e-01 5.973503e-04 3.659831e-04
2.326666e-01 7.009897e-04 3.733262e-04
2.329374e-01 3.787000e-04 3.751476e-04
2.332082e-01 2.797991e-04 3.721493e-04
2.334790e-01 4.504584e-04 3.735420e-04
2.337498e-01 4.477911e-04 3.805169e-04
2.340207e-01 2.503395e-04 3.864522e-04
2.342915e-01 6.296802e-04 3.867945e-04
2.345623e-01 -1.769103e-04 3.846226e-04
2.348331e-01 3.948510e-04 3.944988e-04
2.351039e-01 6.495193e-04 3.944397e-04
2.353747e-01 5.865004e-04 3.981434e-04
2.356455e-01 1.825094e-04 3.967653e-04
2.359163e-01 1.394240e-03 4.103346e-04
2.361872e-01 7.040408e-04 4.156049e-04
2.364580e-01 2.668798e-04 4.190480e-04
2.367288e-01 3.471207e-04 4.140469e-04
2.369996e-01 7.357597e-04 4.155839e-04
2.372704e-01 1.123009e-03 4.356087e-04
2.375412e-01 3.493503e-04 4.237194e-04
2.378121e-01 9.616390e-04 4.338036e-04
2.380829e-01 1.052059e-03 4.313993e-04
2.383537e-01 1.026379e-03 4.354508e-04
2.386245e-01 1.059100e-03 4.593968e-04
2.388953e-01 1.382999e-03 4.531837e-04
2.391661e-01 5.913600e-04 4.494277e-04
2.394369e-01 1.613939e-03 4.694334e-04
2.397078e-01 6.058905e-04 4.694849e-04
2.399786e-01 1.335438e-03 4.636925e-04
2.402494e-01 5.619489e-04 4.690197e-04
2.405202e-01 9.166189e-04 4.714044e-04
2.407910e-01 3.823806e-04 4.828320e-04
2.410618e-01 6.194506e-04 4.861672e-04
2.413326e-01 2.036329e-03 4.998481e-04
2.416034e-01 1.836501e-03 5.005022e-04
2.418743e-01 4.047807e-04 5.068113e-04
2.421451e-01 2.110630e-03 5.174612e-04
2.424159e-01 1.714431e-03 5.262187e-04
2.426867e-01 1.742616e-04 5.088324e-04
2.429575e-01 4.731119e-06 5.192440e-04
2.432283e-01 8.729100e-04 5.469670e-04
2.434992e-01 1.294930e-03 5.325042e-04
2.437700e-01 7.130411e-04 5.363315e-04
2.440408e-01 3.568213e-04 5.433450e-04
2.443116e-01 1.367029e-03 5.718402e-04
2.445824e-01 1.083296e-04 5.541666e-04
2.448532e-01 2.783705e-04 5.642835e-04
2.451240e-01 4.386101e-04 5.860762e-04
2.453949e-01 1.147199e-03 6.014296e-04
2.456657e-01 4.068296e-04 5.962810e-04
2.459365e-01 -3.098398e-04 6.011591e-04
2.462073e-01 8.871090e-04 6.230287e-04
2.464781e-01 1.193900e-04 6.201091e-04
2.467489e-01 5.641598e-04 6.211775e-04
2.470197e-01 5.697198e-04 6.408831e-04
2.472906e-01 1.349410e-03 6.400999e-04
2.475614e-01 1.139721e-03 6.690152e-04
2.478322e-01 2.716593e-04 6.955851e-04
2.481030e-01 1.070920e-03 6.923567e-04
2.483738e-01 3.260188e-04 6.650321e-04
2.486446e-01 1.198770e-03 7.308773e-04
2.489154e-01 9.262897e-04 7.466808e-04
2.491863e-01 -4.016794e-04 7.212304e-04
2.494571e-01 1.099594e-04 7.401355e-04
2.497279e-01 5.300399e-04 7.853832e-04
2.499987e-01 9.344891e-04 8.154284e-04
2.502695e-01 2.104169e-03 8.182593e-04
2.505403e-01 7.304903e-04 8.152715e-04
2.508111e-01 -1.979303e-04 8.133616e-04
2.510819e-01 -2.664998e-04 8.900755e-04
2.513528e-01 5.687289e-04 8.911623e-04
2.516236e-01 1.994641e-03 9.561620e-04
2.518944e-01 -8.998904e-04 9.547945e-04
2.521652e-01 1.244759e-03 1.078123e-03
2.524360e-01 2.222694e-04 9.935972e-04
2.527068e-01 9.403303e-04 9.841833e-04
2.529776e-01 1.167219e-03 1.106741e-03
2.532485e-01 -6.797910e-04 1.073740e-03
2.535193e-01 2.806200e-03 1.112066e-03
2.537901e-01 -1.153661e-03 1.073156e-03
2.540609e-01 7.867608e-04 1.200305e-03
2.543317e-01 -9.356998e-05 1.236614e-03
2.546025e-01 1.563020e-03 1.274579e-03
2.548733e-01 4.852600e-04 1.268806e-03
2.551441e-01 1.076385e-04 1.331818e-03
2.554150e-01 -2.835132e-05 1.426963e-03
2.556858e-01 7.599704e-04 1.487765e-03
2.559566e-01 -1.532499e-03 1.614621e-03
2.562274e-01 -2.256751e-03 1.700172e-03
2.564982e-01 1.421230e-03 1.837098e-03
2.567690e-01 4.485490e-03 2.008381e-03
2.570398e-01 -1.959201e-03 2.244116e-03
2.573107e-01 3.112659e-03 2.457368e-03
2.575815e-01 4.627611e-04 2.834315e-03
2.578523e-01 5.738065e-05 4.035981e-03
2.581231e-01 -7.213151e-03 5.326955e-03
