3.286826e-03 1.700582e+00 0.000000e+00
3.557641e-03 2.229877e+00 7.952479e-02
3.828455e-03 2.207508e+00 5.085995e-02
4.099269e-03 2.104515e+00 3.958028e-02
4.370084e-03 2.069094e+00 2.891637e-02
4.640898e-03 2.024448e+00 2.091755e-02
4.911712e-03 1.973426e+00 1.790997e-02
5.182527e-03 1.954341e+00 1.442955e-02
5.453341e-03 1.902167e+00 1.295104e-02
5.724155e-03 1.868995e+00 1.016311e-02
5.994970e-03 1.823133e+00 9.123687e-03
6.265784e-03 1.797954e+00 7.919121e-03
6.536598e-03 1.760828e+00 6.853105e-03
6.807412e-03 1.721508e+00 6.573461e-03
7.078227e-03 1.700235e+00 5.805229e-03
7.349041e-03 1.661310e+00 5.377953e-03
7.619855e-03 1.628339e+00 4.893707e-03
7.890671e-03 1.583263e+00 4.520972e-03
8.161485e-03 1.544827e+00 4.452293e-03
8.432299e-03 1.505776e+00 4.085967e-03
8.703114e-03 1.472848e+00 3.857202e-03
8.973928e-03 1.438451e+00 3.678563e-03
9.244742e-03 1.401339e+00 3.552118e-03
9.515557e-03 1.359057e+00 3.404080e-03
9.786371e-03 1.331438e+00 3.179823e-03
1.005718e-02 1.294120e+00 3.058138e-03
1.032800e-02 1.254307e+00 2.933157e-03
1.059881e-02 1.214573e+00 2.880644e-03
1.086963e-02 1.172670e+00 2.753335e-03
1.114044e-02 1.141505e+00 2.635882e-03
1.141126e-02 1.105912e+00 2.559992e-03
1.168207e-02 1.069402e+00 2.481175e-03
1.195289e-02 1.032393e+00 2.374253e-03
1.222370e-02 9.946803e-01 2.272544e-03
1.249451e-02 9.615942e-01 2.202353e-03
1.276533e-02 9.288536e-01 2.162089e-03
1.303614e-02 8.919695e-01 2.011910e-03
1.330696e-02 8.613113e-01 2.008735e-03
1.357777e-02 8.281783e-01 1.947791e-03
1.384859e-02 7.949791e-01 1.875402e-03
1.411940e-02 7.643601e-01 1.800331e-03
1.439021e-02 7.343416e-01 1.737458e-03
1.466103e-02 7.034572e-01 1.652377e-03
1.493184e-02 6.730418e-01 1.639885e-03
1.520266e-02 6.469488e-01 1.577447e-03
1.547347e-02 6.199397e-01 1.522003e-03
1.574429e-02 5.903898e-01 1.466978e-03
1.601510e-02 5.649831e-01 1.430128e-03
1.628591e-02 5.399877e-01 1.384692e-03
1.655673e-02 5.124859e-01 1.316665e-03
1.682754e-02 4.899334e-01 1.296223e-03
1.709836e-02 4.682465e-01 1.257364e-03
1.736917e-02 4.452334e-01 1.220029e-03
1.763999e-02 4.228358e-01 1.177834e-03
1.791080e-02 4.036076e-01 1.128837e-03
1.818161e-02 3.812424e-01 1.129796e-03
1.845243e-02 3.622515e-01 1.129626e-03
1.872324e-02 3.448634e-01 1.066648e-03
1.899406e-02 3.266827e-01 1.041643e-03
1.926487e-02 3.091917e-01 1.035053e-03
1.953569e-02 2.919570e-01 9.954086e-04
1.980650e-02 2.753545e-01 9.980495e-04
2.007731e-02 2.598138e-01 9.507604e-04
2.034813e-02 2.447342e-01 9.273014e-04
2.061894e-02 2.318762e-01 8.912096e-04
2.088976e-02 2.176242e-01 8.726680e-04
2.116057e-02 2.054977e-01 8.586973e-04
2.143139e-02 1.926522e-01 8.203998e-04
2.170220e-02 1.821261e-01 8.054820e-04
2.197302e-02 1.712475e-01 7.980339e-04
2.224383e-02 1.594338e-01 7.615729e-04
2.251465e-02 1.493323e-01 7.377442e-04
2.278546e-02 1.397408e-01 7.059560e-04
2.305627e-02 1.295718e-01 6.924664e-04
2.332709e-02 1.219862e-01 6.594911e-04
2.359790e-02 1.147146e-01 6.390393e-04
2.386872e-02 1.063885e-01 6.299912e-04
2.413953e-02 9.896216e-02 6.028521e-04
2.441034e-02 9.169311e-02 5.786327e-04
2.468116e-02 8.556804e-02 5.680134e-04
2.495197e-02 7.924912e-02 5.455125e-04
2.522279e-02 7.325754e-02 5.368997e-04
2.549360e-02 6.764844e-02 5.241414e-04
2.576442e-02 6.278512e-02 4.978582e-04
2.603523e-02 5.718984e-02 4.936298e-04
2.630604e-02 5.392492e-02 4.761984e-04
2.657686e-02 4.983127e-02 4.714173e-04
2.684767e-02 4.563667e-02 4.533921e-04
2.711849e-02 4.254226e-02 4.456415e-04
2.738930e-02 3.958148e-02 4.385981e-04
2.766012e-02 3.560162e-02 4.218818e-04
2.793093e-02 3.258897e-02 4.177132e-04
2.820175e-02 3.034655e-02 4.004540e-04
2.847256e-02 2.749726e-02 3.979887e-04
2.874337e-02 2.580503e-02 3.880679e-04
2.901419e-02 2.423051e-02 3.782716e-04
2.928500e-02 2.149939e-02 3.696838e-04
2.955582e-02 2.008181e-02 3.664950e-04
2.982663e-02 1.886262e-02 3.643233e-04
3.009745e-02 1.717058e-02 3.629866e-04
3.036826e-02 1.599424e-02 3.496438e-04
3.063907e-02 1.457184e-02 3.468701e-04
3.090989e-02 1.358254e-02 3.417024e-04
3.118070e-02 1.291050e-02 3.392378e-04
3.145152e-02 1.263731e-02 3.345754e-04
3.172233e-02 1.155147e-02 3.328833e-04
3.199315e-02 1.076580e-02 3.280881e-04
3.226396e-02 1.011045e-02 3.270333e-04
3.253478e-02 9.708911e-03 3.229526e-04
3.280559e-02 8.835219e-03 3.206677e-04
3.307641e-02 8.968800e-03 3.177876e-04
3.334722e-02 8.923911e-03 3.166792e-04
3.361803e-02 8.527551e-03 3.118032e-04
3.388885e-02 8.629210e-03 3.122188e-04
3.415966e-02 8.327741e-03 3.117182e-04
3.443048e-02 8.031361e-03 3.107605e-04
3.470129e-02 7.845759e-03 3.061810e-04
3.497211e-02 8.645609e-03 3.078216e-04
3.524292e-02 7.871032e-03 3.010236e-04
3.551374e-02 8.268721e-03 3.041837e-04
3.578455e-02 8.055359e-03 3.015823e-04
3.605536e-02 8.334462e-03 2.962833e-04
3.632618e-02 7.986929e-03 2.979704e-04
3.659699e-02 8.335102e-03 2.963998e-04
3.686780e-02 7.742900e-03 2.963347e-04
3.713862e-02 8.032743e-03 2.906220e-04
3.740944e-02 8.606050e-03 2.918359e-04
3.768025e-02 8.050639e-03 2.913359e-04
3.795106e-02 8.567652e-03 2.848195e-04
3.822188e-02 8.744579e-03 2.893147e-04
3.849269e-02 8.530833e-03 2.855754e-04
3.876351e-02 8.598011e-03 2.854841e-04
3.903432e-02 8.285772e-03 2.838037e-04
3.930514e-02 8.662820e-03 2.822610e-04
3.957595e-02 8.532330e-03 2.806162e-04
3.984676e-02 8.286420e-03 2.771031e-04
4.011758e-02 9.017939e-03 2.790974e-04
4.038839e-02 9.201482e-03 2.809542e-04
4.065921e-02 8.719280e-03 2.780131e-04
4.093002e-02 8.542262e-03 2.790708e-04
4.120084e-02 7.964138e-03 2.743184e-04
4.147165e-02 8.972352e-03 2.750727e-04
4.174246e-02 8.247372e-03 2.725030e-04
4.201328e-02 8.662082e-03 2.711591e-04
4.228409e-02 8.195689e-03 2.690636e-04
4.255491e-02 8.640578e-03 2.666220e-04
4.282572e-02 8.097591e-03 2.703728e-04
4.309653e-02 8.692501e-03 2.662053e-04
4.336735e-02 7.548230e-03 2.647774e-04
4.363817e-02 7.893160e-03 2.668809e-04
4.390898e-02 7.698372e-03 2.651309e-04
4.417979e-02 7.856652e-03 2.666175e-04
4.445061e-02 7.953979e-03 2.600602e-04
4.472142e-02 7.517112e-03 2.587995e-04
4.499224e-02 7.727001e-03 2.616107e-04
4.526305e-02 7.036580e-03 2.588989e-04
4.553387e-02 6.979881e-03 2.570231e-04
4.580468e-02 7.263800e-03 2.562814e-04
4.607549e-02 6.806800e-03 2.534092e-04
4.634631e-02 7.180059e-03 2.531593e-04
4.661712e-02 6.655809e-03 2.540773e-04
4.688794e-02 6.292660e-03 2.508300e-04
4.715875e-02 6.180400e-03 2.471069e-04
4.742957e-02 5.788790e-03 2.463656e-04
4.770038e-02 5.712651e-03 2.454441e-04
4.797119e-02 6.101029e-03 2.460572e-04
4.824201e-02 5.113028e-03 2.433350e-04
4.851282e-02 5.696569e-03 2.436166e-04
4.878364e-02 5.418122e-03 2.429735e-04
4.905445e-02 4.943319e-03 2.415995e-04
4.932526e-02 4.965540e-03 2.418805e-04
4.959608e-02 4.601540e-03 2.393877e-04
4.986690e-02 4.651830e-03 2.386411e-04
5.013771e-02 4.622530e-03 2.381487e-04
5.040852e-02 4.788391e-03 2.360231e-04
5.067934e-02 3.605811e-03 2.353296e-04
5.095015e-02 3.912369e-03 2.331133e-04
5.122096e-02 3.718771e-03 2.340242e-04
5.149178e-02 3.647871e-03 2.341485e-04
5.176260e-02 3.828600e-03 2.332114e-04
5.203341e-02 3.421610e-03 2.316539e-04
5.230422e-02 3.261320e-03 2.285935e-04
5.257504e-02 3.155053e-03 2.305435e-04
5.284585e-02 3.268968e-03 2.293018e-04
5.311667e-02 2.938760e-03 2.269062e-04
5.338748e-02 3.153911e-03 2.303577e-04
5.365830e-02 2.954250e-03 2.299599e-04
5.392911e-02 3.152862e-03 2.313860e-04
5.419992e-02 3.000380e-03 2.310616e-04
5.447074e-02 2.462169e-03 2.309916e-04
5.474155e-02 2.409941e-03 2.336308e-04
5.501237e-02 2.377540e-03 2.371762e-04
5.528318e-02 2.358582e-03 2.393097e-04
5.555400e-02 2.930041e-03 2.411532e-04
5.582481e-02 2.724081e-03 2.405002e-04
5.609563e-02 2.170440e-03 2.421142e-04
5.636644e-02 1.778439e-03 2.442992e-04
5.663725e-02 2.648961e-03 2.436732e-04
5.690807e-02 1.962038e-03 2.446992e-04
5.717888e-02 2.061959e-03 2.438620e-04
5.744969e-02 1.672212e-03 2.448857e-04
5.772051e-02 2.519729e-03 2.456821e-04
5.799133e-02 2.301261e-03 2.430306e-04
5.826214e-02 1.950840e-03 2.472309e-04
5.853295e-02 2.323361e-03 2.477617e-04
5.880377e-02 2.064861e-03 2.443528e-04
5.907458e-02 2.312828e-03 2.463474e-04
5.934540e-02 2.262771e-03 2.459106e-04
5.961621e-02 2.118168e-03 2.478736e-04
5.988703e-02 1.510261e-03 2.482036e-04
6.015784e-02 1.898509e-03 2.464736e-04
6.042865e-02 2.656268e-03 2.469781e-04
6.069947e-02 2.374310e-03 2.426757e-04
6.097028e-02 1.930792e-03 2.465724e-04
6.124110e-02 1.958562e-03 2.387955e-04
6.151191e-02 2.010360e-03 2.398476e-04
6.178273e-02 1.991548e-03 2.388877e-04
6.205354e-02 1.661809e-03 2.367370e-04
6.232436e-02 1.794562e-03 2.384341e-04
6.259517e-02 1.887919e-03 2.363450e-04
6.286598e-02 1.711041e-03 2.337581e-04
6.313679e-02 2.134198e-03 2.353970e-04
6.340761e-02 1.739061e-03 2.346085e-04
6.367842e-02 2.059240e-03 2.333601e-04
6.394923e-02 1.800539e-03 2.327575e-04
6.422005e-02 1.778418e-03 2.345674e-04
6.449086e-02 2.058879e-03 2.347903e-04
6.476168e-02 1.932150e-03 2.315476e-04
6.503250e-02 1.824580e-03 2.331974e-04
6.530331e-02 1.653731e-03 2.317600e-04
6.557412e-02 1.549380e-03 2.298445e-04
6.584494e-02 1.863131e-03 2.309894e-04
6.611575e-02 1.880439e-03 2.305894e-04
6.638657e-02 1.831859e-03 2.328320e-04
6.665738e-02 1.541529e-03 2.296894e-04
6.692819e-02 1.674360e-03 2.292296e-04
6.719901e-02 1.765762e-03 2.299751e-04
6.746982e-02 1.722809e-03 2.298815e-04
6.774063e-02 1.418881e-03 2.312877e-04
6.801146e-02 1.820570e-03 2.277499e-04
6.828227e-02 1.141509e-03 2.268006e-04
6.855308e-02 1.479190e-03 2.284646e-04
6.882390e-02 1.750350e-03 2.278169e-04
6.909471e-02 1.417100e-03 2.261920e-04
6.936552e-02 1.333820e-03 2.243334e-04
6.963634e-02 1.321349e-03 2.259769e-04
6.990715e-02 1.518011e-03 2.260983e-04
7.017796e-02 1.093879e-03 2.221505e-04
7.044878e-02 1.520881e-03 2.221522e-04
7.071959e-02 1.174519e-03 2.231018e-04
7.099041e-02 1.261922e-03 2.246097e-04
7.126123e-02 1.414530e-03 2.222752e-04
7.153204e-02 1.087429e-03 2.214334e-04
7.180285e-02 1.529379e-03 2.225064e-04
7.207367e-02 1.452480e-03 2.220062e-04
7.234448e-02 1.692601e-03 2.218432e-04
7.261530e-02 1.602819e-03 2.226159e-04
7.288611e-02 1.553209e-03 2.188275e-04
7.315692e-02 1.054270e-03 2.212940e-04
7.342774e-02 1.473570e-03 2.199523e-04
7.369855e-02 1.211800e-03 2.199560e-04
7.396936e-02 1.053970e-03 2.197195e-04
7.424019e-02 1.272360e-03 2.187279e-04
7.451100e-02 1.006732e-03 2.194615e-04
7.478181e-02 1.283821e-03 2.184437e-04
7.505263e-02 1.146220e-03 2.164893e-04
7.532344e-02 9.622294e-04 2.206415e-04
7.559425e-02 9.931587e-04 2.170348e-04
7.586507e-02 1.053460e-03 2.169388e-04
7.613588e-02 6.911997e-04 2.167153e-04
7.640669e-02 9.427704e-04 2.137702e-04
7.667751e-02 1.125969e-03 2.177704e-04
7.694832e-02 1.105830e-03 2.157558e-04
7.721914e-02 1.065720e-03 2.173553e-04
7.748996e-02 1.155822e-03 2.156328e-04
7.776077e-02 6.598290e-04 2.145587e-04
7.803158e-02 1.129050e-03 2.153632e-04
7.830240e-02 1.140520e-03 2.145132e-04
7.857321e-02 9.539314e-04 2.154496e-04
7.884403e-02 9.647105e-04 2.148882e-04
7.911484e-02 1.146920e-03 2.124840e-04
7.938565e-02 1.357511e-03 2.157594e-04
7.965647e-02 1.110960e-03 2.115866e-04
7.992728e-02 1.137871e-03 2.121523e-04
8.019809e-02 9.029489e-04 2.119496e-04
8.046892e-02 1.301100e-03 2.096999e-04
8.073973e-02 1.206750e-03 2.116303e-04
8.101054e-02 1.023831e-03 2.102196e-04
8.128136e-02 3.534611e-04 2.105358e-04
8.155217e-02 7.827692e-04 2.105684e-04
8.182298e-02 1.108060e-03 2.091053e-04
8.209380e-02 1.295971e-03 2.094502e-04
8.236461e-02 5.234685e-04 2.096962e-04
8.263543e-02 6.203596e-04 2.098721e-04
8.290624e-02 9.708200e-04 2.091117e-04
8.317705e-02 8.550789e-04 2.088917e-04
8.344787e-02 8.839890e-04 2.106892e-04
8.371869e-02 7.548388e-04 2.096478e-04
8.398950e-02 9.227004e-04 2.077073e-04
8.426031e-02 7.331204e-04 2.082759e-04
8.453113e-02 5.600601e-04 2.065255e-04
8.480194e-02 9.244699e-04 2.094084e-04
8.507276e-02 8.445494e-04 2.079802e-04
8.534357e-02 8.538999e-04 2.062760e-04
8.561438e-02 8.278601e-04 2.051625e-04
8.588520e-02 1.278240e-03 2.048066e-04
8.615601e-02 7.457286e-04 2.053347e-04
8.642682e-02 7.218998e-04 2.047779e-04
8.669765e-02 7.983204e-04 2.033189e-04
8.696846e-02 9.192601e-04 2.049803e-04
8.723927e-02 8.445904e-04 2.029976e-04
8.751009e-02 8.753203e-04 2.035363e-04
8.778090e-02 1.001641e-03 2.022620e-04
8.805171e-02 6.784294e-04 2.043450e-04
8.832253e-02 6.367695e-04 2.031980e-04
8.859334e-02 6.183907e-04 2.045141e-04
8.886416e-02 5.326215e-04 2.027234e-04
8.913497e-02 9.293202e-04 2.020199e-04
8.940578e-02 1.183460e-03 2.016529e-04
8.967660e-02 9.336900e-04 2.014094e-04
8.994742e-02 6.119106e-04 2.032631e-04
9.021823e-02 6.082393e-04 2.021102e-04
9.048904e-02 6.964393e-04 2.018322e-04
9.075986e-02 8.092597e-04 2.006430e-04
9.103067e-02 8.425601e-04 2.003074e-04
9.130149e-02 6.589703e-04 1.994847e-04
9.157230e-02 3.259107e-04 1.994384e-04
9.184311e-02 1.509599e-04 2.009415e-04
9.211393e-02 6.015692e-04 1.997728e-04
9.238474e-02 6.456915e-04 1.986122e-04
9.265555e-02 7.808600e-04 2.006921e-04
9.292637e-02 7.919706e-04 1.979718e-04
9.319719e-02 8.105300e-04 2.009530e-04
9.346800e-02 6.640498e-04 1.982124e-04
9.373882e-02 1.153750e-03 1.978626e-04
9.400963e-02 7.430296e-04 1.978398e-04
9.428044e-02 7.557701e-04 1.994789e-04
9.455126e-02 6.569512e-04 1.984111e-04
9.482207e-02 7.968806e-04 1.958043e-04
9.509289e-02 6.267484e-04 1.981262e-04
9.536370e-02 8.139499e-04 1.980485e-04
9.563451e-02 4.928187e-04 1.964146e-04
9.590533e-02 4.820898e-04 1.971904e-04
9.617615e-02 3.597699e-04 1.956759e-04
9.644696e-02 6.729793e-04 1.956655e-04
9.671777e-02 4.257411e-04 1.959098e-04
9.698859e-02 8.790102e-04 1.948718e-04
9.725940e-02 8.286200e-04 1.951885e-04
9.753022e-02 8.496195e-04 1.935165e-04
9.780103e-02 4.920885e-04 1.960519e-04
9.807184e-02 5.692802e-04 1.943563e-04
9.834266e-02 5.762596e-04 1.932672e-04
9.861347e-02 5.833507e-04 1.946932e-04
9.888428e-02 4.835911e-04 1.927682e-04
9.915510e-02 6.060395e-04 1.946100e-04
9.942592e-02 9.758901e-04 1.922597e-04
9.969673e-02 5.051009e-04 1.931601e-04
9.996755e-02 7.857699e-04 1.923325e-04
1.002384e-01 2.625510e-04 1.911744e-04
1.005092e-01 5.776007e-04 1.927111e-04
1.007800e-01 6.866008e-04 1.910266e-04
1.010508e-01 6.378498e-04 1.938882e-04
1.013216e-01 6.722715e-04 1.912776e-04
1.015924e-01 8.435193e-04 1.901138e-04
1.018632e-01 3.390610e-04 1.922283e-04
1.021341e-01 4.659109e-04 1.918015e-04
1.024049e-01 3.874302e-04 1.916584e-04
1.026757e-01 4.900303e-04 1.899364e-04
1.029465e-01 6.703399e-04 1.909580e-04
1.032173e-01 6.474499e-04 1.912371e-04
1.034881e-01 7.597301e-04 1.886642e-04
1.037589e-01 5.905982e-04 1.880827e-04
1.040298e-01 3.534500e-04 1.889876e-04
1.043006e-01 9.966493e-04 1.896514e-04
1.045714e-01 7.838104e-04 1.882577e-04
1.048422e-01 5.511101e-04 1.888302e-04
1.051130e-01 4.633404e-04 1.883917e-04
1.053838e-01 5.157292e-04 1.889945e-04
1.056546e-01 6.655082e-04 1.881751e-04
1.059255e-01 3.814083e-04 1.871992e-04
1.061963e-01 2.143700e-04 1.875328e-04
1.064671e-01 4.224591e-04 1.877082e-04
1.067379e-01 3.948696e-04 1.875639e-04
1.070087e-01 6.792601e-04 1.883425e-04
1.072795e-01 3.907401e-04 1.845592e-04
1.075503e-01 4.118998e-04 1.874790e-04
1.078212e-01 6.030202e-04 1.866242e-04
1.080920e-01 5.801804e-04 1.857967e-04
1.083628e-01 3.730506e-04 1.867042e-04
1.086336e-01 6.463602e-04 1.853898e-04
1.089044e-01 6.298088e-04 1.863132e-04
1.091752e-01 5.488601e-04 1.860806e-04
1.094460e-01 4.947986e-04 1.849078e-04
1.097169e-01 4.815608e-04 1.851001e-04
1.099877e-01 4.404299e-04 1.851379e-04
1.102585e-01 7.828809e-04 1.845444e-04
1.105293e-01 7.843412e-04 1.871055e-04
1.108001e-01 6.236285e-04 1.889517e-04
1.110709e-01 5.029086e-04 1.906297e-04
1.113417e-01 1.130998e-05 1.905106e-04
1.116126e-01 1.006201e-04 1.919908e-04
1.118834e-01 3.385395e-04 1.912789e-04
1.121542e-01 6.995108e-04 1.938821e-04
1.124250e-01 3.868807e-04 1.957129e-04
1.126958e-01 5.734209e-04 1.966860e-04
1.129666e-01 6.486904e-04 1.965077e-04
1.132374e-01 8.311905e-04 1.999023e-04
1.135083e-01 3.238600e-04 2.025327e-04
1.137791e-01 8.093901e-04 2.021200e-04
1.140499e-01 4.898086e-04 2.022676e-04
1.143207e-01 1.947209e-04 2.040375e-04
1.145915e-01 1.075007e-04 2.050109e-04
1.148623e-01 -9.182096e-05 2.065616e-04
1.151332e-01 2.475996e-04 2.070919e-04
1.154040e-01 8.132104e-04 2.094088e-04
1.156748e-01 6.201994e-04 2.089756e-04
1.159456e-01 3.085583e-04 2.113742e-04
1.162164e-01 3.327094e-04 2.123920e-04
1.164872e-01 7.582791e-04 2.107792e-04
1.167580e-01 5.425699e-04 2.142780e-04
1.170288e-01 1.609493e-04 2.143016e-04
1.172997e-01 2.886504e-04 2.157743e-04
1.175705e-01 2.749003e-04 2.163800e-04
1.178413e-01 7.056799e-04 2.191344e-04
1.181121e-01 2.646297e-04 2.148216e-04
1.183829e-01 6.102584e-04 2.118277e-04
1.186537e-01 5.314387e-04 2.129842e-04
1.189246e-01 2.914798e-04 2.112537e-04
1.191954e-01 5.527698e-04 2.105382e-04
1.194662e-01 6.311946e-05 2.111687e-04
1.197370e-01 1.386385e-04 2.076710e-04
1.200078e-01 5.963612e-04 2.096086e-04
1.202786e-01 -7.119030e-05 2.090210e-04
1.205494e-01 2.150405e-04 2.074960e-04
1.208202e-01 4.762206e-04 2.104942e-04
1.210911e-01 -1.401100e-04 2.080283e-04
1.213619e-01 4.944298e-04 2.077792e-04
1.216327e-01 3.990289e-04 2.082429e-04
1.219035e-01 3.878102e-04 2.088872e-04
1.221743e-01 1.528207e-04 2.079690e-04
1.224451e-01 5.841907e-04 2.087737e-04
1.227160e-01 5.104002e-04 2.100252e-04
1.229868e-01 3.457498e-04 2.076155e-04
1.232576e-01 7.839184e-04 2.088303e-04
1.235284e-01 4.854016e-04 2.092878e-04
1.237992e-01 1.848713e-04 2.082623e-04
1.240700e-01 5.574990e-04 2.089306e-04
1.243408e-01 5.186293e-04 2.069778e-04
1.246117e-01 6.103516e-04 2.071814e-04
1.248825e-01 3.432687e-04 2.083525e-04
1.251533e-01 3.903098e-04 2.073737e-04
1.254241e-01 5.372055e-05 2.085044e-04
1.256949e-01 2.291594e-04 2.058992e-04
1.259657e-01 7.808805e-04 2.064731e-04
1.262365e-01 2.866518e-04 2.045010e-04
1.265074e-01 6.740503e-04 2.060760e-04
1.267782e-01 3.626700e-04 2.055400e-04
1.270490e-01 2.804901e-04 2.037530e-04
1.273198e-01 2.287608e-04 2.036111e-04
1.275906e-01 2.719890e-04 2.033054e-04
1.278614e-01 1.026299e-04 2.032620e-04
1.281322e-01 5.833618e-04 2.034888e-04
1.284031e-01 2.230499e-04 2.038081e-04
1.286739e-01 4.756209e-04 2.045875e-04
1.289447e-01 -6.705150e-05 2.019556e-04
1.292155e-01 4.057009e-04 2.045805e-04
1.294863e-01 -1.744013e-04 2.019098e-04
1.297571e-01 4.920699e-04 2.033096e-04
1.300279e-01 2.969299e-04 2.021287e-04
1.302988e-01 2.288707e-04 2.031793e-04
1.305696e-01 1.640394e-04 2.020657e-04
1.308404e-01 3.683604e-04 2.020638e-04
1.311112e-01 -1.611300e-04 2.044014e-04
1.313820e-01 1.278799e-04 2.014752e-04
1.316528e-01 8.026995e-04 2.033333e-04
1.319236e-01 5.771704e-04 2.002397e-04
1.321945e-01 4.503503e-04 1.996230e-04
1.324653e-01 2.709199e-04 2.024596e-04
1.327361e-01 1.800098e-04 2.001905e-04
1.330069e-01 5.923025e-05 2.014682e-04
1.332777e-01 6.496999e-04 2.011147e-04
1.335485e-01 4.765801e-04 1.994775e-04
1.338193e-01 4.511997e-04 2.019786e-04
1.340902e-01 5.197804e-04 1.985114e-04
1.343610e-01 1.808200e-04 1.999008e-04
1.346318e-01 5.482398e-04 2.003640e-04
1.349026e-01 3.906898e-04 1.986385e-04
1.351734e-01 5.411599e-04 2.001352e-04
1.354442e-01 1.131799e-04 1.993377e-04
1.357151e-01 -1.080334e-06 2.023056e-04
1.359859e-01 5.697608e-04 1.973481e-04
1.362567e-01 3.119614e-04 1.990129e-04
1.365275e-01 1.348499e-04 1.981292e-04
1.367983e-01 6.198101e-04 1.963040e-04
1.370691e-01 1.999196e-04 2.002441e-04
1.373399e-01 3.002807e-04 2.014134e-04
1.376107e-01 1.521092e-04 2.044570e-04
1.378816e-01 1.420006e-04 2.066518e-04
1.381524e-01 2.428889e-04 2.058262e-04
1.384232e-01 3.706105e-05 2.081540e-04
1.386940e-01 -1.146793e-04 2.078406e-04
1.389648e-01 8.003302e-04 2.102522e-04
1.392356e-01 7.774904e-04 2.118155e-04
1.395064e-01 3.791507e-04 2.104585e-04
1.397773e-01 -2.520159e-06 2.128137e-04
1.400481e-01 -1.076516e-04 2.142735e-04
1.403189e-01 4.970897e-04 2.157855e-04
1.405897e-01 6.574020e-05 2.142303e-04
1.408605e-01 3.977306e-04 2.147919e-04
1.411313e-01 6.500073e-05 2.170266e-04
1.414021e-01 7.109717e-06 2.154835e-04
1.416730e-01 -5.720928e-05 2.185569e-04
1.419438e-01 4.348699e-04 2.176777e-04
1.422146e-01 7.197689e-04 2.210339e-04
1.424854e-01 3.260598e-04 2.182615e-04
1.427562e-01 8.214600e-04 2.192171e-04
1.430270e-01 -8.971058e-05 2.179096e-04
1.432979e-01 4.246831e-05 2.187788e-04
1.435687e-01 2.977401e-04 2.205831e-04
1.438395e-01 2.479907e-04 2.216836e-04
1.441103e-01 -1.797713e-04 2.206955e-04
1.443811e-01 6.807037e-05 2.241575e-04
1.446519e-01 4.989300e-04 2.224476e-04
1.449227e-01 2.234913e-04 2.247146e-04
1.451935e-01 2.459995e-04 2.206252e-04
1.454644e-01 5.440004e-04 2.261367e-04
1.457352e-01 3.573205e-04 2.269415e-04
1.460060e-01 -3.367104e-04 2.252949e-04
1.462768e-01 1.767185e-04 2.280066e-04
1.465476e-01 2.736393e-04 2.248825e-04
1.468184e-01 7.851049e-05 2.285247e-04
1.470892e-01 4.525501e-04 2.282355e-04
1.473601e-01 5.639400e-04 2.270914e-04
1.476309e-01 1.897495e-04 2.265163e-04
1.479017e-01 2.603494e-04 2.270452e-04
1.481725e-01 5.383510e-04 2.297016e-04
1.484433e-01 7.022303e-04 2.251562e-04
1.487141e-01 1.248159e-05 2.280231e-04
1.489850e-01 1.450498e-04 2.283935e-04
1.492558e-01 2.241097e-04 2.272513e-04
1.495266e-01 1.855399e-04 2.276038e-04
1.497974e-01 1.800507e-04 2.239721e-04
1.500682e-01 1.999401e-04 2.260084e-04
1.503390e-01 1.567602e-04 2.284376e-04
1.506098e-01 -5.508959e-05 2.265727e-04
1.508806e-01 2.412405e-04 2.264116e-04
1.511515e-01 1.178104e-04 2.248917e-04
1.514223e-01 1.707301e-04 2.286803e-04
1.516931e-01 -8.934923e-05 2.267663e-04
1.519639e-01 -2.513081e-05 2.279460e-04
1.522347e-01 4.578810e-04 2.269257e-04
1.525055e-01 3.031082e-05 2.264364e-04
1.527763e-01 2.941210e-04 2.303575e-04
1.530472e-01 2.217498e-04 2.263405e-04
1.533180e-01 3.179703e-04 2.278763e-04
1.535888e-01 4.551895e-04 2.279476e-04
1.538596e-01 2.386793e-04 2.277871e-04
1.541304e-01 1.416914e-05 2.280559e-04
1.544012e-01 9.327009e-05 2.255555e-04
1.546721e-01 1.735594e-04 2.284296e-04
1.549429e-01 2.546199e-04 2.287582e-04
1.552137e-01 2.039298e-04 2.280563e-04
1.554845e-01 1.774505e-04 2.270081e-04
1.557553e-01 5.488601e-04 2.281938e-04
1.560261e-01 8.707196e-04 2.294705e-04
1.562969e-01 -6.287917e-05 2.289431e-04
1.565678e-01 1.294911e-04 2.285650e-04
1.568386e-01 2.396591e-04 2.293214e-04
1.571094e-01 3.726315e-04 2.289794e-04
1.573802e-01 8.098967e-05 2.282760e-04
1.576510e-01 -3.197007e-04 2.266049e-04
1.579218e-01 1.337305e-04 2.279266e-04
1.581926e-01 3.046095e-04 2.295052e-04
1.584634e-01 4.930012e-04 2.293409e-04
1.587343e-01 2.494995e-04 2.271221e-04
1.590051e-01 -2.993196e-04 2.285222e-04
1.592759e-01 3.624894e-04 2.289558e-04
1.595467e-01 -1.449697e-04 2.272848e-04
1.598175e-01 1.564398e-04 2.277937e-04
1.600883e-01 1.900997e-04 2.295014e-04
1.603591e-01 -5.990267e-06 2.273385e-04
1.606300e-01 -1.016911e-04 2.283193e-04
1.609008e-01 4.273895e-04 2.238406e-04
1.611716e-01 2.507120e-05 2.259720e-04
1.614424e-01 2.460498e-04 2.239435e-04
1.617132e-01 2.593193e-04 2.281922e-04
1.619840e-01 3.657117e-05 2.248027e-04
1.622549e-01 1.305509e-04 2.249390e-04
1.625257e-01 1.018904e-04 2.258709e-04
1.627965e-01 -2.743490e-04 2.259417e-04
1.630673e-01 4.096497e-04 2.244368e-04
1.633381e-01 5.850606e-04 2.253043e-04
1.636089e-01 6.284937e-05 2.249076e-04
1.638797e-01 2.937801e-04 2.260595e-04
1.641506e-01 -7.219054e-05 2.254609e-04
1.644214e-01 7.355027e-05 2.262024e-04
1.646922e-01 6.572101e-04 2.273054e-04
1.649630e-01 2.345014e-04 2.258571e-04
1.652338e-01 -2.620742e-06 2.281090e-04
1.655046e-01 -1.779404e-04 2.264698e-04
1.657754e-01 7.376075e-05 2.257296e-04
1.660462e-01 2.347901e-04 2.267967e-04
1.663171e-01 4.038028e-05 2.264237e-04
1.665879e-01 3.901608e-04 2.264710e-04
1.668587e-01 2.522599e-04 2.265684e-04
1.671295e-01 -8.757040e-05 2.282442e-04
1.674003e-01 5.740002e-04 2.275240e-04
1.676711e-01 5.766302e-04 2.331520e-04
1.679420e-01 5.146209e-04 2.370223e-04
1.682128e-01 1.002401e-04 2.387585e-04
1.684836e-01 7.240102e-06 2.460792e-04
1.687544e-01 -5.599111e-06 2.440892e-04
1.690252e-01 -2.278183e-04 2.491981e-04
1.692960e-01 2.179891e-04 2.467533e-04
1.695668e-01 7.258914e-05 2.523658e-04
1.698377e-01 4.508998e-04 2.529771e-04
1.701085e-01 1.967009e-04 2.566088e-04
1.703793e-01 2.555512e-04 2.581459e-04
1.706501e-01 3.253594e-04 2.595661e-04
1.709209e-01 3.215298e-04 2.627510e-04
1.711917e-01 3.940053e-05 2.607946e-04
1.714625e-01 4.636906e-04 2.637737e-04
1.717333e-01 1.067892e-04 2.681801e-04
1.720042e-01 1.413506e-04 2.664181e-04
1.722750e-01 3.105290e-04 2.745297e-04
1.725458e-01 4.543103e-04 2.733262e-04
1.728166e-01 4.056692e-04 2.731627e-04
1.730874e-01 2.573598e-04 2.763985e-04
1.733582e-01 8.011051e-05 2.754979e-04
1.736291e-01 -5.806983e-05 2.801262e-04
1.738999e-01 -8.979067e-05 2.761540e-04
1.741707e-01 2.693087e-04 2.842010e-04
1.744415e-01 3.399290e-04 2.810212e-04
1.747123e-01 -2.451390e-04 2.838703e-04
1.749831e-01 1.966301e-04 2.740532e-04
1.752539e-01 4.553385e-04 2.657452e-04
1.755248e-01 2.773218e-04 2.673763e-04
1.757956e-01 -3.504101e-04 2.629932e-04
1.760664e-01 1.147911e-04 2.638881e-04
1.763372e-01 6.741397e-04 2.653374e-04
1.766080e-01 2.582297e-04 2.640830e-04
1.768788e-01 2.629105e-04 2.621481e-04
1.771496e-01 6.431714e-06 2.571675e-04
1.774205e-01 -1.279004e-04 2.581861e-04
1.776913e-01 -3.777593e-04 2.546271e-04
1.779621e-01 1.945309e-04 2.575399e-04
1.782329e-01 2.464093e-04 2.580726e-04
1.785037e-01 2.704300e-04 2.506620e-04
1.787745e-01 1.666099e-04 2.539439e-04
1.790453e-01 1.174193e-04 2.510095e-04
1.793161e-01 1.479704e-04 2.522889e-04
1.795870e-01 3.150813e-04 2.529815e-04
1.798578e-01 5.586296e-04 2.495154e-04
1.801286e-01 3.073886e-04 2.513780e-04
1.803994e-01 5.723704e-04 2.455781e-04
1.806702e-01 1.629591e-04 2.466765e-04
1.809410e-01 -9.468012e-05 2.481594e-04
1.812119e-01 4.493408e-04 2.455108e-04
1.814827e-01 2.735704e-04 2.491808e-04
1.817535e-01 -1.473315e-04 2.452282e-04
1.820243e-01 -4.607998e-05 2.466126e-04
1.822951e-01 -9.591132e-05 2.450111e-04
1.825659e-01 -5.717389e-04 2.440589e-04
1.828367e-01 7.940084e-05 2.458800e-04
1.831076e-01 3.139600e-04 2.410959e-04
1.833784e-01 1.659207e-04 2.483132e-04
1.836492e-01 -2.629813e-04 2.435351e-04
1.839200e-01 2.611056e-05 2.472352e-04
1.841908e-01 -8.068979e-05 2.466933e-04
1.844616e-01 9.890087e-05 2.432947e-04
1.847324e-01 -3.311038e-05 2.477917e-04
1.850033e-01 -1.421012e-05 2.429942e-04
1.852741e-01 2.123099e-04 2.456212e-04
1.855449e-01 2.143793e-04 2.435730e-04
1.858157e-01 1.410600e-04 2.460178e-04
1.860865e-01 3.405195e-04 2.452488e-04
1.863573e-01 5.003996e-05 2.443162e-04
1.866281e-01 2.298411e-04 2.439200e-04
1.868990e-01 3.634393e-04 2.430303e-04
1.871698e-01 3.019385e-04 2.451333e-04
1.874406e-01 -1.981109e-05 2.466288e-04
1.877114e-01 -1.540501e-04 2.423594e-04
1.879822e-01 4.881397e-04 2.461636e-04
1.882530e-01 -1.253393e-04 2.408520e-04
1.885238e-01 -7.401966e-05 2.435611e-04
1.887947e-01 1.973100e-04 2.454465e-04
1.890655e-01 -4.146062e-05 2.420756e-04
1.893363e-01 -3.799293e-04 2.443322e-04
1.896071e-01 5.163085e-04 2.390900e-04
1.898779e-01 4.456006e-05 2.447022e-04
1.901487e-01 2.162699e-04 2.410380e-04
1.904195e-01 3.078897e-04 2.414246e-04
1.906904e-01 4.910100e-04 2.435845e-04
1.909612e-01 3.070794e-04 2.400906e-04
1.912320e-01 1.468398e-04 2.429030e-04
1.915028e-01 5.480610e-04 2.409048e-04
1.917736e-01 1.844205e-04 2.414195e-04
1.920444e-01 1.897197e-04 2.434110e-04
1.923153e-01 -7.403828e-05 2.416178e-04
1.925861e-01 -6.629154e-06 2.442119e-04
1.928569e-01 9.484962e-05 2.409714e-04
1.931277e-01 1.279097e-04 2.406110e-04
1.933985e-01 4.967898e-04 2.408193e-04
1.936693e-01 -1.858305e-04 2.428990e-04
1.939401e-01 5.539879e-05 2.429397e-04
1.942109e-01 3.964212e-04 2.403756e-04
1.944818e-01 1.673996e-04 2.405397e-04
1.947526e-01 2.530012e-04 2.427289e-04
1.950234e-01 3.396198e-04 2.418203e-04
1.952942e-01 2.814997e-04 2.414111e-04
1.955650e-01 -2.367906e-04 2.408864e-04
1.958358e-01 2.617799e-04 2.403297e-04
1.961066e-01 -3.084317e-04 2.411542e-04
1.963775e-01 4.689116e-04 2.423886e-04
1.966483e-01 8.844025e-05 2.417946e-04
1.969191e-01 1.985803e-04 2.413864e-04
1.971899e-01 2.596602e-04 2.423496e-04
1.974607e-01 2.777688e-04 2.409261e-04
1.977315e-01 8.196197e-04 2.414216e-04
1.980023e-01 4.302394e-04 2.410904e-04
1.982732e-01 2.605096e-04 2.416159e-04
1.985440e-01 9.785034e-05 2.412110e-04
1.988148e-01 2.024397e-04 2.420068e-04
1.990856e-01 3.886800e-04 2.422171e-04
1.993564e-01 4.247800e-04 2.417679e-04
1.996272e-01 2.257600e-04 2.425473e-04
1.998980e-01 -1.841038e-05 2.388408e-04
2.001689e-01 6.631501e-04 2.391848e-04
2.004397e-01 2.016593e-04 2.382781e-04
2.007105e-01 1.145191e-04 2.372728e-04
2.009813e-01 -5.153101e-04 2.368893e-04
2.012521e-01 3.195927e-05 2.383684e-04
2.015229e-01 3.525894e-04 2.413402e-04
2.017937e-01 1.156311e-04 2.403880e-04
2.020646e-01 1.057293e-04 2.402052e-04
2.023354e-01 -7.975101e-05 2.393079e-04
2.026062e-01 -1.462605e-04 2.373030e-04
2.028770e-01 -1.499001e-04 2.402914e-04
2.031478e-01 3.672298e-04 2.370632e-04
2.034186e-01 7.395074e-05 2.390885e-04
2.036894e-01 1.429096e-04 2.382505e-04
2.039603e-01 9.547919e-05 2.381971e-04
2.042311e-01 3.916956e-05 2.380818e-04
2.045019e-01 3.504101e-04 2.357896e-04
2.047727e-01 3.037900e-04 2.347592e-04
2.050435e-01 3.551487e-04 2.356923e-04
2.053143e-01 2.146997e-04 2.360270e-04
2.055852e-01 -9.901077e-05 2.354097e-04
2.058560e-01 -1.995992e-04 2.321583e-04
2.061268e-01 6.740913e-05 2.335486e-04
2.063976e-01 5.022790e-04 2.343303e-04
2.066684e-01 -1.876801e-04 2.346746e-04
2.069392e-01 -1.675691e-04 2.353324e-04
2.072100e-01 3.358610e-04 2.346830e-04
2.074808e-01 2.617948e-05 2.333887e-04
2.077517e-01 6.716140e-05 2.329095e-04
2.080225e-01 2.410393e-04 2.341823e-04
2.082933e-01 1.762901e-04 2.320658e-04
2.085641e-01 -1.204796e-04 2.343833e-04
2.088349e-01 2.449993e-04 2.369532e-04
2.091057e-01 -2.337992e-05 2.357402e-04
2.093765e-01 -1.915693e-04 2.326765e-04
2.096474e-01 1.483206e-04 2.337419e-04
2.099182e-01 2.694912e-04 2.357747e-04
2.101890e-01 -6.355904e-05 2.336231e-04
2.104598e-01 1.642890e-04 2.309964e-04
2.107306e-01 5.019009e-04 2.335087e-04
2.110014e-01 5.296990e-04 2.339091e-04
2.112723e-01 -2.138205e-04 2.331088e-04
2.115431e-01 9.122863e-05 2.340899e-04
2.118139e-01 5.653910e-04 2.343956e-04
2.120847e-01 1.795962e-05 2.338060e-04
2.123555e-01 3.171600e-04 2.349215e-04
2.126263e-01 -1.056995e-04 2.311707e-04
2.128971e-01 3.225207e-04 2.332624e-04
2.131680e-01 2.536699e-04 2.337886e-04
2.134388e-01 2.671685e-04 2.350982e-04
2.137096e-01 1.734998e-04 2.315290e-04
2.139804e-01 2.916902e-04 2.333683e-04
2.142512e-01 1.644809e-04 2.318982e-04
2.145220e-01 1.892000e-04 2.346199e-04
2.147928e-01 -6.090850e-06 2.318155e-04
2.150636e-01 2.900399e-04 2.329778e-04
2.153345e-01 -2.756994e-04 2.357314e-04
2.156053e-01 4.361607e-04 2.335927e-04
2.158761e-01 -4.614145e-05 2.344872e-04
2.161469e-01 5.771592e-04 2.315600e-04
2.164177e-01 -4.742108e-05 2.334148e-04
2.166885e-01 3.637001e-04 2.343037e-04
2.169593e-01 5.589053e-05 2.338176e-04
2.172302e-01 -6.218385e-04 2.332153e-04
2.175010e-01 -8.928031e-05 2.327485e-04
2.177718e-01 2.507288e-04 2.347629e-04
2.180426e-01 7.070601e-06 2.334972e-04
2.183134e-01 -7.309020e-05 2.326205e-04
2.185842e-01 1.175888e-05 2.316006e-04
2.188551e-01 2.163202e-04 2.331531e-04
2.191259e-01 4.448686e-04 2.334223e-04
2.193967e-01 2.987795e-04 2.314616e-04
2.196675e-01 -2.790410e-04 2.307297e-04
2.199383e-01 2.149399e-04 2.317243e-04
2.202091e-01 -1.794696e-04 2.321689e-04
2.204799e-01 8.166954e-05 2.306058e-04
2.207507e-01 -1.107901e-05 2.326117e-04
2.210216e-01 -1.884606e-04 2.305583e-04
2.212924e-01 2.784692e-04 2.302442e-04
2.215632e-01 -1.609325e-06 2.275995e-04
2.218340e-01 -1.047514e-04 2.317585e-04
2.221048e-01 9.198394e-04 2.280094e-04
2.223756e-01 4.423298e-04 2.287381e-04
2.226464e-01 1.061205e-04 2.293926e-04
2.229173e-01 -5.204044e-05 2.285558e-04
2.231881e-01 8.580089e-05 2.286135e-04
2.234589e-01 -3.234297e-04 2.278264e-04
2.237297e-01 1.689699e-04 2.290171e-04
2.240005e-01 1.089200e-04 2.285735e-04
2.242713e-01 -1.234412e-04 2.266673e-04
2.245422e-01 4.782304e-04 2.310388e-04
2.248130e-01 6.530993e-05 2.302604e-04
2.250838e-01 -1.894869e-05 2.279217e-04
2.253546e-01 2.630204e-04 2.290770e-04
2.256254e-01 3.682692e-04 2.277309e-04
2.258962e-01 2.996307e-04 2.283141e-04
2.261670e-01 -4.156865e-05 2.388345e-04
2.264379e-01 7.412955e-05 2.435973e-04
2.267087e-01 -6.389208e-04 2.441789e-04
2.269795e-01 1.391489e-04 2.478932e-04
2.272503e-01 2.504718e-04 2.509686e-04
2.275211e-01 3.121980e-05 2.553048e-04
2.277919e-01 4.676916e-05 2.558957e-04
2.280627e-01 2.914798e-04 2.609124e-04
2.283335e-01 2.257898e-04 2.629868e-04
2.286044e-01 -2.667587e-04 2.639648e-04
2.288752e-01 3.156792e-04 2.680396e-04
2.291460e-01 -1.331791e-04 2.706526e-04
2.294168e-01 3.192797e-04 2.706785e-04
2.296876e-01 2.461690e-04 2.738626e-04
2.299584e-01 5.824286e-04 2.750271e-04
2.302293e-01 -3.183912e-04 2.777402e-04
2.305001e-01 9.325892e-05 2.812319e-04
2.307709e-01 -1.290999e-04 2.839588e-04
2.310417e-01 -1.491085e-04 2.873413e-04
2.313125e-01 -3.386606e-04 2.886838e-04
2.315833e-01 3.540292e-04 2.902435e-04
2.318541e-01 5.406886e-05 2.921475e-04
2.321250e-01 4.698299e-04 2.955067e-04
2.323958e-01 -1.913588e-04 2.980358e-04
2.326666e-01 1.862608e-04 3.008832e-04
2.329374e-01 7.472001e-05 3.031033e-04
2.332082e-01 6.559491e-04 3.046572e-04
2.334790e-01 -9.068102e-05 3.055618e-04
2.337498e-01 1.783092e-04 3.112374e-04
2.340207e-01 -4.463084e-05 3.143657e-04
2.342915e-01 2.826937e-05 3.135097e-04
2.345623e-01 4.890505e-04 3.151389e-04
2.348331e-01 -2.781805e-04 3.189132e-04
2.351039e-01 -1.207199e-04 3.209321e-04
2.353747e-01 2.342891e-04 3.232420e-04
2.356455e-01 4.875492e-04 3.275944e-04
2.359163e-01 -1.355596e-04 3.304594e-04
2.361872e-01 3.773905e-05 3.369523e-04
2.364580e-01 -3.408697e-04 3.349486e-04
2.367288e-01 2.616402e-04 3.367486e-04
2.369996e-01 1.093931e-05 3.379302e-04
2.372704e-01 9.239092e-05 3.485863e-04
2.375412e-01 -1.276098e-04 3.462115e-04
2.378121e-01 1.566987e-04 3.505084e-04
2.380829e-01 3.429130e-06 3.527607e-04
2.383537e-01 -4.447792e-04 3.561477e-04
2.386245e-01 6.713402e-04 3.642250e-04
2.388953e-01 1.174007e-04 3.592304e-04
2.391661e-01 -2.684705e-04 3.662299e-04
2.394369e-01 -3.443491e-04 3.690997e-04
2.397078e-01 2.116095e-04 3.800585e-04
2.399786e-01 1.064379e-03 3.812099e-04
2.402494e-01 -6.335974e-05 3.761029e-04
2.405202e-01 2.000704e-04 3.846024e-04
2.407910e-01 -2.992898e-05 3.980704e-04
2.410618e-01 1.128502e-04 3.918391e-04
2.413326e-01 8.453988e-05 4.013473e-04
2.416034e-01 2.618600e-04 3.996144e-04
2.418743e-01 -1.001805e-04 4.114135e-04
2.421451e-01 6.375797e-04 4.160235e-04
2.424159e-01 3.333017e-05 4.176394e-04
2.426867e-01 8.226298e-04 4.155703e-04
2.429575e-01 -4.675798e-04 4.249312e-04
2.432283e-01 1.129787e-04 4.309408e-04
2.434992e-01 5.427506e-04 4.372640e-04
2.437700e-01 -2.954900e-05 4.351554e-04
2.440408e-01 8.923933e-05 4.496912e-04
2.443116e-01 2.996065e-05 4.515186e-04
2.445824e-01 -6.634798e-04 4.535783e-04
2.448532e-01 -3.586914e-04 4.616311e-04
2.451240e-01 -4.577208e-04 4.717245e-04
2.453949e-01 -4.820991e-04 4.789169e-04
2.456657e-01 -2.552699e-04 4.828338e-04
2.459365e-01 -6.179791e-04 4.941726e-04
2.462073e-01 7.648095e-04 4.967981e-04
2.464781e-01 1.190808e-04 5.159576e-04
2.467489e-01 -8.352399e-04 5.118587e-04
2.470197e-01 1.979601e-04 5.125645e-04
2.472906e-01 4.988704e-04 5.154435e-04
2.475614e-01 -6.170105e-04 5.425545e-04
2.478322e-01 4.062988e-04 5.480418e-04
2.481030e-01 -1.191702e-04 5.412011e-04
2.483738e-01 -3.337394e-04 5.632534e-04
2.486446e-01 2.524611e-04 5.823997e-04
2.489154e-01 1.144581e-03 6.052588e-04
2.491863e-01 -2.726186e-04 5.922722e-04
2.494571e-01 3.378503e-04 6.091257e-04
2.497279e-01 5.651508e-04 6.292505e-04
2.499987e-01 1.744449e-03 6.565675e-04
2.502695e-01 1.451932e-05 6.594593e-04
2.505403e-01 -5.734302e-04 6.810725e-04
2.508111e-01 4.641302e-04 6.786759e-04
2.510819e-01 3.049709e-04 7.158827e-04
2.513528e-01 7.455088e-04 7.218446e-04
2.516236e-01 -7.594936e-05 7.354121e-04
2.518944e-01 2.330616e-04 7.560091e-04
2.521652e-01 -8.333009e-04 8.542994e-04
2.524360e-01 8.930694e-04 8.218973e-04
2.527068e-01 5.012937e-05 8.267852e-04
2.529776e-01 -7.695500e-04 8.808990e-04
2.532485e-01 9.823292e-04 8.927107e-04
2.535193e-01 2.226289e-03 8.941411e-04
2.537901e-01 -2.424493e-04 9.189556e-04
2.540609e-01 -9.744801e-04 9.150431e-04
2.543317e-01 6.655306e-04 9.737464e-04
2.546025e-01 -9.560958e-06 1.008719e-03
2.548733e-01 8.978508e-04 1.039281e-03
2.551441e-01 -2.280995e-05 1.059423e-03
2.554150e-01 1.379250e-03 1.110517e-03
2.556858e-01 -1.281960e-03 1.202858e-03
2.559566e-01 2.405211e-03 1.295539e-03
2.562274e-01 6.274804e-04 1.388511e-03
2.564982e-01 -5.058013e-05 1.442917e-03
2.567690e-01 -7.332601e-04 1.650210e-03
2.570398e-01 6.073192e-04 1.937641e-03
2.573107e-01 -8.146502e-04 1.923558e-03
2.575815e-01 -4.527904e-04 2.471861e-03
2.578523e-01 5.335309e-03 3.368720e-03
2.581231e-01 4.940890e-04 5.820161e-03
