3.286826e-03 4.678932e+01 0.000000e+00
3.557641e-03 5.712139e+01 6.125105e-01
3.828455e-03 5.170378e+01 3.272088e-01
4.099269e-03 4.621846e+01 2.620219e-01
4.370084e-03 4.103920e+01 2.087798e-01
4.640898e-03 3.638860e+01 1.551803e-01
4.911712e-03 3.279461e+01 1.479764e-01
5.182527e-03 2.951182e+01 1.216789e-01
5.453341e-03 2.694516e+01 1.266298e-01
5.724155e-03 2.456310e+01 1.036037e-01
5.994970e-03 2.276496e+01 1.121762e-01
6.265784e-03 2.095504e+01 1.041736e-01
6.536598e-03 1.932425e+01 8.997598e-02
6.807412e-03 1.784558e+01 8.739263e-02
7.078227e-03 1.644868e+01 7.702884e-02
7.349041e-03 1.533529e+01 7.152829e-02
7.619855e-03 1.432758e+01 6.655917e-02
7.890671e-03 1.333595e+01 6.052616e-02
8.161485e-03 1.234158e+01 5.542849e-02
8.432299e-03 1.158597e+01 4.967029e-02
8.703114e-03 1.090363e+01 4.791420e-02
8.973928e-03 1.025956e+01 4.328498e-02
9.244742e-03 9.600390e+00 3.966877e-02
9.515557e-03 9.021303e+00 3.750377e-02
9.786371e-03 8.519884e+00 3.386511e-02
1.005718e-02 8.029742e+00 3.243721e-02
1.032800e-02 7.539619e+00 2.857988e-02
1.059881e-02 7.097453e+00 2.724829e-02
1.086963e-02 6.665972e+00 2.539231e-02
1.114044e-02 6.263825e+00 2.361125e-02
1.141126e-02 5.893209e+00 2.234560e-02
1.168207e-02 5.535860e+00 2.028929e-02
1.195289e-02 5.224296e+00 1.931849e-02
1.222370e-02 4.906987e+00 1.812361e-02
1.249451e-02 4.596974e+00 1.686115e-02
1.276533e-02 4.353353e+00 1.596345e-02
1.303614e-02 4.091672e+00 1.473210e-02
1.330696e-02 3.850890e+00 1.385778e-02
1.357777e-02 3.607887e+00 1.293454e-02
1.384859e-02 3.425131e+00 1.226133e-02
1.411940e-02 3.216364e+00 1.134519e-02
1.439021e-02 3.044340e+00 1.051587e-02
1.466103e-02 2.871796e+00 1.001883e-02
1.493184e-02 2.712434e+00 9.589522e-03
1.520266e-02 2.550163e+00 8.883891e-03
1.547347e-02 2.420162e+00 8.416798e-03
1.574429e-02 2.273222e+00 7.918717e-03
1.601510e-02 2.170861e+00 7.469315e-03
1.628591e-02 2.033091e+00 7.143565e-03
1.655673e-02 1.932101e+00 6.721682e-03
1.682754e-02 1.831208e+00 6.319765e-03
1.709836e-02 1.736513e+00 5.973863e-03
1.736917e-02 1.639331e+00 5.700628e-03
1.763999e-02 1.556087e+00 5.374708e-03
1.791080e-02 1.480581e+00 5.079677e-03
1.818161e-02 1.387905e+00 4.879035e-03
1.845243e-02 1.310107e+00 4.737924e-03
1.872324e-02 1.239766e+00 4.364815e-03
1.899406e-02 1.169525e+00 4.214605e-03
1.926487e-02 1.111154e+00 3.970440e-03
1.953569e-02 1.048666e+00 3.893387e-03
1.980650e-02 9.902524e-01 3.747345e-03
2.007731e-02 9.417369e-01 3.447135e-03
2.034813e-02 8.913624e-01 3.384310e-03
2.061894e-02 8.531905e-01 3.291239e-03
2.088976e-02 8.052036e-01 3.103963e-03
2.116057e-02 7.595728e-01 3.000981e-03
2.143139e-02 7.175762e-01 2.837280e-03
2.170220e-02 6.852019e-01 2.809737e-03
2.197302e-02 6.482038e-01 2.623732e-03
2.224383e-02 6.142552e-01 2.491226e-03
2.251465e-02 5.855741e-01 2.447299e-03
2.278546e-02 5.597923e-01 2.375961e-03
2.305627e-02 5.343220e-01 2.276820e-03
2.332709e-02 5.043507e-01 2.115487e-03
2.359790e-02 4.805296e-01 2.024278e-03
2.386872e-02 4.577088e-01 2.000552e-03
2.413953e-02 4.309796e-01 1.827379e-03
2.441034e-02 4.067139e-01 1.775724e-03
2.468116e-02 3.862371e-01 1.703472e-03
2.495197e-02 3.658479e-01 1.632773e-03
2.522279e-02 3.484379e-01 1.577943e-03
2.549360e-02 3.270164e-01 1.482345e-03
2.576442e-02 3.091738e-01 1.437999e-03
2.603523e-02 2.929880e-01 1.377503e-03
2.630604e-02 2.757848e-01 1.306299e-03
2.657686e-02 2.600862e-01 1.261280e-03
2.684767e-02 2.471046e-01 1.207776e-03
2.711849e-02 2.338303e-01 1.166509e-03
2.738930e-02 2.193356e-01 1.123848e-03
2.766012e-02 2.080647e-01 1.068652e-03
2.793093e-02 1.953810e-01 1.021702e-03
2.820175e-02 1.849892e-01 9.894297e-04
2.847256e-02 1.728831e-01 9.413416e-04
2.874337e-02 1.642262e-01 9.192183e-04
2.901419e-02 1.553166e-01 8.887774e-04
2.928500e-02 1.445411e-01 8.253417e-04
2.955582e-02 1.376450e-01 8.153996e-04
2.982663e-02 1.287925e-01 7.969476e-04
3.009745e-02 1.193785e-01 7.773046e-04
3.036826e-02 1.130464e-01 7.491999e-04
3.063907e-02 1.056863e-01 7.084333e-04
3.090989e-02 9.983604e-02 6.838413e-04
3.118070e-02 9.297738e-02 6.794487e-04
3.145152e-02 8.823689e-02 6.556369e-04
3.172233e-02 8.141902e-02 6.231168e-04
3.199315e-02 7.671183e-02 6.176858e-04
3.226396e-02 7.287093e-02 6.076987e-04
3.253478e-02 6.739198e-02 5.862661e-04
3.280559e-02 6.195582e-02 5.634134e-04
3.307641e-02 5.926250e-02 5.513373e-04
3.334722e-02 5.575641e-02 5.433215e-04
3.361803e-02 5.103878e-02 5.265200e-04
3.388885e-02 4.870546e-02 5.136796e-04
3.415966e-02 4.530895e-02 5.154414e-04
3.443048e-02 4.277664e-02 4.957757e-04
3.470129e-02 3.927980e-02 4.797299e-04
3.497211e-02 3.688111e-02 4.811166e-04
3.524292e-02 3.401160e-02 4.577844e-04
3.551374e-02 3.181132e-02 4.564394e-04
3.578455e-02 2.953542e-02 4.491543e-04
3.605536e-02 2.840353e-02 4.343047e-04
3.632618e-02 2.708379e-02 4.352114e-04
3.659699e-02 2.442927e-02 4.235464e-04
3.686780e-02 2.239122e-02 4.134537e-04
3.713862e-02 2.111299e-02 4.137075e-04
3.740944e-02 1.992277e-02 3.955856e-04
3.768025e-02 1.847023e-02 3.960871e-04
3.795106e-02 1.790258e-02 3.928496e-04
3.822188e-02 1.634459e-02 3.883251e-04
3.849269e-02 1.454016e-02 3.772643e-04
3.876351e-02 1.485010e-02 3.791712e-04
3.903432e-02 1.336099e-02 3.756438e-04
3.930514e-02 1.330112e-02 3.686783e-04
3.957595e-02 1.218414e-02 3.615278e-04
3.984676e-02 1.119183e-02 3.564013e-04
4.011758e-02 1.019782e-02 3.539609e-04
4.038839e-02 1.014476e-02 3.529460e-04
4.065921e-02 9.664789e-03 3.504247e-04
4.093002e-02 9.765912e-03 3.482901e-04
4.120084e-02 8.978602e-03 3.467529e-04
4.147165e-02 8.541308e-03 3.438290e-04
4.174246e-02 8.830931e-03 3.464306e-04
4.201328e-02 7.404409e-03 3.357291e-04
4.228409e-02 8.061619e-03 3.375174e-04
4.255491e-02 7.747242e-03 3.359723e-04
4.282572e-02 7.335918e-03 3.351580e-04
4.309653e-02 7.203761e-03 3.304899e-04
4.336735e-02 7.198649e-03 3.307276e-04
4.363817e-02 7.496031e-03 3.261166e-04
4.390898e-02 7.697782e-03 3.283039e-04
4.417979e-02 7.388409e-03 3.297581e-04
4.445061e-02 6.687550e-03 3.250559e-04
4.472142e-02 7.042140e-03 3.205028e-04
4.499224e-02 7.409569e-03 3.262518e-04
4.526305e-02 7.875480e-03 3.259494e-04
4.553387e-02 7.615348e-03 3.190889e-04
4.580468e-02 7.321840e-03 3.206162e-04
4.607549e-02 7.203929e-03 3.173884e-04
4.634631e-02 6.945191e-03 3.172042e-04
4.661712e-02 8.192008e-03 3.215976e-04
4.688794e-02 7.961810e-03 3.151492e-04
4.715875e-02 7.884301e-03 3.157712e-04
4.742957e-02 8.199058e-03 3.101688e-04
4.770038e-02 7.980231e-03 3.093835e-04
4.797119e-02 8.474911e-03 3.111272e-04
4.824201e-02 8.239688e-03 3.127217e-04
4.851282e-02 8.368259e-03 3.137142e-04
4.878364e-02 8.131631e-03 3.115274e-04
4.905445e-02 8.813011e-03 3.085489e-04
4.932526e-02 9.037171e-03 3.110656e-04
4.959608e-02 8.772159e-03 3.094032e-04
4.986690e-02 9.579109e-03 3.112226e-04
5.013771e-02 9.770378e-03 3.109325e-04
5.040852e-02 9.643059e-03 3.084412e-04
5.067934e-02 9.321280e-03 3.115503e-04
5.095015e-02 9.557970e-03 3.030628e-04
5.122096e-02 9.596689e-03 3.025072e-04
5.149178e-02 1.000369e-02 3.052613e-04
5.176260e-02 1.017411e-02 3.057439e-04
5.203341e-02 1.044394e-02 3.088455e-04
5.230422e-02 9.929821e-03 3.003605e-04
5.257504e-02 1.038711e-02 3.050678e-04
5.284585e-02 1.061295e-02 3.013366e-04
5.311667e-02 1.087996e-02 3.017130e-04
5.338748e-02 1.072886e-02 3.063702e-04
5.365830e-02 1.112410e-02 3.057135e-04
5.392911e-02 1.068282e-02 3.090637e-04
5.419992e-02 1.138677e-02 3.099789e-04
5.447074e-02 1.122504e-02 3.089096e-04
5.474155e-02 1.129351e-02 3.141702e-04
5.501237e-02 1.109575e-02 3.159619e-04
5.528318e-02 1.156147e-02 3.207272e-04
5.555400e-02 1.176863e-02 3.252936e-04
5.582481e-02 1.142637e-02 3.228265e-04
5.609563e-02 1.131391e-02 3.279037e-04
5.636644e-02 1.231311e-02 3.332351e-04
5.663725e-02 1.205994e-02 3.285305e-04
5.690807e-02 1.197035e-02 3.317293e-04
5.717888e-02 1.225001e-02 3.277023e-04
5.744969e-02 1.195105e-02 3.341772e-04
5.772051e-02 1.197373e-02 3.323750e-04
5.799133e-02 1.158106e-02 3.320512e-04
5.826214e-02 1.218292e-02 3.342894e-04
5.853295e-02 1.213984e-02 3.378697e-04
5.880377e-02 1.218081e-02 3.299187e-04
5.907458e-02 1.180691e-02 3.323852e-04
5.934540e-02 1.203584e-02 3.368861e-04
5.961621e-02 1.184834e-02 3.343656e-04
5.988703e-02 1.192091e-02 3.401664e-04
6.015784e-02 1.235089e-02 3.401029e-04
6.042865e-02 1.201374e-02 3.383077e-04
6.069947e-02 1.191540e-02 3.301898e-04
6.097028e-02 1.181150e-02 3.321803e-04
6.124110e-02 1.193819e-02 3.214911e-04
6.151191e-02 1.150827e-02 3.228998e-04
6.178273e-02 1.142961e-02 3.244274e-04
6.205354e-02 1.117840e-02 3.217460e-04
6.232436e-02 1.123764e-02 3.226345e-04
6.259517e-02 1.106907e-02 3.197481e-04
6.286598e-02 1.079115e-02 3.179449e-04
6.313679e-02 1.108448e-02 3.167667e-04
6.340761e-02 1.060282e-02 3.137587e-04
6.367842e-02 1.035071e-02 3.156824e-04
6.394923e-02 1.105052e-02 3.114557e-04
6.422005e-02 1.001470e-02 3.121175e-04
6.449086e-02 1.059023e-02 3.173165e-04
6.476168e-02 1.025132e-02 3.104546e-04
6.503250e-02 1.009162e-02 3.113355e-04
6.530331e-02 9.496020e-03 3.072557e-04
6.557412e-02 9.880740e-03 3.096402e-04
6.584494e-02 9.396011e-03 3.094716e-04
6.611575e-02 9.425558e-03 3.048073e-04
6.638657e-02 9.246949e-03 3.084133e-04
6.665738e-02 9.507941e-03 3.036740e-04
6.692819e-02 8.955751e-03 3.055436e-04
6.719901e-02 8.262191e-03 3.046429e-04
6.746982e-02 8.883448e-03 3.023623e-04
6.774063e-02 9.032669e-03 3.057199e-04
6.801146e-02 8.505281e-03 2.992753e-04
6.828227e-02 8.051872e-03 2.982931e-04
6.855308e-02 7.316541e-03 2.996586e-04
6.882390e-02 7.517280e-03 2.989094e-04
6.909471e-02 7.808909e-03 2.999051e-04
6.936552e-02 7.344481e-03 2.932357e-04
6.963634e-02 7.199999e-03 2.942847e-04
6.990715e-02 7.339399e-03 2.964454e-04
7.017796e-02 7.643159e-03 2.917800e-04
7.044878e-02 7.279001e-03 2.912073e-04
7.071959e-02 6.887082e-03 2.892196e-04
7.099041e-02 6.688781e-03 2.923274e-04
7.126123e-02 6.356012e-03 2.849131e-04
7.153204e-02 5.938351e-03 2.889396e-04
7.180285e-02 6.293561e-03 2.867078e-04
7.207367e-02 5.939981e-03 2.859897e-04
7.234448e-02 6.189950e-03 2.891829e-04
7.261530e-02 6.202569e-03 2.858106e-04
7.288611e-02 5.781651e-03 2.828077e-04
7.315692e-02 6.417539e-03 2.831836e-04
7.342774e-02 5.894499e-03 2.881012e-04
7.369855e-02 5.656341e-03 2.801802e-04
7.396936e-02 6.052630e-03 2.814531e-04
7.424019e-02 5.173057e-03 2.820841e-04
7.451100e-02 5.663089e-03 2.800705e-04
7.478181e-02 5.282288e-03 2.778753e-04
7.505263e-02 4.997149e-03 2.755085e-04
7.532344e-02 4.794370e-03 2.824562e-04
7.559425e-02 4.771421e-03 2.760041e-04
7.586507e-02 4.227359e-03 2.772489e-04
7.613588e-02 3.728230e-03 2.771836e-04
7.640669e-02 4.480489e-03 2.739318e-04
7.667751e-02 4.461920e-03 2.761639e-04
7.694832e-02 4.319271e-03 2.739173e-04
7.721914e-02 3.530569e-03 2.737421e-04
7.748996e-02 4.120329e-03 2.728766e-04
7.776077e-02 3.596840e-03 2.721172e-04
7.803158e-02 3.764600e-03 2.720453e-04
7.830240e-02 3.856409e-03 2.690104e-04
7.857321e-02 3.933541e-03 2.683395e-04
7.884403e-02 3.293710e-03 2.687243e-04
7.911484e-02 3.696380e-03 2.677428e-04
7.938565e-02 3.656890e-03 2.709941e-04
7.965647e-02 3.632240e-03 2.675901e-04
7.992728e-02 3.784109e-03 2.673209e-04
8.019809e-02 3.244150e-03 2.655877e-04
8.046892e-02 3.034970e-03 2.654689e-04
8.073973e-02 3.561480e-03 2.653400e-04
8.101054e-02 2.390191e-03 2.634348e-04
8.128136e-02 2.492631e-03 2.646578e-04
8.155217e-02 2.781639e-03 2.639370e-04
8.182298e-02 3.209582e-03 2.667138e-04
8.209380e-02 2.583450e-03 2.608752e-04
8.236461e-02 2.733309e-03 2.632611e-04
8.263543e-02 2.948310e-03 2.626995e-04
8.290624e-02 2.652619e-03 2.632525e-04
8.317705e-02 2.858231e-03 2.604426e-04
8.344787e-02 2.879111e-03 2.625988e-04
8.371869e-02 3.105089e-03 2.627942e-04
8.398950e-02 2.360018e-03 2.589810e-04
8.426031e-02 2.642199e-03 2.605360e-04
8.453113e-02 2.801280e-03 2.592399e-04
8.480194e-02 2.171911e-03 2.568305e-04
8.507276e-02 2.539048e-03 2.578814e-04
8.534357e-02 2.075311e-03 2.568305e-04
8.561438e-02 2.479460e-03 2.570055e-04
8.588520e-02 2.402131e-03 2.552121e-04
8.615601e-02 2.566282e-03 2.592878e-04
8.642682e-02 2.563391e-03 2.559889e-04
8.669765e-02 2.542431e-03 2.545891e-04
8.696846e-02 2.134310e-03 2.548871e-04
8.723927e-02 2.416270e-03 2.543168e-04
8.751009e-02 2.398899e-03 2.551900e-04
8.778090e-02 2.980871e-03 2.543302e-04
8.805171e-02 2.472462e-03 2.541030e-04
8.832253e-02 2.800511e-03 2.537849e-04
8.859334e-02 2.535680e-03 2.545609e-04
8.886416e-02 2.134740e-03 2.524073e-04
8.913497e-02 2.599459e-03 2.504599e-04
8.940578e-02 2.936510e-03 2.521763e-04
8.967660e-02 2.598010e-03 2.526630e-04
8.994742e-02 2.099011e-03 2.525858e-04
9.021823e-02 2.781671e-03 2.531794e-04
9.048904e-02 2.350312e-03 2.510964e-04
9.075986e-02 2.531569e-03 2.517521e-04
9.103067e-02 2.257841e-03 2.508354e-04
9.130149e-02 2.437470e-03 2.516524e-04
9.157230e-02 1.815410e-03 2.488068e-04
9.184311e-02 2.571911e-03 2.522384e-04
9.211393e-02 2.691351e-03 2.494065e-04
9.238474e-02 2.748890e-03 2.508839e-04
9.265555e-02 2.711652e-03 2.502317e-04
9.292637e-02 2.425350e-03 2.484754e-04
9.319719e-02 2.356989e-03 2.497488e-04
9.346800e-02 2.064940e-03 2.489512e-04
9.373882e-02 2.511712e-03 2.470408e-04
9.400963e-02 2.598790e-03 2.486391e-04
9.428044e-02 2.660988e-03 2.503275e-04
9.455126e-02 2.630550e-03 2.479928e-04
9.482207e-02 2.182148e-03 2.455236e-04
9.509289e-02 2.302961e-03 2.492594e-04
9.536370e-02 2.148429e-03 2.481200e-04
9.563451e-02 2.102470e-03 2.440026e-04
9.590533e-02 2.574058e-03 2.490082e-04
9.617615e-02 2.760131e-03 2.459643e-04
9.644696e-02 2.406619e-03 2.466554e-04
9.671777e-02 2.317989e-03 2.450750e-04
9.698859e-02 2.399229e-03 2.442814e-04
9.725940e-02 2.151661e-03 2.422282e-04
9.753022e-02 2.842359e-03 2.433271e-04
9.780103e-02 2.451321e-03 2.440862e-04
9.807184e-02 2.631422e-03 2.426180e-04
9.834266e-02 2.114471e-03 2.427335e-04
9.861347e-02 2.303831e-03 2.462015e-04
9.888428e-02 2.370270e-03 2.407128e-04
9.915510e-02 2.335031e-03 2.400316e-04
9.942592e-02 2.256859e-03 2.416136e-04
9.969673e-02 2.525911e-03 2.408010e-04
9.996755e-02 2.174571e-03 2.397938e-04
1.002384e-01 2.428520e-03 2.405433e-04
1.005092e-01 2.052380e-03 2.407253e-04
1.007800e-01 2.294371e-03 2.401330e-04
1.010508e-01 2.700912e-03 2.432238e-04
1.013216e-01 1.996821e-03 2.385006e-04
1.015924e-01 2.021771e-03 2.392350e-04
1.018632e-01 2.100701e-03 2.386400e-04
1.021341e-01 2.292281e-03 2.381394e-04
1.024049e-01 2.239240e-03 2.382222e-04
1.026757e-01 2.651080e-03 2.404637e-04
1.029465e-01 2.633860e-03 2.377451e-04
1.032173e-01 2.428481e-03 2.381913e-04
1.034881e-01 2.253689e-03 2.362567e-04
1.037589e-01 2.185790e-03 2.365491e-04
1.040298e-01 2.444651e-03 2.368942e-04
1.043006e-01 1.977701e-03 2.385235e-04
1.045714e-01 2.421129e-03 2.379103e-04
1.048422e-01 2.185870e-03 2.350030e-04
1.051130e-01 1.977289e-03 2.335012e-04
1.053838e-01 2.110390e-03 2.362295e-04
1.056546e-01 2.371600e-03 2.345726e-04
1.059255e-01 1.674220e-03 2.341096e-04
1.061963e-01 1.899870e-03 2.331701e-04
1.064671e-01 2.200190e-03 2.339124e-04
1.067379e-01 2.655340e-03 2.349947e-04
1.070087e-01 2.067121e-03 2.361129e-04
1.072795e-01 2.084000e-03 2.310416e-04
1.075503e-01 1.611190e-03 2.345295e-04
1.078212e-01 2.246412e-03 2.343402e-04
1.080920e-01 1.818459e-03 2.331467e-04
1.083628e-01 1.744680e-03 2.311487e-04
1.086336e-01 2.120109e-03 2.313962e-04
1.089044e-01 1.788180e-03 2.337018e-04
1.091752e-01 2.019890e-03 2.317299e-04
1.094460e-01 1.908591e-03 2.313887e-04
1.097169e-01 1.961838e-03 2.327254e-04
1.099877e-01 2.093431e-03 2.309360e-04
1.102585e-01 1.831990e-03 2.310689e-04
1.105293e-01 1.948249e-03 2.340791e-04
1.108001e-01 1.639672e-03 2.347034e-04
1.110709e-01 2.192361e-03 2.388567e-04
1.113417e-01 1.609391e-03 2.359348e-04
1.116126e-01 1.722950e-03 2.393515e-04
1.118834e-01 2.117230e-03 2.403741e-04
1.121542e-01 1.968330e-03 2.419532e-04
1.124250e-01 1.798300e-03 2.457934e-04
1.126958e-01 1.854060e-03 2.451368e-04
1.129666e-01 1.522942e-03 2.470083e-04
1.132374e-01 1.894869e-03 2.480353e-04
1.135083e-01 1.831340e-03 2.517999e-04
1.137791e-01 2.015062e-03 2.519534e-04
1.140499e-01 1.741990e-03 2.522342e-04
1.143207e-01 1.673751e-03 2.546722e-04
1.145915e-01 1.885099e-03 2.560867e-04
1.148623e-01 1.397250e-03 2.564441e-04
1.151332e-01 1.853360e-03 2.577437e-04
1.154040e-01 2.401700e-03 2.602745e-04
1.156748e-01 2.135050e-03 2.631873e-04
1.159456e-01 1.470121e-03 2.612863e-04
1.162164e-01 1.700319e-03 2.632994e-04
1.164872e-01 1.865201e-03 2.632944e-04
1.167580e-01 1.659770e-03 2.665370e-04
1.170288e-01 1.409469e-03 2.684312e-04
1.172997e-01 1.584001e-03 2.682861e-04
1.175705e-01 1.382979e-03 2.709906e-04
1.178413e-01 1.697080e-03 2.700880e-04
1.181121e-01 1.393631e-03 2.698715e-04
1.183829e-01 1.599340e-03 2.646010e-04
1.186537e-01 1.609080e-03 2.632422e-04
1.189246e-01 1.713080e-03 2.639072e-04
1.191954e-01 1.418900e-03 2.593527e-04
1.194662e-01 1.550470e-03 2.626453e-04
1.197370e-01 1.531279e-03 2.601185e-04
1.200078e-01 1.299690e-03 2.576304e-04
1.202786e-01 1.351090e-03 2.578983e-04
1.205494e-01 1.515020e-03 2.591077e-04
1.208202e-01 1.635280e-03 2.625068e-04
1.210911e-01 1.062000e-03 2.583442e-04
1.213619e-01 1.281949e-03 2.600650e-04
1.216327e-01 1.816411e-03 2.584528e-04
1.219035e-01 1.621140e-03 2.586768e-04
1.221743e-01 1.622219e-03 2.598907e-04
1.224451e-01 2.066990e-03 2.576737e-04
1.227160e-01 1.215661e-03 2.601845e-04
1.229868e-01 1.520051e-03 2.567171e-04
1.232576e-01 1.540329e-03 2.575745e-04
1.235284e-01 1.333781e-03 2.593370e-04
1.237992e-01 1.543241e-03 2.584675e-04
1.240700e-01 1.228651e-03 2.590137e-04
1.243408e-01 1.895551e-03 2.608820e-04
1.246117e-01 1.159070e-03 2.580326e-04
1.248825e-01 1.162410e-03 2.593950e-04
1.251533e-01 1.588611e-03 2.563670e-04
1.254241e-01 1.379490e-03 2.600013e-04
1.256949e-01 1.532620e-03 2.564482e-04
1.259657e-01 1.422590e-03 2.556210e-04
1.262365e-01 6.801207e-04 2.538806e-04
1.265074e-01 1.124809e-03 2.537464e-04
1.267782e-01 1.170631e-03 2.543056e-04
1.270490e-01 1.479270e-03 2.532084e-04
1.273198e-01 1.680240e-03 2.548134e-04
1.275906e-01 1.557259e-03 2.520754e-04
1.278614e-01 1.495620e-03 2.538745e-04
1.281322e-01 1.518821e-03 2.541312e-04
1.284031e-01 1.515441e-03 2.518293e-04
1.286739e-01 1.660919e-03 2.554347e-04
1.289447e-01 1.556979e-03 2.499249e-04
1.292155e-01 1.324739e-03 2.512044e-04
1.294863e-01 1.924960e-03 2.537439e-04
1.297571e-01 1.455389e-03 2.496050e-04
1.300279e-01 1.158230e-03 2.495140e-04
1.302988e-01 1.113620e-03 2.511292e-04
1.305696e-01 1.573280e-03 2.520836e-04
1.308404e-01 1.661630e-03 2.519671e-04
1.311112e-01 1.638411e-03 2.511283e-04
1.313820e-01 1.430329e-03 2.506005e-04
1.316528e-01 1.396399e-03 2.492641e-04
1.319236e-01 1.184819e-03 2.498493e-04
1.321945e-01 1.677049e-03 2.499455e-04
1.324653e-01 1.597889e-03 2.501288e-04
1.327361e-01 1.453672e-03 2.493501e-04
1.330069e-01 2.029151e-03 2.495411e-04
1.332777e-01 1.075661e-03 2.533576e-04
1.335485e-01 7.972401e-04 2.465546e-04
1.338193e-01 1.214821e-03 2.535060e-04
1.340902e-01 1.680620e-03 2.478271e-04
1.343610e-01 1.117380e-03 2.510592e-04
1.346318e-01 1.383500e-03 2.467101e-04
1.349026e-01 1.177000e-03 2.460922e-04
1.351734e-01 1.291899e-03 2.500691e-04
1.354442e-01 1.099620e-03 2.468227e-04
1.357151e-01 1.377860e-03 2.491201e-04
1.359859e-01 1.463929e-03 2.470057e-04
1.362567e-01 1.627920e-03 2.456640e-04
1.365275e-01 1.565751e-03 2.476613e-04
1.367983e-01 1.290770e-03 2.425068e-04
1.370691e-01 1.098709e-03 2.473148e-04
1.373399e-01 1.418939e-03 2.508279e-04
1.376107e-01 1.390260e-03 2.529304e-04
1.378816e-01 8.439086e-04 2.558108e-04
1.381524e-01 1.128180e-03 2.539429e-04
1.384232e-01 1.525540e-03 2.604808e-04
1.386940e-01 1.361890e-03 2.598193e-04
1.389648e-01 1.204569e-03 2.602528e-04
1.392356e-01 1.479320e-03 2.618240e-04
1.395064e-01 1.880141e-03 2.634672e-04
1.397773e-01 1.523431e-03 2.651224e-04
1.400481e-01 1.229521e-03 2.628565e-04
1.403189e-01 7.379390e-04 2.641654e-04
1.405897e-01 6.270297e-04 2.659851e-04
1.408605e-01 1.527449e-03 2.667795e-04
1.411313e-01 1.204250e-03 2.682546e-04
1.414021e-01 1.192009e-03 2.693852e-04
1.416730e-01 9.498596e-04 2.713482e-04
1.419438e-01 1.132250e-03 2.713030e-04
1.422146e-01 1.107560e-03 2.708171e-04
1.424854e-01 1.250802e-03 2.715638e-04
1.427562e-01 1.347091e-03 2.735088e-04
1.430270e-01 1.140861e-03 2.695528e-04
1.432979e-01 1.557881e-03 2.707555e-04
1.435687e-01 1.265751e-03 2.739544e-04
1.438395e-01 1.512339e-03 2.743664e-04
1.441103e-01 1.038471e-03 2.779445e-04
1.443811e-01 7.952210e-04 2.763342e-04
1.446519e-01 1.236519e-03 2.794832e-04
1.449227e-01 8.860789e-04 2.766094e-04
1.451935e-01 1.581399e-03 2.782834e-04
1.454644e-01 1.374699e-03 2.799686e-04
1.457352e-01 6.117504e-04 2.794955e-04
1.460060e-01 1.625320e-03 2.798081e-04
1.462768e-01 8.867588e-04 2.822812e-04
1.465476e-01 1.244640e-03 2.844114e-04
1.468184e-01 1.107281e-03 2.873916e-04
1.470892e-01 1.208801e-03 2.803222e-04
1.473601e-01 1.072571e-03 2.831357e-04
1.476309e-01 1.273941e-03 2.847113e-04
1.479017e-01 8.785706e-04 2.816396e-04
1.481725e-01 5.391184e-04 2.835128e-04
1.484433e-01 6.940700e-04 2.788536e-04
1.487141e-01 9.108204e-04 2.822394e-04
1.489850e-01 1.205381e-03 2.799736e-04
1.492558e-01 6.198399e-04 2.802073e-04
1.495266e-01 1.510110e-03 2.838470e-04
1.497974e-01 1.219090e-03 2.787704e-04
1.500682e-01 9.601098e-04 2.833670e-04
1.503390e-01 1.533451e-03 2.810704e-04
1.506098e-01 1.002349e-03 2.796151e-04
1.508806e-01 1.171850e-03 2.816074e-04
1.511515e-01 1.200810e-03 2.800605e-04
1.514223e-01 9.090807e-04 2.819870e-04
1.516931e-01 1.242420e-03 2.801745e-04
1.519639e-01 5.107597e-04 2.788261e-04
1.522347e-01 6.106198e-04 2.807932e-04
1.525055e-01 1.507910e-03 2.810347e-04
1.527763e-01 1.090581e-03 2.833717e-04
1.530472e-01 5.495101e-04 2.790798e-04
1.533180e-01 1.273518e-03 2.824762e-04
1.535888e-01 6.607305e-04 2.809757e-04
1.538596e-01 1.123259e-03 2.796666e-04
1.541304e-01 1.310440e-03 2.827862e-04
1.544012e-01 1.190539e-03 2.796052e-04
1.546721e-01 1.014581e-03 2.827104e-04
1.549429e-01 1.359221e-03 2.803219e-04
1.552137e-01 9.328797e-04 2.848668e-04
1.554845e-01 1.029890e-03 2.808669e-04
1.557553e-01 1.096450e-03 2.826825e-04
1.560261e-01 9.806193e-04 2.810714e-04
1.562969e-01 9.204596e-04 2.829736e-04
1.565678e-01 1.236480e-03 2.797052e-04
1.568386e-01 9.851810e-04 2.833369e-04
1.571094e-01 8.751098e-04 2.838764e-04
1.573802e-01 4.845709e-04 2.824920e-04
1.576510e-01 8.036010e-04 2.812749e-04
1.579218e-01 6.771497e-04 2.805053e-04
1.581926e-01 8.110907e-04 2.790053e-04
1.584634e-01 4.897602e-04 2.828149e-04
1.587343e-01 7.013697e-04 2.782675e-04
1.590051e-01 9.137299e-04 2.792979e-04
1.592759e-01 1.193361e-03 2.815345e-04
1.595467e-01 6.909203e-04 2.789320e-04
1.598175e-01 1.012219e-03 2.812485e-04
1.600883e-01 1.107389e-03 2.821507e-04
1.603591e-01 1.123840e-03 2.813256e-04
1.606300e-01 1.244450e-03 2.813904e-04
1.609008e-01 1.032570e-03 2.801057e-04
1.611716e-01 1.050740e-03 2.819496e-04
1.614424e-01 1.108551e-03 2.768214e-04
1.617132e-01 1.371128e-03 2.815379e-04
1.619840e-01 3.195889e-04 2.791634e-04
1.622549e-01 5.606897e-04 2.784641e-04
1.625257e-01 7.545706e-04 2.785588e-04
1.627965e-01 1.031799e-03 2.780431e-04
1.630673e-01 8.914489e-04 2.769947e-04
1.633381e-01 1.262320e-03 2.791870e-04
1.636089e-01 9.942502e-04 2.772461e-04
1.638797e-01 1.077700e-03 2.818325e-04
1.641506e-01 9.465497e-04 2.770253e-04
1.644214e-01 1.202960e-03 2.813028e-04
1.646922e-01 7.677600e-04 2.803584e-04
1.649630e-01 1.396529e-03 2.789277e-04
1.652338e-01 9.912010e-04 2.825274e-04
1.655046e-01 6.909091e-04 2.813317e-04
1.657754e-01 1.484340e-03 2.798069e-04
1.660462e-01 1.714481e-03 2.837138e-04
1.663171e-01 8.809902e-04 2.779522e-04
1.665879e-01 2.731886e-04 2.794350e-04
1.668587e-01 6.919093e-04 2.786467e-04
1.671295e-01 1.176680e-03 2.805528e-04
1.674003e-01 1.290008e-03 2.812203e-04
1.676711e-01 1.145199e-03 2.891163e-04
1.679420e-01 1.583260e-03 2.968523e-04
1.682128e-01 6.092004e-04 2.959850e-04
1.684836e-01 7.854402e-04 3.061125e-04
1.687544e-01 1.008799e-03 3.035382e-04
1.690252e-01 6.018505e-04 3.046593e-04
1.692960e-01 1.312310e-03 3.024763e-04
1.695668e-01 1.393329e-03 3.120586e-04
1.698377e-01 1.327371e-03 3.132655e-04
1.701085e-01 9.678397e-04 3.153180e-04
1.703793e-01 8.454602e-04 3.210122e-04
1.706501e-01 6.650612e-04 3.164148e-04
1.709209e-01 9.197611e-04 3.269422e-04
1.711917e-01 1.131471e-03 3.251025e-04
1.714625e-01 1.562450e-03 3.277445e-04
1.717333e-01 1.427250e-03 3.420256e-04
1.720042e-01 5.721096e-04 3.302496e-04
1.722750e-01 7.324405e-04 3.357172e-04
1.725458e-01 7.387213e-04 3.320620e-04
1.728166e-01 1.734300e-03 3.370947e-04
1.730874e-01 1.297021e-03 3.410295e-04
1.733582e-01 1.544589e-03 3.426263e-04
1.736291e-01 7.564090e-04 3.526522e-04
1.738999e-01 1.680350e-03 3.424569e-04
1.741707e-01 1.431450e-03 3.497046e-04
1.744415e-01 1.199750e-03 3.517203e-04
1.747123e-01 9.304602e-04 3.501357e-04
1.749831e-01 5.044900e-04 3.416019e-04
1.752539e-01 1.320560e-03 3.286597e-04
1.755248e-01 1.903690e-03 3.351106e-04
1.757956e-01 1.008119e-03 3.279007e-04
1.760664e-01 1.676530e-03 3.314526e-04
1.763372e-01 1.550540e-03 3.327206e-04
1.766080e-01 1.476850e-03 3.228189e-04
1.768788e-01 1.149360e-03 3.228910e-04
1.771496e-01 1.096370e-03 3.166483e-04
1.774205e-01 8.595902e-04 3.200096e-04
1.776913e-01 8.406099e-04 3.172518e-04
1.779621e-01 1.278900e-03 3.176534e-04
1.782329e-01 1.287000e-03 3.180239e-04
1.785037e-01 1.920881e-03 3.136365e-04
1.787745e-01 7.369593e-04 3.151742e-04
1.790453e-01 1.681820e-03 3.118534e-04
1.793161e-01 1.204820e-03 3.142397e-04
1.795870e-01 9.472091e-04 3.132083e-04
1.798578e-01 6.194003e-04 3.073954e-04
1.801286e-01 1.404701e-03 3.143238e-04
1.803994e-01 1.058670e-03 3.029663e-04
1.806702e-01 7.128287e-04 3.068011e-04
1.809410e-01 1.254881e-03 3.070004e-04
1.812119e-01 1.644820e-03 3.056924e-04
1.814827e-01 1.060020e-03 3.083013e-04
1.817535e-01 1.028201e-03 3.045496e-04
1.820243e-01 8.545797e-04 3.012912e-04
1.822951e-01 1.239890e-03 3.070400e-04
1.825659e-01 1.031799e-03 3.067914e-04
1.828367e-01 6.076805e-04 3.026448e-04
1.831076e-01 7.081199e-04 2.970700e-04
1.833784e-01 1.080420e-03 3.049639e-04
1.836492e-01 1.531171e-03 3.020149e-04
1.839200e-01 1.625611e-03 3.049098e-04
1.841908e-01 1.205510e-03 3.019522e-04
1.844616e-01 1.023110e-03 3.038614e-04
1.847324e-01 9.751096e-04 3.035720e-04
1.850033e-01 1.224970e-03 3.012394e-04
1.852741e-01 5.854703e-04 3.006209e-04
1.855449e-01 1.392391e-03 3.049289e-04
1.858157e-01 1.166930e-03 3.026296e-04
1.860865e-01 5.371310e-04 3.006518e-04
1.863573e-01 8.311700e-04 3.009359e-04
1.866281e-01 1.429159e-03 3.038626e-04
1.868990e-01 1.655441e-03 2.984519e-04
1.871698e-01 1.787819e-03 3.042428e-04
1.874406e-01 7.773805e-04 3.030558e-04
1.877114e-01 1.610551e-03 2.982172e-04
1.879822e-01 8.203592e-04 3.032018e-04
1.882530e-01 1.176950e-03 2.976942e-04
1.885238e-01 1.234809e-03 3.049335e-04
1.887947e-01 3.202595e-04 2.999865e-04
1.890655e-01 7.310100e-04 3.002279e-04
1.893363e-01 1.561379e-03 3.012307e-04
1.896071e-01 7.346701e-04 2.963373e-04
1.898779e-01 1.064401e-03 3.038252e-04
1.901487e-01 4.344191e-04 2.999336e-04
1.904195e-01 9.373389e-04 2.967861e-04
1.906904e-01 1.163080e-03 2.992388e-04
1.909612e-01 7.640608e-04 2.952023e-04
1.912320e-01 1.252189e-03 2.994242e-04
1.915028e-01 9.514205e-04 2.995286e-04
1.917736e-01 4.851911e-04 2.986004e-04
1.920444e-01 7.081293e-04 2.982143e-04
1.923153e-01 1.161130e-03 3.008066e-04
1.925861e-01 2.787299e-04 2.984435e-04
1.928569e-01 8.286200e-04 2.997507e-04
1.931277e-01 8.127596e-04 2.975886e-04
1.933985e-01 4.168488e-04 2.955007e-04
1.936693e-01 7.869396e-04 2.950972e-04
1.939401e-01 1.228640e-03 3.031720e-04
1.942109e-01 9.866003e-04 2.954945e-04
1.944818e-01 9.876005e-04 2.994162e-04
1.947526e-01 9.644311e-04 2.972027e-04
1.950234e-01 1.239870e-03 2.982660e-04
1.952942e-01 1.020020e-03 2.989510e-04
1.955650e-01 1.138330e-03 2.961810e-04
1.958358e-01 5.858298e-04 3.020738e-04
1.961066e-01 1.068160e-03 3.003404e-04
1.963775e-01 8.525904e-04 2.985300e-04
1.966483e-01 1.189079e-03 2.982288e-04
1.969191e-01 1.165040e-03 2.989031e-04
1.971899e-01 7.487498e-04 3.001433e-04
1.974607e-01 1.429820e-03 3.025061e-04
1.977315e-01 1.168240e-03 3.005701e-04
1.980023e-01 9.774696e-04 2.951950e-04
1.982732e-01 7.420387e-04 2.984879e-04
1.985440e-01 9.851903e-04 2.996737e-04
1.988148e-01 1.098551e-03 2.977741e-04
1.990856e-01 1.233909e-03 2.985125e-04
1.993564e-01 7.306598e-04 2.976571e-04
1.996272e-01 1.039939e-03 3.023801e-04
1.998980e-01 5.090907e-04 2.950350e-04
2.001689e-01 9.758100e-04 2.958133e-04
2.004397e-01 9.640809e-04 2.935538e-04
2.007105e-01 9.420495e-04 2.955707e-04
2.009813e-01 1.024211e-03 2.963550e-04
2.012521e-01 1.594970e-03 2.964044e-04
2.015229e-01 1.149770e-03 2.964644e-04
2.017937e-01 1.600800e-03 2.994291e-04
2.020646e-01 1.356190e-03 2.978460e-04
2.023354e-01 1.258211e-03 2.964326e-04
2.026062e-01 1.480240e-03 2.947652e-04
2.028770e-01 7.185508e-04 2.958630e-04
2.031478e-01 1.218708e-03 2.941647e-04
2.034186e-01 7.148609e-04 2.957778e-04
2.036894e-01 1.484811e-03 2.965837e-04
2.039603e-01 1.412341e-03 2.955873e-04
2.042311e-01 1.016049e-03 2.928558e-04
2.045019e-01 7.528998e-04 2.931101e-04
2.047727e-01 1.572849e-03 2.927556e-04
2.050435e-01 1.688112e-03 2.940571e-04
2.053143e-01 1.376040e-03 2.945659e-04
2.055852e-01 1.301300e-03 2.910853e-04
2.058560e-01 6.870106e-04 2.904424e-04
2.061268e-01 1.055170e-03 2.930448e-04
2.063976e-01 1.174500e-03 2.897814e-04
2.066684e-01 1.428261e-03 2.887329e-04
2.069392e-01 1.233200e-03 2.891659e-04
2.072100e-01 1.948450e-03 2.932718e-04
2.074808e-01 1.545310e-03 2.947468e-04
2.077517e-01 1.496710e-03 2.935452e-04
2.080225e-01 2.011111e-03 2.930035e-04
2.082933e-01 1.413738e-03 2.912538e-04
2.085641e-01 2.507331e-03 2.940315e-04
2.088349e-01 2.012352e-03 2.936340e-04
2.091057e-01 2.720380e-03 2.976088e-04
2.093765e-01 2.541980e-03 2.918844e-04
2.096474e-01 2.321441e-03 2.941993e-04
2.099182e-01 2.271390e-03 2.936857e-04
2.101890e-01 1.930520e-03 2.899494e-04
2.104598e-01 2.007110e-03 2.912975e-04
2.107306e-01 1.963180e-03 2.904859e-04
2.110014e-01 1.192350e-03 2.881519e-04
2.112723e-01 1.580879e-03 2.907526e-04
2.115431e-01 1.333971e-03 2.916734e-04
2.118139e-01 1.630390e-03 2.941143e-04
2.120847e-01 1.529489e-03 2.907081e-04
2.123555e-01 2.087099e-03 2.938508e-04
2.126263e-01 2.187621e-03 2.906391e-04
2.128971e-01 1.967469e-03 2.942774e-04
2.131680e-01 2.066800e-03 2.946223e-04
2.134388e-01 2.078289e-03 2.976579e-04
2.137096e-01 1.945881e-03 2.896682e-04
2.139804e-01 2.193909e-03 2.917997e-04
2.142512e-01 2.287041e-03 2.926758e-04
2.145220e-01 2.398729e-03 2.943460e-04
2.147928e-01 2.174931e-03 2.939574e-04
2.150636e-01 2.491850e-03 2.944193e-04
2.153345e-01 1.994479e-03 2.946382e-04
2.156053e-01 2.269119e-03 2.991875e-04
2.158761e-01 2.495131e-03 2.962972e-04
2.161469e-01 2.211550e-03 2.923619e-04
2.164177e-01 2.436651e-03 2.934361e-04
2.166885e-01 2.865260e-03 2.942893e-04
2.169593e-01 2.225149e-03 2.940378e-04
2.172302e-01 2.942599e-03 2.976540e-04
2.175010e-01 1.806810e-03 2.930876e-04
2.177718e-01 1.995169e-03 2.935723e-04
2.180426e-01 2.157969e-03 2.952152e-04
2.183134e-01 2.204411e-03 2.905488e-04
2.185842e-01 1.956249e-03 2.925112e-04
2.188551e-01 2.629010e-03 2.899341e-04
2.191259e-01 2.141360e-03 2.921337e-04
2.193967e-01 2.392361e-03 2.899583e-04
2.196675e-01 2.170930e-03 2.882692e-04
2.199383e-01 1.885271e-03 2.892258e-04
2.202091e-01 2.061740e-03 2.904673e-04
2.204799e-01 2.394199e-03 2.888062e-04
2.207507e-01 1.875620e-03 2.892063e-04
2.210216e-01 1.832420e-03 2.892148e-04
2.212924e-01 2.709270e-03 2.922422e-04
2.215632e-01 1.351900e-03 2.870045e-04
2.218340e-01 2.555801e-03 2.896660e-04
2.221048e-01 1.762139e-03 2.883362e-04
2.223756e-01 1.875840e-03 2.850635e-04
2.226464e-01 1.973541e-03 2.885352e-04
2.229173e-01 1.975950e-03 2.863857e-04
2.231881e-01 1.759320e-03 2.851073e-04
2.234589e-01 1.988919e-03 2.886372e-04
2.237297e-01 1.740230e-03 2.844520e-04
2.240005e-01 2.224829e-03 2.877216e-04
2.242713e-01 2.538040e-03 2.884777e-04
2.245422e-01 2.869910e-03 2.906384e-04
2.248130e-01 2.553789e-03 2.882802e-04
2.250838e-01 2.605451e-03 2.847009e-04
2.253546e-01 3.031800e-03 2.896317e-04
2.256254e-01 2.791859e-03 2.905933e-04
2.258962e-01 3.415169e-03 2.904137e-04
2.261670e-01 2.664842e-03 3.036931e-04
2.264379e-01 2.485380e-03 3.082178e-04
2.267087e-01 3.254401e-03 3.112885e-04
2.269795e-01 3.362330e-03 3.162892e-04
2.272503e-01 3.217330e-03 3.228576e-04
2.275211e-01 3.572069e-03 3.232334e-04
2.277919e-01 3.582010e-03 3.266472e-04
2.280627e-01 3.283981e-03 3.332254e-04
2.283335e-01 3.453830e-03 3.338546e-04
2.286044e-01 4.454639e-03 3.413865e-04
2.288752e-01 4.562600e-03 3.480732e-04
2.291460e-01 5.108090e-03 3.493391e-04
2.294168e-01 4.867502e-03 3.489206e-04
2.296876e-01 4.651539e-03 3.539286e-04
2.299584e-01 4.023099e-03 3.540055e-04
2.302293e-01 4.322080e-03 3.597701e-04
2.305001e-01 5.167032e-03 3.642295e-04
2.307709e-01 4.975470e-03 3.673457e-04
2.310417e-01 4.592359e-03 3.685733e-04
2.313125e-01 6.061289e-03 3.765605e-04
2.315833e-01 4.654421e-03 3.781166e-04
2.318541e-01 5.643060e-03 3.876603e-04
2.321250e-01 5.480949e-03 3.840704e-04
2.323958e-01 6.421382e-03 3.927438e-04
2.326666e-01 5.841730e-03 3.909584e-04
2.329374e-01 6.437652e-03 4.056175e-04
2.332082e-01 5.926829e-03 3.971438e-04
2.334790e-01 5.560860e-03 4.041225e-04
2.337498e-01 5.963231e-03 4.123447e-04
2.340207e-01 6.695731e-03 4.136850e-04
2.342915e-01 6.484661e-03 4.166412e-04
2.345623e-01 6.468700e-03 4.204383e-04
2.348331e-01 6.832700e-03 4.219335e-04
2.351039e-01 6.175080e-03 4.290197e-04
2.353747e-01 5.851768e-03 4.261850e-04
2.356455e-01 6.442210e-03 4.348155e-04
2.359163e-01 7.063128e-03 4.405108e-04
2.361872e-01 6.251199e-03 4.409247e-04
2.364580e-01 7.119192e-03 4.541963e-04
2.367288e-01 7.794790e-03 4.509977e-04
2.369996e-01 7.664980e-03 4.570602e-04
2.372704e-01 6.415371e-03 4.592652e-04
2.375412e-01 6.772032e-03 4.643173e-04
2.378121e-01 7.603200e-03 4.723603e-04
2.380829e-01 6.749900e-03 4.618356e-04
2.383537e-01 7.480670e-03 4.802976e-04
2.386245e-01 7.227801e-03 4.853531e-04
2.388953e-01 6.131930e-03 4.769614e-04
2.391661e-01 8.005740e-03 4.913104e-04
2.394369e-01 6.750001e-03 4.941323e-04
2.397078e-01 5.967310e-03 4.859342e-04
2.399786e-01 5.851578e-03 4.878807e-04
2.402494e-01 6.700361e-03 5.028147e-04
2.405202e-01 6.357070e-03 5.091201e-04
2.407910e-01 6.946640e-03 5.181072e-04
2.410618e-01 5.811211e-03 5.151343e-04
2.413326e-01 6.742669e-03 5.226499e-04
2.416034e-01 5.996490e-03 5.300171e-04
2.418743e-01 6.201850e-03 5.304870e-04
2.421451e-01 6.388349e-03 5.403666e-04
2.424159e-01 7.116130e-03 5.590556e-04
2.426867e-01 6.079840e-03 5.519531e-04
2.429575e-01 5.730839e-03 5.566312e-04
2.432283e-01 6.290730e-03 5.737286e-04
2.434992e-01 5.984729e-03 5.614515e-04
2.437700e-01 6.037211e-03 5.706983e-04
2.440408e-01 5.279411e-03 5.805479e-04
2.443116e-01 5.889881e-03 6.002087e-04
2.445824e-01 4.742710e-03 5.943650e-04
2.448532e-01 6.431840e-03 5.987395e-04
2.451240e-01 5.217079e-03 6.176165e-04
2.453949e-01 5.292682e-03 6.295443e-04
2.456657e-01 5.049478e-03 6.250283e-04
2.459365e-01 4.724819e-03 6.345689e-04
2.462073e-01 4.747892e-03 6.399701e-04
2.464781e-01 5.608581e-03 6.643196e-04
2.467489e-01 5.794952e-03 6.623429e-04
2.470197e-01 4.942901e-03 6.745318e-04
2.472906e-01 5.349819e-03 6.789460e-04
2.475614e-01 3.797440e-03 6.944248e-04
2.478322e-01 4.243871e-03 7.209933e-04
2.481030e-01 4.377320e-03 6.900501e-04
2.483738e-01 3.890902e-03 7.087060e-04
2.486446e-01 2.942350e-03 7.449485e-04
2.489154e-01 4.078250e-03 7.840575e-04
2.491863e-01 4.066840e-03 7.546093e-04
2.494571e-01 3.603891e-03 7.965282e-04
2.497279e-01 2.396151e-03 8.052139e-04
2.499987e-01 2.868410e-03 8.460254e-04
2.502695e-01 4.067911e-03 8.423346e-04
2.505403e-01 3.408112e-03 8.532857e-04
2.508111e-01 3.107490e-03 8.656684e-04
2.510819e-01 2.772920e-03 9.145548e-04
2.513528e-01 2.771731e-03 9.026257e-04
2.516236e-01 3.956418e-03 9.494255e-04
2.518944e-01 3.678920e-03 9.884418e-04
2.521652e-01 1.542799e-03 1.043258e-03
2.524360e-01 3.777800e-03 1.103026e-03
2.527068e-01 4.507799e-03 1.058568e-03
2.529776e-01 1.351859e-03 1.108181e-03
2.532485e-01 6.780028e-06 1.129816e-03
2.535193e-01 -1.806021e-05 1.123819e-03
2.537901e-01 1.556670e-03 1.176379e-03
2.540609e-01 1.803851e-03 1.178411e-03
2.543317e-01 -3.977809e-04 1.225225e-03
2.546025e-01 1.610029e-03 1.268114e-03
2.548733e-01 9.970292e-04 1.281010e-03
2.551441e-01 1.623660e-03 1.330283e-03
2.554150e-01 1.184100e-03 1.457817e-03
2.556858e-01 2.370391e-03 1.480371e-03
2.559566e-01 2.422290e-03 1.579598e-03
2.562274e-01 -5.510077e-05 1.756619e-03
2.564982e-01 1.922697e-04 1.745984e-03
2.567690e-01 2.358370e-03 2.198970e-03
2.570398e-01 4.800893e-04 2.318691e-03
2.573107e-01 6.324250e-03 2.371062e-03
2.575815e-01 3.348699e-03 2.964443e-03
2.578523e-01 4.393619e-03 4.228939e-03
2.581231e-01 3.798870e-03 7.841683e-03
