3.286826e-03 3.539321e+00 0.000000e+00
3.557641e-03 4.456603e+00 9.900583e-02
3.828455e-03 4.545972e+00 5.915632e-02
4.099269e-03 4.431501e+00 4.461071e-02
4.370084e-03 4.349328e+00 3.292368e-02
4.640898e-03 4.307096e+00 2.574091e-02
4.911712e-03 4.178990e+00 2.164691e-02
5.182527e-03 4.053783e+00 1.772951e-02
5.453341e-03 3.979431e+00 1.643261e-02
5.724155e-03 3.887470e+00 1.340666e-02
5.994970e-03 3.795850e+00 1.213846e-02
6.265784e-03 3.694309e+00 1.103286e-02
6.536598e-03 3.570006e+00 9.706556e-03
6.807412e-03 3.461204e+00 9.268214e-03
7.078227e-03 3.336910e+00 8.643587e-03
7.349041e-03 3.237911e+00 7.770200e-03
7.619855e-03 3.121755e+00 7.425295e-03
7.890671e-03 3.001661e+00 6.740343e-03
8.161485e-03 2.891109e+00 6.623866e-03
8.432299e-03 2.763692e+00 6.213138e-03
8.703114e-03 2.668661e+00 5.830488e-03
8.973928e-03 2.554140e+00 5.467213e-03
9.244742e-03 2.439249e+00 5.339201e-03
9.515557e-03 2.323299e+00 5.045109e-03
9.786371e-03 2.221790e+00 4.748696e-03
1.005718e-02 2.114857e+00 4.563713e-03
1.032800e-02 2.006492e+00 4.411325e-03
1.059881e-02 1.905629e+00 4.202363e-03
1.086963e-02 1.803020e+00 3.910157e-03
1.114044e-02 1.692627e+00 3.794786e-03
1.141126e-02 1.604893e+00 3.674467e-03
1.168207e-02 1.509953e+00 3.447614e-03
1.195289e-02 1.429727e+00 3.305458e-03
1.222370e-02 1.328581e+00 3.156454e-03
1.249451e-02 1.247235e+00 3.012647e-03
1.276533e-02 1.165991e+00 2.852324e-03
1.303614e-02 1.088333e+00 2.687451e-03
1.330696e-02 1.017300e+00 2.546513e-03
1.357777e-02 9.407713e-01 2.472392e-03
1.384859e-02 8.710665e-01 2.369517e-03
1.411940e-02 8.079249e-01 2.220261e-03
1.439021e-02 7.476374e-01 2.015084e-03
1.466103e-02 6.876020e-01 1.991208e-03
1.493184e-02 6.322619e-01 1.885716e-03
1.520266e-02 5.806421e-01 1.821380e-03
1.547347e-02 5.288580e-01 1.686626e-03
1.574429e-02 4.862458e-01 1.613511e-03
1.601510e-02 4.435632e-01 1.536702e-03
1.628591e-02 4.046397e-01 1.471553e-03
1.655673e-02 3.646227e-01 1.377548e-03
1.682754e-02 3.290978e-01 1.303201e-03
1.709836e-02 2.971012e-01 1.227094e-03
1.736917e-02 2.658307e-01 1.181282e-03
1.763999e-02 2.381148e-01 1.119854e-03
1.791080e-02 2.118246e-01 1.039262e-03
1.818161e-02 1.892865e-01 1.001696e-03
1.845243e-02 1.697210e-01 9.776046e-04
1.872324e-02 1.494294e-01 9.121171e-04
1.899406e-02 1.339676e-01 8.857670e-04
1.926487e-02 1.159430e-01 8.483935e-04
1.953569e-02 1.025481e-01 8.052888e-04
1.980650e-02 8.973740e-02 7.871000e-04
2.007731e-02 7.875676e-02 7.414056e-04
2.034813e-02 6.945819e-02 7.241136e-04
2.061894e-02 6.015174e-02 6.921802e-04
2.088976e-02 5.237318e-02 6.615358e-04
2.116057e-02 4.559315e-02 6.413581e-04
2.143139e-02 4.031475e-02 6.269445e-04
2.170220e-02 3.631180e-02 6.164440e-04
2.197302e-02 3.091796e-02 5.924538e-04
2.224383e-02 2.833457e-02 5.693817e-04
2.251465e-02 2.530964e-02 5.470540e-04
2.278546e-02 2.404811e-02 5.409592e-04
2.305627e-02 2.219973e-02 5.296636e-04
2.332709e-02 2.061959e-02 5.144392e-04
2.359790e-02 2.051912e-02 5.045629e-04
2.386872e-02 1.836672e-02 4.971549e-04
2.413953e-02 1.874737e-02 4.900001e-04
2.441034e-02 1.839480e-02 4.849338e-04
2.468116e-02 1.763224e-02 4.746042e-04
2.495197e-02 1.884228e-02 4.719870e-04
2.522279e-02 1.874865e-02 4.733633e-04
2.549360e-02 1.885551e-02 4.614717e-04
2.576442e-02 2.044783e-02 4.622995e-04
2.603523e-02 2.063654e-02 4.600483e-04
2.630604e-02 2.045401e-02 4.565717e-04
2.657686e-02 2.165590e-02 4.584591e-04
2.684767e-02 2.189222e-02 4.531433e-04
2.711849e-02 2.259659e-02 4.497911e-04
2.738930e-02 2.315694e-02 4.468244e-04
2.766012e-02 2.230140e-02 4.383925e-04
2.793093e-02 2.403395e-02 4.404270e-04
2.820175e-02 2.439282e-02 4.301456e-04
2.847256e-02 2.394776e-02 4.306861e-04
2.874337e-02 2.398746e-02 4.334204e-04
2.901419e-02 2.409759e-02 4.214291e-04
2.928500e-02 2.379515e-02 4.123507e-04
2.955582e-02 2.381747e-02 4.178312e-04
2.982663e-02 2.402326e-02 4.143471e-04
3.009745e-02 2.309714e-02 4.055720e-04
3.036826e-02 2.338649e-02 4.050913e-04
3.063907e-02 2.203681e-02 4.005486e-04
3.090989e-02 2.204995e-02 3.980834e-04
3.118070e-02 2.117157e-02 3.953680e-04
3.145152e-02 2.072764e-02 3.936146e-04
3.172233e-02 1.945422e-02 3.879253e-04
3.199315e-02 1.978378e-02 3.810526e-04
3.226396e-02 1.900993e-02 3.796755e-04
3.253478e-02 1.794211e-02 3.771737e-04
3.280559e-02 1.747308e-02 3.743868e-04
3.307641e-02 1.596771e-02 3.630068e-04
3.334722e-02 1.572623e-02 3.654703e-04
3.361803e-02 1.509469e-02 3.664924e-04
3.388885e-02 1.407808e-02 3.576992e-04
3.415966e-02 1.409309e-02 3.630192e-04
3.443048e-02 1.313514e-02 3.513130e-04
3.470129e-02 1.254705e-02 3.481882e-04
3.497211e-02 1.193206e-02 3.487977e-04
3.524292e-02 1.169998e-02 3.403515e-04
3.551374e-02 1.138625e-02 3.420355e-04
3.578455e-02 1.019267e-02 3.339184e-04
3.605536e-02 9.880140e-03 3.301457e-04
3.632618e-02 9.464610e-03 3.310455e-04
3.659699e-02 8.471519e-03 3.259193e-04
3.686780e-02 8.060481e-03 3.233508e-04
3.713862e-02 8.355070e-03 3.215989e-04
3.740944e-02 6.991059e-03 3.155723e-04
3.768025e-02 7.035341e-03 3.135069e-04
3.795106e-02 6.769460e-03 3.095453e-04
3.822188e-02 6.685361e-03 3.124257e-04
3.849269e-02 6.097142e-03 3.047678e-04
3.876351e-02 5.398139e-03 3.078807e-04
3.903432e-02 5.125001e-03 3.009466e-04
3.930514e-02 5.675189e-03 3.025989e-04
3.957595e-02 4.577491e-03 3.002712e-04
3.984676e-02 5.186159e-03 2.979835e-04
4.011758e-02 4.949089e-03 2.971277e-04
4.038839e-02 4.690841e-03 2.975904e-04
4.065921e-02 3.993779e-03 2.955112e-04
4.093002e-02 4.350141e-03 2.960122e-04
4.120084e-02 4.412249e-03 2.895112e-04
4.147165e-02 4.599139e-03 2.899898e-04
4.174246e-02 4.293002e-03 2.892305e-04
4.201328e-02 4.545979e-03 2.857130e-04
4.228409e-02 3.944177e-03 2.878010e-04
4.255491e-02 4.337270e-03 2.824955e-04
4.282572e-02 3.563743e-03 2.844663e-04
4.309653e-02 3.308482e-03 2.799470e-04
4.336735e-02 3.235158e-03 2.808014e-04
4.363817e-02 4.151771e-03 2.801099e-04
4.390898e-02 3.709689e-03 2.808648e-04
4.417979e-02 2.960511e-03 2.777337e-04
4.445061e-02 3.363721e-03 2.753673e-04
4.472142e-02 3.648521e-03 2.758957e-04
4.499224e-02 3.606971e-03 2.775877e-04
4.526305e-02 2.952740e-03 2.739272e-04
4.553387e-02 3.403030e-03 2.710212e-04
4.580468e-02 3.676848e-03 2.723387e-04
4.607549e-02 3.462829e-03 2.728190e-04
4.634631e-02 3.248900e-03 2.696651e-04
4.661712e-02 3.238210e-03 2.696740e-04
4.688794e-02 3.560651e-03 2.686973e-04
4.715875e-02 3.123220e-03 2.652370e-04
4.742957e-02 3.527012e-03 2.633374e-04
4.770038e-02 3.305960e-03 2.622970e-04
4.797119e-02 3.793642e-03 2.640168e-04
4.824201e-02 3.288610e-03 2.630094e-04
4.851282e-02 3.062740e-03 2.609147e-04
4.878364e-02 3.121221e-03 2.585318e-04
4.905445e-02 3.167739e-03 2.574623e-04
4.932526e-02 3.092300e-03 2.599602e-04
4.959608e-02 2.951281e-03 2.558813e-04
4.986690e-02 3.142308e-03 2.573221e-04
5.013771e-02 2.747890e-03 2.554863e-04
5.040852e-02 2.320472e-03 2.532493e-04
5.067934e-02 2.713120e-03 2.546020e-04
5.095015e-02 3.052840e-03 2.509081e-04
5.122096e-02 2.475992e-03 2.535872e-04
5.149178e-02 2.038348e-03 2.519693e-04
5.176260e-02 3.179679e-03 2.493469e-04
5.203341e-02 2.880022e-03 2.497961e-04
5.230422e-02 2.578110e-03 2.478835e-04
5.257504e-02 2.477210e-03 2.479116e-04
5.284585e-02 2.028748e-03 2.452886e-04
5.311667e-02 2.276620e-03 2.462041e-04
5.338748e-02 2.275988e-03 2.503445e-04
5.365830e-02 2.520999e-03 2.466325e-04
5.392911e-02 2.256330e-03 2.495860e-04
5.419992e-02 2.138192e-03 2.488262e-04
5.447074e-02 2.299711e-03 2.497065e-04
5.474155e-02 1.813399e-03 2.514871e-04
5.501237e-02 2.156418e-03 2.556195e-04
5.528318e-02 2.138920e-03 2.582200e-04
5.555400e-02 1.788180e-03 2.607158e-04
5.582481e-02 1.710821e-03 2.592892e-04
5.609563e-02 2.144393e-03 2.600297e-04
5.636644e-02 1.674492e-03 2.623937e-04
5.663725e-02 2.150211e-03 2.647235e-04
5.690807e-02 1.540231e-03 2.653213e-04
5.717888e-02 1.490142e-03 2.628512e-04
5.744969e-02 1.571881e-03 2.641410e-04
5.772051e-02 1.407709e-03 2.658567e-04
5.799133e-02 1.273120e-03 2.650964e-04
5.826214e-02 1.540331e-03 2.679375e-04
5.853295e-02 1.746150e-03 2.660327e-04
5.880377e-02 1.375148e-03 2.636257e-04
5.907458e-02 1.415510e-03 2.663687e-04
5.934540e-02 1.594940e-03 2.641806e-04
5.961621e-02 1.945909e-03 2.666050e-04
5.988703e-02 1.132902e-03 2.689605e-04
6.015784e-02 1.832658e-03 2.704465e-04
6.042865e-02 1.371929e-03 2.671621e-04
6.069947e-02 9.519886e-04 2.616656e-04
6.097028e-02 1.531580e-03 2.631527e-04
6.124110e-02 9.850990e-04 2.589558e-04
6.151191e-02 1.782509e-03 2.595024e-04
6.178273e-02 1.484759e-03 2.609821e-04
6.205354e-02 1.221510e-03 2.563951e-04
6.232436e-02 1.175659e-03 2.570180e-04
6.259517e-02 1.295500e-03 2.545638e-04
6.286598e-02 1.737060e-03 2.537887e-04
6.313679e-02 1.327399e-03 2.582214e-04
6.340761e-02 1.474749e-03 2.515529e-04
6.367842e-02 1.364060e-03 2.521560e-04
6.394923e-02 9.397399e-04 2.504284e-04
6.422005e-02 1.423389e-03 2.511715e-04
6.449086e-02 7.117316e-04 2.526002e-04
6.476168e-02 1.256499e-03 2.484066e-04
6.503250e-02 1.434011e-03 2.536737e-04
6.530331e-02 1.133550e-03 2.515233e-04
6.557412e-02 1.301231e-03 2.497347e-04
6.584494e-02 9.439401e-04 2.502429e-04
6.611575e-02 1.057670e-03 2.490098e-04
6.638657e-02 1.090320e-03 2.500546e-04
6.665738e-02 1.129730e-03 2.458848e-04
6.692819e-02 1.164060e-03 2.478498e-04
6.719901e-02 1.344541e-03 2.465417e-04
6.746982e-02 7.343087e-04 2.486233e-04
6.774063e-02 1.335230e-03 2.474898e-04
6.801146e-02 7.793810e-04 2.436355e-04
6.828227e-02 1.147941e-03 2.457187e-04
6.855308e-02 1.319280e-03 2.457483e-04
6.882390e-02 1.183549e-03 2.443678e-04
6.909471e-02 6.533302e-04 2.457505e-04
6.936552e-02 9.480212e-04 2.435840e-04
6.963634e-02 1.230219e-03 2.443007e-04
6.990715e-02 1.336990e-03 2.450851e-04
7.017796e-02 1.267191e-03 2.394751e-04
7.044878e-02 1.421271e-03 2.403932e-04
7.071959e-02 8.041393e-04 2.427543e-04
7.099041e-02 8.383393e-04 2.418607e-04
7.126123e-02 7.244702e-04 2.385995e-04
7.153204e-02 9.214096e-04 2.375893e-04
7.180285e-02 5.789883e-04 2.394995e-04
7.207367e-02 8.709002e-04 2.411554e-04
7.234448e-02 9.225104e-04 2.402664e-04
7.261530e-02 6.299298e-04 2.395932e-04
7.288611e-02 8.807201e-04 2.376486e-04
7.315692e-02 4.948117e-04 2.390804e-04
7.342774e-02 9.236597e-04 2.376093e-04
7.369855e-02 7.817987e-04 2.389394e-04
7.396936e-02 8.270591e-04 2.377194e-04
7.424019e-02 7.909406e-04 2.365244e-04
7.451100e-02 8.531008e-04 2.362214e-04
7.478181e-02 1.471650e-03 2.372709e-04
7.505263e-02 6.545801e-04 2.347200e-04
7.532344e-02 1.088278e-03 2.390333e-04
7.559425e-02 1.100389e-03 2.336868e-04
7.586507e-02 8.049794e-04 2.353361e-04
7.613588e-02 7.974803e-04 2.343639e-04
7.640669e-02 2.454203e-04 2.344510e-04
7.667751e-02 6.915797e-04 2.358236e-04
7.694832e-02 7.652901e-04 2.322390e-04
7.721914e-02 1.030032e-03 2.349120e-04
7.748996e-02 8.886401e-04 2.338715e-04
7.776077e-02 8.285902e-04 2.313953e-04
7.803158e-02 5.980004e-04 2.329486e-04
7.830240e-02 4.294384e-04 2.305571e-04
7.857321e-02 6.574392e-04 2.304485e-04
7.884403e-02 9.116884e-04 2.314869e-04
7.911484e-02 8.991417e-04 2.299734e-04
7.938565e-02 6.813183e-04 2.326269e-04
7.965647e-02 6.983001e-04 2.284349e-04
7.992728e-02 8.568186e-04 2.299778e-04
8.019809e-02 2.767891e-04 2.291156e-04
8.046892e-02 2.755802e-04 2.266637e-04
8.073973e-02 8.419305e-04 2.286417e-04
8.101054e-02 4.128814e-04 2.275468e-04
8.128136e-02 1.101451e-03 2.274039e-04
8.155217e-02 1.017610e-03 2.275329e-04
8.182298e-02 7.056389e-04 2.274969e-04
8.209380e-02 3.121104e-04 2.252342e-04
8.236461e-02 9.179991e-04 2.284769e-04
8.263543e-02 5.152300e-04 2.258614e-04
8.290624e-02 2.718903e-04 2.269634e-04
8.317705e-02 2.684202e-04 2.251812e-04
8.344787e-02 2.113506e-04 2.253145e-04
8.371869e-02 5.892795e-04 2.262260e-04
8.398950e-02 6.372202e-04 2.243686e-04
8.426031e-02 5.208701e-04 2.248367e-04
8.453113e-02 7.263497e-04 2.227089e-04
8.480194e-02 7.971004e-05 2.250851e-04
8.507276e-02 6.831791e-04 2.244136e-04
8.534357e-02 5.731490e-04 2.239105e-04
8.561438e-02 8.889399e-04 2.225050e-04
8.588520e-02 3.915299e-04 2.220345e-04
8.615601e-02 7.002503e-04 2.212414e-04
8.642682e-02 4.731007e-04 2.222980e-04
8.669765e-02 3.033206e-04 2.191553e-04
8.696846e-02 3.369208e-04 2.205888e-04
8.723927e-02 7.290989e-04 2.207871e-04
8.751009e-02 5.761497e-04 2.202942e-04
8.778090e-02 8.242391e-04 2.185093e-04
8.805171e-02 -3.722869e-05 2.206548e-04
8.832253e-02 4.248992e-04 2.198654e-04
8.859334e-02 3.303308e-04 2.195043e-04
8.886416e-02 1.080316e-04 2.179665e-04
8.913497e-02 4.617199e-04 2.181896e-04
8.940578e-02 5.568303e-04 2.187619e-04
8.967660e-02 7.690415e-04 2.186598e-04
8.994742e-02 5.798396e-04 2.194965e-04
9.021823e-02 6.920900e-04 2.183673e-04
9.048904e-02 6.243400e-04 2.183908e-04
9.075986e-02 -1.209490e-04 2.168262e-04
9.103067e-02 9.016711e-04 2.169705e-04
9.130149e-02 7.234495e-04 2.165304e-04
9.157230e-02 4.104208e-04 2.157057e-04
9.184311e-02 1.128480e-03 2.195361e-04
9.211393e-02 5.524307e-04 2.143593e-04
9.238474e-02 4.989393e-04 2.151509e-04
9.265555e-02 9.997208e-04 2.175516e-04
9.292637e-02 8.711293e-04 2.142229e-04
9.319719e-02 3.366303e-04 2.154415e-04
9.346800e-02 5.649794e-04 2.133166e-04
9.373882e-02 4.502609e-04 2.160858e-04
9.400963e-02 9.693950e-05 2.144807e-04
9.428044e-02 7.319711e-04 2.156976e-04
9.455126e-02 5.116202e-04 2.134489e-04
9.482207e-02 3.171004e-04 2.128278e-04
9.509289e-02 3.178809e-04 2.139311e-04
9.536370e-02 1.685601e-04 2.140938e-04
9.563451e-02 4.995111e-04 2.110866e-04
9.590533e-02 4.637092e-04 2.133256e-04
9.617615e-02 4.936513e-04 2.104060e-04
9.644696e-02 3.436115e-04 2.106778e-04
9.671777e-02 5.136393e-04 2.106232e-04
9.698859e-02 3.281515e-04 2.081526e-04
9.725940e-02 5.352907e-04 2.109098e-04
9.753022e-02 6.006900e-04 2.100217e-04
9.780103e-02 4.686508e-04 2.111669e-04
9.807184e-02 2.276190e-04 2.094825e-04
9.834266e-02 2.710801e-04 2.083502e-04
9.861347e-02 5.279407e-04 2.100290e-04
9.888428e-02 3.016293e-04 2.081700e-04
9.915510e-02 5.744956e-05 2.084430e-04
9.942592e-02 8.897688e-04 2.077991e-04
9.969673e-02 9.120889e-04 2.087430e-04
9.996755e-02 6.282385e-04 2.085685e-04
1.002384e-01 3.439002e-05 2.068280e-04
1.005092e-01 5.715005e-04 2.085839e-04
1.007800e-01 2.660286e-04 2.082345e-04
1.010508e-01 8.478202e-04 2.087698e-04
1.013216e-01 3.428105e-04 2.062133e-04
1.015924e-01 7.312708e-04 2.068426e-04
1.018632e-01 1.530498e-04 2.070230e-04
1.021341e-01 4.296806e-04 2.057788e-04
1.024049e-01 3.571492e-04 2.071065e-04
1.026757e-01 -1.246091e-04 2.059684e-04
1.029465e-01 1.912396e-04 2.055767e-04
1.032173e-01 8.323099e-04 2.062289e-04
1.034881e-01 1.294017e-04 2.039933e-04
1.037589e-01 -1.418963e-05 2.034828e-04
1.040298e-01 4.726108e-04 2.033314e-04
1.043006e-01 2.660695e-04 2.043763e-04
1.045714e-01 -2.534203e-04 2.029276e-04
1.048422e-01 2.938602e-04 2.044007e-04
1.051130e-01 2.232790e-04 2.051366e-04
1.053838e-01 6.782077e-05 2.044450e-04
1.056546e-01 3.948100e-04 2.031766e-04
1.059255e-01 1.718588e-04 2.025722e-04
1.061963e-01 5.608387e-04 2.034018e-04
1.064671e-01 4.287008e-04 2.025823e-04
1.067379e-01 1.877099e-04 2.021315e-04
1.070087e-01 -5.470961e-05 2.028082e-04
1.072795e-01 2.898909e-04 2.022657e-04
1.075503e-01 6.585885e-04 2.025931e-04
1.078212e-01 4.543401e-04 2.034423e-04
1.080920e-01 1.962706e-04 2.008254e-04
1.083628e-01 2.613608e-04 2.023152e-04
1.086336e-01 1.920294e-04 1.996822e-04
1.089044e-01 4.046783e-04 2.013394e-04
1.091752e-01 2.289396e-04 2.011312e-04
1.094460e-01 5.170889e-05 1.991244e-04
1.097169e-01 8.452125e-05 1.992041e-04
1.099877e-01 4.404299e-04 2.002989e-04
1.102585e-01 -3.170222e-06 2.003191e-04
1.105293e-01 1.420304e-04 2.031069e-04
1.108001e-01 2.656803e-04 2.058600e-04
1.110709e-01 1.483094e-04 2.068419e-04
1.113417e-01 -2.950709e-04 2.042963e-04
1.116126e-01 3.234297e-04 2.076473e-04
1.118834e-01 4.091393e-04 2.080293e-04
1.121542e-01 1.316089e-04 2.077198e-04
1.124250e-01 1.217406e-04 2.092982e-04
1.126958e-01 -5.246885e-05 2.097002e-04
1.129666e-01 4.041307e-04 2.126713e-04
1.132374e-01 2.998710e-04 2.159809e-04
1.135083e-01 4.421100e-04 2.177834e-04
1.137791e-01 5.809031e-05 2.187288e-04
1.140499e-01 2.136994e-04 2.177554e-04
1.143207e-01 1.532491e-04 2.215375e-04
1.145915e-01 5.257595e-04 2.237706e-04
1.148623e-01 -8.996576e-07 2.241492e-04
1.151332e-01 5.885288e-04 2.236951e-04
1.154040e-01 5.581044e-05 2.268310e-04
1.156748e-01 -3.455784e-04 2.278838e-04
1.159456e-01 -2.357922e-05 2.276755e-04
1.162164e-01 -1.403503e-04 2.277519e-04
1.164872e-01 5.523600e-04 2.287616e-04
1.167580e-01 -5.649105e-04 2.335579e-04
1.170288e-01 5.661696e-04 2.338620e-04
1.172997e-01 -8.224882e-05 2.326459e-04
1.175705e-01 3.843401e-04 2.341955e-04
1.178413e-01 -2.342705e-04 2.357050e-04
1.181121e-01 -3.279392e-04 2.330998e-04
1.183829e-01 5.949214e-04 2.282439e-04
1.186537e-01 -2.727099e-04 2.297483e-04
1.189246e-01 3.489796e-04 2.282669e-04
1.191954e-01 1.938082e-05 2.266695e-04
1.194662e-01 -1.711994e-04 2.270242e-04
1.197370e-01 1.707859e-05 2.257052e-04
1.200078e-01 9.816587e-04 2.256948e-04
1.202786e-01 5.558897e-04 2.257975e-04
1.205494e-01 4.539508e-04 2.262320e-04
1.208202e-01 -3.486089e-04 2.243817e-04
1.210911e-01 -1.787096e-04 2.236532e-04
1.213619e-01 -6.187893e-05 2.262259e-04
1.216327e-01 4.864801e-04 2.245883e-04
1.219035e-01 1.046099e-04 2.248027e-04
1.221743e-01 2.516061e-05 2.263470e-04
1.224451e-01 1.264587e-04 2.236573e-04
1.227160e-01 3.161002e-04 2.257777e-04
1.229868e-01 -2.552699e-04 2.236796e-04
1.232576e-01 5.016103e-05 2.249439e-04
1.235284e-01 8.452125e-05 2.270759e-04
1.237992e-01 -1.460295e-04 2.248929e-04
1.240700e-01 5.684979e-05 2.267943e-04
1.243408e-01 -2.218969e-05 2.244728e-04
1.246117e-01 -1.975186e-04 2.244898e-04
1.248825e-01 4.778057e-05 2.257105e-04
1.251533e-01 1.653787e-04 2.233739e-04
1.254241e-01 3.865398e-04 2.248515e-04
1.256949e-01 1.852997e-04 2.210319e-04
1.259657e-01 -1.822598e-04 2.205512e-04
1.262365e-01 4.066210e-04 2.216461e-04
1.265074e-01 -1.933184e-04 2.221622e-04
1.267782e-01 -1.198594e-04 2.225938e-04
1.270490e-01 1.073387e-04 2.193444e-04
1.273198e-01 -8.261949e-05 2.216826e-04
1.275906e-01 4.871935e-05 2.200282e-04
1.278614e-01 9.264052e-05 2.210107e-04
1.281322e-01 4.489999e-04 2.198501e-04
1.284031e-01 -1.286399e-04 2.195124e-04
1.286739e-01 3.061201e-04 2.210638e-04
1.289447e-01 -7.017888e-05 2.201951e-04
1.292155e-01 3.150888e-04 2.203454e-04
1.294863e-01 4.093014e-04 2.183636e-04
1.297571e-01 1.713596e-04 2.187066e-04
1.300279e-01 -1.507904e-04 2.187041e-04
1.302988e-01 1.148712e-04 2.182348e-04
1.305696e-01 1.156107e-04 2.175153e-04
1.308404e-01 2.548601e-04 2.171935e-04
1.311112e-01 -1.662597e-04 2.198936e-04
1.313820e-01 -1.787487e-04 2.175477e-04
1.316528e-01 -7.454120e-05 2.188432e-04
1.319236e-01 4.893802e-04 2.170763e-04
1.321945e-01 -7.026084e-05 2.179254e-04
1.324653e-01 -6.488152e-05 2.170123e-04
1.327361e-01 -1.762398e-04 2.159214e-04
1.330069e-01 5.011801e-04 2.201615e-04
1.332777e-01 -5.519949e-05 2.159272e-04
1.335485e-01 2.528895e-04 2.153625e-04
1.338193e-01 8.848123e-05 2.193728e-04
1.340902e-01 1.849048e-05 2.154187e-04
1.343610e-01 5.372055e-05 2.181169e-04
1.346318e-01 -1.177900e-04 2.139342e-04
1.349026e-01 2.749003e-04 2.144425e-04
1.351734e-01 2.105106e-04 2.179229e-04
1.354442e-01 2.156794e-04 2.157196e-04
1.357151e-01 -1.980197e-04 2.168911e-04
1.359859e-01 1.209714e-04 2.149376e-04
1.362567e-01 7.228926e-06 2.142667e-04
1.365275e-01 1.165904e-04 2.135604e-04
1.367983e-01 1.460202e-04 2.115543e-04
1.370691e-01 -8.076057e-05 2.166867e-04
1.373399e-01 1.972001e-04 2.199039e-04
1.376107e-01 3.265403e-04 2.205611e-04
1.378816e-01 3.238190e-04 2.245289e-04
1.381524e-01 1.959503e-04 2.214617e-04
1.384232e-01 -2.706703e-04 2.242047e-04
1.386940e-01 2.014209e-04 2.226580e-04
1.389648e-01 -7.652119e-05 2.282229e-04
1.392356e-01 3.577899e-04 2.287206e-04
1.395064e-01 7.254612e-04 2.298106e-04
1.397773e-01 2.653915e-04 2.288493e-04
1.400481e-01 2.979096e-04 2.286961e-04
1.403189e-01 2.962388e-04 2.318918e-04
1.405897e-01 3.828611e-04 2.318628e-04
1.408605e-01 1.904313e-04 2.334641e-04
1.411313e-01 1.440309e-04 2.349374e-04
1.414021e-01 -2.553873e-05 2.326470e-04
1.416730e-01 -3.732927e-05 2.362852e-04
1.419438e-01 1.836400e-04 2.356468e-04
1.422146e-01 6.479993e-04 2.368111e-04
1.424854e-01 -2.534799e-04 2.364432e-04
1.427562e-01 -3.177095e-04 2.345980e-04
1.430270e-01 -7.301010e-05 2.360902e-04
1.432979e-01 3.238022e-05 2.370452e-04
1.435687e-01 -1.846701e-04 2.391467e-04
1.438395e-01 -4.677102e-04 2.387797e-04
1.441103e-01 -2.192892e-05 2.400880e-04
1.443811e-01 1.182966e-05 2.410660e-04
1.446519e-01 2.124086e-04 2.405058e-04
1.449227e-01 3.845394e-04 2.432376e-04
1.451935e-01 -3.806893e-04 2.402955e-04
1.454644e-01 -2.024602e-04 2.431771e-04
1.457352e-01 2.714507e-04 2.448043e-04
1.460060e-01 1.268387e-04 2.444689e-04
1.462768e-01 9.731948e-05 2.463867e-04
1.465476e-01 -2.202503e-04 2.449107e-04
1.468184e-01 3.300216e-04 2.514011e-04
1.470892e-01 6.401166e-05 2.481747e-04
1.473601e-01 2.869386e-04 2.455154e-04
1.476309e-01 3.551692e-04 2.488811e-04
1.479017e-01 -4.013386e-04 2.444165e-04
1.481725e-01 2.684407e-04 2.491464e-04
1.484433e-01 4.392508e-04 2.451182e-04
1.487141e-01 -2.531204e-04 2.476780e-04
1.489850e-01 -2.355613e-04 2.440302e-04
1.492558e-01 2.231989e-04 2.452592e-04
1.495266e-01 -5.847402e-04 2.459175e-04
1.497974e-01 2.148692e-04 2.422120e-04
1.500682e-01 -1.785308e-04 2.469148e-04
1.503390e-01 -2.537407e-04 2.451149e-04
1.506098e-01 -8.782931e-05 2.445327e-04
1.508806e-01 -4.670024e-05 2.436075e-04
1.511515e-01 -3.644079e-05 2.431680e-04
1.514223e-01 -2.672151e-05 2.474336e-04
1.516931e-01 5.616993e-05 2.431205e-04
1.519639e-01 3.118310e-04 2.436402e-04
1.522347e-01 -4.816707e-04 2.449462e-04
1.525055e-01 1.501907e-04 2.430930e-04
1.527763e-01 -2.999045e-05 2.457133e-04
1.530472e-01 -1.694001e-04 2.455046e-04
1.533180e-01 1.140106e-04 2.466084e-04
1.535888e-01 6.142706e-04 2.467124e-04
1.538596e-01 2.159998e-04 2.468939e-04
1.541304e-01 9.878911e-05 2.483356e-04
1.544012e-01 2.457295e-04 2.454712e-04
1.546721e-01 -1.438409e-04 2.484309e-04
1.549429e-01 -1.239106e-04 2.473271e-04
1.552137e-01 -1.042914e-04 2.437144e-04
1.554845e-01 -3.983807e-04 2.450315e-04
1.557553e-01 -1.837704e-04 2.469394e-04
1.560261e-01 1.625698e-04 2.479256e-04
1.562969e-01 8.782931e-05 2.456119e-04
1.565678e-01 2.197605e-04 2.459155e-04
1.568386e-01 9.177066e-05 2.480373e-04
1.571094e-01 -2.058502e-04 2.490548e-04
1.573802e-01 2.433714e-04 2.473433e-04
1.576510e-01 5.725957e-05 2.449167e-04
1.579218e-01 -1.281090e-04 2.453956e-04
1.581926e-01 -1.766700e-04 2.466534e-04
1.584634e-01 4.747193e-04 2.463122e-04
1.587343e-01 2.801605e-04 2.449128e-04
1.590051e-01 1.331791e-06 2.459745e-04
1.592759e-01 -1.245085e-04 2.450068e-04
1.595467e-01 -2.250988e-04 2.471496e-04
1.598175e-01 5.694292e-04 2.450538e-04
1.600883e-01 5.084090e-05 2.469975e-04
1.603591e-01 2.822895e-04 2.444282e-04
1.606300e-01 4.695505e-04 2.448053e-04
1.609008e-01 1.024306e-04 2.430418e-04
1.611716e-01 -3.240090e-04 2.452230e-04
1.614424e-01 3.400072e-05 2.430817e-04
1.617132e-01 1.144968e-05 2.441811e-04
1.619840e-01 -2.600066e-05 2.429651e-04
1.622549e-01 2.003685e-04 2.430892e-04
1.625257e-01 -2.296083e-05 2.442138e-04
1.627965e-01 5.155001e-04 2.442149e-04
1.630673e-01 -4.477706e-04 2.448730e-04
1.633381e-01 1.054797e-04 2.431987e-04
1.636089e-01 -1.902301e-04 2.443241e-04
1.638797e-01 7.252954e-05 2.471025e-04
1.641506e-01 -9.017065e-05 2.447334e-04
1.644214e-01 2.793036e-05 2.437185e-04
1.646922e-01 1.174398e-04 2.431621e-04
1.649630e-01 3.902987e-05 2.427166e-04
1.652338e-01 1.026709e-04 2.445203e-04
1.655046e-01 7.769093e-06 2.423202e-04
1.657754e-01 -1.632385e-04 2.441836e-04
1.660462e-01 -7.954054e-05 2.448361e-04
1.663171e-01 -1.165792e-04 2.453808e-04
1.665879e-01 1.437496e-04 2.445208e-04
1.668587e-01 -3.155880e-05 2.441853e-04
1.671295e-01 -2.390202e-04 2.456610e-04
1.674003e-01 4.955307e-04 2.453468e-04
1.676711e-01 3.448129e-05 2.512984e-04
1.679420e-01 3.517047e-05 2.566750e-04
1.682128e-01 -2.442803e-04 2.588251e-04
1.684836e-01 1.296699e-04 2.636100e-04
1.687544e-01 3.149193e-04 2.640702e-04
1.690252e-01 3.915112e-04 2.672712e-04
1.692960e-01 1.805108e-04 2.668265e-04
1.695668e-01 5.308408e-04 2.733979e-04
1.698377e-01 4.286114e-04 2.718365e-04
1.701085e-01 1.711026e-05 2.760794e-04
1.703793e-01 1.517199e-04 2.796619e-04
1.706501e-01 -8.459948e-05 2.791589e-04
1.709209e-01 7.025152e-05 2.829902e-04
1.711917e-01 -1.351293e-04 2.828776e-04
1.714625e-01 2.106391e-04 2.862363e-04
1.717333e-01 3.012996e-04 2.887525e-04
1.720042e-01 2.606213e-04 2.900349e-04
1.722750e-01 -2.908893e-04 2.930126e-04
1.725458e-01 2.499502e-04 2.897984e-04
1.728166e-01 4.306994e-05 2.929856e-04
1.730874e-01 -7.638894e-05 2.953388e-04
1.733582e-01 6.540120e-05 2.978971e-04
1.736291e-01 -6.250106e-05 3.014882e-04
1.738999e-01 1.696907e-04 2.945127e-04
1.741707e-01 -1.686998e-04 3.064312e-04
1.744415e-01 -1.891199e-04 3.078774e-04
1.747123e-01 -1.397301e-04 3.096094e-04
1.749831e-01 5.927123e-05 2.965112e-04
1.752539e-01 2.813898e-04 2.898391e-04
1.755248e-01 -2.978090e-04 2.877091e-04
1.757956e-01 -5.786289e-04 2.817014e-04
1.760664e-01 -4.729293e-04 2.859916e-04
1.763372e-01 -1.796894e-04 2.830741e-04
1.766080e-01 4.972909e-04 2.852283e-04
1.768788e-01 -5.561914e-04 2.828994e-04
1.771496e-01 8.807145e-05 2.798200e-04
1.774205e-01 -4.769303e-04 2.790536e-04
1.776913e-01 1.291931e-05 2.765188e-04
1.779621e-01 -3.632717e-04 2.772174e-04
1.782329e-01 -4.544500e-04 2.780297e-04
1.785037e-01 3.034994e-05 2.716487e-04
1.787745e-01 -4.439596e-04 2.756329e-04
1.790453e-01 7.953122e-05 2.726530e-04
1.793161e-01 -4.464593e-04 2.719089e-04
1.795870e-01 9.309873e-05 2.704466e-04
1.798578e-01 -3.701597e-04 2.698421e-04
1.801286e-01 -3.712513e-04 2.702661e-04
1.803994e-01 2.504140e-05 2.665793e-04
1.806702e-01 -4.345793e-04 2.680679e-04
1.809410e-01 8.592010e-05 2.665773e-04
1.812119e-01 2.084803e-04 2.678291e-04
1.814827e-01 -4.084501e-04 2.677523e-04
1.817535e-01 2.670195e-04 2.660098e-04
1.820243e-01 3.630407e-04 2.666202e-04
1.822951e-01 3.271606e-04 2.670278e-04
1.825659e-01 -1.108199e-04 2.670862e-04
1.828367e-01 -2.419893e-04 2.666623e-04
1.831076e-01 1.135599e-04 2.626513e-04
1.833784e-01 3.621001e-04 2.685375e-04
1.836492e-01 -8.158013e-05 2.629952e-04
1.839200e-01 -2.924595e-04 2.642405e-04
1.841908e-01 -3.933702e-04 2.656164e-04
1.844616e-01 -2.657790e-04 2.647572e-04
1.847324e-01 -4.984997e-05 2.665444e-04
1.850033e-01 5.726889e-05 2.604214e-04
1.852741e-01 -3.442094e-04 2.635437e-04
1.855449e-01 -1.293905e-04 2.647415e-04
1.858157e-01 -8.149073e-05 2.654415e-04
1.860865e-01 -3.303699e-04 2.650483e-04
1.863573e-01 6.660819e-06 2.621607e-04
1.866281e-01 -2.213102e-04 2.637097e-04
1.868990e-01 -2.409797e-04 2.622296e-04
1.871698e-01 4.005991e-05 2.652542e-04
1.874406e-01 -6.379001e-05 2.658842e-04
1.877114e-01 -6.481912e-04 2.581922e-04
1.879822e-01 -3.535859e-05 2.641620e-04
1.882530e-01 -3.469493e-04 2.613741e-04
1.885238e-01 8.430332e-06 2.634186e-04
1.887947e-01 -3.170967e-05 2.636265e-04
1.890655e-01 -2.760701e-04 2.610041e-04
1.893363e-01 -2.087094e-05 2.621220e-04
1.896071e-01 -1.818873e-05 2.612334e-04
1.898779e-01 1.069158e-06 2.641781e-04
1.901487e-01 3.523510e-04 2.639514e-04
1.904195e-01 -9.647943e-05 2.613160e-04
1.906904e-01 3.888085e-04 2.643448e-04
1.909612e-01 1.104698e-04 2.618351e-04
1.912320e-01 3.585313e-04 2.632644e-04
1.915028e-01 4.204214e-04 2.610954e-04
1.917736e-01 -1.539402e-04 2.600537e-04
1.920444e-01 -7.911026e-05 2.615833e-04
1.923153e-01 -2.231505e-04 2.571423e-04
1.925861e-01 -1.191907e-05 2.624689e-04
1.928569e-01 -5.699713e-04 2.609272e-04
1.931277e-01 -1.161098e-04 2.614346e-04
1.933985e-01 1.945794e-04 2.597062e-04
1.936693e-01 1.637489e-04 2.608576e-04
1.939401e-01 3.191996e-04 2.615933e-04
1.942109e-01 -1.178794e-04 2.595318e-04
1.944818e-01 -3.115088e-05 2.621328e-04
1.947526e-01 -3.233906e-04 2.606419e-04
1.950234e-01 1.532026e-05 2.593718e-04
1.952942e-01 1.193602e-04 2.624169e-04
1.955650e-01 4.008710e-04 2.586876e-04
1.958358e-01 2.292600e-04 2.601766e-04
1.961066e-01 1.350995e-04 2.610375e-04
1.963775e-01 2.507698e-04 2.596939e-04
1.966483e-01 -1.002606e-04 2.610312e-04
1.969191e-01 -1.076199e-04 2.607235e-04
1.971899e-01 2.367496e-04 2.607693e-04
1.974607e-01 2.180208e-04 2.608294e-04
1.977315e-01 2.179705e-04 2.626420e-04
1.980023e-01 2.382305e-04 2.593807e-04
1.982732e-01 1.238007e-04 2.596033e-04
1.985440e-01 2.684388e-04 2.587587e-04
1.988148e-01 7.179007e-05 2.614007e-04
1.990856e-01 7.732958e-05 2.595393e-04
1.993564e-01 1.375806e-04 2.607767e-04
1.996272e-01 -7.135049e-05 2.603003e-04
1.998980e-01 1.302399e-04 2.591086e-04
2.001689e-01 2.765302e-04 2.565981e-04
2.004397e-01 -4.030950e-05 2.568848e-04
2.007105e-01 -3.025699e-04 2.569570e-04
2.009813e-01 -1.413003e-04 2.608178e-04
2.012521e-01 3.867298e-04 2.575747e-04
2.015229e-01 -5.014986e-05 2.585080e-04
2.017937e-01 1.947023e-05 2.598213e-04
2.020646e-01 -8.100644e-06 2.579773e-04
2.023354e-01 -2.543312e-04 2.567791e-04
2.026062e-01 2.574008e-04 2.574014e-04
2.028770e-01 -1.996513e-04 2.581472e-04
2.031478e-01 -3.602095e-04 2.558495e-04
2.034186e-01 4.130900e-04 2.578768e-04
2.036894e-01 -2.914593e-04 2.567522e-04
2.039603e-01 -1.025014e-05 2.568039e-04
2.042311e-01 3.530104e-04 2.583181e-04
2.045019e-01 1.165103e-04 2.554126e-04
2.047727e-01 -1.580827e-05 2.547085e-04
2.050435e-01 7.249974e-05 2.534949e-04
2.053143e-01 3.444795e-04 2.561331e-04
2.055852e-01 2.380088e-04 2.551232e-04
2.058560e-01 1.504589e-04 2.543537e-04
2.061268e-01 -2.749301e-04 2.526126e-04
2.063976e-01 -4.502013e-05 2.534975e-04
2.066684e-01 -2.488103e-04 2.518084e-04
2.069392e-01 1.159199e-04 2.506571e-04
2.072100e-01 1.182910e-04 2.533139e-04
2.074808e-01 -1.890995e-04 2.558508e-04
2.077517e-01 9.194948e-05 2.536602e-04
2.080225e-01 -6.442703e-04 2.523229e-04
2.082933e-01 -4.839804e-04 2.512052e-04
2.085641e-01 1.382194e-04 2.503247e-04
2.088349e-01 -2.524685e-04 2.558981e-04
2.091057e-01 -4.936010e-05 2.534949e-04
2.093765e-01 2.529696e-04 2.528519e-04
2.096474e-01 -1.139939e-05 2.539767e-04
2.099182e-01 3.229696e-04 2.557323e-04
2.101890e-01 -3.446080e-05 2.507441e-04
2.104598e-01 7.918850e-05 2.527660e-04
2.107306e-01 -6.431155e-05 2.514222e-04
2.110014e-01 2.541952e-05 2.529366e-04
2.112723e-01 4.289094e-04 2.544487e-04
2.115431e-01 -5.960893e-04 2.517501e-04
2.118139e-01 -8.043088e-05 2.520686e-04
2.120847e-01 -5.012006e-05 2.537376e-04
2.123555e-01 -5.576797e-04 2.540213e-04
2.126263e-01 -1.922101e-04 2.504208e-04
2.128971e-01 2.987292e-04 2.527899e-04
2.131680e-01 5.793944e-05 2.504484e-04
2.134388e-01 -4.447997e-05 2.528514e-04
2.137096e-01 3.359783e-04 2.523071e-04
2.139804e-01 2.635997e-04 2.527062e-04
2.142512e-01 -3.651511e-04 2.507091e-04
2.145220e-01 2.070703e-04 2.529756e-04
2.147928e-01 -2.851114e-04 2.517562e-04
2.150636e-01 -9.126961e-05 2.502754e-04
2.153345e-01 -1.775213e-04 2.530967e-04
2.156053e-01 1.765508e-04 2.513763e-04
2.158761e-01 -4.065037e-05 2.531015e-04
2.161469e-01 3.345497e-04 2.532777e-04
2.164177e-01 -1.313612e-04 2.525273e-04
2.166885e-01 -3.632903e-04 2.516002e-04
2.169593e-01 -1.005400e-04 2.524732e-04
2.172302e-01 -3.541503e-04 2.535207e-04
2.175010e-01 1.895055e-05 2.513181e-04
2.177718e-01 -6.902963e-05 2.518953e-04
2.180426e-01 2.983790e-04 2.525818e-04
2.183134e-01 -2.249405e-04 2.501222e-04
2.185842e-01 -2.656691e-04 2.517920e-04
2.188551e-01 2.193116e-04 2.522479e-04
2.191259e-01 1.448411e-04 2.515918e-04
2.193967e-01 -5.435944e-05 2.488820e-04
2.196675e-01 -4.692003e-05 2.503807e-04
2.199383e-01 -8.837879e-05 2.503713e-04
2.202091e-01 -3.002398e-04 2.493280e-04
2.204799e-01 1.528412e-04 2.501869e-04
2.207507e-01 -2.585910e-05 2.499682e-04
2.210216e-01 4.793890e-05 2.491760e-04
2.212924e-01 -2.295393e-04 2.484890e-04
2.215632e-01 2.054200e-04 2.497899e-04
2.218340e-01 7.870905e-04 2.496518e-04
2.221048e-01 -4.666112e-05 2.468506e-04
2.223756e-01 9.834953e-05 2.492411e-04
2.226464e-01 -2.179388e-04 2.486976e-04
2.229173e-01 -3.350899e-06 2.489371e-04
2.231881e-01 -2.929494e-04 2.472596e-04
2.234589e-01 -5.353205e-04 2.478452e-04
2.237297e-01 1.185499e-04 2.481171e-04
2.240005e-01 -1.611207e-04 2.450907e-04
2.242713e-01 -3.661104e-04 2.472479e-04
2.245422e-01 -3.397204e-04 2.468602e-04
2.248130e-01 -2.916809e-04 2.498219e-04
2.250838e-01 -5.657040e-05 2.467121e-04
2.253546e-01 -3.205016e-04 2.484014e-04
2.256254e-01 -5.986895e-04 2.465716e-04
2.258962e-01 -2.507493e-04 2.464346e-04
2.261670e-01 3.282204e-04 2.560117e-04
2.264379e-01 2.595503e-04 2.635407e-04
2.267087e-01 2.815947e-05 2.653926e-04
2.269795e-01 1.786891e-04 2.670948e-04
2.272503e-01 5.084593e-04 2.713578e-04
2.275211e-01 8.624978e-05 2.766594e-04
2.277919e-01 -2.051387e-04 2.728838e-04
2.280627e-01 2.475083e-04 2.813342e-04
2.283335e-01 2.504997e-04 2.840412e-04
2.286044e-01 -2.647098e-04 2.842325e-04
2.288752e-01 1.695007e-05 2.907714e-04
2.291460e-01 -2.802201e-04 2.911783e-04
2.294168e-01 -4.622992e-04 2.942168e-04
2.296876e-01 -3.039092e-04 2.984069e-04
2.299584e-01 -2.928209e-04 2.971527e-04
2.302293e-01 1.304802e-04 3.027246e-04
2.305001e-01 -1.744907e-04 3.036732e-04
2.307709e-01 -4.042201e-04 3.087039e-04
2.310417e-01 1.823399e-04 3.064710e-04
2.313125e-01 -4.089102e-04 3.119153e-04
2.315833e-01 -2.599712e-04 3.170112e-04
2.318541e-01 2.581608e-04 3.171281e-04
2.321250e-01 -4.807003e-04 3.203404e-04
2.323958e-01 1.374092e-04 3.201519e-04
2.326666e-01 -7.407516e-04 3.240079e-04
2.329374e-01 -2.245698e-04 3.277666e-04
2.332082e-01 3.292970e-05 3.264175e-04
2.334790e-01 -8.360315e-04 3.309640e-04
2.337498e-01 4.134998e-04 3.321086e-04
2.340207e-01 -2.038609e-04 3.384898e-04
2.342915e-01 7.561035e-05 3.349878e-04
2.345623e-01 -4.174002e-05 3.439376e-04
2.348331e-01 3.314391e-04 3.464861e-04
2.351039e-01 2.750698e-04 3.502176e-04
2.353747e-01 1.699198e-04 3.480717e-04
2.356455e-01 2.714600e-04 3.517622e-04
2.359163e-01 3.281310e-04 3.567429e-04
2.361872e-01 -3.600493e-06 3.598318e-04
2.364580e-01 -4.013889e-04 3.620971e-04
2.367288e-01 1.436006e-04 3.633146e-04
2.369996e-01 7.569697e-04 3.688521e-04
2.372704e-01 2.064407e-04 3.791281e-04
2.375412e-01 -3.424287e-04 3.746903e-04
2.378121e-01 -2.052076e-05 3.820920e-04
2.380829e-01 -4.996806e-04 3.726152e-04
2.383537e-01 -3.506988e-05 3.879298e-04
2.386245e-01 -5.810000e-04 3.979942e-04
2.388953e-01 -5.584024e-05 3.896374e-04
2.391661e-01 5.066004e-04 3.930043e-04
2.394369e-01 7.962063e-05 3.989844e-04
2.397078e-01 -6.039999e-04 4.063926e-04
2.399786e-01 1.693685e-04 4.088575e-04
2.402494e-01 3.548153e-05 4.142131e-04
2.405202e-01 -3.901906e-04 4.184653e-04
2.407910e-01 -3.205314e-04 4.212655e-04
2.410618e-01 -2.418701e-04 4.203847e-04
2.413326e-01 4.501883e-04 4.264654e-04
2.416034e-01 -1.299903e-04 4.305288e-04
2.418743e-01 -6.659906e-04 4.436407e-04
2.421451e-01 2.450906e-04 4.484517e-04
2.424159e-01 -7.881988e-04 4.505661e-04
2.426867e-01 2.561696e-04 4.524264e-04
2.429575e-01 -4.960895e-04 4.583672e-04
2.432283e-01 -7.381793e-04 4.682092e-04
2.434992e-01 -1.461804e-04 4.738336e-04
2.437700e-01 -5.616695e-04 4.678037e-04
2.440408e-01 -7.061008e-04 4.843507e-04
2.443116e-01 -4.564598e-04 4.909190e-04
2.445824e-01 3.384799e-04 4.973248e-04
2.448532e-01 5.794596e-04 4.950732e-04
2.451240e-01 -3.880300e-04 5.195077e-04
2.453949e-01 6.225295e-04 5.230324e-04
2.456657e-01 -2.392400e-04 5.275339e-04
2.459365e-01 7.971004e-05 5.257029e-04
2.462073e-01 3.284402e-04 5.355866e-04
2.464781e-01 3.701001e-04 5.483798e-04
2.467489e-01 4.224703e-04 5.500087e-04
2.470197e-01 8.599106e-04 5.636510e-04
2.472906e-01 -7.909294e-04 5.610375e-04
2.475614e-01 1.072761e-03 5.822285e-04
2.478322e-01 6.995797e-04 6.046273e-04
2.481030e-01 -8.521304e-04 5.885960e-04
2.483738e-01 -1.321100e-04 6.050813e-04
2.486446e-01 -6.099697e-04 6.323108e-04
2.489154e-01 9.994600e-04 6.663236e-04
2.491863e-01 -5.584396e-04 6.355373e-04
2.494571e-01 -3.682505e-04 6.479468e-04
2.497279e-01 1.178887e-04 6.821238e-04
2.499987e-01 8.797292e-04 7.202385e-04
2.502695e-01 -1.490509e-03 7.061308e-04
2.505403e-01 -6.444082e-04 7.308761e-04
2.508111e-01 -1.413010e-03 7.506045e-04
2.510819e-01 7.824972e-05 7.888806e-04
2.513528e-01 -1.464151e-03 7.832430e-04
2.516236e-01 -3.136899e-04 7.916750e-04
2.518944e-01 -3.411788e-04 8.129405e-04
2.521652e-01 3.900379e-06 9.001113e-04
2.524360e-01 3.511012e-04 9.103352e-04
2.527068e-01 1.858959e-03 8.662768e-04
2.529776e-01 -2.079081e-03 9.177612e-04
2.532485e-01 4.644189e-04 9.962058e-04
2.535193e-01 -8.411799e-04 9.822361e-04
2.537901e-01 3.132969e-05 1.021824e-03
2.540609e-01 1.075499e-03 1.012595e-03
2.543317e-01 -4.500151e-06 1.041735e-03
2.546025e-01 -1.628000e-03 1.100000e-03
2.548733e-01 -2.771910e-03 1.150678e-03
2.551441e-01 3.127480e-03 1.213827e-03
2.554150e-01 3.738292e-04 1.210657e-03
2.556858e-01 -1.174869e-03 1.268443e-03
2.559566e-01 6.597396e-04 1.346175e-03
2.562274e-01 5.131010e-04 1.493407e-03
2.564982e-01 -2.179040e-03 1.496850e-03
2.567690e-01 -1.670940e-03 1.735796e-03
2.570398e-01 -9.955801e-04 1.826654e-03
2.573107e-01 1.993030e-05 1.858742e-03
2.575815e-01 -2.182411e-03 2.963241e-03
2.578523e-01 -3.762780e-03 3.111579e-03
2.581231e-01 7.984500e-03 6.402682e-03
