3.286826e-03 4.411877e+00 0.000000e+00
3.557641e-03 5.346526e+00 1.025846e-01
3.828455e-03 5.196167e+00 6.227806e-02
4.099269e-03 4.925444e+00 4.718171e-02
4.370084e-03 4.796861e+00 3.570184e-02
4.640898e-03 4.592897e+00 2.635643e-02
4.911712e-03 4.453086e+00 2.292104e-02
5.182527e-03 4.320880e+00 1.825771e-02
5.453341e-03 4.225678e+00 1.664446e-02
5.724155e-03 4.108409e+00 1.375508e-02
5.994970e-03 3.999012e+00 1.219680e-02
6.265784e-03 3.909556e+00 1.148090e-02
6.536598e-03 3.828463e+00 9.625556e-03
6.807412e-03 3.750548e+00 9.518808e-03
7.078227e-03 3.666816e+00 8.848933e-03
7.349041e-03 3.607416e+00 7.953610e-03
7.619855e-03 3.515766e+00 7.524656e-03
7.890671e-03 3.431676e+00 6.978784e-03
8.161485e-03 3.347274e+00 6.968185e-03
8.432299e-03 3.251512e+00 6.439256e-03
8.703114e-03 3.186731e+00 6.278809e-03
8.973928e-03 3.089251e+00 5.904077e-03
9.244742e-03 3.016867e+00 5.749060e-03
9.515557e-03 2.934447e+00 5.538400e-03
9.786371e-03 2.844954e+00 5.399368e-03
1.005718e-02 2.773425e+00 5.267496e-03
1.032800e-02 2.685054e+00 4.888260e-03
1.059881e-02 2.610284e+00 4.701026e-03
1.086963e-02 2.527726e+00 4.527586e-03
1.114044e-02 2.439523e+00 4.397449e-03
1.141126e-02 2.357720e+00 4.390453e-03
1.168207e-02 2.294924e+00 4.177075e-03
1.195289e-02 2.216877e+00 3.992091e-03
1.222370e-02 2.127054e+00 3.790049e-03
1.249451e-02 2.052924e+00 3.676921e-03
1.276533e-02 1.982532e+00 3.640261e-03
1.303614e-02 1.902515e+00 3.461863e-03
1.330696e-02 1.831966e+00 3.335420e-03
1.357777e-02 1.767209e+00 3.351365e-03
1.384859e-02 1.693237e+00 3.164511e-03
1.411940e-02 1.622182e+00 3.022499e-03
1.439021e-02 1.553733e+00 2.879698e-03
1.466103e-02 1.486615e+00 2.800099e-03
1.493184e-02 1.426102e+00 2.721638e-03
1.520266e-02 1.367830e+00 2.640636e-03
1.547347e-02 1.306306e+00 2.593705e-03
1.574429e-02 1.253299e+00 2.453586e-03
1.601510e-02 1.192310e+00 2.397503e-03
1.628591e-02 1.134339e+00 2.331138e-03
1.655673e-02 1.083333e+00 2.226933e-03
1.682754e-02 1.027691e+00 2.137386e-03
1.709836e-02 9.805493e-01 2.120702e-03
1.736917e-02 9.339629e-01 2.070276e-03
1.763999e-02 8.889111e-01 1.960119e-03
1.791080e-02 8.407806e-01 1.885701e-03
1.818161e-02 7.950186e-01 1.863653e-03
1.845243e-02 7.574022e-01 1.822109e-03
1.872324e-02 7.153038e-01 1.758702e-03
1.899406e-02 6.791633e-01 1.696236e-03
1.926487e-02 6.424044e-01 1.691340e-03
1.953569e-02 6.065313e-01 1.620886e-03
1.980650e-02 5.746137e-01 1.600130e-03
2.007731e-02 5.423328e-01 1.519000e-03
2.034813e-02 5.105087e-01 1.474441e-03
2.061894e-02 4.799936e-01 1.452714e-03
2.088976e-02 4.520500e-01 1.389384e-03
2.116057e-02 4.237216e-01 1.349582e-03
2.143139e-02 3.981489e-01 1.307035e-03
2.170220e-02 3.721957e-01 1.270869e-03
2.197302e-02 3.478913e-01 1.221854e-03
2.224383e-02 3.252406e-01 1.183852e-03
2.251465e-02 3.092173e-01 1.122200e-03
2.278546e-02 2.846773e-01 1.071260e-03
2.305627e-02 2.667643e-01 1.051365e-03
2.332709e-02 2.486912e-01 1.010221e-03
2.359790e-02 2.323331e-01 9.660724e-04
2.386872e-02 2.131908e-01 9.324475e-04
2.413953e-02 1.999250e-01 8.813747e-04
2.441034e-02 1.853851e-01 8.591443e-04
2.468116e-02 1.733396e-01 8.301821e-04
2.495197e-02 1.590508e-01 7.902786e-04
2.522279e-02 1.482247e-01 7.772841e-04
2.549360e-02 1.363855e-01 7.370342e-04
2.576442e-02 1.257617e-01 7.064891e-04
2.603523e-02 1.174035e-01 6.955928e-04
2.630604e-02 1.087241e-01 6.690535e-04
2.657686e-02 9.981227e-02 6.423859e-04
2.684767e-02 9.261909e-02 6.293117e-04
2.711849e-02 8.443559e-02 6.078018e-04
2.738930e-02 7.847846e-02 5.887730e-04
2.766012e-02 7.296461e-02 5.710388e-04
2.793093e-02 6.614411e-02 5.532602e-04
2.820175e-02 6.218302e-02 5.348170e-04
2.847256e-02 5.624094e-02 5.168922e-04
2.874337e-02 5.251084e-02 5.051390e-04
2.901419e-02 4.939429e-02 4.893100e-04
2.928500e-02 4.454542e-02 4.742871e-04
2.955582e-02 4.095714e-02 4.660471e-04
2.982663e-02 3.946307e-02 4.604606e-04
3.009745e-02 3.685880e-02 4.530292e-04
3.036826e-02 3.371910e-02 4.396627e-04
3.063907e-02 3.190057e-02 4.328469e-04
3.090989e-02 2.911152e-02 4.275741e-04
3.118070e-02 2.797789e-02 4.175936e-04
3.145152e-02 2.640218e-02 4.129255e-04
3.172233e-02 2.551017e-02 4.118636e-04
3.199315e-02 2.437913e-02 3.996918e-04
3.226396e-02 2.302656e-02 3.960946e-04
3.253478e-02 2.249602e-02 3.920031e-04
3.280559e-02 2.165949e-02 3.898234e-04
3.307641e-02 2.149454e-02 3.869887e-04
3.334722e-02 2.109008e-02 3.814792e-04
3.361803e-02 2.066471e-02 3.814382e-04
3.388885e-02 1.987550e-02 3.771734e-04
3.415966e-02 1.963401e-02 3.778456e-04
3.443048e-02 1.926328e-02 3.758764e-04
3.470129e-02 1.902692e-02 3.731275e-04
3.497211e-02 1.986577e-02 3.716860e-04
3.524292e-02 1.880629e-02 3.655341e-04
3.551374e-02 1.945481e-02 3.665315e-04
3.578455e-02 1.904105e-02 3.650581e-04
3.605536e-02 1.958979e-02 3.555756e-04
3.632618e-02 1.934544e-02 3.593698e-04
3.659699e-02 1.962588e-02 3.606841e-04
3.686780e-02 1.920580e-02 3.572718e-04
3.713862e-02 1.960672e-02 3.553208e-04
3.740944e-02 2.023170e-02 3.540990e-04
3.768025e-02 1.963879e-02 3.535530e-04
3.795106e-02 2.031503e-02 3.454918e-04
3.822188e-02 2.039758e-02 3.502497e-04
3.849269e-02 2.006480e-02 3.463201e-04
3.876351e-02 2.040050e-02 3.479736e-04
3.903432e-02 2.008006e-02 3.477020e-04
3.930514e-02 1.974517e-02 3.444905e-04
3.957595e-02 1.962200e-02 3.408729e-04
3.984676e-02 2.003497e-02 3.367507e-04
4.011758e-02 2.013253e-02 3.402629e-04
4.038839e-02 2.035836e-02 3.389466e-04
4.065921e-02 2.012673e-02 3.381381e-04
4.093002e-02 1.954644e-02 3.356825e-04
4.120084e-02 1.942883e-02 3.329372e-04
4.147165e-02 1.974446e-02 3.327483e-04
4.174246e-02 1.888134e-02 3.285402e-04
4.201328e-02 1.967541e-02 3.294398e-04
4.228409e-02 1.966139e-02 3.266559e-04
4.255491e-02 1.903213e-02 3.217065e-04
4.282572e-02 1.886576e-02 3.245459e-04
4.309653e-02 1.808336e-02 3.180958e-04
4.336735e-02 1.801052e-02 3.191539e-04
4.363817e-02 1.800715e-02 3.221444e-04
4.390898e-02 1.774595e-02 3.174701e-04
4.417979e-02 1.666251e-02 3.179152e-04
4.445061e-02 1.666556e-02 3.096917e-04
4.472142e-02 1.676529e-02 3.075620e-04
4.499224e-02 1.667416e-02 3.144283e-04
4.526305e-02 1.541143e-02 3.078832e-04
4.553387e-02 1.541401e-02 3.053437e-04
4.580468e-02 1.536591e-02 3.028913e-04
4.607549e-02 1.498045e-02 3.015245e-04
4.634631e-02 1.488814e-02 2.967647e-04
4.661712e-02 1.432856e-02 3.000583e-04
4.688794e-02 1.369296e-02 2.963191e-04
4.715875e-02 1.376041e-02 2.919297e-04
4.742957e-02 1.303085e-02 2.906010e-04
4.770038e-02 1.283257e-02 2.879466e-04
4.797119e-02 1.281896e-02 2.872913e-04
4.824201e-02 1.189216e-02 2.883163e-04
4.851282e-02 1.212371e-02 2.869462e-04
4.878364e-02 1.194771e-02 2.828176e-04
4.905445e-02 1.113262e-02 2.809314e-04
4.932526e-02 1.151824e-02 2.811845e-04
4.959608e-02 1.052974e-02 2.798994e-04
4.986690e-02 1.111890e-02 2.781408e-04
5.013771e-02 1.037145e-02 2.779328e-04
5.040852e-02 9.956900e-03 2.743772e-04
5.067934e-02 9.644741e-03 2.743197e-04
5.095015e-02 9.648548e-03 2.705996e-04
5.122096e-02 8.532751e-03 2.676721e-04
5.149178e-02 8.718200e-03 2.695877e-04
5.176260e-02 8.350059e-03 2.695372e-04
5.203341e-02 8.538200e-03 2.702984e-04
5.230422e-02 8.235499e-03 2.620835e-04
5.257504e-02 7.911190e-03 2.658937e-04
5.284585e-02 7.677399e-03 2.647558e-04
5.311667e-02 7.544750e-03 2.629309e-04
5.338748e-02 7.478120e-03 2.655787e-04
5.365830e-02 7.129500e-03 2.652676e-04
5.392911e-02 7.233832e-03 2.651686e-04
5.419992e-02 7.200370e-03 2.649756e-04
5.447074e-02 6.893331e-03 2.650538e-04
5.474155e-02 7.048910e-03 2.698956e-04
5.501237e-02 6.448500e-03 2.719485e-04
5.528318e-02 6.616618e-03 2.753437e-04
5.555400e-02 6.654222e-03 2.736607e-04
5.582481e-02 6.327111e-03 2.738833e-04
5.609563e-02 6.223559e-03 2.796679e-04
5.636644e-02 5.371619e-03 2.781324e-04
5.663725e-02 6.561790e-03 2.818378e-04
5.690807e-02 5.727241e-03 2.796814e-04
5.717888e-02 5.676530e-03 2.780313e-04
5.744969e-02 5.449269e-03 2.795301e-04
5.772051e-02 5.876848e-03 2.815999e-04
5.799133e-02 5.961251e-03 2.797419e-04
5.826214e-02 5.571390e-03 2.826784e-04
5.853295e-02 5.464571e-03 2.818489e-04
5.880377e-02 5.594231e-03 2.809784e-04
5.907458e-02 5.424760e-03 2.804112e-04
5.934540e-02 5.039189e-03 2.784348e-04
5.961621e-02 5.490599e-03 2.813279e-04
5.988703e-02 5.017800e-03 2.833068e-04
6.015784e-02 5.430579e-03 2.824365e-04
6.042865e-02 5.525460e-03 2.789781e-04
6.069947e-02 5.530380e-03 2.766862e-04
6.097028e-02 4.873831e-03 2.772313e-04
6.124110e-02 5.026059e-03 2.713922e-04
6.151191e-02 4.642557e-03 2.725595e-04
6.178273e-02 4.789971e-03 2.717051e-04
6.205354e-02 4.603410e-03 2.699396e-04
6.232436e-02 5.134691e-03 2.716987e-04
6.259517e-02 5.104670e-03 2.681515e-04
6.286598e-02 4.590221e-03 2.655315e-04
6.313679e-02 5.107069e-03 2.705803e-04
6.340761e-02 4.745958e-03 2.656599e-04
6.367842e-02 4.821539e-03 2.647845e-04
6.394923e-02 4.733691e-03 2.628854e-04
6.422005e-02 4.903039e-03 2.665742e-04
6.449086e-02 4.701901e-03 2.669030e-04
6.476168e-02 4.092092e-03 2.617225e-04
6.503250e-02 4.578240e-03 2.659646e-04
6.530331e-02 4.920781e-03 2.627083e-04
6.557412e-02 4.128041e-03 2.610684e-04
6.584494e-02 4.902830e-03 2.629551e-04
6.611575e-02 4.807269e-03 2.607244e-04
6.638657e-02 4.021369e-03 2.609377e-04
6.665738e-02 4.311658e-03 2.594881e-04
6.692819e-02 4.192712e-03 2.603488e-04
6.719901e-02 3.871121e-03 2.602111e-04
6.746982e-02 4.147600e-03 2.594444e-04
6.774063e-02 3.637690e-03 2.599789e-04
6.801146e-02 3.750971e-03 2.569361e-04
6.828227e-02 4.327161e-03 2.571478e-04
6.855308e-02 4.062571e-03 2.581386e-04
6.882390e-02 4.100610e-03 2.563079e-04
6.909471e-02 4.121531e-03 2.567383e-04
6.936552e-02 4.090570e-03 2.545077e-04
6.963634e-02 3.666529e-03 2.552014e-04
6.990715e-02 3.912071e-03 2.555679e-04
7.017796e-02 4.083790e-03 2.536731e-04
7.044878e-02 4.101669e-03 2.519007e-04
7.071959e-02 3.856810e-03 2.542115e-04
7.099041e-02 3.557142e-03 2.534472e-04
7.126123e-02 3.576230e-03 2.500326e-04
7.153204e-02 3.414668e-03 2.501253e-04
7.180285e-02 3.556939e-03 2.492376e-04
7.207367e-02 3.698410e-03 2.501093e-04
7.234448e-02 3.588140e-03 2.501504e-04
7.261530e-02 3.337309e-03 2.492341e-04
7.288611e-02 3.521990e-03 2.462306e-04
7.315692e-02 2.877280e-03 2.482266e-04
7.342774e-02 3.147179e-03 2.488489e-04
7.369855e-02 3.370741e-03 2.477614e-04
7.396936e-02 3.267318e-03 2.469609e-04
7.424019e-02 3.341250e-03 2.453421e-04
7.451100e-02 3.173701e-03 2.476751e-04
7.478181e-02 3.302429e-03 2.460972e-04
7.505263e-02 3.120430e-03 2.441220e-04
7.532344e-02 2.734378e-03 2.478087e-04
7.559425e-02 2.751039e-03 2.431539e-04
7.586507e-02 3.017839e-03 2.455194e-04
7.613588e-02 2.996458e-03 2.423451e-04
7.640669e-02 2.797058e-03 2.402107e-04
7.667751e-02 3.033718e-03 2.449397e-04
7.694832e-02 3.253581e-03 2.423411e-04
7.721914e-02 2.832739e-03 2.415444e-04
7.748996e-02 2.984961e-03 2.425090e-04
7.776077e-02 2.491061e-03 2.402921e-04
7.803158e-02 2.641940e-03 2.421953e-04
7.830240e-02 2.367062e-03 2.388842e-04
7.857321e-02 2.921062e-03 2.411523e-04
7.884403e-02 2.593571e-03 2.412337e-04
7.911484e-02 2.699172e-03 2.399435e-04
7.938565e-02 3.184332e-03 2.418845e-04
7.965647e-02 2.747232e-03 2.381964e-04
7.992728e-02 2.813650e-03 2.396494e-04
8.019809e-02 2.846520e-03 2.386387e-04
8.046892e-02 3.154671e-03 2.370293e-04
8.073973e-02 2.798062e-03 2.360510e-04
8.101054e-02 2.877152e-03 2.354930e-04
8.128136e-02 2.220731e-03 2.364073e-04
8.155217e-02 2.353549e-03 2.368241e-04
8.182298e-02 2.592839e-03 2.359947e-04
8.209380e-02 2.941571e-03 2.345969e-04
8.236461e-02 2.460388e-03 2.347320e-04
8.263543e-02 2.187189e-03 2.347152e-04
8.290624e-02 2.440590e-03 2.352721e-04
8.317705e-02 2.137261e-03 2.323316e-04
8.344787e-02 2.239350e-03 2.340575e-04
8.371869e-02 2.792330e-03 2.364327e-04
8.398950e-02 2.388431e-03 2.318964e-04
8.426031e-02 2.322000e-03 2.337248e-04
8.453113e-02 2.099950e-03 2.324620e-04
8.480194e-02 2.213208e-03 2.330200e-04
8.507276e-02 2.186378e-03 2.334088e-04
8.534357e-02 2.289221e-03 2.313841e-04
8.561438e-02 2.246710e-03 2.294971e-04
8.588520e-02 2.684761e-03 2.289112e-04
8.615601e-02 2.026750e-03 2.288474e-04
8.642682e-02 2.181420e-03 2.294392e-04
8.669765e-02 2.492730e-03 2.286418e-04
8.696846e-02 2.129771e-03 2.290516e-04
8.723927e-02 2.445491e-03 2.267164e-04
8.751009e-02 2.041850e-03 2.275123e-04
8.778090e-02 2.683269e-03 2.273009e-04
8.805171e-02 1.921309e-03 2.281213e-04
8.832253e-02 2.121190e-03 2.273252e-04
8.859334e-02 2.147190e-03 2.304563e-04
8.886416e-02 2.270551e-03 2.274711e-04
8.913497e-02 2.480842e-03 2.264735e-04
8.940578e-02 2.482649e-03 2.251289e-04
8.967660e-02 2.320461e-03 2.254462e-04
8.994742e-02 2.121041e-03 2.274133e-04
9.021823e-02 2.260029e-03 2.262799e-04
9.048904e-02 2.233339e-03 2.263803e-04
9.075986e-02 1.911810e-03 2.237449e-04
9.103067e-02 2.639478e-03 2.255486e-04
9.130149e-02 1.792090e-03 2.237168e-04
9.157230e-02 2.028000e-03 2.220336e-04
9.184311e-02 1.872620e-03 2.258708e-04
9.211393e-02 1.906050e-03 2.214156e-04
9.238474e-02 2.273452e-03 2.234751e-04
9.265555e-02 2.212470e-03 2.245675e-04
9.292637e-02 1.939800e-03 2.207783e-04
9.319719e-02 2.082510e-03 2.229433e-04
9.346800e-02 1.882641e-03 2.225173e-04
9.373882e-02 2.148909e-03 2.208072e-04
9.400963e-02 1.811080e-03 2.211273e-04
9.428044e-02 1.784500e-03 2.218192e-04
9.455126e-02 1.468191e-03 2.224038e-04
9.482207e-02 2.123350e-03 2.208830e-04
9.509289e-02 1.795638e-03 2.211889e-04
9.536370e-02 2.267869e-03 2.211522e-04
9.563451e-02 2.227889e-03 2.204693e-04
9.590533e-02 1.929101e-03 2.203648e-04
9.617615e-02 1.964880e-03 2.193415e-04
9.644696e-02 1.793720e-03 2.178051e-04
9.671777e-02 2.237780e-03 2.197504e-04
9.698859e-02 2.436699e-03 2.175512e-04
9.725940e-02 1.814991e-03 2.176352e-04
9.753022e-02 2.003528e-03 2.145829e-04
9.780103e-02 1.672179e-03 2.183871e-04
9.807184e-02 1.680980e-03 2.167946e-04
9.834266e-02 2.090130e-03 2.174218e-04
9.861347e-02 1.586732e-03 2.176226e-04
9.888428e-02 1.787761e-03 2.151211e-04
9.915510e-02 1.794940e-03 2.178523e-04
9.942592e-02 2.375981e-03 2.148983e-04
9.969673e-02 1.792891e-03 2.164240e-04
9.996755e-02 1.619419e-03 2.139317e-04
1.002384e-01 1.637451e-03 2.158307e-04
1.005092e-01 2.068840e-03 2.159765e-04
1.007800e-01 1.616580e-03 2.142491e-04
1.010508e-01 1.777271e-03 2.161314e-04
1.013216e-01 1.727121e-03 2.136152e-04
1.015924e-01 1.961621e-03 2.133056e-04
1.018632e-01 2.023021e-03 2.156678e-04
1.021341e-01 1.876961e-03 2.143857e-04
1.024049e-01 1.816139e-03 2.159557e-04
1.026757e-01 1.788780e-03 2.118425e-04
1.029465e-01 1.516880e-03 2.136726e-04
1.032173e-01 1.609210e-03 2.134597e-04
1.034881e-01 2.190979e-03 2.113289e-04
1.037589e-01 1.677530e-03 2.101265e-04
1.040298e-01 1.535809e-03 2.116154e-04
1.043006e-01 2.057239e-03 2.115092e-04
1.045714e-01 1.734952e-03 2.111535e-04
1.048422e-01 1.715399e-03 2.106186e-04
1.051130e-01 1.688780e-03 2.102192e-04
1.053838e-01 1.570970e-03 2.108883e-04
1.056546e-01 1.750920e-03 2.105231e-04
1.059255e-01 1.575239e-03 2.096359e-04
1.061963e-01 1.651460e-03 2.117670e-04
1.064671e-01 1.483280e-03 2.099311e-04
1.067379e-01 1.147320e-03 2.097903e-04
1.070087e-01 1.780760e-03 2.101961e-04
1.072795e-01 1.354210e-03 2.057226e-04
1.075503e-01 1.373161e-03 2.087647e-04
1.078212e-01 1.438130e-03 2.073559e-04
1.080920e-01 1.681870e-03 2.069799e-04
1.083628e-01 1.324842e-03 2.084980e-04
1.086336e-01 1.620350e-03 2.079946e-04
1.089044e-01 1.702501e-03 2.082336e-04
1.091752e-01 1.908960e-03 2.083662e-04
1.094460e-01 1.289029e-03 2.049911e-04
1.097169e-01 1.560841e-03 2.069175e-04
1.099877e-01 1.436291e-03 2.054011e-04
1.102585e-01 1.536909e-03 2.055352e-04
1.105293e-01 1.655592e-03 2.073168e-04
1.108001e-01 1.517219e-03 2.112791e-04
1.110709e-01 1.621949e-03 2.137304e-04
1.113417e-01 1.131689e-03 2.119972e-04
1.116126e-01 1.355620e-03 2.142541e-04
1.118834e-01 1.212571e-03 2.136905e-04
1.121542e-01 1.507729e-03 2.162187e-04
1.124250e-01 1.622131e-03 2.197574e-04
1.126958e-01 1.394330e-03 2.197651e-04
1.129666e-01 1.642389e-03 2.189768e-04
1.132374e-01 1.733510e-03 2.226822e-04
1.135083e-01 1.677342e-03 2.253534e-04
1.137791e-01 1.130760e-03 2.243497e-04
1.140499e-01 1.474550e-03 2.265743e-04
1.143207e-01 1.386300e-03 2.274663e-04
1.145915e-01 1.148080e-03 2.283364e-04
1.148623e-01 7.603597e-04 2.315351e-04
1.151332e-01 1.345629e-03 2.316342e-04
1.154040e-01 1.594910e-03 2.328688e-04
1.156748e-01 1.606951e-03 2.341631e-04
1.159456e-01 1.294140e-03 2.361905e-04
1.162164e-01 1.308819e-03 2.373760e-04
1.164872e-01 1.494149e-03 2.352540e-04
1.167580e-01 1.581639e-03 2.400435e-04
1.170288e-01 9.861384e-04 2.387173e-04
1.172997e-01 7.743910e-04 2.375223e-04
1.175705e-01 1.440711e-03 2.413377e-04
1.178413e-01 9.377506e-04 2.432146e-04
1.181121e-01 1.316130e-03 2.402260e-04
1.183829e-01 1.449769e-03 2.362035e-04
1.186537e-01 1.360498e-03 2.351519e-04
1.189246e-01 1.401920e-03 2.348947e-04
1.191954e-01 1.602380e-03 2.351952e-04
1.194662e-01 1.655130e-03 2.350751e-04
1.197370e-01 1.439629e-03 2.333788e-04
1.200078e-01 1.379700e-03 2.337058e-04
1.202786e-01 9.243786e-04 2.329662e-04
1.205494e-01 1.294300e-03 2.306283e-04
1.208202e-01 1.613362e-03 2.359021e-04
1.210911e-01 1.312651e-03 2.342060e-04
1.213619e-01 1.409590e-03 2.322298e-04
1.216327e-01 1.085490e-03 2.314768e-04
1.219035e-01 1.405610e-03 2.328415e-04
1.221743e-01 1.134850e-03 2.334621e-04
1.224451e-01 1.273230e-03 2.333701e-04
1.227160e-01 1.302421e-03 2.337724e-04
1.229868e-01 1.393460e-03 2.317550e-04
1.232576e-01 1.536079e-03 2.314667e-04
1.235284e-01 1.450172e-03 2.342101e-04
1.237992e-01 1.050431e-03 2.321094e-04
1.240700e-01 1.353890e-03 2.328741e-04
1.243408e-01 1.388280e-03 2.306015e-04
1.246117e-01 1.431070e-03 2.319674e-04
1.248825e-01 9.528697e-04 2.310493e-04
1.251533e-01 1.462320e-03 2.315637e-04
1.254241e-01 1.274090e-03 2.330268e-04
1.256949e-01 1.107300e-03 2.302370e-04
1.259657e-01 1.335450e-03 2.291613e-04
1.262365e-01 1.337571e-03 2.278200e-04
1.265074e-01 1.267591e-03 2.281791e-04
1.267782e-01 1.272120e-03 2.294315e-04
1.270490e-01 1.162130e-03 2.275047e-04
1.273198e-01 1.467971e-03 2.274794e-04
1.275906e-01 1.005299e-03 2.267006e-04
1.278614e-01 9.746514e-04 2.257953e-04
1.281322e-01 1.229741e-03 2.258522e-04
1.284031e-01 1.118800e-03 2.257272e-04
1.286739e-01 1.225451e-03 2.267994e-04
1.289447e-01 1.261098e-03 2.254975e-04
1.292155e-01 1.123000e-03 2.284306e-04
1.294863e-01 1.148330e-03 2.261782e-04
1.297571e-01 1.423361e-03 2.254394e-04
1.300279e-01 1.055209e-03 2.247288e-04
1.302988e-01 1.269130e-03 2.271751e-04
1.305696e-01 1.399869e-03 2.273513e-04
1.308404e-01 1.232170e-03 2.254868e-04
1.311112e-01 8.991603e-04 2.272185e-04
1.313820e-01 7.001702e-04 2.242694e-04
1.316528e-01 1.318090e-03 2.257827e-04
1.319236e-01 1.209250e-03 2.219217e-04
1.321945e-01 1.433760e-03 2.235171e-04
1.324653e-01 1.206281e-03 2.246978e-04
1.327361e-01 7.105991e-04 2.222874e-04
1.330069e-01 1.067400e-03 2.248337e-04
1.332777e-01 1.037160e-03 2.226615e-04
1.335485e-01 1.228120e-03 2.220066e-04
1.338193e-01 1.049800e-03 2.224014e-04
1.340902e-01 1.481930e-03 2.201975e-04
1.343610e-01 1.215430e-03 2.225840e-04
1.346318e-01 1.507530e-03 2.229245e-04
1.349026e-01 1.529720e-03 2.236052e-04
1.351734e-01 1.301091e-03 2.226262e-04
1.354442e-01 1.122249e-03 2.218881e-04
1.357151e-01 9.698495e-04 2.236951e-04
1.359859e-01 1.299601e-03 2.192141e-04
1.362567e-01 1.020851e-03 2.218090e-04
1.365275e-01 1.251031e-03 2.209450e-04
1.367983e-01 1.288380e-03 2.196264e-04
1.370691e-01 1.135660e-03 2.217320e-04
1.373399e-01 1.130860e-03 2.241739e-04
1.376107e-01 5.508009e-04 2.268893e-04
1.378816e-01 1.207219e-03 2.311015e-04
1.381524e-01 1.273880e-03 2.285017e-04
1.384232e-01 8.448213e-04 2.322320e-04
1.386940e-01 6.062612e-04 2.315865e-04
1.389648e-01 1.655439e-03 2.324580e-04
1.392356e-01 1.244951e-03 2.345922e-04
1.395064e-01 1.560431e-03 2.352171e-04
1.397773e-01 1.057569e-03 2.385467e-04
1.400481e-01 5.936287e-04 2.364518e-04
1.403189e-01 8.943900e-04 2.396815e-04
1.405897e-01 9.037405e-04 2.374567e-04
1.408605e-01 1.131350e-03 2.394549e-04
1.411313e-01 8.164700e-04 2.425216e-04
1.414021e-01 8.237511e-04 2.390320e-04
1.416730e-01 6.688796e-04 2.423531e-04
1.419438e-01 1.335390e-03 2.419441e-04
1.422146e-01 1.272220e-03 2.448965e-04
1.424854e-01 1.324750e-03 2.432826e-04
1.427562e-01 1.612600e-03 2.457183e-04
1.430270e-01 3.273189e-04 2.416852e-04
1.432979e-01 5.590990e-04 2.430853e-04
1.435687e-01 9.010192e-04 2.464777e-04
1.438395e-01 2.643801e-04 2.458658e-04
1.441103e-01 1.069840e-03 2.459385e-04
1.443811e-01 9.707306e-04 2.479206e-04
1.446519e-01 1.165560e-03 2.487751e-04
1.449227e-01 6.767306e-04 2.485772e-04
1.451935e-01 1.272110e-03 2.457595e-04
1.454644e-01 9.864196e-04 2.521777e-04
1.457352e-01 9.018090e-04 2.503378e-04
1.460060e-01 7.377099e-04 2.504692e-04
1.462768e-01 1.427609e-03 2.540073e-04
1.465476e-01 1.082940e-03 2.504386e-04
1.468184e-01 9.477399e-04 2.567160e-04
1.470892e-01 1.100350e-03 2.530078e-04
1.473601e-01 1.101200e-03 2.526344e-04
1.476309e-01 1.209600e-03 2.551789e-04
1.479017e-01 1.148321e-03 2.539072e-04
1.481725e-01 9.072702e-04 2.545174e-04
1.484433e-01 1.392970e-03 2.506103e-04
1.487141e-01 9.750705e-04 2.532345e-04
1.489850e-01 7.212795e-04 2.541182e-04
1.492558e-01 1.420679e-03 2.522219e-04
1.495266e-01 1.497131e-03 2.541801e-04
1.497974e-01 1.166120e-03 2.500921e-04
1.500682e-01 6.623697e-04 2.491706e-04
1.503390e-01 8.572303e-04 2.540001e-04
1.506098e-01 6.309897e-04 2.516452e-04
1.508806e-01 1.287019e-03 2.519186e-04
1.511515e-01 1.022341e-03 2.497990e-04
1.514223e-01 1.474919e-03 2.559845e-04
1.516931e-01 1.113201e-03 2.525381e-04
1.519639e-01 1.097349e-03 2.542989e-04
1.522347e-01 1.028940e-03 2.535050e-04
1.525055e-01 8.547306e-04 2.526716e-04
1.527763e-01 1.253869e-03 2.566380e-04
1.530472e-01 1.098709e-03 2.499641e-04
1.533180e-01 9.608902e-04 2.519264e-04
1.535888e-01 9.688102e-04 2.530491e-04
1.538596e-01 6.310102e-04 2.499954e-04
1.541304e-01 7.185787e-04 2.524984e-04
1.544012e-01 9.433795e-04 2.517405e-04
1.546721e-01 1.034120e-03 2.544018e-04
1.549429e-01 9.511001e-04 2.523347e-04
1.552137e-01 1.046089e-03 2.543058e-04
1.554845e-01 1.391979e-03 2.546251e-04
1.557553e-01 1.204031e-03 2.534375e-04
1.560261e-01 1.349140e-03 2.520834e-04
1.562969e-01 7.030200e-04 2.544846e-04
1.565678e-01 6.485507e-04 2.518519e-04
1.568386e-01 1.207789e-03 2.552036e-04
1.571094e-01 1.109932e-03 2.545929e-04
1.573802e-01 8.310899e-04 2.534579e-04
1.576510e-01 3.151894e-04 2.526182e-04
1.579218e-01 1.324361e-03 2.552661e-04
1.581926e-01 5.230810e-04 2.513609e-04
1.584634e-01 8.918196e-04 2.540466e-04
1.587343e-01 1.005000e-03 2.536700e-04
1.590051e-01 3.722813e-04 2.521899e-04
1.592759e-01 9.611193e-04 2.537740e-04
1.595467e-01 6.715488e-04 2.518665e-04
1.598175e-01 1.103459e-03 2.520450e-04
1.600883e-01 7.783603e-04 2.543514e-04
1.603591e-01 8.233599e-04 2.525401e-04
1.606300e-01 9.029191e-04 2.525570e-04
1.609008e-01 1.089340e-03 2.488203e-04
1.611716e-01 9.081513e-04 2.500387e-04
1.614424e-01 1.047770e-03 2.490952e-04
1.617132e-01 8.880701e-04 2.508393e-04
1.619840e-01 1.196621e-03 2.500938e-04
1.622549e-01 6.165504e-04 2.497808e-04
1.625257e-01 5.003512e-04 2.477437e-04
1.627965e-01 6.374903e-04 2.501549e-04
1.630673e-01 1.103610e-03 2.501632e-04
1.633381e-01 1.110779e-03 2.497723e-04
1.636089e-01 1.167929e-03 2.505866e-04
1.638797e-01 1.061169e-03 2.500742e-04
1.641506e-01 1.114529e-03 2.516838e-04
1.644214e-01 8.820891e-04 2.531274e-04
1.646922e-01 1.475271e-03 2.516565e-04
1.649630e-01 6.124917e-04 2.490580e-04
1.652338e-01 7.062294e-04 2.546840e-04
1.655046e-01 6.871503e-04 2.502616e-04
1.657754e-01 1.256201e-03 2.518555e-04
1.660462e-01 8.185916e-04 2.528090e-04
1.663171e-01 8.021500e-04 2.523398e-04
1.665879e-01 1.046320e-03 2.501047e-04
1.668587e-01 1.433089e-03 2.523934e-04
1.671295e-01 5.540699e-04 2.521168e-04
1.674003e-01 7.163007e-04 2.508121e-04
1.676711e-01 8.335002e-04 2.579518e-04
1.679420e-01 1.316890e-03 2.634920e-04
1.682128e-01 8.614901e-04 2.669716e-04
1.684836e-01 1.146249e-03 2.739835e-04
1.687544e-01 1.057040e-03 2.720544e-04
1.690252e-01 1.154190e-03 2.776242e-04
1.692960e-01 7.351693e-04 2.763369e-04
1.695668e-01 5.557798e-04 2.777854e-04
1.698377e-01 9.222105e-04 2.799933e-04
1.701085e-01 8.524805e-04 2.849720e-04
1.703793e-01 6.636214e-04 2.841047e-04
1.706501e-01 7.781684e-04 2.842062e-04
1.709209e-01 1.152631e-03 2.896887e-04
1.711917e-01 4.770793e-04 2.908113e-04
1.714625e-01 1.182079e-03 2.921502e-04
1.717333e-01 1.105389e-03 2.967710e-04
1.720042e-01 5.987603e-04 2.944318e-04
1.722750e-01 9.106491e-04 3.024685e-04
1.725458e-01 1.208771e-03 3.036076e-04
1.728166e-01 1.672041e-03 3.037464e-04
1.730874e-01 6.445795e-04 3.047629e-04
1.733582e-01 1.156259e-03 3.059150e-04
1.736291e-01 7.028505e-04 3.129631e-04
1.738999e-01 1.256200e-03 3.085477e-04
1.741707e-01 9.546895e-04 3.159198e-04
1.744415e-01 9.081289e-04 3.135275e-04
1.747123e-01 1.020171e-03 3.182670e-04
1.749831e-01 5.909204e-04 3.047788e-04
1.752539e-01 1.206499e-03 2.944592e-04
1.755248e-01 8.885004e-04 2.974585e-04
1.757956e-01 3.180187e-04 2.928601e-04
1.760664e-01 7.417910e-04 2.931371e-04
1.763372e-01 1.000360e-03 2.927460e-04
1.766080e-01 5.857311e-04 2.904863e-04
1.768788e-01 8.622892e-04 2.910830e-04
1.771496e-01 1.059381e-03 2.863960e-04
1.774205e-01 1.121448e-03 2.871693e-04
1.776913e-01 8.444097e-04 2.854339e-04
1.779621e-01 6.881095e-04 2.854446e-04
1.782329e-01 6.359797e-04 2.827152e-04
1.785037e-01 1.210501e-03 2.791371e-04
1.787745e-01 9.135194e-04 2.826385e-04
1.790453e-01 5.427003e-04 2.766371e-04
1.793161e-01 8.416306e-04 2.800149e-04
1.795870e-01 1.151711e-03 2.812673e-04
1.798578e-01 8.589495e-04 2.760664e-04
1.801286e-01 1.227280e-03 2.801763e-04
1.803994e-01 9.198301e-04 2.720561e-04
1.806702e-01 9.570699e-04 2.749865e-04
1.809410e-01 1.246041e-03 2.779374e-04
1.812119e-01 1.526341e-03 2.748423e-04
1.814827e-01 6.806701e-04 2.743782e-04
1.817535e-01 9.099096e-04 2.718679e-04
1.820243e-01 1.099460e-03 2.728620e-04
1.822951e-01 1.175549e-03 2.746103e-04
1.825659e-01 6.970409e-04 2.735149e-04
1.828367e-01 1.066370e-03 2.765451e-04
1.831076e-01 4.973207e-04 2.683558e-04
1.833784e-01 8.105598e-04 2.763912e-04
1.836492e-01 4.907195e-04 2.702968e-04
1.839200e-01 8.118898e-04 2.723142e-04
1.841908e-01 5.483497e-04 2.721645e-04
1.844616e-01 7.905606e-04 2.695817e-04
1.847324e-01 7.536896e-04 2.742908e-04
1.850033e-01 6.949808e-04 2.687441e-04
1.852741e-01 6.543100e-04 2.702148e-04
1.855449e-01 1.435179e-03 2.713631e-04
1.858157e-01 6.608889e-04 2.711848e-04
1.860865e-01 7.311404e-04 2.717471e-04
1.863573e-01 7.843897e-04 2.698866e-04
1.866281e-01 8.064415e-04 2.719012e-04
1.868990e-01 1.032639e-03 2.717817e-04
1.871698e-01 3.759898e-04 2.711869e-04
1.874406e-01 6.693993e-04 2.713878e-04
1.877114e-01 8.473694e-04 2.688175e-04
1.879822e-01 1.270181e-03 2.738476e-04
1.882530e-01 1.089340e-03 2.690558e-04
1.885238e-01 8.486193e-04 2.707676e-04
1.887947e-01 5.294587e-04 2.688150e-04
1.890655e-01 5.340800e-04 2.706992e-04
1.893363e-01 5.780999e-04 2.707421e-04
1.896071e-01 1.184789e-03 2.663733e-04
1.898779e-01 9.079799e-04 2.719875e-04
1.901487e-01 9.044092e-04 2.683610e-04
1.904195e-01 9.131897e-04 2.681312e-04
1.906904e-01 1.418021e-03 2.694703e-04
1.909612e-01 4.518591e-04 2.640261e-04
1.912320e-01 1.190210e-03 2.720101e-04
1.915028e-01 1.336681e-03 2.656696e-04
1.917736e-01 7.524602e-04 2.706187e-04
1.920444e-01 1.016989e-03 2.703310e-04
1.923153e-01 5.057007e-04 2.674563e-04
1.925861e-01 9.547509e-04 2.706100e-04
1.928569e-01 1.034530e-03 2.687310e-04
1.931277e-01 9.005796e-04 2.675451e-04
1.933985e-01 1.130041e-03 2.677627e-04
1.936693e-01 7.014498e-04 2.693535e-04
1.939401e-01 1.056749e-03 2.712470e-04
1.942109e-01 9.489302e-04 2.672704e-04
1.944818e-01 9.865686e-04 2.678969e-04
1.947526e-01 7.098503e-04 2.687207e-04
1.950234e-01 1.055380e-03 2.681998e-04
1.952942e-01 6.193295e-04 2.661621e-04
1.955650e-01 9.195898e-04 2.681644e-04
1.958358e-01 1.479151e-03 2.713572e-04
1.961066e-01 4.655086e-04 2.688901e-04
1.963775e-01 1.233501e-03 2.703197e-04
1.966483e-01 8.315500e-04 2.681734e-04
1.969191e-01 1.235729e-03 2.667773e-04
1.971899e-01 1.364579e-03 2.706389e-04
1.974607e-01 1.039729e-03 2.689383e-04
1.977315e-01 1.023250e-03 2.671756e-04
1.980023e-01 1.007739e-03 2.657861e-04
1.982732e-01 1.330899e-03 2.703967e-04
1.985440e-01 8.690096e-04 2.676337e-04
1.988148e-01 7.285792e-04 2.670955e-04
1.990856e-01 1.182150e-03 2.689629e-04
1.993564e-01 8.847695e-04 2.689722e-04
1.996272e-01 1.076359e-03 2.678367e-04
1.998980e-01 2.456699e-04 2.640539e-04
2.001689e-01 6.904099e-04 2.628916e-04
2.004397e-01 9.874087e-04 2.645983e-04
2.007105e-01 1.228729e-03 2.640806e-04
2.009813e-01 2.763197e-04 2.650504e-04
2.012521e-01 8.457396e-04 2.656737e-04
2.015229e-01 1.090249e-03 2.669912e-04
2.017937e-01 7.405709e-04 2.674884e-04
2.020646e-01 8.297488e-04 2.653892e-04
2.023354e-01 2.822597e-04 2.640717e-04
2.026062e-01 6.920397e-04 2.632238e-04
2.028770e-01 6.850585e-04 2.658683e-04
2.031478e-01 1.039881e-03 2.639980e-04
2.034186e-01 9.634104e-04 2.680274e-04
2.036894e-01 7.760897e-04 2.615956e-04
2.039603e-01 6.206892e-04 2.634651e-04
2.042311e-01 8.789394e-04 2.659200e-04
2.045019e-01 8.933805e-04 2.620229e-04
2.047727e-01 1.046790e-03 2.623195e-04
2.050435e-01 8.669496e-04 2.611165e-04
2.053143e-01 1.006981e-03 2.626641e-04
2.055852e-01 1.115561e-03 2.622406e-04
2.058560e-01 5.935896e-04 2.600821e-04
2.061268e-01 1.079610e-03 2.618757e-04
2.063976e-01 1.685249e-03 2.617011e-04
2.066684e-01 9.252001e-04 2.619580e-04
2.069392e-01 3.262497e-04 2.599427e-04
2.072100e-01 1.431121e-03 2.618402e-04
2.074808e-01 1.164660e-03 2.621077e-04
2.077517e-01 6.300714e-04 2.561652e-04
2.080225e-01 1.117440e-03 2.613520e-04
2.082933e-01 7.597916e-04 2.560967e-04
2.085641e-01 9.891801e-04 2.598726e-04
2.088349e-01 6.257296e-04 2.615861e-04
2.091057e-01 1.223631e-03 2.618285e-04
2.093765e-01 9.681005e-04 2.584088e-04
2.096474e-01 9.197611e-04 2.600677e-04
2.099182e-01 9.253714e-04 2.617243e-04
2.101890e-01 6.533004e-04 2.586725e-04
2.104598e-01 1.373339e-03 2.589341e-04
2.107306e-01 1.090961e-03 2.592327e-04
2.110014e-01 8.917805e-04 2.603303e-04
2.112723e-01 6.473903e-04 2.605106e-04
2.115431e-01 4.831087e-04 2.577815e-04
2.118139e-01 1.404541e-03 2.604560e-04
2.120847e-01 1.221851e-03 2.638098e-04
2.123555e-01 7.960610e-04 2.592185e-04
2.126263e-01 6.675106e-04 2.568992e-04
2.128971e-01 1.073970e-03 2.582440e-04
2.131680e-01 1.005011e-03 2.606012e-04
2.134388e-01 8.664299e-04 2.601952e-04
2.137096e-01 9.556301e-04 2.567137e-04
2.139804e-01 1.368079e-03 2.606111e-04
2.142512e-01 1.294961e-03 2.587437e-04
2.145220e-01 6.390885e-04 2.593431e-04
2.147928e-01 8.131098e-04 2.580237e-04
2.150636e-01 1.149539e-03 2.587590e-04
2.153345e-01 7.588007e-04 2.633666e-04
2.156053e-01 1.164529e-03 2.604909e-04
2.158761e-01 1.009490e-03 2.612106e-04
2.161469e-01 1.313111e-03 2.588747e-04
2.164177e-01 1.339540e-03 2.613966e-04
2.166885e-01 1.114149e-03 2.599056e-04
2.169593e-01 9.554513e-04 2.601639e-04
2.172302e-01 6.138198e-04 2.595915e-04
2.175010e-01 8.567497e-04 2.589134e-04
2.177718e-01 9.890292e-04 2.603028e-04
2.180426e-01 1.210460e-03 2.598748e-04
2.183134e-01 7.851813e-04 2.582936e-04
2.185842e-01 1.568099e-03 2.579321e-04
2.188551e-01 1.139760e-03 2.589519e-04
2.191259e-01 1.203069e-03 2.582273e-04
2.193967e-01 6.582905e-04 2.555097e-04
2.196675e-01 7.979590e-04 2.571847e-04
2.199383e-01 1.067139e-03 2.564870e-04
2.202091e-01 9.069499e-04 2.569009e-04
2.204799e-01 1.236491e-03 2.591663e-04
2.207507e-01 8.191504e-04 2.584952e-04
2.210216e-01 9.563193e-04 2.584053e-04
2.212924e-01 9.887293e-04 2.569948e-04
2.215632e-01 1.010990e-03 2.563602e-04
2.218340e-01 4.452486e-04 2.556312e-04
2.221048e-01 1.546580e-03 2.529177e-04
2.223756e-01 1.084810e-03 2.552011e-04
2.226464e-01 5.691312e-04 2.542814e-04
2.229173e-01 8.285195e-04 2.547696e-04
2.231881e-01 6.640404e-04 2.557335e-04
2.234589e-01 8.457210e-04 2.543604e-04
2.237297e-01 9.513814e-04 2.560647e-04
2.240005e-01 1.173420e-03 2.536063e-04
2.242713e-01 9.723194e-04 2.526035e-04
2.245422e-01 1.188921e-03 2.563422e-04
2.248130e-01 5.671997e-04 2.538576e-04
2.250838e-01 9.650998e-04 2.539258e-04
2.253546e-01 1.075270e-03 2.546905e-04
2.256254e-01 1.390031e-03 2.549890e-04
2.258962e-01 5.132798e-04 2.523336e-04
2.261670e-01 8.988511e-04 2.657304e-04
2.264379e-01 8.771308e-04 2.685215e-04
2.267087e-01 3.675986e-04 2.718168e-04
2.269795e-01 9.471290e-04 2.739353e-04
2.272503e-01 7.786602e-04 2.781833e-04
2.275211e-01 9.588506e-04 2.829485e-04
2.277919e-01 7.921997e-04 2.849494e-04
2.280627e-01 5.737804e-04 2.896451e-04
2.283335e-01 9.944309e-04 2.922194e-04
2.286044e-01 7.524807e-04 2.934290e-04
2.288752e-01 9.463895e-04 2.956188e-04
2.291460e-01 8.459091e-04 2.992312e-04
2.294168e-01 1.375651e-03 3.027381e-04
2.296876e-01 1.409560e-03 3.073717e-04
2.299584e-01 1.393359e-03 3.090271e-04
2.302293e-01 7.641800e-04 3.091292e-04
2.305001e-01 6.874595e-04 3.135313e-04
2.307709e-01 1.178659e-03 3.169365e-04
2.310417e-01 1.175981e-03 3.198094e-04
2.313125e-01 3.845505e-04 3.185366e-04
2.315833e-01 5.799308e-04 3.209395e-04
2.318541e-01 9.123292e-04 3.251781e-04
2.321250e-01 4.926100e-04 3.237542e-04
2.323958e-01 6.760899e-04 3.306222e-04
2.326666e-01 8.388013e-04 3.343697e-04
2.329374e-01 1.028690e-03 3.409295e-04
2.332082e-01 1.187569e-03 3.367032e-04
2.334790e-01 1.950283e-04 3.400396e-04
2.337498e-01 1.170270e-03 3.480587e-04
2.340207e-01 1.814384e-04 3.465897e-04
2.342915e-01 1.135850e-03 3.473748e-04
2.345623e-01 1.051581e-03 3.507424e-04
2.348331e-01 6.061997e-04 3.548429e-04
2.351039e-01 1.043111e-03 3.616390e-04
2.353747e-01 7.301904e-04 3.582851e-04
2.356455e-01 1.785209e-03 3.674498e-04
2.359163e-01 3.866311e-04 3.677741e-04
2.361872e-01 1.252539e-03 3.725174e-04
2.364580e-01 6.068405e-04 3.708083e-04
2.367288e-01 6.703008e-04 3.716434e-04
2.369996e-01 1.072180e-03 3.782820e-04
2.372704e-01 9.578615e-04 3.864954e-04
2.375412e-01 5.289707e-04 3.821974e-04
2.378121e-01 1.196770e-03 3.913955e-04
2.380829e-01 6.951187e-04 3.919838e-04
2.383537e-01 6.613098e-04 4.016862e-04
2.386245e-01 2.079939e-03 4.037918e-04
2.388953e-01 1.550080e-03 4.000916e-04
2.391661e-01 6.806199e-04 4.087747e-04
2.394369e-01 -2.821796e-04 4.090946e-04
2.397078e-01 9.071697e-04 4.215691e-04
2.399786e-01 1.368059e-03 4.223459e-04
2.402494e-01 4.027691e-04 4.207333e-04
2.405202e-01 4.340094e-04 4.234053e-04
2.407910e-01 2.145022e-05 4.399357e-04
2.410618e-01 4.829485e-04 4.325365e-04
2.413326e-01 1.203770e-03 4.539560e-04
2.416034e-01 1.139170e-03 4.430534e-04
2.418743e-01 2.292190e-04 4.577840e-04
2.421451e-01 1.763459e-03 4.678471e-04
2.424159e-01 4.981104e-04 4.603248e-04
2.426867e-01 3.178697e-04 4.560722e-04
2.429575e-01 8.119699e-04 4.806159e-04
2.432283e-01 9.553600e-04 4.768497e-04
2.434992e-01 4.641600e-04 4.802530e-04
2.437700e-01 1.238480e-03 4.919307e-04
2.440408e-01 1.407871e-03 5.009583e-04
2.443116e-01 7.068608e-04 5.038671e-04
2.445824e-01 2.075005e-04 5.064235e-04
2.448532e-01 3.725495e-04 5.122808e-04
2.451240e-01 2.441388e-04 5.293308e-04
2.453949e-01 6.639399e-04 5.370020e-04
2.456657e-01 9.661987e-04 5.367787e-04
2.459365e-01 5.827006e-04 5.478859e-04
2.462073e-01 8.893684e-04 5.447369e-04
2.464781e-01 7.464103e-04 5.730554e-04
2.467489e-01 4.415698e-04 5.772578e-04
2.470197e-01 9.681992e-04 5.761488e-04
2.472906e-01 1.186879e-03 5.803402e-04
2.475614e-01 2.427697e-04 5.961096e-04
2.478322e-01 9.330790e-04 6.133688e-04
2.481030e-01 1.090460e-03 6.111236e-04
2.483738e-01 9.231903e-04 6.266419e-04
2.486446e-01 7.005408e-04 6.433522e-04
2.489154e-01 1.586990e-03 6.684963e-04
2.491863e-01 8.106697e-04 6.675999e-04
2.494571e-01 3.658403e-04 6.761153e-04
2.497279e-01 1.546791e-03 7.166232e-04
2.499987e-01 1.375500e-03 7.321170e-04
2.502695e-01 -2.540313e-04 7.262141e-04
2.505403e-01 3.845599e-04 7.457430e-04
2.508111e-01 9.582005e-05 7.464925e-04
2.510819e-01 7.781107e-04 7.976376e-04
2.513528e-01 1.417499e-03 8.116039e-04
2.516236e-01 2.197590e-03 8.174149e-04
2.518944e-01 1.716580e-03 8.534931e-04
2.521652e-01 5.197302e-04 9.235241e-04
2.524360e-01 1.157891e-03 9.261332e-04
2.527068e-01 1.328580e-03 9.213387e-04
2.529776e-01 -7.642992e-05 9.797747e-04
2.532485e-01 7.117298e-04 9.848251e-04
2.535193e-01 2.876511e-03 1.018669e-03
2.537901e-01 5.331114e-04 1.024547e-03
2.540609e-01 -2.481900e-04 1.009713e-03
2.543317e-01 1.576804e-04 1.079157e-03
2.546025e-01 1.746280e-03 1.102701e-03
2.548733e-01 -3.010705e-04 1.127716e-03
2.551441e-01 5.976185e-04 1.180394e-03
2.554150e-01 2.480421e-03 1.308201e-03
2.556858e-01 -2.692480e-03 1.309235e-03
2.559566e-01 3.226241e-03 1.441394e-03
2.562274e-01 5.410984e-05 1.493589e-03
2.564982e-01 6.659385e-04 1.613439e-03
2.567690e-01 -2.429210e-03 1.849947e-03
2.570398e-01 2.740949e-03 2.108943e-03
2.573107e-01 -7.265061e-05 2.111272e-03
2.575815e-01 1.194330e-03 3.147892e-03
2.578523e-01 2.016630e-03 3.556161e-03
2.581231e-01 -7.069111e-03 5.611932e-03
