3.286826e-03 -1.317959e-01 0.000000e+00
3.557641e-03 -5.489302e-02 8.879486e-02
3.828455e-03 -7.860088e-02 5.535682e-02
4.099269e-03 -6.484079e-02 4.307089e-02
4.370084e-03 -3.954196e-02 3.267114e-02
4.640898e-03 -1.398087e-02 2.273937e-02
4.911712e-03 -2.957988e-02 1.928756e-02
5.182527e-03 -6.456971e-03 1.482286e-02
5.453341e-03 -1.257801e-02 1.383579e-02
5.724155e-03 -6.244063e-03 1.061695e-02
5.994970e-03 -2.985954e-03 9.207359e-03
6.265784e-03 6.596982e-03 7.586104e-03
6.536598e-03 -3.586233e-03 6.257531e-03
6.807412e-03 -1.121622e-02 5.698974e-03
7.078227e-03 7.227004e-03 4.934361e-03
7.349041e-03 3.710330e-03 4.271229e-03
7.619855e-03 5.016208e-03 3.746119e-03
7.890671e-03 7.780999e-03 3.270511e-03
8.161485e-03 5.731702e-03 3.142499e-03
8.432299e-03 8.110702e-03 2.827168e-03
8.703114e-03 5.255580e-03 2.590550e-03
8.973928e-03 1.105401e-02 2.395511e-03
9.244742e-03 1.240599e-02 2.256517e-03
9.515557e-03 8.836493e-03 2.067720e-03
9.786371e-03 1.105860e-02 1.903511e-03
1.005718e-02 1.029679e-02 1.828255e-03
1.032800e-02 1.162641e-02 1.705722e-03
1.059881e-02 1.062381e-02 1.595156e-03
1.086963e-02 1.106520e-02 1.513941e-03
1.114044e-02 1.541930e-02 1.431859e-03
1.141126e-02 1.110530e-02 1.362635e-03
1.168207e-02 1.295100e-02 1.283989e-03
1.195289e-02 1.490909e-02 1.249972e-03
1.222370e-02 1.590049e-02 1.200618e-03
1.249451e-02 1.379520e-02 1.122096e-03
1.276533e-02 1.148130e-02 1.095248e-03
1.303614e-02 1.613400e-02 1.036735e-03
1.330696e-02 1.571933e-02 1.007526e-03
1.357777e-02 1.429773e-02 9.888024e-04
1.384859e-02 1.576257e-02 9.336795e-04
1.411940e-02 1.558614e-02 9.207838e-04
1.439021e-02 1.400097e-02 8.779680e-04
1.466103e-02 1.359559e-02 8.510640e-04
1.493184e-02 1.417919e-02 8.410474e-04
1.520266e-02 1.530737e-02 8.092710e-04
1.547347e-02 1.551367e-02 7.817168e-04
1.574429e-02 1.558392e-02 7.538223e-04
1.601510e-02 1.582840e-02 7.577784e-04
1.628591e-02 1.400062e-02 7.369190e-04
1.655673e-02 1.493364e-02 7.031908e-04
1.682754e-02 1.574540e-02 6.915835e-04
1.709836e-02 1.426799e-02 6.829418e-04
1.736917e-02 1.484992e-02 6.703714e-04
1.763999e-02 1.458143e-02 6.601879e-04
1.791080e-02 1.542327e-02 6.342668e-04
1.818161e-02 1.464295e-02 6.418500e-04
1.845243e-02 1.407292e-02 6.401061e-04
1.872324e-02 1.515713e-02 6.289048e-04
1.899406e-02 1.449567e-02 6.174046e-04
1.926487e-02 1.466127e-02 6.244658e-04
1.953569e-02 1.480907e-02 6.110050e-04
1.980650e-02 1.473272e-02 6.190311e-04
2.007731e-02 1.500295e-02 6.003348e-04
2.034813e-02 1.373113e-02 5.848990e-04
2.061894e-02 1.515049e-02 5.943261e-04
2.088976e-02 1.425452e-02 5.866408e-04
2.116057e-02 1.423294e-02 5.823878e-04
2.143139e-02 1.440294e-02 5.743380e-04
2.170220e-02 1.614785e-02 5.692020e-04
2.197302e-02 1.427676e-02 5.682394e-04
2.224383e-02 1.532991e-02 5.565115e-04
2.251465e-02 1.332465e-02 5.464702e-04
2.278546e-02 1.465906e-02 5.309062e-04
2.305627e-02 1.445217e-02 5.351228e-04
2.332709e-02 1.529525e-02 5.237891e-04
2.359790e-02 1.525362e-02 5.088208e-04
2.386872e-02 1.366668e-02 5.078378e-04
2.413953e-02 1.516577e-02 4.988939e-04
2.441034e-02 1.493399e-02 4.939420e-04
2.468116e-02 1.389732e-02 4.940607e-04
2.495197e-02 1.536057e-02 4.806992e-04
2.522279e-02 1.410176e-02 4.844234e-04
2.549360e-02 1.451079e-02 4.676430e-04
2.576442e-02 1.459604e-02 4.667605e-04
2.603523e-02 1.355384e-02 4.656778e-04
2.630604e-02 1.310345e-02 4.572575e-04
2.657686e-02 1.405243e-02 4.567707e-04
2.684767e-02 1.388771e-02 4.446863e-04
2.711849e-02 1.416275e-02 4.418241e-04
2.738930e-02 1.323460e-02 4.494707e-04
2.766012e-02 1.411173e-02 4.380773e-04
2.793093e-02 1.376045e-02 4.334905e-04
2.820175e-02 1.398672e-02 4.295752e-04
2.847256e-02 1.399797e-02 4.212964e-04
2.874337e-02 1.379090e-02 4.216761e-04
2.901419e-02 1.342423e-02 4.110040e-04
2.928500e-02 1.290744e-02 4.102718e-04
2.955582e-02 1.300830e-02 4.016394e-04
2.982663e-02 1.261385e-02 4.102194e-04
3.009745e-02 1.301236e-02 4.047859e-04
3.036826e-02 1.320819e-02 3.983903e-04
3.063907e-02 1.317443e-02 4.002522e-04
3.090989e-02 1.321410e-02 3.936103e-04
3.118070e-02 1.281343e-02 3.935019e-04
3.145152e-02 1.336483e-02 3.900793e-04
3.172233e-02 1.277652e-02 3.875020e-04
3.199315e-02 1.254249e-02 3.817263e-04
3.226396e-02 1.300861e-02 3.853445e-04
3.253478e-02 1.272344e-02 3.823711e-04
3.280559e-02 1.231190e-02 3.801458e-04
3.307641e-02 1.168430e-02 3.751000e-04
3.334722e-02 1.337970e-02 3.753421e-04
3.361803e-02 1.259754e-02 3.720941e-04
3.388885e-02 1.292504e-02 3.670702e-04
3.415966e-02 1.191779e-02 3.684968e-04
3.443048e-02 1.206809e-02 3.674016e-04
3.470129e-02 1.195901e-02 3.625502e-04
3.497211e-02 1.243656e-02 3.619721e-04
3.524292e-02 1.197398e-02 3.597734e-04
3.551374e-02 1.200454e-02 3.610865e-04
3.578455e-02 1.248185e-02 3.552827e-04
3.605536e-02 1.256575e-02 3.498882e-04
3.632618e-02 1.142560e-02 3.559520e-04
3.659699e-02 1.192462e-02 3.516813e-04
3.686780e-02 1.095271e-02 3.470342e-04
3.713862e-02 1.256958e-02 3.421129e-04
3.740944e-02 1.167327e-02 3.431002e-04
3.768025e-02 1.140101e-02 3.423386e-04
3.795106e-02 1.089659e-02 3.402529e-04
3.822188e-02 1.086419e-02 3.403509e-04
3.849269e-02 1.106641e-02 3.361640e-04
3.876351e-02 1.192057e-02 3.352283e-04
3.903432e-02 1.128062e-02 3.375000e-04
3.930514e-02 1.079052e-02 3.328172e-04
3.957595e-02 1.103787e-02 3.303338e-04
3.984676e-02 1.047048e-02 3.278555e-04
4.011758e-02 1.113149e-02 3.262261e-04
4.038839e-02 1.064396e-02 3.268152e-04
4.065921e-02 1.085380e-02 3.240288e-04
4.093002e-02 1.025246e-02 3.226463e-04
4.120084e-02 1.051334e-02 3.209832e-04
4.147165e-02 1.064039e-02 3.224614e-04
4.174246e-02 1.072374e-02 3.210619e-04
4.201328e-02 1.057686e-02 3.158104e-04
4.228409e-02 1.013479e-02 3.159083e-04
4.255491e-02 1.054127e-02 3.141267e-04
4.282572e-02 1.032093e-02 3.143031e-04
4.309653e-02 9.978391e-03 3.071860e-04
4.336735e-02 1.036967e-02 3.119357e-04
4.363817e-02 1.003140e-02 3.097095e-04
4.390898e-02 1.005624e-02 3.093423e-04
4.417979e-02 9.774920e-03 3.095558e-04
4.445061e-02 9.843569e-03 3.062579e-04
4.472142e-02 9.465721e-03 3.049096e-04
4.499224e-02 1.015221e-02 3.057083e-04
4.526305e-02 1.000521e-02 3.053892e-04
4.553387e-02 9.635773e-03 2.986120e-04
4.580468e-02 9.439290e-03 3.008793e-04
4.607549e-02 9.168830e-03 2.982676e-04
4.634631e-02 9.579029e-03 2.976184e-04
4.661712e-02 9.040628e-03 2.986866e-04
4.688794e-02 9.403449e-03 2.962701e-04
4.715875e-02 9.696968e-03 2.950196e-04
4.742957e-02 9.555738e-03 2.925807e-04
4.770038e-02 9.395558e-03 2.892981e-04
4.797119e-02 8.927990e-03 2.882555e-04
4.824201e-02 9.150408e-03 2.860797e-04
4.851282e-02 8.918040e-03 2.905447e-04
4.878364e-02 8.550160e-03 2.852803e-04
4.905445e-02 8.696113e-03 2.837569e-04
4.932526e-02 9.292692e-03 2.832500e-04
4.959608e-02 8.560739e-03 2.828547e-04
4.986690e-02 8.921951e-03 2.829255e-04
5.013771e-02 8.681793e-03 2.812000e-04
5.040852e-02 8.960791e-03 2.803175e-04
5.067934e-02 8.157089e-03 2.797390e-04
5.095015e-02 8.410480e-03 2.772352e-04
5.122096e-02 8.433059e-03 2.808765e-04
5.149178e-02 8.246720e-03 2.771453e-04
5.176260e-02 8.138590e-03 2.765481e-04
5.203341e-02 8.261830e-03 2.796725e-04
5.230422e-02 8.525919e-03 2.734106e-04
5.257504e-02 8.558251e-03 2.753019e-04
5.284585e-02 8.551598e-03 2.718863e-04
5.311667e-02 8.548189e-03 2.724282e-04
5.338748e-02 8.127820e-03 2.757906e-04
5.365830e-02 7.656667e-03 2.728898e-04
5.392911e-02 8.310039e-03 2.762921e-04
5.419992e-02 7.879600e-03 2.782257e-04
5.447074e-02 7.513721e-03 2.768089e-04
5.474155e-02 8.126460e-03 2.815128e-04
5.501237e-02 7.480137e-03 2.834543e-04
5.528318e-02 7.472958e-03 2.868975e-04
5.555400e-02 7.908270e-03 2.905798e-04
5.582481e-02 7.359132e-03 2.883112e-04
5.609563e-02 7.059038e-03 2.912812e-04
5.636644e-02 7.651042e-03 2.925750e-04
5.663725e-02 7.152528e-03 2.937517e-04
5.690807e-02 7.165931e-03 2.940928e-04
5.717888e-02 7.409960e-03 2.926876e-04
5.744969e-02 7.005941e-03 2.941514e-04
5.772051e-02 7.636521e-03 2.927407e-04
5.799133e-02 7.227458e-03 2.919022e-04
5.826214e-02 7.808970e-03 2.951828e-04
5.853295e-02 6.855750e-03 2.927718e-04
5.880377e-02 7.313348e-03 2.950818e-04
5.907458e-02 7.197378e-03 2.942340e-04
5.934540e-02 6.551892e-03 2.950290e-04
5.961621e-02 7.440599e-03 2.966021e-04
5.988703e-02 7.125478e-03 2.981513e-04
6.015784e-02 6.914971e-03 2.965564e-04
6.042865e-02 6.721409e-03 2.939385e-04
6.069947e-02 6.977420e-03 2.908805e-04
6.097028e-02 6.631531e-03 2.927637e-04
6.124110e-02 6.866319e-03 2.867872e-04
6.151191e-02 6.319560e-03 2.848406e-04
6.178273e-02 6.357122e-03 2.858122e-04
6.205354e-02 6.944669e-03 2.830461e-04
6.232436e-02 7.158471e-03 2.840112e-04
6.259517e-02 6.454499e-03 2.814772e-04
6.286598e-02 6.555488e-03 2.813420e-04
6.313679e-02 6.176380e-03 2.809883e-04
6.340761e-02 6.745260e-03 2.816634e-04
6.367842e-02 6.650770e-03 2.781230e-04
6.394923e-02 6.790221e-03 2.777903e-04
6.422005e-02 6.628539e-03 2.816291e-04
6.449086e-02 6.376481e-03 2.810464e-04
6.476168e-02 6.279690e-03 2.751807e-04
6.503250e-02 5.979778e-03 2.793862e-04
6.530331e-02 5.736291e-03 2.758190e-04
6.557412e-02 5.932430e-03 2.754134e-04
6.584494e-02 5.668689e-03 2.761129e-04
6.611575e-02 6.104421e-03 2.749798e-04
6.638657e-02 5.513579e-03 2.752699e-04
6.665738e-02 5.759571e-03 2.715851e-04
6.692819e-02 6.290041e-03 2.747890e-04
6.719901e-02 6.042579e-03 2.717881e-04
6.746982e-02 5.605141e-03 2.709437e-04
6.774063e-02 5.257502e-03 2.749403e-04
6.801146e-02 6.006289e-03 2.721396e-04
6.828227e-02 5.749710e-03 2.693499e-04
6.855308e-02 5.739519e-03 2.709505e-04
6.882390e-02 5.412441e-03 2.708430e-04
6.909471e-02 5.487671e-03 2.726547e-04
6.936552e-02 5.669149e-03 2.663136e-04
6.963634e-02 5.355861e-03 2.688186e-04
6.990715e-02 5.488101e-03 2.696377e-04
7.017796e-02 4.933510e-03 2.672172e-04
7.044878e-02 5.583551e-03 2.664047e-04
7.071959e-02 5.573791e-03 2.642917e-04
7.099041e-02 5.305389e-03 2.685912e-04
7.126123e-02 5.009770e-03 2.642598e-04
7.153204e-02 5.294129e-03 2.627609e-04
7.180285e-02 5.019119e-03 2.633582e-04
7.207367e-02 5.136229e-03 2.629439e-04
7.234448e-02 5.940950e-03 2.634958e-04
7.261530e-02 5.044682e-03 2.643005e-04
7.288611e-02 4.521608e-03 2.615687e-04
7.315692e-02 5.106529e-03 2.605071e-04
7.342774e-02 5.395990e-03 2.613766e-04
7.369855e-02 5.048512e-03 2.636240e-04
7.396936e-02 5.231429e-03 2.595736e-04
7.424019e-02 4.605399e-03 2.610883e-04
7.451100e-02 4.889069e-03 2.614937e-04
7.478181e-02 4.752940e-03 2.576332e-04
7.505263e-02 4.671900e-03 2.583753e-04
7.532344e-02 4.399411e-03 2.623293e-04
7.559425e-02 5.289022e-03 2.588733e-04
7.586507e-02 5.332530e-03 2.602589e-04
7.613588e-02 5.093640e-03 2.595680e-04
7.640669e-02 4.713189e-03 2.556906e-04
7.667751e-02 4.467919e-03 2.591963e-04
7.694832e-02 4.679482e-03 2.565087e-04
7.721914e-02 4.451139e-03 2.569005e-04
7.748996e-02 4.762908e-03 2.569284e-04
7.776077e-02 4.460068e-03 2.540932e-04
7.803158e-02 4.558310e-03 2.571870e-04
7.830240e-02 4.601900e-03 2.554201e-04
7.857321e-02 4.660320e-03 2.533580e-04
7.884403e-02 4.284939e-03 2.540537e-04
7.911484e-02 4.439209e-03 2.545842e-04
7.938565e-02 4.408149e-03 2.540166e-04
7.965647e-02 4.482191e-03 2.524650e-04
7.992728e-02 4.828800e-03 2.521732e-04
8.019809e-02 4.760580e-03 2.521590e-04
8.046892e-02 4.052119e-03 2.517634e-04
8.073973e-02 4.344489e-03 2.514419e-04
8.101054e-02 4.627341e-03 2.513201e-04
8.128136e-02 3.918510e-03 2.500881e-04
8.155217e-02 3.825119e-03 2.528637e-04
8.182298e-02 4.332319e-03 2.491940e-04
8.209380e-02 4.164660e-03 2.482512e-04
8.236461e-02 4.274450e-03 2.482017e-04
8.263543e-02 4.273681e-03 2.487356e-04
8.290624e-02 3.742339e-03 2.498405e-04
8.317705e-02 4.452821e-03 2.457794e-04
8.344787e-02 3.859939e-03 2.489998e-04
8.371869e-02 4.258310e-03 2.485036e-04
8.398950e-02 3.460439e-03 2.464417e-04
8.426031e-02 4.175231e-03 2.497439e-04
8.453113e-02 4.496610e-03 2.458208e-04
8.480194e-02 4.000328e-03 2.463006e-04
8.507276e-02 4.331341e-03 2.457637e-04
8.534357e-02 3.774390e-03 2.448168e-04
8.561438e-02 3.630560e-03 2.447102e-04
8.588520e-02 3.604868e-03 2.439357e-04
8.615601e-02 3.985640e-03 2.442277e-04
8.642682e-02 3.743341e-03 2.429600e-04
8.669765e-02 4.051669e-03 2.423583e-04
8.696846e-02 3.710190e-03 2.432235e-04
8.723927e-02 3.706472e-03 2.419567e-04
8.751009e-02 3.710847e-03 2.426448e-04
8.778090e-02 3.666349e-03 2.411181e-04
8.805171e-02 3.358228e-03 2.415136e-04
8.832253e-02 3.760181e-03 2.410721e-04
8.859334e-02 3.723741e-03 2.410768e-04
8.886416e-02 3.981812e-03 2.394484e-04
8.913497e-02 3.470439e-03 2.403069e-04
8.940578e-02 4.001588e-03 2.396601e-04
8.967660e-02 3.753860e-03 2.408693e-04
8.994742e-02 3.731869e-03 2.404713e-04
9.021823e-02 3.788419e-03 2.378856e-04
9.048904e-02 3.621319e-03 2.381058e-04
9.075986e-02 3.807008e-03 2.394228e-04
9.103067e-02 3.507491e-03 2.377159e-04
9.130149e-02 3.441898e-03 2.366677e-04
9.157230e-02 3.659768e-03 2.369187e-04
9.184311e-02 3.450060e-03 2.384806e-04
9.211393e-02 3.650390e-03 2.350592e-04
9.238474e-02 3.361270e-03 2.347049e-04
9.265555e-02 3.455840e-03 2.384339e-04
9.292637e-02 3.212282e-03 2.352763e-04
9.319719e-02 3.614321e-03 2.391882e-04
9.346800e-02 3.443889e-03 2.363919e-04
9.373882e-02 3.071381e-03 2.344248e-04
9.400963e-02 3.297521e-03 2.352137e-04
9.428044e-02 3.274359e-03 2.341358e-04
9.455126e-02 3.177971e-03 2.350998e-04
9.482207e-02 3.225112e-03 2.333889e-04
9.509289e-02 3.279570e-03 2.347567e-04
9.536370e-02 2.984168e-03 2.345657e-04
9.563451e-02 3.150921e-03 2.297390e-04
9.590533e-02 3.450530e-03 2.331001e-04
9.617615e-02 2.938770e-03 2.311342e-04
9.644696e-02 2.985630e-03 2.316773e-04
9.671777e-02 3.466712e-03 2.322467e-04
9.698859e-02 3.165899e-03 2.293915e-04
9.725940e-02 3.227720e-03 2.321704e-04
9.753022e-02 2.745980e-03 2.297618e-04
9.780103e-02 3.219161e-03 2.330867e-04
9.807184e-02 3.158880e-03 2.297317e-04
9.834266e-02 3.082961e-03 2.297343e-04
9.861347e-02 3.073551e-03 2.324123e-04
9.888428e-02 2.960069e-03 2.277925e-04
9.915510e-02 3.158921e-03 2.305045e-04
9.942592e-02 3.331339e-03 2.283154e-04
9.969673e-02 3.002930e-03 2.288838e-04
9.996755e-02 2.836550e-03 2.291990e-04
1.002384e-01 3.362391e-03 2.279672e-04
1.005092e-01 3.241541e-03 2.270870e-04
1.007800e-01 2.456509e-03 2.278531e-04
1.010508e-01 3.282771e-03 2.286287e-04
1.013216e-01 2.721028e-03 2.276992e-04
1.015924e-01 2.684221e-03 2.260375e-04
1.018632e-01 2.664730e-03 2.276546e-04
1.021341e-01 2.912471e-03 2.253846e-04
1.024049e-01 2.978500e-03 2.276570e-04
1.026757e-01 3.454491e-03 2.254147e-04
1.029465e-01 2.119191e-03 2.242050e-04
1.032173e-01 2.967471e-03 2.256639e-04
1.034881e-01 2.846139e-03 2.235879e-04
1.037589e-01 2.358880e-03 2.237001e-04
1.040298e-01 2.810031e-03 2.242134e-04
1.043006e-01 2.682121e-03 2.241894e-04
1.045714e-01 2.573820e-03 2.245409e-04
1.048422e-01 2.880281e-03 2.225037e-04
1.051130e-01 2.663298e-03 2.224113e-04
1.053838e-01 2.471572e-03 2.233214e-04
1.056546e-01 2.406958e-03 2.229798e-04
1.059255e-01 2.476279e-03 2.211054e-04
1.061963e-01 2.826989e-03 2.232549e-04
1.064671e-01 3.104379e-03 2.215903e-04
1.067379e-01 2.541699e-03 2.206843e-04
1.070087e-01 2.535960e-03 2.224654e-04
1.072795e-01 2.732258e-03 2.189433e-04
1.075503e-01 2.918651e-03 2.206678e-04
1.078212e-01 2.760600e-03 2.210837e-04
1.080920e-01 2.354482e-03 2.203122e-04
1.083628e-01 2.646040e-03 2.203731e-04
1.086336e-01 2.761722e-03 2.201135e-04
1.089044e-01 2.805930e-03 2.204392e-04
1.091752e-01 2.632210e-03 2.200280e-04
1.094460e-01 2.548900e-03 2.180252e-04
1.097169e-01 2.051931e-03 2.199406e-04
1.099877e-01 2.401160e-03 2.193599e-04
1.102585e-01 2.686389e-03 2.198802e-04
1.105293e-01 2.153721e-03 2.204910e-04
1.108001e-01 2.555881e-03 2.244381e-04
1.110709e-01 2.427207e-03 2.250746e-04
1.113417e-01 2.350481e-03 2.239660e-04
1.116126e-01 2.319301e-03 2.261553e-04
1.118834e-01 2.058320e-03 2.269167e-04
1.121542e-01 1.889549e-03 2.283941e-04
1.124250e-01 2.321841e-03 2.326398e-04
1.126958e-01 2.196841e-03 2.309753e-04
1.129666e-01 2.786571e-03 2.331015e-04
1.132374e-01 2.488101e-03 2.367309e-04
1.135083e-01 1.962630e-03 2.386332e-04
1.137791e-01 2.003692e-03 2.381074e-04
1.140499e-01 2.573090e-03 2.386397e-04
1.143207e-01 2.449671e-03 2.435108e-04
1.145915e-01 2.550391e-03 2.414681e-04
1.148623e-01 1.933580e-03 2.469281e-04
1.151332e-01 2.162090e-03 2.448608e-04
1.154040e-01 2.031939e-03 2.459621e-04
1.156748e-01 2.387289e-03 2.493155e-04
1.159456e-01 2.010269e-03 2.495322e-04
1.162164e-01 2.146240e-03 2.511781e-04
1.164872e-01 2.510348e-03 2.516024e-04
1.167580e-01 2.325142e-03 2.552057e-04
1.170288e-01 2.233101e-03 2.532269e-04
1.172997e-01 2.069660e-03 2.524408e-04
1.175705e-01 1.937661e-03 2.548246e-04
1.178413e-01 2.131833e-03 2.577715e-04
1.181121e-01 1.844071e-03 2.536733e-04
1.183829e-01 2.815232e-03 2.512464e-04
1.186537e-01 2.347231e-03 2.499896e-04
1.189246e-01 2.522839e-03 2.498674e-04
1.191954e-01 1.913821e-03 2.478813e-04
1.194662e-01 1.983890e-03 2.501463e-04
1.197370e-01 2.211340e-03 2.460032e-04
1.200078e-01 2.490081e-03 2.492127e-04
1.202786e-01 2.127422e-03 2.455761e-04
1.205494e-01 2.402142e-03 2.462429e-04
1.208202e-01 2.438810e-03 2.481072e-04
1.210911e-01 1.965391e-03 2.456698e-04
1.213619e-01 2.114488e-03 2.487203e-04
1.216327e-01 1.881940e-03 2.464739e-04
1.219035e-01 2.581501e-03 2.478916e-04
1.221743e-01 2.329020e-03 2.465223e-04
1.224451e-01 1.770629e-03 2.459997e-04
1.227160e-01 2.428640e-03 2.487560e-04
1.229868e-01 1.922639e-03 2.444019e-04
1.232576e-01 1.413980e-03 2.462801e-04
1.235284e-01 1.484530e-03 2.468260e-04
1.237992e-01 2.021998e-03 2.460947e-04
1.240700e-01 1.623711e-03 2.465558e-04
1.243408e-01 1.995400e-03 2.440680e-04
1.246117e-01 2.549741e-03 2.472292e-04
1.248825e-01 1.835831e-03 2.443871e-04
1.251533e-01 1.937829e-03 2.441415e-04
1.254241e-01 1.691302e-03 2.433913e-04
1.256949e-01 1.902301e-03 2.435913e-04
1.259657e-01 1.776811e-03 2.435258e-04
1.262365e-01 1.436230e-03 2.425575e-04
1.265074e-01 1.925491e-03 2.415261e-04
1.267782e-01 1.493081e-03 2.420738e-04
1.270490e-01 1.547638e-03 2.410934e-04
1.273198e-01 1.714928e-03 2.404475e-04
1.275906e-01 1.849761e-03 2.396476e-04
1.278614e-01 1.861721e-03 2.406120e-04
1.281322e-01 1.814242e-03 2.402583e-04
1.284031e-01 1.978530e-03 2.381669e-04
1.286739e-01 1.577269e-03 2.433660e-04
1.289447e-01 1.957981e-03 2.388389e-04
1.292155e-01 1.750110e-03 2.399465e-04
1.294863e-01 1.515441e-03 2.385714e-04
1.297571e-01 2.086220e-03 2.396054e-04
1.300279e-01 2.046721e-03 2.394349e-04
1.302988e-01 2.063381e-03 2.383568e-04
1.305696e-01 1.916429e-03 2.389131e-04
1.308404e-01 1.444791e-03 2.371160e-04
1.311112e-01 1.629721e-03 2.382947e-04
1.313820e-01 1.966020e-03 2.380647e-04
1.316528e-01 1.695892e-03 2.388691e-04
1.319236e-01 1.709139e-03 2.385077e-04
1.321945e-01 1.101920e-03 2.371351e-04
1.324653e-01 1.548940e-03 2.383419e-04
1.327361e-01 1.837840e-03 2.368330e-04
1.330069e-01 1.977529e-03 2.393019e-04
1.332777e-01 1.641059e-03 2.376698e-04
1.335485e-01 1.658741e-03 2.358387e-04
1.338193e-01 1.888050e-03 2.389461e-04
1.340902e-01 1.375558e-03 2.351287e-04
1.343610e-01 1.280040e-03 2.356698e-04
1.346318e-01 1.575248e-03 2.351443e-04
1.349026e-01 1.753289e-03 2.343148e-04
1.351734e-01 1.019470e-03 2.357617e-04
1.354442e-01 1.740988e-03 2.349487e-04
1.357151e-01 1.736419e-03 2.354917e-04
1.359859e-01 1.645481e-03 2.349095e-04
1.362567e-01 1.849430e-03 2.345040e-04
1.365275e-01 1.947330e-03 2.340307e-04
1.367983e-01 1.912339e-03 2.318870e-04
1.370691e-01 1.580080e-03 2.363985e-04
1.373399e-01 1.779672e-03 2.371468e-04
1.376107e-01 1.840241e-03 2.405250e-04
1.378816e-01 1.524881e-03 2.413053e-04
1.381524e-01 1.660800e-03 2.424236e-04
1.384232e-01 1.565060e-03 2.458595e-04
1.386940e-01 1.428310e-03 2.454081e-04
1.389648e-01 1.055479e-03 2.498549e-04
1.392356e-01 1.012251e-03 2.491047e-04
1.395064e-01 1.599060e-03 2.485583e-04
1.397773e-01 1.651229e-03 2.489475e-04
1.400481e-01 1.404690e-03 2.482480e-04
1.403189e-01 1.909029e-03 2.535551e-04
1.405897e-01 1.639711e-03 2.532537e-04
1.408605e-01 1.362879e-03 2.531369e-04
1.411313e-01 1.534691e-03 2.544910e-04
1.414021e-01 1.254659e-03 2.544920e-04
1.416730e-01 1.427080e-03 2.584713e-04
1.419438e-01 1.442950e-03 2.556736e-04
1.422146e-01 1.283400e-03 2.585562e-04
1.424854e-01 1.804130e-03 2.589005e-04
1.427562e-01 1.684900e-03 2.565984e-04
1.430270e-01 1.156190e-03 2.580593e-04
1.432979e-01 1.752712e-03 2.588637e-04
1.435687e-01 1.449250e-03 2.590195e-04
1.438395e-01 1.496011e-03 2.608108e-04
1.441103e-01 1.691161e-03 2.626063e-04
1.443811e-01 2.069982e-03 2.617591e-04
1.446519e-01 1.487080e-03 2.600414e-04
1.449227e-01 1.260489e-03 2.657040e-04
1.451935e-01 1.144089e-03 2.628148e-04
1.454644e-01 1.845820e-03 2.655797e-04
1.457352e-01 1.337791e-03 2.661765e-04
1.460060e-01 1.336960e-03 2.635531e-04
1.462768e-01 1.456030e-03 2.683677e-04
1.465476e-01 1.114151e-03 2.676654e-04
1.468184e-01 1.316691e-03 2.699824e-04
1.470892e-01 1.761319e-03 2.681743e-04
1.473601e-01 1.185009e-03 2.693712e-04
1.476309e-01 1.506779e-03 2.717597e-04
1.479017e-01 1.348870e-03 2.686548e-04
1.481725e-01 1.277721e-03 2.707753e-04
1.484433e-01 1.131779e-03 2.672205e-04
1.487141e-01 1.484610e-03 2.676550e-04
1.489850e-01 1.289239e-03 2.661709e-04
1.492558e-01 5.287100e-04 2.692068e-04
1.495266e-01 1.304179e-03 2.687365e-04
1.497974e-01 1.082649e-03 2.669818e-04
1.500682e-01 1.787180e-03 2.664619e-04
1.503390e-01 1.523770e-03 2.672739e-04
1.506098e-01 1.057630e-03 2.648334e-04
1.508806e-01 1.307210e-03 2.658388e-04
1.511515e-01 9.622611e-04 2.687281e-04
1.514223e-01 1.626179e-03 2.678226e-04
1.516931e-01 1.173569e-03 2.666947e-04
1.519639e-01 1.329981e-03 2.662500e-04
1.522347e-01 1.246311e-03 2.700436e-04
1.525055e-01 9.615291e-04 2.661715e-04
1.527763e-01 1.292780e-03 2.702783e-04
1.530472e-01 1.578361e-03 2.654702e-04
1.533180e-01 8.654296e-04 2.679789e-04
1.535888e-01 1.811700e-03 2.684720e-04
1.538596e-01 1.077540e-03 2.671552e-04
1.541304e-01 1.086280e-03 2.700836e-04
1.544012e-01 1.563320e-03 2.660548e-04
1.546721e-01 1.394480e-03 2.699193e-04
1.549429e-01 1.174910e-03 2.709097e-04
1.552137e-01 1.252022e-03 2.669413e-04
1.554845e-01 7.577091e-04 2.665375e-04
1.557553e-01 1.883000e-03 2.665581e-04
1.560261e-01 1.837591e-03 2.695543e-04
1.562969e-01 1.060080e-03 2.660561e-04
1.565678e-01 1.147320e-03 2.678591e-04
1.568386e-01 1.327170e-03 2.690426e-04
1.571094e-01 9.135492e-04 2.693544e-04
1.573802e-01 9.930395e-04 2.698737e-04
1.576510e-01 8.565187e-04 2.672399e-04
1.579218e-01 1.164470e-03 2.695527e-04
1.581926e-01 1.226261e-03 2.670156e-04
1.584634e-01 1.233369e-03 2.673569e-04
1.587343e-01 8.388590e-04 2.691711e-04
1.590051e-01 1.557911e-03 2.665454e-04
1.592759e-01 1.387989e-03 2.675999e-04
1.595467e-01 1.032220e-03 2.680551e-04
1.598175e-01 1.136679e-03 2.684252e-04
1.600883e-01 1.061721e-03 2.652149e-04
1.603591e-01 1.413820e-03 2.670209e-04
1.606300e-01 1.344241e-03 2.655051e-04
1.609008e-01 1.341769e-03 2.648660e-04
1.611716e-01 9.337310e-04 2.641686e-04
1.614424e-01 1.557011e-03 2.644303e-04
1.617132e-01 1.286650e-03 2.673825e-04
1.619840e-01 1.012521e-03 2.647914e-04
1.622549e-01 1.157381e-03 2.655380e-04
1.625257e-01 1.172449e-03 2.653165e-04
1.627965e-01 8.429084e-04 2.639718e-04
1.630673e-01 1.348691e-03 2.666562e-04
1.633381e-01 1.059161e-03 2.652794e-04
1.636089e-01 8.608103e-04 2.649025e-04
1.638797e-01 9.059794e-04 2.664298e-04
1.641506e-01 9.538494e-04 2.651056e-04
1.644214e-01 1.227191e-03 2.658027e-04
1.646922e-01 1.763821e-03 2.660628e-04
1.649630e-01 7.029716e-04 2.639687e-04
1.652338e-01 1.222430e-03 2.670186e-04
1.655046e-01 9.274893e-04 2.666316e-04
1.657754e-01 8.775704e-04 2.649713e-04
1.660462e-01 8.830298e-04 2.669346e-04
1.663171e-01 9.638499e-04 2.648654e-04
1.665879e-01 9.451397e-04 2.658367e-04
1.668587e-01 6.728191e-04 2.648804e-04
1.671295e-01 1.154920e-03 2.668224e-04
1.674003e-01 8.065496e-04 2.661859e-04
1.676711e-01 8.008499e-04 2.759664e-04
1.679420e-01 6.186813e-04 2.787203e-04
1.682128e-01 1.092009e-03 2.825808e-04
1.684836e-01 8.432101e-04 2.874282e-04
1.687544e-01 1.420019e-03 2.885746e-04
1.690252e-01 1.086999e-03 2.911800e-04
1.692960e-01 8.585490e-04 2.910803e-04
1.695668e-01 1.485320e-03 2.964703e-04
1.698377e-01 8.980092e-04 3.004554e-04
1.701085e-01 8.462109e-04 2.992378e-04
1.703793e-01 1.374092e-04 3.031743e-04
1.706501e-01 1.070991e-03 3.028280e-04
1.709209e-01 1.095211e-03 3.092737e-04
1.711917e-01 7.338114e-04 3.088332e-04
1.714625e-01 9.194799e-04 3.084656e-04
1.717333e-01 3.682002e-04 3.135826e-04
1.720042e-01 6.766301e-04 3.117845e-04
1.722750e-01 1.038309e-03 3.202855e-04
1.725458e-01 4.462507e-04 3.183079e-04
1.728166e-01 5.136002e-04 3.206933e-04
1.730874e-01 1.468351e-03 3.216324e-04
1.733582e-01 1.364971e-03 3.247920e-04
1.736291e-01 5.077701e-04 3.317746e-04
1.738999e-01 8.450598e-04 3.250403e-04
1.741707e-01 4.828684e-04 3.307598e-04
1.744415e-01 6.873086e-04 3.337845e-04
1.747123e-01 7.273499e-04 3.346492e-04
1.749831e-01 1.585800e-04 3.213955e-04
1.752539e-01 1.175309e-03 3.130354e-04
1.755248e-01 1.324249e-03 3.158143e-04
1.757956e-01 1.953710e-04 3.073985e-04
1.760664e-01 1.152650e-03 3.081441e-04
1.763372e-01 1.186199e-03 3.088186e-04
1.766080e-01 8.983500e-04 3.094613e-04
1.768788e-01 6.685685e-04 3.058954e-04
1.771496e-01 1.550920e-03 3.039486e-04
1.774205e-01 8.346699e-04 3.046512e-04
1.776913e-01 5.647205e-04 3.021065e-04
1.779621e-01 1.161579e-03 3.022168e-04
1.782329e-01 8.669011e-04 2.990602e-04
1.785037e-01 1.112310e-03 2.924790e-04
1.787745e-01 1.402080e-03 2.996431e-04
1.790453e-01 5.762596e-04 2.961039e-04
1.793161e-01 1.528598e-04 2.969477e-04
1.795870e-01 3.239699e-04 2.960779e-04
1.798578e-01 6.842595e-04 2.929373e-04
1.801286e-01 6.107483e-04 2.971912e-04
1.803994e-01 5.941316e-04 2.893756e-04
1.806702e-01 8.722898e-04 2.917521e-04
1.809410e-01 1.200128e-03 2.923029e-04
1.812119e-01 1.298539e-03 2.909745e-04
1.814827e-01 7.339586e-04 2.918377e-04
1.817535e-01 4.480109e-04 2.873981e-04
1.820243e-01 1.093039e-03 2.875129e-04
1.822951e-01 1.182050e-03 2.896446e-04
1.825659e-01 5.404502e-04 2.901244e-04
1.828367e-01 7.726587e-04 2.884298e-04
1.831076e-01 7.570498e-04 2.848264e-04
1.833784e-01 9.899605e-04 2.911522e-04
1.836492e-01 6.670095e-04 2.873136e-04
1.839200e-01 9.628199e-04 2.879524e-04
1.841908e-01 7.008407e-04 2.884753e-04
1.844616e-01 8.925609e-04 2.856432e-04
1.847324e-01 5.682316e-04 2.902718e-04
1.850033e-01 5.716700e-04 2.870009e-04
1.852741e-01 5.957000e-04 2.878365e-04
1.855449e-01 4.095901e-04 2.842450e-04
1.858157e-01 5.040895e-04 2.861011e-04
1.860865e-01 5.717948e-05 2.900332e-04
1.863573e-01 8.841213e-04 2.870376e-04
1.866281e-01 1.147689e-03 2.866541e-04
1.868990e-01 2.457909e-04 2.854508e-04
1.871698e-01 9.227507e-04 2.867414e-04
1.874406e-01 1.006521e-03 2.859815e-04
1.877114e-01 8.582491e-04 2.840333e-04
1.879822e-01 7.609911e-04 2.883334e-04
1.882530e-01 6.182585e-04 2.818889e-04
1.885238e-01 6.832611e-04 2.859602e-04
1.887947e-01 3.593508e-04 2.862036e-04
1.890655e-01 5.488601e-04 2.863051e-04
1.893363e-01 1.509693e-04 2.873532e-04
1.896071e-01 7.742904e-04 2.804404e-04
1.898779e-01 1.167370e-03 2.873622e-04
1.901487e-01 1.184698e-04 2.854935e-04
1.904195e-01 6.112996e-04 2.860484e-04
1.906904e-01 1.265801e-03 2.858686e-04
1.909612e-01 1.179339e-03 2.814722e-04
1.912320e-01 7.316098e-04 2.866821e-04
1.915028e-01 5.912408e-04 2.834465e-04
1.917736e-01 1.396891e-04 2.838475e-04
1.920444e-01 8.621216e-04 2.833172e-04
1.923153e-01 5.217008e-04 2.836841e-04
1.925861e-01 3.801789e-04 2.854397e-04
1.928569e-01 1.178781e-03 2.833946e-04
1.931277e-01 1.048980e-03 2.834803e-04
1.933985e-01 6.179903e-04 2.854196e-04
1.936693e-01 5.858000e-04 2.808804e-04
1.939401e-01 6.512199e-04 2.872302e-04
1.942109e-01 9.116605e-04 2.822052e-04
1.944818e-01 4.529394e-04 2.823003e-04
1.947526e-01 8.380599e-04 2.853251e-04
1.950234e-01 7.689390e-04 2.830153e-04
1.952942e-01 9.460393e-04 2.814959e-04
1.955650e-01 -1.234002e-05 2.844060e-04
1.958358e-01 2.046600e-04 2.844540e-04
1.961066e-01 4.489589e-04 2.836576e-04
1.963775e-01 7.061101e-04 2.836023e-04
1.966483e-01 1.068801e-03 2.830903e-04
1.969191e-01 1.080491e-03 2.816751e-04
1.971899e-01 7.171594e-04 2.838862e-04
1.974607e-01 7.354692e-04 2.832543e-04
1.977315e-01 9.272899e-04 2.845158e-04
1.980023e-01 7.278789e-04 2.829561e-04
1.982732e-01 3.631487e-04 2.809252e-04
1.985440e-01 5.117059e-05 2.865213e-04
1.988148e-01 9.768493e-04 2.834210e-04
1.990856e-01 4.000794e-04 2.845846e-04
1.993564e-01 4.241485e-04 2.824240e-04
1.996272e-01 7.177293e-04 2.821281e-04
1.998980e-01 5.871505e-04 2.823614e-04
2.001689e-01 7.632598e-04 2.793400e-04
2.004397e-01 5.489029e-05 2.792365e-04
2.007105e-01 6.458201e-04 2.795118e-04
2.009813e-01 1.182990e-03 2.790681e-04
2.012521e-01 3.601201e-04 2.824425e-04
2.015229e-01 8.409712e-04 2.811724e-04
2.017937e-01 9.281691e-04 2.801391e-04
2.020646e-01 7.224903e-04 2.772506e-04
2.023354e-01 4.655495e-04 2.817023e-04
2.026062e-01 1.375489e-04 2.764712e-04
2.028770e-01 3.685988e-05 2.812390e-04
2.031478e-01 1.097539e-03 2.789256e-04
2.034186e-01 6.380696e-04 2.781632e-04
2.036894e-01 5.983505e-04 2.786959e-04
2.039603e-01 2.873503e-04 2.779960e-04
2.042311e-01 8.561704e-04 2.786665e-04
2.045019e-01 4.081205e-04 2.785911e-04
2.047727e-01 1.064910e-03 2.742502e-04
2.050435e-01 1.553204e-04 2.764691e-04
2.053143e-01 2.979785e-04 2.791052e-04
2.055852e-01 -2.660044e-05 2.786661e-04
2.058560e-01 8.701608e-04 2.765903e-04
2.061268e-01 5.714800e-04 2.792167e-04
2.063976e-01 9.682216e-04 2.766878e-04
2.066684e-01 7.948894e-04 2.734662e-04
2.069392e-01 7.087402e-04 2.736370e-04
2.072100e-01 7.727984e-04 2.750958e-04
2.074808e-01 6.299708e-04 2.733933e-04
2.077517e-01 4.582796e-04 2.733311e-04
2.080225e-01 7.827207e-04 2.735152e-04
2.082933e-01 5.132295e-04 2.735196e-04
2.085641e-01 5.197003e-04 2.744991e-04
2.088349e-01 7.520784e-04 2.737403e-04
2.091057e-01 1.596194e-04 2.722399e-04
2.093765e-01 3.458299e-04 2.751390e-04
2.096474e-01 6.687399e-04 2.755510e-04
2.099182e-01 4.298501e-04 2.750223e-04
2.101890e-01 3.407486e-04 2.740224e-04
2.104598e-01 9.982400e-04 2.717297e-04
2.107306e-01 3.595594e-04 2.746346e-04
2.110014e-01 7.772893e-04 2.725548e-04
2.112723e-01 9.841900e-04 2.755270e-04
2.115431e-01 3.296006e-04 2.716750e-04
2.118139e-01 8.857213e-04 2.747848e-04
2.120847e-01 7.017907e-04 2.740974e-04
2.123555e-01 8.616187e-04 2.764511e-04
2.126263e-01 1.350399e-04 2.694388e-04
2.128971e-01 7.745698e-04 2.727019e-04
2.131680e-01 6.108992e-04 2.752098e-04
2.134388e-01 3.434196e-04 2.735518e-04
2.137096e-01 1.036506e-04 2.750428e-04
2.139804e-01 2.900790e-04 2.757766e-04
2.142512e-01 3.022589e-04 2.739138e-04
2.145220e-01 -9.588897e-05 2.761324e-04
2.147928e-01 3.951602e-04 2.751139e-04
2.150636e-01 4.763715e-04 2.733532e-04
2.153345e-01 -1.294799e-04 2.761470e-04
2.156053e-01 2.818499e-04 2.742332e-04
2.158761e-01 1.117021e-03 2.740172e-04
2.161469e-01 6.918404e-04 2.744969e-04
2.164177e-01 4.546288e-04 2.710846e-04
2.166885e-01 3.258307e-04 2.749532e-04
2.169593e-01 2.581701e-04 2.750293e-04
2.172302e-01 1.735594e-04 2.751573e-04
2.175010e-01 2.696011e-04 2.720772e-04
2.177718e-01 5.303100e-04 2.716070e-04
2.180426e-01 7.029101e-04 2.743105e-04
2.183134e-01 -1.635030e-05 2.736126e-04
2.185842e-01 8.631013e-04 2.700495e-04
2.188551e-01 1.703985e-04 2.710106e-04
2.191259e-01 7.023700e-04 2.740920e-04
2.193967e-01 5.233008e-04 2.733930e-04
2.196675e-01 -3.185868e-05 2.715343e-04
2.199383e-01 7.624198e-04 2.718882e-04
2.202091e-01 4.474912e-04 2.707179e-04
2.204799e-01 6.558504e-04 2.705909e-04
2.207507e-01 2.576001e-04 2.725019e-04
2.210216e-01 7.809699e-04 2.681127e-04
2.212924e-01 9.531602e-04 2.707278e-04
2.215632e-01 2.058093e-04 2.691582e-04
2.218340e-01 7.038508e-04 2.697355e-04
2.221048e-01 6.402303e-04 2.708039e-04
2.223756e-01 2.433285e-04 2.688870e-04
2.226464e-01 5.798992e-04 2.697728e-04
2.229173e-01 8.086693e-04 2.711471e-04
2.231881e-01 7.229615e-04 2.657153e-04
2.234589e-01 1.288597e-04 2.676549e-04
2.237297e-01 3.914814e-04 2.705396e-04
2.240005e-01 3.239084e-04 2.667582e-04
2.242713e-01 2.264306e-04 2.661846e-04
2.245422e-01 2.987590e-04 2.673964e-04
2.248130e-01 2.423301e-04 2.700119e-04
2.250838e-01 6.473400e-04 2.675515e-04
2.253546e-01 3.451705e-04 2.692611e-04
2.256254e-01 2.032202e-04 2.654921e-04
2.258962e-01 3.922600e-04 2.693438e-04
2.261670e-01 1.617298e-04 2.777737e-04
2.264379e-01 1.274496e-04 2.835457e-04
2.267087e-01 5.800091e-04 2.880842e-04
2.269795e-01 8.114986e-05 2.927828e-04
2.272503e-01 9.371191e-04 2.956729e-04
2.275211e-01 6.183702e-04 2.996393e-04
2.277919e-01 4.083291e-04 3.010836e-04
2.280627e-01 2.126507e-04 3.068681e-04
2.283335e-01 8.540303e-04 3.054125e-04
2.286044e-01 1.209330e-03 3.118197e-04
2.288752e-01 2.430994e-04 3.159557e-04
2.291460e-01 6.549302e-04 3.157801e-04
2.294168e-01 3.545713e-04 3.224848e-04
2.296876e-01 5.342904e-04 3.194604e-04
2.299584e-01 3.773812e-04 3.246021e-04
2.302293e-01 4.338846e-05 3.271867e-04
2.305001e-01 2.815798e-04 3.301273e-04
2.307709e-01 6.771591e-04 3.366019e-04
2.310417e-01 -2.497509e-04 3.374402e-04
2.313125e-01 8.564498e-04 3.388069e-04
2.315833e-01 2.042186e-04 3.434955e-04
2.318541e-01 5.535204e-04 3.424487e-04
2.321250e-01 3.402904e-04 3.446448e-04
2.323958e-01 1.929700e-06 3.519629e-04
2.326666e-01 4.510805e-04 3.541541e-04
2.329374e-01 -3.130510e-04 3.569063e-04
2.332082e-01 6.516706e-04 3.565565e-04
2.334790e-01 -2.597515e-04 3.574717e-04
2.337498e-01 5.745087e-04 3.659498e-04
2.340207e-01 5.342700e-04 3.673761e-04
2.342915e-01 8.010790e-04 3.696797e-04
2.345623e-01 2.312008e-04 3.647789e-04
2.348331e-01 7.865801e-04 3.777413e-04
2.351039e-01 1.142193e-04 3.828647e-04
2.353747e-01 7.785000e-04 3.764062e-04
2.356455e-01 5.516969e-05 3.884732e-04
2.359163e-01 3.184695e-04 3.877223e-04
2.361872e-01 6.461907e-04 3.863492e-04
2.364580e-01 4.206505e-04 3.945853e-04
2.367288e-01 4.028007e-04 3.968434e-04
2.369996e-01 -4.108995e-04 3.957862e-04
2.372704e-01 4.163496e-04 4.091974e-04
2.375412e-01 4.155412e-04 4.048105e-04
2.378121e-01 1.886394e-04 4.120750e-04
2.380829e-01 8.939207e-04 4.083955e-04
2.383537e-01 9.230599e-04 4.191925e-04
2.386245e-01 1.265319e-03 4.338951e-04
2.388953e-01 3.586616e-04 4.258772e-04
2.391661e-01 1.386730e-03 4.337321e-04
2.394369e-01 6.610192e-04 4.339676e-04
2.397078e-01 -4.535113e-04 4.455683e-04
2.399786e-01 3.427397e-04 4.419764e-04
2.402494e-01 1.050401e-03 4.399307e-04
2.405202e-01 1.167620e-03 4.481781e-04
2.407910e-01 4.690085e-04 4.636003e-04
2.410618e-01 4.692990e-04 4.617948e-04
2.413326e-01 4.253499e-04 4.666032e-04
2.416034e-01 8.884817e-07 4.680983e-04
2.418743e-01 -2.076309e-04 4.717849e-04
2.421451e-01 4.881211e-04 4.859901e-04
2.424159e-01 1.988392e-04 4.872980e-04
2.426867e-01 -5.567297e-04 4.805456e-04
2.429575e-01 1.829900e-04 5.004777e-04
2.432283e-01 9.160899e-04 5.006605e-04
2.434992e-01 6.625690e-04 5.125494e-04
2.437700e-01 2.755206e-04 5.165429e-04
2.440408e-01 1.421012e-05 5.268780e-04
2.443116e-01 -7.912144e-05 5.332352e-04
2.445824e-01 4.641153e-05 5.342742e-04
2.448532e-01 7.962100e-04 5.419394e-04
2.451240e-01 6.093998e-04 5.436724e-04
2.453949e-01 3.390107e-04 5.520999e-04
2.456657e-01 2.230983e-04 5.722852e-04
2.459365e-01 3.929306e-04 5.728131e-04
2.462073e-01 9.657498e-04 5.823530e-04
2.464781e-01 -1.590103e-04 5.941546e-04
2.467489e-01 1.566596e-04 5.934586e-04
2.470197e-01 8.947104e-04 6.023419e-04
2.472906e-01 -1.542699e-04 6.239297e-04
2.475614e-01 3.079195e-04 6.388235e-04
2.478322e-01 -7.165205e-04 6.531322e-04
2.481030e-01 1.110351e-03 6.316504e-04
2.483738e-01 9.163991e-04 6.523347e-04
2.486446e-01 4.691798e-04 6.869461e-04
2.489154e-01 1.096660e-03 6.858222e-04
2.491863e-01 -4.014000e-05 6.890639e-04
2.494571e-01 2.439991e-04 7.013671e-04
2.497279e-01 -2.312791e-04 7.320454e-04
2.499987e-01 1.682416e-04 7.494827e-04
2.502695e-01 9.488799e-04 7.700761e-04
2.505403e-01 9.558406e-04 7.944747e-04
2.508111e-01 6.571300e-04 8.042811e-04
2.510819e-01 6.185193e-04 8.875493e-04
2.513528e-01 1.406761e-03 8.330038e-04
2.516236e-01 2.863090e-04 8.650572e-04
2.518944e-01 -1.146920e-03 8.989271e-04
2.521652e-01 1.631040e-03 9.772352e-04
2.524360e-01 4.334394e-04 9.626806e-04
2.527068e-01 -4.470348e-06 9.502243e-04
2.529776e-01 1.111129e-03 1.004435e-03
2.532485e-01 -1.018580e-03 1.046444e-03
2.535193e-01 9.416975e-05 1.061828e-03
2.537901e-01 1.366530e-03 1.124397e-03
2.540609e-01 6.208494e-04 1.086580e-03
2.543317e-01 9.470396e-04 1.160076e-03
2.546025e-01 3.392989e-03 1.196462e-03
2.548733e-01 4.346296e-04 1.247826e-03
2.551441e-01 2.612371e-03 1.258675e-03
2.554150e-01 -1.164651e-03 1.308540e-03
2.556858e-01 1.007691e-03 1.372939e-03
2.559566e-01 -6.064102e-04 1.505275e-03
2.562274e-01 1.901880e-03 1.624868e-03
2.564982e-01 -9.549614e-04 1.769937e-03
2.567690e-01 3.398787e-04 1.920858e-03
2.570398e-01 -7.886402e-04 2.116143e-03
2.573107e-01 -2.629479e-03 2.336890e-03
2.575815e-01 -1.694094e-04 3.207510e-03
2.578523e-01 -1.608152e-03 3.812294e-03
2.581231e-01 2.583139e-03 6.744950e-03
