3.286826e-03 7.311347e+00 0.000000e+00
3.557641e-03 9.279289e+00 1.334001e-01
3.828455e-03 8.749876e+00 7.900283e-02
4.099269e-03 8.156471e+00 6.504972e-02
4.370084e-03 7.561888e+00 5.154368e-02
4.640898e-03 6.950489e+00 3.905196e-02
4.911712e-03 6.485963e+00 3.666837e-02
5.182527e-03 6.029712e+00 3.323447e-02
5.453341e-03 5.655178e+00 3.386924e-02
5.724155e-03 5.324566e+00 3.048343e-02
5.994970e-03 5.080382e+00 3.467179e-02
6.265784e-03 4.797371e+00 3.625851e-02
6.536598e-03 4.558670e+00 3.246708e-02
6.807412e-03 4.245008e+00 3.163943e-02
7.078227e-03 3.990482e+00 2.997618e-02
7.349041e-03 3.775396e+00 2.924687e-02
7.619855e-03 3.598374e+00 2.983357e-02
7.890671e-03 3.407568e+00 2.810134e-02
8.161485e-03 3.135075e+00 2.591182e-02
8.432299e-03 2.969882e+00 2.420688e-02
8.703114e-03 2.802354e+00 2.334701e-02
8.973928e-03 2.675105e+00 2.278646e-02
9.244742e-03 2.488392e+00 2.133857e-02
9.515557e-03 2.330927e+00 2.072592e-02
9.786371e-03 2.204398e+00 1.877370e-02
1.005718e-02 2.059089e+00 1.788758e-02
1.032800e-02 1.937718e+00 1.610805e-02
1.059881e-02 1.789170e+00 1.507351e-02
1.086963e-02 1.660580e+00 1.416049e-02
1.114044e-02 1.573264e+00 1.319605e-02
1.141126e-02 1.463069e+00 1.225947e-02
1.168207e-02 1.356393e+00 1.134349e-02
1.195289e-02 1.262891e+00 1.046377e-02
1.222370e-02 1.163946e+00 9.756812e-03
1.249451e-02 1.096297e+00 9.039020e-03
1.276533e-02 1.026573e+00 8.598073e-03
1.303614e-02 9.495330e-01 7.830222e-03
1.330696e-02 8.677180e-01 7.032048e-03
1.357777e-02 8.010510e-01 6.736708e-03
1.384859e-02 7.485216e-01 6.134565e-03
1.411940e-02 6.790246e-01 5.489267e-03
1.439021e-02 6.285443e-01 5.021450e-03
1.466103e-02 5.764596e-01 4.683402e-03
1.493184e-02 5.278001e-01 4.418617e-03
1.520266e-02 4.806451e-01 3.917512e-03
1.547347e-02 4.402891e-01 3.594978e-03
1.574429e-02 3.984792e-01 3.266165e-03
1.601510e-02 3.678111e-01 3.042975e-03
1.628591e-02 3.305727e-01 2.822779e-03
1.655673e-02 2.977385e-01 2.510114e-03
1.682754e-02 2.712253e-01 2.333878e-03
1.709836e-02 2.464075e-01 2.120966e-03
1.736917e-02 2.199452e-01 1.893543e-03
1.763999e-02 1.971971e-01 1.711571e-03
1.791080e-02 1.767987e-01 1.562431e-03
1.818161e-02 1.530623e-01 1.395718e-03
1.845243e-02 1.360553e-01 1.329360e-03
1.872324e-02 1.172207e-01 1.155941e-03
1.899406e-02 1.026776e-01 1.095390e-03
1.926487e-02 9.109171e-02 9.996800e-04
1.953569e-02 8.084729e-02 9.457978e-04
1.980650e-02 6.890967e-02 8.815892e-04
2.007731e-02 6.222510e-02 8.232319e-04
2.034813e-02 5.370440e-02 7.791832e-04
2.061894e-02 4.682020e-02 7.275233e-04
2.088976e-02 4.102783e-02 7.011901e-04
2.116057e-02 3.523424e-02 6.645572e-04
2.143139e-02 3.059962e-02 6.328738e-04
2.170220e-02 2.894805e-02 6.293914e-04
2.197302e-02 2.419172e-02 6.004332e-04
2.224383e-02 2.159370e-02 5.738950e-04
2.251465e-02 1.912261e-02 5.536125e-04
2.278546e-02 1.712099e-02 5.421807e-04
2.305627e-02 1.578267e-02 5.343074e-04
2.332709e-02 1.545819e-02 5.107421e-04
2.359790e-02 1.490552e-02 5.050266e-04
2.386872e-02 1.453540e-02 5.021547e-04
2.413953e-02 1.460317e-02 4.850423e-04
2.441034e-02 1.400631e-02 4.785610e-04
2.468116e-02 1.307184e-02 4.775754e-04
2.495197e-02 1.468645e-02 4.680520e-04
2.522279e-02 1.482715e-02 4.789400e-04
2.549360e-02 1.555897e-02 4.703618e-04
2.576442e-02 1.586458e-02 4.606783e-04
2.603523e-02 1.644942e-02 4.738684e-04
2.630604e-02 1.706408e-02 4.662959e-04
2.657686e-02 1.779767e-02 4.657940e-04
2.684767e-02 1.985426e-02 4.628838e-04
2.711849e-02 2.046797e-02 4.618925e-04
2.738930e-02 2.060986e-02 4.625202e-04
2.766012e-02 2.103472e-02 4.567310e-04
2.793093e-02 2.159421e-02 4.598805e-04
2.820175e-02 2.299755e-02 4.483900e-04
2.847256e-02 2.349389e-02 4.567533e-04
2.874337e-02 2.328146e-02 4.546005e-04
2.901419e-02 2.454499e-02 4.424181e-04
2.928500e-02 2.438598e-02 4.436530e-04
2.955582e-02 2.622629e-02 4.522356e-04
2.982663e-02 2.576825e-02 4.481357e-04
3.009745e-02 2.618495e-02 4.447544e-04
3.036826e-02 2.709908e-02 4.418459e-04
3.063907e-02 2.700390e-02 4.383432e-04
3.090989e-02 2.760526e-02 4.375930e-04
3.118070e-02 2.719096e-02 4.383961e-04
3.145152e-02 2.707756e-02 4.307991e-04
3.172233e-02 2.650084e-02 4.304170e-04
3.199315e-02 2.628047e-02 4.268714e-04
3.226396e-02 2.612964e-02 4.236897e-04
3.253478e-02 2.585657e-02 4.179196e-04
3.280559e-02 2.624377e-02 4.219141e-04
3.307641e-02 2.534785e-02 4.149951e-04
3.334722e-02 2.499470e-02 4.148388e-04
3.361803e-02 2.452445e-02 4.117793e-04
3.388885e-02 2.374085e-02 4.004512e-04
3.415966e-02 2.317451e-02 4.005926e-04
3.443048e-02 2.232791e-02 3.964326e-04
3.470129e-02 2.151031e-02 3.887940e-04
3.497211e-02 2.063097e-02 3.818686e-04
3.524292e-02 2.081069e-02 3.791682e-04
3.551374e-02 2.092772e-02 3.779836e-04
3.578455e-02 1.963075e-02 3.727005e-04
3.605536e-02 1.858366e-02 3.720090e-04
3.632618e-02 1.833274e-02 3.648204e-04
3.659699e-02 1.780307e-02 3.637858e-04
3.686780e-02 1.683489e-02 3.586225e-04
3.713862e-02 1.637220e-02 3.534321e-04
3.740944e-02 1.516944e-02 3.520205e-04
3.768025e-02 1.507471e-02 3.412648e-04
3.795106e-02 1.452836e-02 3.419899e-04
3.822188e-02 1.326911e-02 3.355180e-04
3.849269e-02 1.331173e-02 3.303310e-04
3.876351e-02 1.246971e-02 3.352301e-04
3.903432e-02 1.252403e-02 3.302093e-04
3.930514e-02 1.155436e-02 3.232522e-04
3.957595e-02 1.116742e-02 3.219790e-04
3.984676e-02 1.050320e-02 3.237839e-04
4.011758e-02 1.023310e-02 3.188868e-04
4.038839e-02 9.876259e-03 3.178208e-04
4.065921e-02 9.706240e-03 3.155734e-04
4.093002e-02 8.594491e-03 3.115921e-04
4.120084e-02 8.732080e-03 3.078128e-04
4.147165e-02 8.053381e-03 3.080404e-04
4.174246e-02 8.101260e-03 3.061052e-04
4.201328e-02 7.930692e-03 3.007142e-04
4.228409e-02 7.380828e-03 3.014800e-04
4.255491e-02 7.024162e-03 2.985634e-04
4.282572e-02 7.192548e-03 2.967880e-04
4.309653e-02 6.746439e-03 2.926568e-04
4.336735e-02 6.314702e-03 2.922714e-04
4.363817e-02 6.902969e-03 2.946147e-04
4.390898e-02 6.346999e-03 2.913697e-04
4.417979e-02 6.741030e-03 2.898670e-04
4.445061e-02 6.544370e-03 2.870021e-04
4.472142e-02 6.678030e-03 2.853355e-04
4.499224e-02 6.361978e-03 2.882685e-04
4.526305e-02 6.725051e-03 2.877479e-04
4.553387e-02 6.626651e-03 2.825509e-04
4.580468e-02 6.841719e-03 2.817792e-04
4.607549e-02 6.732421e-03 2.819668e-04
4.634631e-02 6.360320e-03 2.806032e-04
4.661712e-02 6.889481e-03 2.828485e-04
4.688794e-02 7.024869e-03 2.816134e-04
4.715875e-02 6.983900e-03 2.768487e-04
4.742957e-02 7.208480e-03 2.759196e-04
4.770038e-02 6.644309e-03 2.734903e-04
4.797119e-02 6.841401e-03 2.765613e-04
4.824201e-02 6.912101e-03 2.764839e-04
4.851282e-02 6.924881e-03 2.763195e-04
4.878364e-02 7.115040e-03 2.726364e-04
4.905445e-02 6.904548e-03 2.721421e-04
4.932526e-02 6.718978e-03 2.735109e-04
4.959608e-02 7.200882e-03 2.690564e-04
4.986690e-02 6.992079e-03 2.711206e-04
5.013771e-02 6.527519e-03 2.702467e-04
5.040852e-02 7.184992e-03 2.671775e-04
5.067934e-02 7.172599e-03 2.700023e-04
5.095015e-02 6.969839e-03 2.663090e-04
5.122096e-02 7.097792e-03 2.671187e-04
5.149178e-02 6.647181e-03 2.658639e-04
5.176260e-02 7.208720e-03 2.652005e-04
5.203341e-02 7.109860e-03 2.646028e-04
5.230422e-02 6.612830e-03 2.603871e-04
5.257504e-02 7.068239e-03 2.638236e-04
5.284585e-02 6.950529e-03 2.601999e-04
5.311667e-02 6.783918e-03 2.598224e-04
5.338748e-02 6.509390e-03 2.659631e-04
5.365830e-02 7.091271e-03 2.618865e-04
5.392911e-02 6.308371e-03 2.652252e-04
5.419992e-02 6.657111e-03 2.644161e-04
5.447074e-02 6.305519e-03 2.624298e-04
5.474155e-02 6.369440e-03 2.661431e-04
5.501237e-02 6.129451e-03 2.728840e-04
5.528318e-02 6.073412e-03 2.745596e-04
5.555400e-02 6.608171e-03 2.735051e-04
5.582481e-02 5.829448e-03 2.742075e-04
5.609563e-02 6.621858e-03 2.783815e-04
5.636644e-02 5.959690e-03 2.784652e-04
5.663725e-02 5.685611e-03 2.769711e-04
5.690807e-02 5.893331e-03 2.800884e-04
5.717888e-02 6.009590e-03 2.764700e-04
5.744969e-02 5.524011e-03 2.795276e-04
5.772051e-02 4.974978e-03 2.776428e-04
5.799133e-02 5.319159e-03 2.807592e-04
5.826214e-02 5.004192e-03 2.807253e-04
5.853295e-02 4.682081e-03 2.812623e-04
5.880377e-02 5.122600e-03 2.798416e-04
5.907458e-02 4.288038e-03 2.794116e-04
5.934540e-02 5.279100e-03 2.785165e-04
5.961621e-02 4.512990e-03 2.819559e-04
5.988703e-02 4.871992e-03 2.805072e-04
6.015784e-02 4.754920e-03 2.797855e-04
6.042865e-02 4.849549e-03 2.814438e-04
6.069947e-02 3.896752e-03 2.741521e-04
6.097028e-02 4.554750e-03 2.745858e-04
6.124110e-02 4.273240e-03 2.698993e-04
6.151191e-02 4.072519e-03 2.705874e-04
6.178273e-02 4.141951e-03 2.700250e-04
6.205354e-02 3.565621e-03 2.659770e-04
6.232436e-02 3.209889e-03 2.679096e-04
6.259517e-02 4.115041e-03 2.671137e-04
6.286598e-02 3.450090e-03 2.660033e-04
6.313679e-02 3.513681e-03 2.649397e-04
6.340761e-02 3.519710e-03 2.640754e-04
6.367842e-02 3.855150e-03 2.608628e-04
6.394923e-02 3.319038e-03 2.594712e-04
6.422005e-02 3.498640e-03 2.635982e-04
6.449086e-02 3.353991e-03 2.619537e-04
6.476168e-02 4.061472e-03 2.585187e-04
6.503250e-02 3.481131e-03 2.619317e-04
6.530331e-02 3.678590e-03 2.619850e-04
6.557412e-02 3.033141e-03 2.595600e-04
6.584494e-02 3.214760e-03 2.596784e-04
6.611575e-02 3.424451e-03 2.578078e-04
6.638657e-02 3.742611e-03 2.596042e-04
6.665738e-02 3.160750e-03 2.564120e-04
6.692819e-02 3.527859e-03 2.593119e-04
6.719901e-02 3.285969e-03 2.558748e-04
6.746982e-02 3.068609e-03 2.578790e-04
6.774063e-02 3.236258e-03 2.563530e-04
6.801146e-02 3.806090e-03 2.561280e-04
6.828227e-02 3.002480e-03 2.538775e-04
6.855308e-02 3.635792e-03 2.553841e-04
6.882390e-02 3.176838e-03 2.551847e-04
6.909471e-02 3.428321e-03 2.532234e-04
6.936552e-02 3.498569e-03 2.519153e-04
6.963634e-02 2.855781e-03 2.527516e-04
6.990715e-02 3.011249e-03 2.546017e-04
7.017796e-02 3.806552e-03 2.512384e-04
7.044878e-02 3.290560e-03 2.530301e-04
7.071959e-02 3.940901e-03 2.496884e-04
7.099041e-02 3.249811e-03 2.511015e-04
7.126123e-02 3.177181e-03 2.474459e-04
7.153204e-02 3.475599e-03 2.477680e-04
7.180285e-02 3.857121e-03 2.509367e-04
7.207367e-02 3.137849e-03 2.477875e-04
7.234448e-02 3.103860e-03 2.473727e-04
7.261530e-02 3.825679e-03 2.485066e-04
7.288611e-02 3.524240e-03 2.482658e-04
7.315692e-02 3.456241e-03 2.486497e-04
7.342774e-02 3.686409e-03 2.472935e-04
7.369855e-02 3.911281e-03 2.466206e-04
7.396936e-02 3.482141e-03 2.482458e-04
7.424019e-02 3.266938e-03 2.469773e-04
7.451100e-02 3.041929e-03 2.455440e-04
7.478181e-02 3.249589e-03 2.438019e-04
7.505263e-02 3.341421e-03 2.440826e-04
7.532344e-02 3.377890e-03 2.468490e-04
7.559425e-02 3.252208e-03 2.419944e-04
7.586507e-02 3.408818e-03 2.464302e-04
7.613588e-02 3.726300e-03 2.445198e-04
7.640669e-02 3.152091e-03 2.407542e-04
7.667751e-02 2.735429e-03 2.412290e-04
7.694832e-02 2.960378e-03 2.412186e-04
7.721914e-02 2.675250e-03 2.413681e-04
7.748996e-02 3.129352e-03 2.412951e-04
7.776077e-02 2.617141e-03 2.397343e-04
7.803158e-02 2.963759e-03 2.429132e-04
7.830240e-02 2.729690e-03 2.405456e-04
7.857321e-02 2.589852e-03 2.415662e-04
7.884403e-02 2.550531e-03 2.391480e-04
7.911484e-02 2.580259e-03 2.381000e-04
7.938565e-02 3.251070e-03 2.401644e-04
7.965647e-02 2.676539e-03 2.376122e-04
7.992728e-02 3.093701e-03 2.372193e-04
8.019809e-02 2.562361e-03 2.353626e-04
8.046892e-02 2.667729e-03 2.349919e-04
8.073973e-02 2.817802e-03 2.351226e-04
8.101054e-02 2.548970e-03 2.364827e-04
8.128136e-02 2.432588e-03 2.370379e-04
8.155217e-02 2.494419e-03 2.361310e-04
8.182298e-02 2.326768e-03 2.338053e-04
8.209380e-02 2.330709e-03 2.344244e-04
8.236461e-02 2.024282e-03 2.355328e-04
8.263543e-02 2.112890e-03 2.343773e-04
8.290624e-02 2.158400e-03 2.330870e-04
8.317705e-02 2.409881e-03 2.309168e-04
8.344787e-02 2.316380e-03 2.342168e-04
8.371869e-02 2.256930e-03 2.328658e-04
8.398950e-02 2.171339e-03 2.319922e-04
8.426031e-02 2.266789e-03 2.332313e-04
8.453113e-02 2.633201e-03 2.304944e-04
8.480194e-02 1.994779e-03 2.306854e-04
8.507276e-02 2.872461e-03 2.312260e-04
8.534357e-02 2.157671e-03 2.287572e-04
8.561438e-02 2.118830e-03 2.290748e-04
8.588520e-02 2.159940e-03 2.278529e-04
8.615601e-02 2.135839e-03 2.287042e-04
8.642682e-02 2.219940e-03 2.277486e-04
8.669765e-02 1.754671e-03 2.268527e-04
8.696846e-02 2.228489e-03 2.280804e-04
8.723927e-02 2.062740e-03 2.271337e-04
8.751009e-02 2.128731e-03 2.263616e-04
8.778090e-02 2.043659e-03 2.264670e-04
8.805171e-02 2.084078e-03 2.272280e-04
8.832253e-02 1.744710e-03 2.279752e-04
8.859334e-02 1.478720e-03 2.272173e-04
8.886416e-02 1.819000e-03 2.254541e-04
8.913497e-02 2.259521e-03 2.247221e-04
8.940578e-02 2.036421e-03 2.241991e-04
8.967660e-02 2.501801e-03 2.256732e-04
8.994742e-02 2.128400e-03 2.250257e-04
9.021823e-02 2.108900e-03 2.263976e-04
9.048904e-02 1.624150e-03 2.245209e-04
9.075986e-02 2.036370e-03 2.252516e-04
9.103067e-02 1.853900e-03 2.243917e-04
9.130149e-02 2.037620e-03 2.234208e-04
9.157230e-02 1.900209e-03 2.235241e-04
9.184311e-02 1.393130e-03 2.245999e-04
9.211393e-02 1.923241e-03 2.225208e-04
9.238474e-02 1.972919e-03 2.219088e-04
9.265555e-02 2.295680e-03 2.222840e-04
9.292637e-02 1.889959e-03 2.214668e-04
9.319719e-02 1.808409e-03 2.230499e-04
9.346800e-02 1.732981e-03 2.225948e-04
9.373882e-02 2.063099e-03 2.208518e-04
9.400963e-02 1.783321e-03 2.218336e-04
9.428044e-02 1.789460e-03 2.224799e-04
9.455126e-02 1.590349e-03 2.201749e-04
9.482207e-02 1.666050e-03 2.194833e-04
9.509289e-02 1.776410e-03 2.189903e-04
9.536370e-02 2.080999e-03 2.216196e-04
9.563451e-02 2.472641e-03 2.171255e-04
9.590533e-02 1.620781e-03 2.211549e-04
9.617615e-02 1.715589e-03 2.160200e-04
9.644696e-02 1.786200e-03 2.168747e-04
9.671777e-02 2.046069e-03 2.185130e-04
9.698859e-02 2.132090e-03 2.156232e-04
9.725940e-02 2.055580e-03 2.176477e-04
9.753022e-02 1.937630e-03 2.160045e-04
9.780103e-02 1.500741e-03 2.171990e-04
9.807184e-02 1.545230e-03 2.154819e-04
9.834266e-02 1.634629e-03 2.174378e-04
9.861347e-02 1.444479e-03 2.179581e-04
9.888428e-02 1.499990e-03 2.150992e-04
9.915510e-02 1.293261e-03 2.158980e-04
9.942592e-02 1.972279e-03 2.158442e-04
9.969673e-02 1.709519e-03 2.162849e-04
9.996755e-02 1.595819e-03 2.164613e-04
1.002384e-01 1.401389e-03 2.130936e-04
1.005092e-01 1.843590e-03 2.140307e-04
1.007800e-01 1.666941e-03 2.131118e-04
1.010508e-01 1.266129e-03 2.141089e-04
1.013216e-01 1.642801e-03 2.138984e-04
1.015924e-01 1.252700e-03 2.139386e-04
1.018632e-01 1.522539e-03 2.143506e-04
1.021341e-01 1.638390e-03 2.119230e-04
1.024049e-01 1.338052e-03 2.134281e-04
1.026757e-01 1.654331e-03 2.111743e-04
1.029465e-01 1.418641e-03 2.118817e-04
1.032173e-01 1.524260e-03 2.119562e-04
1.034881e-01 1.585159e-03 2.096900e-04
1.037589e-01 1.487039e-03 2.092119e-04
1.040298e-01 1.336101e-03 2.091111e-04
1.043006e-01 1.469260e-03 2.114733e-04
1.045714e-01 1.405170e-03 2.086633e-04
1.048422e-01 1.411129e-03 2.098826e-04
1.051130e-01 1.282651e-03 2.101863e-04
1.053838e-01 1.458390e-03 2.085395e-04
1.056546e-01 1.645401e-03 2.078021e-04
1.059255e-01 1.172170e-03 2.072027e-04
1.061963e-01 1.179939e-03 2.092008e-04
1.064671e-01 1.529720e-03 2.085583e-04
1.067379e-01 1.028851e-03 2.080965e-04
1.070087e-01 1.657410e-03 2.082250e-04
1.072795e-01 1.255909e-03 2.051214e-04
1.075503e-01 1.591360e-03 2.073316e-04
1.078212e-01 1.142101e-03 2.076490e-04
1.080920e-01 8.710399e-04 2.065341e-04
1.083628e-01 1.057981e-03 2.076461e-04
1.086336e-01 1.366710e-03 2.054123e-04
1.089044e-01 1.332369e-03 2.058564e-04
1.091752e-01 1.380820e-03 2.064967e-04
1.094460e-01 1.329640e-03 2.037134e-04
1.097169e-01 1.450699e-03 2.055024e-04
1.099877e-01 1.341470e-03 2.047519e-04
1.102585e-01 1.339130e-03 2.059156e-04
1.105293e-01 1.274670e-03 2.076529e-04
1.108001e-01 9.229891e-04 2.100616e-04
1.110709e-01 1.636170e-03 2.131187e-04
1.113417e-01 8.930396e-04 2.097235e-04
1.116126e-01 1.329971e-03 2.125893e-04
1.118834e-01 1.076171e-03 2.117242e-04
1.121542e-01 1.128331e-03 2.144122e-04
1.124250e-01 7.537194e-04 2.167108e-04
1.126958e-01 8.156300e-04 2.173244e-04
1.129666e-01 1.010571e-03 2.180109e-04
1.132374e-01 1.026671e-03 2.212322e-04
1.135083e-01 1.031520e-03 2.247363e-04
1.137791e-01 9.795297e-04 2.240604e-04
1.140499e-01 1.728930e-03 2.254294e-04
1.143207e-01 9.840503e-04 2.289649e-04
1.145915e-01 1.133110e-03 2.280230e-04
1.148623e-01 8.750409e-04 2.286114e-04
1.151332e-01 8.861199e-04 2.281561e-04
1.154040e-01 8.611698e-04 2.305496e-04
1.156748e-01 1.037929e-03 2.324306e-04
1.159456e-01 8.586608e-04 2.343450e-04
1.162164e-01 9.761900e-04 2.351579e-04
1.164872e-01 1.116961e-03 2.353026e-04
1.167580e-01 1.192769e-03 2.394798e-04
1.170288e-01 8.295905e-04 2.374680e-04
1.172997e-01 1.173990e-03 2.383703e-04
1.175705e-01 5.765408e-04 2.408662e-04
1.178413e-01 1.116460e-03 2.416890e-04
1.181121e-01 7.034000e-04 2.400422e-04
1.183829e-01 1.096051e-03 2.333822e-04
1.186537e-01 6.405488e-04 2.364348e-04
1.189246e-01 9.704698e-04 2.347954e-04
1.191954e-01 8.699298e-04 2.342532e-04
1.194662e-01 1.258640e-03 2.343607e-04
1.197370e-01 1.289960e-03 2.310032e-04
1.200078e-01 9.635910e-04 2.313552e-04
1.202786e-01 1.350671e-03 2.308883e-04
1.205494e-01 1.379680e-03 2.310804e-04
1.208202e-01 8.850209e-04 2.327840e-04
1.210911e-01 1.356510e-03 2.290031e-04
1.213619e-01 1.143159e-03 2.329418e-04
1.216327e-01 1.275180e-03 2.300449e-04
1.219035e-01 8.468591e-04 2.307584e-04
1.221743e-01 1.206130e-03 2.301004e-04
1.224451e-01 9.244587e-04 2.313285e-04
1.227160e-01 1.320411e-03 2.332101e-04
1.229868e-01 1.381589e-03 2.310064e-04
1.232576e-01 8.595791e-04 2.325394e-04
1.235284e-01 1.109781e-03 2.325113e-04
1.237992e-01 6.602015e-04 2.318276e-04
1.240700e-01 8.040797e-04 2.308562e-04
1.243408e-01 7.936601e-04 2.284815e-04
1.246117e-01 8.708704e-04 2.296146e-04
1.248825e-01 1.490211e-03 2.308378e-04
1.251533e-01 1.100440e-03 2.286654e-04
1.254241e-01 1.074640e-03 2.294751e-04
1.256949e-01 7.688496e-04 2.271003e-04
1.259657e-01 9.916611e-04 2.303945e-04
1.262365e-01 8.746795e-04 2.287970e-04
1.265074e-01 9.788014e-04 2.270633e-04
1.267782e-01 1.062801e-03 2.275662e-04
1.270490e-01 9.199511e-04 2.247404e-04
1.273198e-01 4.546214e-04 2.257453e-04
1.275906e-01 9.527002e-04 2.251378e-04
1.278614e-01 6.231684e-04 2.266747e-04
1.281322e-01 7.063802e-04 2.239076e-04
1.284031e-01 7.224698e-04 2.250295e-04
1.286739e-01 1.330519e-03 2.248766e-04
1.289447e-01 6.817989e-04 2.241864e-04
1.292155e-01 9.579416e-04 2.243631e-04
1.294863e-01 1.119262e-03 2.247849e-04
1.297571e-01 1.108110e-03 2.257184e-04
1.300279e-01 7.667094e-04 2.229929e-04
1.302988e-01 1.047371e-03 2.245889e-04
1.305696e-01 5.789697e-04 2.230439e-04
1.308404e-01 1.053380e-03 2.216635e-04
1.311112e-01 9.862687e-04 2.264793e-04
1.313820e-01 4.800204e-04 2.212832e-04
1.316528e-01 6.991308e-04 2.245077e-04
1.319236e-01 6.959904e-04 2.216997e-04
1.321945e-01 9.624306e-04 2.238526e-04
1.324653e-01 8.216891e-04 2.243210e-04
1.327361e-01 9.397697e-04 2.221769e-04
1.330069e-01 7.849094e-04 2.243289e-04
1.332777e-01 8.184705e-04 2.222818e-04
1.335485e-01 8.887798e-04 2.213495e-04
1.338193e-01 8.622799e-04 2.239246e-04
1.340902e-01 9.909999e-04 2.194632e-04
1.343610e-01 8.216798e-04 2.232868e-04
1.346318e-01 1.218230e-03 2.222473e-04
1.349026e-01 6.045196e-04 2.199122e-04
1.351734e-01 4.573204e-04 2.215361e-04
1.354442e-01 8.170810e-04 2.188291e-04
1.357151e-01 9.667911e-04 2.237412e-04
1.359859e-01 9.181406e-04 2.199416e-04
1.362567e-01 1.353212e-04 2.185182e-04
1.365275e-01 8.956697e-04 2.192423e-04
1.367983e-01 9.107701e-04 2.177176e-04
1.370691e-01 8.452497e-04 2.222570e-04
1.373399e-01 1.135601e-03 2.229656e-04
1.376107e-01 8.496698e-04 2.257578e-04
1.378816e-01 8.381698e-04 2.306600e-04
1.381524e-01 6.696116e-04 2.275962e-04
1.384232e-01 1.095189e-03 2.323035e-04
1.386940e-01 4.141703e-04 2.298963e-04
1.389648e-01 9.979308e-04 2.319260e-04
1.392356e-01 9.610411e-04 2.342883e-04
1.395064e-01 6.020702e-04 2.336789e-04
1.397773e-01 5.728602e-04 2.345182e-04
1.400481e-01 4.525799e-04 2.369841e-04
1.403189e-01 4.984904e-04 2.386542e-04
1.405897e-01 6.629713e-04 2.365853e-04
1.408605e-01 9.987596e-04 2.388790e-04
1.411313e-01 8.754991e-04 2.399803e-04
1.414021e-01 8.435901e-04 2.376764e-04
1.416730e-01 1.176989e-03 2.414408e-04
1.419438e-01 8.568596e-04 2.402329e-04
1.422146e-01 3.840588e-04 2.411873e-04
1.424854e-01 4.830398e-04 2.415783e-04
1.427562e-01 5.496405e-04 2.425751e-04
1.430270e-01 4.249699e-04 2.402657e-04
1.432979e-01 7.704403e-04 2.412700e-04
1.435687e-01 7.881112e-04 2.435523e-04
1.438395e-01 8.286107e-04 2.444113e-04
1.441103e-01 6.610192e-04 2.463287e-04
1.443811e-01 5.598906e-04 2.470745e-04
1.446519e-01 7.756595e-04 2.459386e-04
1.449227e-01 7.371809e-04 2.484187e-04
1.451935e-01 6.542411e-04 2.451493e-04
1.454644e-01 4.548598e-04 2.461064e-04
1.457352e-01 5.599409e-04 2.485796e-04
1.460060e-01 4.460607e-04 2.473917e-04
1.462768e-01 5.314909e-04 2.505634e-04
1.465476e-01 7.274207e-04 2.507533e-04
1.468184e-01 1.021050e-03 2.532362e-04
1.470892e-01 5.086195e-04 2.503383e-04
1.473601e-01 2.915394e-04 2.512780e-04
1.476309e-01 2.219193e-04 2.514013e-04
1.479017e-01 7.594395e-04 2.538809e-04
1.481725e-01 4.755687e-04 2.535121e-04
1.484433e-01 6.058086e-04 2.503564e-04
1.487141e-01 1.114100e-03 2.525425e-04
1.489850e-01 6.681588e-04 2.516645e-04
1.492558e-01 3.786907e-04 2.513851e-04
1.495266e-01 7.042997e-04 2.516965e-04
1.497974e-01 4.426297e-04 2.501839e-04
1.500682e-01 4.910007e-04 2.508526e-04
1.503390e-01 4.673600e-04 2.493530e-04
1.506098e-01 6.468184e-04 2.511625e-04
1.508806e-01 2.601594e-04 2.466632e-04
1.511515e-01 1.612790e-04 2.499813e-04
1.514223e-01 7.775612e-04 2.534520e-04
1.516931e-01 2.254192e-04 2.485041e-04
1.519639e-01 2.239011e-04 2.504512e-04
1.522347e-01 4.689787e-04 2.517204e-04
1.525055e-01 9.144899e-04 2.513778e-04
1.527763e-01 8.563492e-04 2.546189e-04
1.530472e-01 3.610197e-04 2.499154e-04
1.533180e-01 3.803708e-04 2.523402e-04
1.535888e-01 2.550799e-04 2.522647e-04
1.538596e-01 7.301308e-04 2.534621e-04
1.541304e-01 6.734002e-04 2.532494e-04
1.544012e-01 5.794391e-04 2.492626e-04
1.546721e-01 5.248506e-04 2.520058e-04
1.549429e-01 7.425305e-04 2.537920e-04
1.552137e-01 6.478094e-05 2.524998e-04
1.554845e-01 7.170904e-04 2.509561e-04
1.557553e-01 4.139915e-05 2.504244e-04
1.560261e-01 3.599003e-04 2.542316e-04
1.562969e-01 1.161397e-04 2.498539e-04
1.565678e-01 6.752796e-04 2.499756e-04
1.568386e-01 3.472492e-04 2.528797e-04
1.571094e-01 5.766694e-04 2.521873e-04
1.573802e-01 4.254803e-04 2.525384e-04
1.576510e-01 3.797486e-04 2.514674e-04
1.579218e-01 5.418900e-04 2.501648e-04
1.581926e-01 9.171106e-04 2.520342e-04
1.584634e-01 2.037100e-04 2.530619e-04
1.587343e-01 3.746413e-04 2.505503e-04
1.590051e-01 5.977806e-04 2.508872e-04
1.592759e-01 5.501509e-04 2.500967e-04
1.595467e-01 3.893413e-04 2.502483e-04
1.598175e-01 2.216790e-04 2.502442e-04
1.600883e-01 1.023659e-03 2.497499e-04
1.603591e-01 9.305030e-05 2.502258e-04
1.606300e-01 5.530603e-04 2.495643e-04
1.609008e-01 8.633696e-04 2.507551e-04
1.611716e-01 1.338702e-04 2.500979e-04
1.614424e-01 -4.272908e-05 2.494260e-04
1.617132e-01 3.877599e-04 2.494740e-04
1.619840e-01 4.512705e-04 2.501861e-04
1.622549e-01 5.116705e-04 2.505884e-04
1.625257e-01 1.175579e-03 2.504548e-04
1.627965e-01 4.103296e-04 2.471836e-04
1.630673e-01 3.712084e-04 2.471658e-04
1.633381e-01 5.237311e-04 2.481512e-04
1.636089e-01 8.741692e-04 2.484696e-04
1.638797e-01 4.853103e-04 2.510029e-04
1.641506e-01 -2.348907e-04 2.458975e-04
1.644214e-01 4.436299e-04 2.487626e-04
1.646922e-01 4.383307e-04 2.479857e-04
1.649630e-01 2.701953e-05 2.471264e-04
1.652338e-01 3.715008e-04 2.526061e-04
1.655046e-01 1.882799e-04 2.502163e-04
1.657754e-01 7.071514e-04 2.501557e-04
1.660462e-01 4.921202e-04 2.497677e-04
1.663171e-01 -1.672897e-04 2.504967e-04
1.665879e-01 5.919300e-04 2.498289e-04
1.668587e-01 5.464703e-04 2.499951e-04
1.671295e-01 1.045503e-04 2.492065e-04
1.674003e-01 2.007000e-04 2.491971e-04
1.676711e-01 4.652701e-04 2.579589e-04
1.679420e-01 1.027349e-03 2.623495e-04
1.682128e-01 7.003695e-04 2.650340e-04
1.684836e-01 4.594028e-05 2.704170e-04
1.687544e-01 2.288204e-04 2.700213e-04
1.690252e-01 7.749517e-04 2.726524e-04
1.692960e-01 4.228707e-04 2.721534e-04
1.695668e-01 8.987002e-04 2.778324e-04
1.698377e-01 6.193705e-04 2.789913e-04
1.701085e-01 3.468897e-04 2.814457e-04
1.703793e-01 9.730589e-04 2.843187e-04
1.706501e-01 1.139391e-03 2.869381e-04
1.709209e-01 1.446512e-04 2.865441e-04
1.711917e-01 6.211922e-05 2.878439e-04
1.714625e-01 3.817491e-04 2.907056e-04
1.717333e-01 2.305210e-04 2.929651e-04
1.720042e-01 7.263403e-04 2.967153e-04
1.722750e-01 5.418006e-04 2.993422e-04
1.725458e-01 5.013198e-04 2.993519e-04
1.728166e-01 -3.942493e-04 2.978257e-04
1.730874e-01 3.797300e-04 3.002953e-04
1.733582e-01 1.574811e-04 3.036979e-04
1.736291e-01 3.664698e-04 3.082113e-04
1.738999e-01 7.233601e-04 3.040230e-04
1.741707e-01 1.241099e-04 3.139538e-04
1.744415e-01 1.931898e-04 3.110361e-04
1.747123e-01 5.531907e-04 3.148344e-04
1.749831e-01 6.239992e-04 3.050585e-04
1.752539e-01 1.560804e-04 2.925943e-04
1.755248e-01 4.161410e-04 2.937776e-04
1.757956e-01 4.658103e-04 2.889923e-04
1.760664e-01 6.303284e-04 2.922625e-04
1.763372e-01 2.665110e-04 2.893260e-04
1.766080e-01 5.242899e-04 2.903118e-04
1.768788e-01 1.262594e-04 2.880528e-04
1.771496e-01 1.135189e-04 2.833334e-04
1.774205e-01 5.027000e-04 2.856188e-04
1.776913e-01 3.057607e-04 2.833928e-04
1.779621e-01 1.024585e-04 2.817839e-04
1.782329e-01 -1.295786e-04 2.841190e-04
1.785037e-01 2.280697e-04 2.783300e-04
1.787745e-01 8.078888e-04 2.821280e-04
1.790453e-01 3.452096e-04 2.774487e-04
1.793161e-01 4.371591e-04 2.759122e-04
1.795870e-01 2.101399e-04 2.749371e-04
1.798578e-01 3.109798e-04 2.737415e-04
1.801286e-01 1.146749e-03 2.782529e-04
1.803994e-01 2.486389e-04 2.725300e-04
1.806702e-01 6.702486e-04 2.750987e-04
1.809410e-01 3.652517e-04 2.751593e-04
1.812119e-01 2.178196e-04 2.711551e-04
1.814827e-01 6.761402e-04 2.726967e-04
1.817535e-01 4.508402e-04 2.717122e-04
1.820243e-01 2.849493e-04 2.728008e-04
1.822951e-01 1.015600e-03 2.691998e-04
1.825659e-01 3.789812e-04 2.706533e-04
1.828367e-01 2.027303e-04 2.731474e-04
1.831076e-01 1.482405e-04 2.665101e-04
1.833784e-01 3.840309e-04 2.707676e-04
1.836492e-01 -5.349517e-06 2.678060e-04
1.839200e-01 7.087700e-04 2.704750e-04
1.841908e-01 1.000410e-03 2.699268e-04
1.844616e-01 6.814692e-04 2.714857e-04
1.847324e-01 3.771801e-04 2.712774e-04
1.850033e-01 6.584078e-05 2.665128e-04
1.852741e-01 2.655201e-04 2.706259e-04
1.855449e-01 3.909804e-04 2.690003e-04
1.858157e-01 1.104586e-04 2.710565e-04
1.860865e-01 3.290009e-04 2.700297e-04
1.863573e-01 4.644878e-05 2.694226e-04
1.866281e-01 4.334506e-04 2.674630e-04
1.868990e-01 -4.082192e-04 2.666195e-04
1.871698e-01 1.046330e-03 2.694107e-04
1.874406e-01 8.712504e-04 2.699576e-04
1.877114e-01 1.224894e-04 2.669689e-04
1.879822e-01 3.506616e-04 2.688464e-04
1.882530e-01 6.765891e-04 2.639669e-04
1.885238e-01 3.352594e-04 2.677906e-04
1.887947e-01 4.347041e-05 2.674231e-04
1.890655e-01 5.300902e-04 2.678612e-04
1.893363e-01 -8.137152e-05 2.681737e-04
1.896071e-01 7.505100e-04 2.649950e-04
1.898779e-01 3.793910e-04 2.685047e-04
1.901487e-01 2.143104e-04 2.691319e-04
1.904195e-01 3.825109e-04 2.685244e-04
1.906904e-01 7.393099e-04 2.696477e-04
1.909612e-01 -5.242974e-05 2.653136e-04
1.912320e-01 2.044700e-04 2.670999e-04
1.915028e-01 5.263705e-04 2.644784e-04
1.917736e-01 5.824901e-04 2.681874e-04
1.920444e-01 -7.657893e-05 2.655683e-04
1.923153e-01 7.737204e-04 2.683057e-04
1.925861e-01 3.780499e-04 2.667582e-04
1.928569e-01 5.604699e-04 2.650967e-04
1.931277e-01 2.586208e-04 2.668588e-04
1.933985e-01 2.967492e-04 2.665105e-04
1.936693e-01 -1.719408e-04 2.669423e-04
1.939401e-01 7.718056e-05 2.674835e-04
1.942109e-01 1.114104e-04 2.658484e-04
1.944818e-01 6.495602e-04 2.675924e-04
1.947526e-01 1.960211e-04 2.679511e-04
1.950234e-01 6.077085e-04 2.644563e-04
1.952942e-01 4.924312e-04 2.664868e-04
1.955650e-01 1.151096e-04 2.679549e-04
1.958358e-01 3.944710e-04 2.665492e-04
1.961066e-01 4.063006e-04 2.674151e-04
1.963775e-01 1.066402e-04 2.644664e-04
1.966483e-01 3.780052e-05 2.637129e-04
1.969191e-01 3.256202e-04 2.655268e-04
1.971899e-01 2.677385e-04 2.634666e-04
1.974607e-01 4.376899e-04 2.639682e-04
1.977315e-01 2.177209e-04 2.647417e-04
1.980023e-01 4.793517e-04 2.646442e-04
1.982732e-01 3.602691e-04 2.666207e-04
1.985440e-01 5.985294e-04 2.670920e-04
1.988148e-01 1.343414e-04 2.643498e-04
1.990856e-01 5.886890e-05 2.644686e-04
1.993564e-01 4.354697e-04 2.678104e-04
1.996272e-01 2.706889e-04 2.661905e-04
1.998980e-01 1.886617e-04 2.637516e-04
2.001689e-01 3.058501e-04 2.638169e-04
2.004397e-01 5.618315e-04 2.608338e-04
2.007105e-01 8.063093e-04 2.634952e-04
2.009813e-01 4.114807e-04 2.638159e-04
2.012521e-01 2.768505e-04 2.625754e-04
2.015229e-01 3.411192e-04 2.630170e-04
2.017937e-01 6.851703e-04 2.633207e-04
2.020646e-01 2.702791e-04 2.609008e-04
2.023354e-01 -2.264977e-05 2.621715e-04
2.026062e-01 -6.321073e-05 2.615334e-04
2.028770e-01 8.988008e-05 2.630494e-04
2.031478e-01 7.146969e-05 2.608392e-04
2.034186e-01 2.080295e-04 2.627913e-04
2.036894e-01 1.960192e-04 2.619249e-04
2.039603e-01 9.544939e-05 2.614910e-04
2.042311e-01 -2.294499e-04 2.618872e-04
2.045019e-01 -1.553074e-05 2.592296e-04
2.047727e-01 3.541708e-04 2.574860e-04
2.050435e-01 7.545985e-04 2.589672e-04
2.053143e-01 3.367197e-04 2.575724e-04
2.055852e-01 -1.074001e-04 2.599300e-04
2.058560e-01 4.839208e-04 2.586521e-04
2.061268e-01 6.531104e-04 2.612677e-04
2.063976e-01 1.038704e-04 2.615935e-04
2.066684e-01 -3.301483e-04 2.572577e-04
2.069392e-01 2.014395e-04 2.578184e-04
2.072100e-01 1.825299e-04 2.577643e-04
2.074808e-01 6.813612e-04 2.576835e-04
2.077517e-01 8.622706e-04 2.554824e-04
2.080225e-01 1.583062e-05 2.557211e-04
2.082933e-01 -6.872974e-05 2.553362e-04
2.085641e-01 1.279395e-04 2.569975e-04
2.088349e-01 5.521905e-04 2.604190e-04
2.091057e-01 6.896816e-04 2.579110e-04
2.093765e-01 5.053096e-04 2.561650e-04
2.096474e-01 5.110186e-04 2.571417e-04
2.099182e-01 8.350238e-06 2.590892e-04
2.101890e-01 3.185812e-04 2.569721e-04
2.104598e-01 1.410507e-04 2.579933e-04
2.107306e-01 1.388900e-04 2.590283e-04
2.110014e-01 7.294994e-04 2.569241e-04
2.112723e-01 2.464391e-04 2.567640e-04
2.115431e-01 9.984896e-05 2.544259e-04
2.118139e-01 3.389195e-04 2.584432e-04
2.120847e-01 4.020296e-04 2.591454e-04
2.123555e-01 1.733936e-05 2.590682e-04
2.126263e-01 3.521498e-04 2.557680e-04
2.128971e-01 1.702085e-04 2.572288e-04
2.131680e-01 2.389103e-04 2.579656e-04
2.134388e-01 4.449189e-04 2.584351e-04
2.137096e-01 2.787802e-04 2.558784e-04
2.139804e-01 7.975101e-05 2.573987e-04
2.142512e-01 1.466908e-04 2.569673e-04
2.145220e-01 2.814289e-04 2.578783e-04
2.147928e-01 5.887300e-04 2.571772e-04
2.150636e-01 7.250402e-04 2.574295e-04
2.153345e-01 2.194196e-04 2.561655e-04
2.156053e-01 8.686502e-04 2.573939e-04
2.158761e-01 -3.330912e-04 2.572590e-04
2.161469e-01 2.876110e-04 2.590051e-04
2.164177e-01 1.750011e-04 2.577010e-04
2.166885e-01 2.786107e-04 2.574949e-04
2.169593e-01 2.643801e-04 2.599750e-04
2.172302e-01 3.511794e-04 2.585927e-04
2.175010e-01 -1.598895e-05 2.555631e-04
2.177718e-01 1.836382e-04 2.555858e-04
2.180426e-01 9.969063e-05 2.556880e-04
2.183134e-01 1.763701e-04 2.560096e-04
2.185842e-01 1.448020e-05 2.559641e-04
2.188551e-01 -3.345199e-04 2.557802e-04
2.191259e-01 3.730096e-04 2.565355e-04
2.193967e-01 3.898516e-04 2.541255e-04
2.196675e-01 5.133003e-04 2.534399e-04
2.199383e-01 2.577789e-04 2.548096e-04
2.202091e-01 2.831705e-04 2.547629e-04
2.204799e-01 6.234702e-04 2.541608e-04
2.207507e-01 4.733298e-04 2.549757e-04
2.210216e-01 3.565792e-04 2.527964e-04
2.212924e-01 -2.451055e-05 2.542061e-04
2.215632e-01 3.263298e-04 2.518447e-04
2.218340e-01 -5.395152e-05 2.537513e-04
2.221048e-01 1.351200e-04 2.518541e-04
2.223756e-01 5.579907e-04 2.517117e-04
2.226464e-01 -1.205895e-04 2.520901e-04
2.229173e-01 7.040054e-05 2.518146e-04
2.231881e-01 5.066805e-04 2.510194e-04
2.234589e-01 3.172606e-04 2.510204e-04
2.237297e-01 -2.400950e-06 2.534422e-04
2.240005e-01 3.920011e-04 2.506090e-04
2.242713e-01 2.868287e-04 2.503646e-04
2.245422e-01 7.214490e-04 2.514544e-04
2.248130e-01 -5.821884e-05 2.528251e-04
2.250838e-01 1.745708e-04 2.507959e-04
2.253546e-01 6.417409e-04 2.522316e-04
2.256254e-01 7.218402e-04 2.519298e-04
2.258962e-01 7.802900e-04 2.528847e-04
2.261670e-01 1.399592e-04 2.621744e-04
2.264379e-01 6.251093e-04 2.669959e-04
2.267087e-01 2.683885e-04 2.704150e-04
2.269795e-01 4.357398e-04 2.737683e-04
2.272503e-01 4.106201e-04 2.764777e-04
2.275211e-01 5.769413e-04 2.810038e-04
2.277919e-01 9.421799e-04 2.786720e-04
2.280627e-01 6.328095e-04 2.872533e-04
2.283335e-01 2.554990e-04 2.909263e-04
2.286044e-01 1.682211e-04 2.917500e-04
2.288752e-01 -1.260098e-04 2.962665e-04
2.291460e-01 4.021004e-04 2.986466e-04
2.294168e-01 3.712606e-04 3.036338e-04
2.296876e-01 4.732106e-04 2.999670e-04
2.299584e-01 2.920311e-04 3.025139e-04
2.302293e-01 6.115101e-04 3.094255e-04
2.305001e-01 5.307905e-04 3.111427e-04
2.307709e-01 5.219299e-04 3.132064e-04
2.310417e-01 4.413705e-04 3.130360e-04
2.313125e-01 5.050283e-04 3.185785e-04
2.315833e-01 -2.127010e-04 3.195648e-04
2.318541e-01 2.291501e-04 3.270939e-04
2.321250e-01 5.603507e-04 3.312798e-04
2.323958e-01 8.694790e-04 3.308222e-04
2.326666e-01 1.556799e-04 3.303682e-04
2.329374e-01 3.092904e-04 3.390260e-04
2.332082e-01 3.037713e-04 3.398886e-04
2.334790e-01 6.611906e-04 3.375501e-04
2.337498e-01 7.562898e-05 3.465284e-04
2.340207e-01 8.305497e-04 3.476464e-04
2.342915e-01 4.377197e-04 3.498298e-04
2.345623e-01 1.089830e-03 3.530874e-04
2.348331e-01 1.349561e-03 3.568346e-04
2.351039e-01 1.486350e-03 3.596664e-04
2.353747e-01 1.354130e-03 3.610703e-04
2.356455e-01 1.669260e-03 3.673846e-04
2.359163e-01 1.493359e-03 3.660701e-04
2.361872e-01 8.774996e-04 3.693337e-04
2.364580e-01 6.415509e-04 3.740745e-04
2.367288e-01 1.075471e-03 3.714757e-04
2.369996e-01 1.063341e-03 3.787451e-04
2.372704e-01 1.033779e-03 3.857605e-04
2.375412e-01 8.481387e-04 3.831318e-04
2.378121e-01 5.620699e-04 3.907852e-04
2.380829e-01 9.265114e-04 3.904106e-04
2.383537e-01 3.675185e-04 3.920139e-04
2.386245e-01 1.051219e-03 4.086162e-04
2.388953e-01 3.222097e-04 3.980138e-04
2.391661e-01 1.052329e-03 4.031471e-04
2.394369e-01 1.779515e-04 4.071762e-04
2.397078e-01 8.838903e-04 4.172531e-04
2.399786e-01 2.386197e-04 4.140904e-04
2.402494e-01 9.365696e-04 4.175190e-04
2.405202e-01 1.142731e-03 4.241209e-04
2.407910e-01 -1.853406e-04 4.341506e-04
2.410618e-01 7.329695e-04 4.328252e-04
2.413326e-01 8.002706e-04 4.360898e-04
2.416034e-01 5.260892e-04 4.407378e-04
2.418743e-01 -6.509945e-06 4.563412e-04
2.421451e-01 5.607195e-04 4.560168e-04
2.424159e-01 1.188610e-03 4.708356e-04
2.426867e-01 1.338350e-03 4.651797e-04
2.429575e-01 4.253313e-04 4.722077e-04
2.432283e-01 1.087571e-03 4.808917e-04
2.434992e-01 1.032509e-03 4.775194e-04
2.437700e-01 -2.972968e-05 4.855352e-04
2.440408e-01 9.934101e-04 4.966955e-04
2.443116e-01 4.135687e-04 5.042143e-04
2.445824e-01 8.608960e-05 5.101617e-04
2.448532e-01 -3.406964e-05 5.056279e-04
2.451240e-01 1.505829e-03 5.235707e-04
2.453949e-01 1.756970e-03 5.290207e-04
2.456657e-01 1.976285e-04 5.302572e-04
2.459365e-01 1.145303e-04 5.362907e-04
2.462073e-01 -1.239907e-04 5.489105e-04
2.464781e-01 -1.164302e-04 5.615661e-04
2.467489e-01 -2.146810e-04 5.734021e-04
2.470197e-01 5.615503e-04 5.691258e-04
2.472906e-01 1.423851e-03 5.853793e-04
2.475614e-01 7.201508e-04 5.908478e-04
2.478322e-01 -1.508743e-06 6.063752e-04
2.481030e-01 8.517597e-04 6.082850e-04
2.483738e-01 5.354900e-04 6.242004e-04
2.486446e-01 -2.175607e-04 6.534838e-04
2.489154e-01 8.113999e-04 6.591241e-04
2.491863e-01 7.937104e-04 6.590665e-04
2.494571e-01 5.796198e-04 6.773143e-04
2.497279e-01 8.560903e-04 6.907331e-04
2.499987e-01 5.795099e-04 7.322569e-04
2.502695e-01 7.923003e-04 7.198003e-04
2.505403e-01 6.168708e-04 7.367944e-04
2.508111e-01 -8.258969e-05 7.655106e-04
2.510819e-01 1.056399e-03 7.966707e-04
2.513528e-01 2.935715e-04 7.930820e-04
2.516236e-01 -5.679503e-04 8.413555e-04
2.518944e-01 -1.635650e-03 8.433448e-04
2.521652e-01 6.804056e-05 8.837111e-04
2.524360e-01 -5.347300e-04 9.286648e-04
2.527068e-01 2.923049e-05 8.825163e-04
2.529776e-01 3.656391e-04 9.289485e-04
2.532485e-01 -1.276601e-03 9.553386e-04
2.535193e-01 6.285999e-04 1.013005e-03
2.537901e-01 1.355510e-03 1.035172e-03
2.540609e-01 6.703809e-04 1.039039e-03
2.543317e-01 5.078092e-04 1.062131e-03
2.546025e-01 1.689289e-03 1.076607e-03
2.548733e-01 1.464829e-03 1.185128e-03
2.551441e-01 -5.504098e-04 1.148955e-03
2.554150e-01 9.316001e-04 1.288984e-03
2.556858e-01 -4.318897e-04 1.212177e-03
2.559566e-01 3.717002e-04 1.358675e-03
2.562274e-01 -7.803384e-04 1.428894e-03
2.564982e-01 2.616886e-04 1.615414e-03
2.567690e-01 -4.857201e-04 1.745635e-03
2.570398e-01 -1.065809e-03 1.933370e-03
2.573107e-01 -1.371890e-03 2.052063e-03
2.575815e-01 -6.054290e-03 2.437002e-03
2.578523e-01 -1.943838e-03 4.363933e-03
2.581231e-01 -5.679740e-03 4.634340e-03
