3.286826e-03 -1.180658e-01 0.000000e+00
3.557641e-03 -2.828312e-02 9.319079e-02
3.828455e-03 -3.228664e-02 5.256440e-02
4.099269e-03 -9.242797e-02 4.002441e-02
4.370084e-03 -5.927396e-02 2.976722e-02
4.640898e-03 -5.982208e-02 2.039286e-02
4.911712e-03 -5.380702e-02 1.721284e-02
5.182527e-03 -6.698596e-02 1.403425e-02
5.453341e-03 -6.323099e-02 1.256795e-02
5.724155e-03 -4.983401e-02 9.543274e-03
5.994970e-03 -3.465796e-02 8.668081e-03
6.265784e-03 -3.318000e-02 7.121911e-03
6.536598e-03 -2.327752e-02 5.639631e-03
6.807412e-03 -2.123189e-02 5.473581e-03
7.078227e-03 -3.018743e-02 4.474526e-03
7.349041e-03 -3.264564e-02 3.934579e-03
7.619855e-03 -2.087569e-02 3.493629e-03
7.890671e-03 -1.960772e-02 3.080290e-03
8.161485e-03 -1.168230e-02 2.823006e-03
8.432299e-03 -1.613468e-02 2.596152e-03
8.703114e-03 -1.524198e-02 2.355598e-03
8.973928e-03 -1.584160e-02 2.120357e-03
9.244742e-03 -9.991199e-03 1.998914e-03
9.515557e-03 -1.184081e-02 1.850033e-03
9.786371e-03 -1.129329e-02 1.720713e-03
1.005718e-02 -1.032870e-02 1.663472e-03
1.032800e-02 -8.110613e-03 1.495583e-03
1.059881e-02 -1.014750e-02 1.479855e-03
1.086963e-02 -9.332508e-03 1.346528e-03
1.114044e-02 -1.085520e-02 1.285387e-03
1.141126e-02 -8.166000e-03 1.236057e-03
1.168207e-02 -8.549109e-03 1.169012e-03
1.195289e-02 -7.157810e-03 1.113229e-03
1.222370e-02 -7.775500e-03 1.055188e-03
1.249451e-02 -7.978000e-03 1.002286e-03
1.276533e-02 -8.096725e-03 9.739182e-04
1.303614e-02 -5.708382e-03 9.240238e-04
1.330696e-02 -5.441949e-03 9.001657e-04
1.357777e-02 -6.415166e-03 8.714233e-04
1.384859e-02 -6.034642e-03 8.338205e-04
1.411940e-02 -4.104212e-03 8.100044e-04
1.439021e-02 -2.713524e-03 7.630743e-04
1.466103e-02 -4.292630e-03 7.433909e-04
1.493184e-02 -4.535489e-03 7.373273e-04
1.520266e-02 -3.444918e-03 7.107493e-04
1.547347e-02 -3.516614e-03 6.866510e-04
1.574429e-02 -2.654351e-03 6.639753e-04
1.601510e-02 -3.180880e-03 6.600356e-04
1.628591e-02 -2.327714e-03 6.436282e-04
1.655673e-02 -3.338203e-03 6.154988e-04
1.682754e-02 -3.808051e-03 6.069047e-04
1.709836e-02 -2.513461e-03 5.970034e-04
1.736917e-02 -1.834903e-03 5.825791e-04
1.763999e-02 -1.541380e-03 5.743810e-04
1.791080e-02 -2.025940e-03 5.495959e-04
1.818161e-02 -2.859950e-03 5.591648e-04
1.845243e-02 -1.702379e-03 5.522123e-04
1.872324e-02 -2.007540e-03 5.443607e-04
1.899406e-02 -1.788359e-03 5.378659e-04
1.926487e-02 -1.264129e-03 5.331892e-04
1.953569e-02 -1.522340e-03 5.273242e-04
1.980650e-02 -1.720820e-03 5.308522e-04
2.007731e-02 -1.463242e-03 5.135823e-04
2.034813e-02 -2.638631e-03 5.177015e-04
2.061894e-02 -9.886585e-04 5.087870e-04
2.088976e-02 -1.056820e-03 5.025613e-04
2.116057e-02 -1.579020e-03 5.026116e-04
2.143139e-02 -1.832992e-03 4.997261e-04
2.170220e-02 -1.247443e-03 4.986408e-04
2.197302e-02 -1.110461e-03 4.969781e-04
2.224383e-02 -5.895421e-04 4.746133e-04
2.251465e-02 -1.445580e-03 4.688121e-04
2.278546e-02 -1.183070e-03 4.602122e-04
2.305627e-02 -3.749505e-04 4.557937e-04
2.332709e-02 -2.310202e-04 4.442319e-04
2.359790e-02 -1.089640e-03 4.432402e-04
2.386872e-02 -7.989295e-04 4.376770e-04
2.413953e-02 -1.118708e-03 4.337937e-04
2.441034e-02 -1.442749e-03 4.193732e-04
2.468116e-02 -1.382690e-03 4.207685e-04
2.495197e-02 -1.457661e-03 4.146693e-04
2.522279e-02 -3.238507e-04 4.100995e-04
2.549360e-02 -1.203306e-04 4.133812e-04
2.576442e-02 -1.120292e-03 3.994813e-04
2.603523e-02 -4.469007e-04 4.022126e-04
2.630604e-02 -1.162682e-03 3.948059e-04
2.657686e-02 4.243851e-05 3.951676e-04
2.684767e-02 6.789081e-04 3.875241e-04
2.711849e-02 -3.938116e-04 3.831530e-04
2.738930e-02 -5.978607e-04 3.792374e-04
2.766012e-02 -4.354827e-04 3.732023e-04
2.793093e-02 -1.205459e-03 3.735026e-04
2.820175e-02 -3.293306e-04 3.646536e-04
2.847256e-02 -4.868507e-04 3.636408e-04
2.874337e-02 -4.220009e-05 3.642352e-04
2.901419e-02 -8.479208e-04 3.597640e-04
2.928500e-02 -5.063489e-04 3.515063e-04
2.955582e-02 -5.441792e-04 3.471853e-04
2.982663e-02 -2.979115e-04 3.503822e-04
3.009745e-02 -4.096702e-04 3.519003e-04
3.036826e-02 -6.494224e-04 3.442671e-04
3.063907e-02 -5.047992e-04 3.401932e-04
3.090989e-02 -5.553104e-04 3.407918e-04
3.118070e-02 -9.845197e-04 3.394655e-04
3.145152e-02 -5.764402e-04 3.379761e-04
3.172233e-02 -1.087178e-03 3.362353e-04
3.199315e-02 -7.833801e-04 3.305205e-04
3.226396e-02 8.587912e-05 3.329058e-04
3.253478e-02 1.056232e-04 3.288088e-04
3.280559e-02 -2.555400e-04 3.271785e-04
3.307641e-02 -2.255291e-04 3.264285e-04
3.334722e-02 8.630008e-05 3.214359e-04
3.361803e-02 -1.633987e-04 3.218946e-04
3.388885e-02 -2.522804e-04 3.175152e-04
3.415966e-02 1.249798e-04 3.210176e-04
3.443048e-02 -4.519485e-04 3.203331e-04
3.470129e-02 -5.642511e-04 3.125140e-04
3.497211e-02 1.646616e-04 3.139206e-04
3.524292e-02 4.123896e-04 3.110907e-04
3.551374e-02 1.319870e-05 3.136136e-04
3.578455e-02 -1.961291e-04 3.121035e-04
3.605536e-02 -4.619025e-04 3.065892e-04
3.632618e-02 -2.727211e-04 3.085536e-04
3.659699e-02 -1.558997e-04 3.052400e-04
3.686780e-02 -3.337599e-04 3.049362e-04
3.713862e-02 -4.035421e-04 3.007407e-04
3.740944e-02 2.281703e-04 2.979129e-04
3.768025e-02 -1.346506e-04 2.992874e-04
3.795106e-02 2.127886e-05 2.962498e-04
3.822188e-02 1.765713e-04 2.951302e-04
3.849269e-02 2.157800e-04 2.923566e-04
3.876351e-02 -1.513958e-05 2.902658e-04
3.903432e-02 -4.157498e-04 2.914723e-04
3.930514e-02 -1.842119e-04 2.904011e-04
3.957595e-02 -3.079623e-04 2.904012e-04
3.984676e-02 -1.534298e-04 2.854762e-04
4.011758e-02 -3.596023e-05 2.862883e-04
4.038839e-02 -5.302913e-04 2.862496e-04
4.065921e-02 -3.265217e-04 2.840173e-04
4.093002e-02 -2.854094e-04 2.829040e-04
4.120084e-02 -2.830289e-04 2.821313e-04
4.147165e-02 -2.537929e-04 2.820034e-04
4.174246e-02 -1.599602e-04 2.791056e-04
4.201328e-02 -3.116801e-04 2.765001e-04
4.228409e-02 -1.307800e-04 2.775469e-04
4.255491e-02 -1.737624e-04 2.749779e-04
4.282572e-02 1.418963e-05 2.767180e-04
4.309653e-02 3.185272e-04 2.725057e-04
4.336735e-02 -2.817474e-04 2.724633e-04
4.363817e-02 -4.881993e-05 2.719183e-04
4.390898e-02 2.245493e-04 2.716557e-04
4.417979e-02 -4.353598e-04 2.699941e-04
4.445061e-02 -2.871566e-04 2.681464e-04
4.472142e-02 3.595799e-04 2.663792e-04
4.499224e-02 -4.406981e-04 2.683984e-04
4.526305e-02 -2.598017e-04 2.671632e-04
4.553387e-02 5.593896e-05 2.651719e-04
4.580468e-02 1.571402e-04 2.655031e-04
4.607549e-02 -1.621693e-04 2.639274e-04
4.634631e-02 2.984516e-04 2.595550e-04
4.661712e-02 5.785897e-04 2.604728e-04
4.688794e-02 -3.432110e-05 2.577831e-04
4.715875e-02 3.474616e-04 2.592582e-04
4.742957e-02 -2.279393e-04 2.555383e-04
4.770038e-02 -1.702793e-04 2.544250e-04
4.797119e-02 -3.768392e-04 2.533871e-04
4.824201e-02 1.738109e-04 2.569222e-04
4.851282e-02 5.502999e-05 2.555834e-04
4.878364e-02 -3.786497e-04 2.523678e-04
4.905445e-02 4.600212e-04 2.532457e-04
4.932526e-02 -5.597509e-04 2.522589e-04
4.959608e-02 -5.615875e-05 2.499100e-04
4.986690e-02 -3.453121e-04 2.519508e-04
5.013771e-02 -1.791120e-05 2.491030e-04
5.040852e-02 2.309605e-04 2.496144e-04
5.067934e-02 -1.685284e-04 2.466945e-04
5.095015e-02 1.721494e-04 2.449085e-04
5.122096e-02 6.422400e-06 2.448294e-04
5.149178e-02 -1.129806e-04 2.456781e-04
5.176260e-02 -2.310798e-04 2.452122e-04
5.203341e-02 2.770796e-04 2.480150e-04
5.230422e-02 4.075617e-04 2.425497e-04
5.257504e-02 -2.350286e-05 2.426206e-04
5.284585e-02 2.446212e-04 2.433999e-04
5.311667e-02 3.041923e-04 2.401123e-04
5.338748e-02 -3.695823e-04 2.457819e-04
5.365830e-02 -3.661327e-04 2.443524e-04
5.392911e-02 -2.927817e-04 2.455663e-04
5.419992e-02 -2.064183e-04 2.458974e-04
5.447074e-02 3.063418e-04 2.450984e-04
5.474155e-02 -2.144277e-04 2.496130e-04
5.501237e-02 4.180390e-04 2.535966e-04
5.528318e-02 -4.201494e-04 2.553605e-04
5.555400e-02 3.991388e-04 2.560852e-04
5.582481e-02 1.445003e-04 2.567072e-04
5.609563e-02 -4.090704e-04 2.606624e-04
5.636644e-02 -4.939903e-04 2.591595e-04
5.663725e-02 2.646111e-04 2.592035e-04
5.690807e-02 1.618899e-04 2.623127e-04
5.717888e-02 -3.539212e-04 2.603503e-04
5.744969e-02 1.620892e-04 2.603969e-04
5.772051e-02 -6.742030e-05 2.629702e-04
5.799133e-02 -1.030825e-04 2.611914e-04
5.826214e-02 3.410298e-04 2.632542e-04
5.853295e-02 3.452897e-04 2.644375e-04
5.880377e-02 3.095604e-04 2.622914e-04
5.907458e-02 -4.693866e-05 2.636160e-04
5.934540e-02 2.174079e-05 2.625333e-04
5.961621e-02 -6.180294e-04 2.669452e-04
5.988703e-02 -5.935505e-04 2.656672e-04
6.015784e-02 -1.360215e-04 2.669177e-04
6.042865e-02 -6.997027e-05 2.639129e-04
6.069947e-02 1.982413e-04 2.603143e-04
6.097028e-02 -2.951287e-04 2.637634e-04
6.124110e-02 -2.742689e-04 2.576524e-04
6.151191e-02 2.645105e-04 2.558713e-04
6.178273e-02 6.892905e-05 2.572203e-04
6.205354e-02 2.547484e-04 2.529877e-04
6.232436e-02 -1.185909e-04 2.551257e-04
6.259517e-02 -7.161498e-04 2.530988e-04
6.286598e-02 -1.307596e-04 2.531044e-04
6.313679e-02 -1.245290e-04 2.548753e-04
6.340761e-02 -1.745783e-04 2.506005e-04
6.367842e-02 2.168287e-04 2.498835e-04
6.394923e-02 3.281999e-04 2.490257e-04
6.422005e-02 1.234002e-04 2.518024e-04
6.449086e-02 -6.230548e-06 2.516563e-04
6.476168e-02 -5.419515e-04 2.469270e-04
6.503250e-02 2.070498e-04 2.507972e-04
6.530331e-02 9.856001e-05 2.496642e-04
6.557412e-02 -1.688506e-04 2.481371e-04
6.584494e-02 7.664971e-05 2.485501e-04
6.611575e-02 -1.387596e-04 2.469795e-04
6.638657e-02 3.773496e-04 2.491384e-04
6.665738e-02 7.949024e-05 2.459636e-04
6.692819e-02 2.943818e-04 2.474011e-04
6.719901e-02 8.117035e-05 2.456242e-04
6.746982e-02 -2.745688e-04 2.454460e-04
6.774063e-02 -1.447592e-04 2.485017e-04
6.801146e-02 9.251758e-06 2.462301e-04
6.828227e-02 -3.263298e-04 2.442304e-04
6.855308e-02 -3.610589e-04 2.451600e-04
6.882390e-02 1.512896e-04 2.451274e-04
6.909471e-02 -1.380108e-04 2.447475e-04
6.936552e-02 -1.996309e-04 2.419955e-04
6.963634e-02 1.860503e-04 2.421333e-04
6.990715e-02 -3.941804e-04 2.438716e-04
7.017796e-02 2.680793e-04 2.403178e-04
7.044878e-02 -1.123603e-04 2.409772e-04
7.071959e-02 2.852883e-04 2.396486e-04
7.099041e-02 7.986091e-05 2.418426e-04
7.126123e-02 -1.723804e-04 2.404704e-04
7.153204e-02 3.473200e-04 2.376604e-04
7.180285e-02 -4.964881e-05 2.397218e-04
7.207367e-02 -3.515203e-04 2.381650e-04
7.234448e-02 -2.326202e-04 2.393661e-04
7.261530e-02 2.660509e-04 2.399336e-04
7.288611e-02 -1.363307e-04 2.357627e-04
7.315692e-02 -2.144091e-04 2.383795e-04
7.342774e-02 1.312103e-04 2.376992e-04
7.369855e-02 4.073400e-04 2.378542e-04
7.396936e-02 9.411946e-05 2.360989e-04
7.424019e-02 3.598407e-04 2.366636e-04
7.451100e-02 3.070105e-04 2.367671e-04
7.478181e-02 -7.605925e-05 2.357177e-04
7.505263e-02 1.774412e-04 2.349993e-04
7.532344e-02 1.589954e-05 2.378875e-04
7.559425e-02 1.880899e-05 2.340997e-04
7.586507e-02 2.139993e-05 2.336731e-04
7.613588e-02 -6.133877e-05 2.331899e-04
7.640669e-02 1.825020e-05 2.335119e-04
7.667751e-02 1.380704e-04 2.359243e-04
7.694832e-02 -3.552288e-04 2.323657e-04
7.721914e-02 1.735203e-04 2.346729e-04
7.748996e-02 3.767945e-05 2.324578e-04
7.776077e-02 -1.323204e-04 2.301510e-04
7.803158e-02 5.984213e-04 2.338087e-04
7.830240e-02 -7.932074e-05 2.325892e-04
7.857321e-02 -2.752300e-04 2.316040e-04
7.884403e-02 -1.002308e-04 2.328796e-04
7.911484e-02 -1.272801e-04 2.309405e-04
7.938565e-02 -2.460554e-06 2.317346e-04
7.965647e-02 -5.807206e-04 2.283410e-04
7.992728e-02 -2.402402e-04 2.291654e-04
8.019809e-02 -7.990003e-05 2.311266e-04
8.046892e-02 -4.199147e-05 2.286288e-04
8.073973e-02 -4.107710e-04 2.291961e-04
8.101054e-02 6.354097e-04 2.288155e-04
8.128136e-02 2.183598e-04 2.282767e-04
8.155217e-02 -1.570992e-04 2.281138e-04
8.182298e-02 -2.222285e-04 2.275747e-04
8.209380e-02 -1.265109e-04 2.265082e-04
8.236461e-02 -8.932129e-05 2.255279e-04
8.263543e-02 -4.937872e-05 2.262858e-04
8.290624e-02 1.831390e-04 2.273175e-04
8.317705e-02 1.720116e-04 2.273633e-04
8.344787e-02 2.327897e-04 2.260537e-04
8.371869e-02 5.429611e-06 2.275275e-04
8.398950e-02 -2.118200e-04 2.271537e-04
8.426031e-02 6.728061e-05 2.254015e-04
8.453113e-02 7.482991e-05 2.238247e-04
8.480194e-02 1.241807e-04 2.253064e-04
8.507276e-02 -2.367906e-04 2.252908e-04
8.534357e-02 -6.720051e-05 2.243174e-04
8.561438e-02 -6.539393e-04 2.236234e-04
8.588520e-02 1.745410e-04 2.219153e-04
8.615601e-02 2.801046e-05 2.228965e-04
8.642682e-02 3.044587e-04 2.242339e-04
8.669765e-02 2.616998e-04 2.222066e-04
8.696846e-02 1.758300e-04 2.208694e-04
8.723927e-02 -5.443022e-05 2.208631e-04
8.751009e-02 -3.260504e-04 2.207370e-04
8.778090e-02 6.818026e-05 2.194545e-04
8.805171e-02 2.246201e-04 2.207228e-04
8.832253e-02 1.033694e-04 2.208061e-04
8.859334e-02 1.928490e-04 2.198523e-04
8.886416e-02 3.821030e-05 2.210342e-04
8.913497e-02 2.227686e-04 2.184203e-04
8.940578e-02 -2.137795e-04 2.195410e-04
8.967660e-02 -2.131984e-05 2.191076e-04
8.994742e-02 -2.109818e-05 2.208473e-04
9.021823e-02 -3.254488e-04 2.190684e-04
9.048904e-02 -1.587309e-04 2.190435e-04
9.075986e-02 -1.692027e-05 2.193726e-04
9.103067e-02 -1.811497e-04 2.170205e-04
9.130149e-02 6.270967e-05 2.188803e-04
9.157230e-02 -1.496505e-04 2.165571e-04
9.184311e-02 8.240156e-05 2.187187e-04
9.211393e-02 3.669597e-04 2.167844e-04
9.238474e-02 -1.960993e-05 2.169973e-04
9.265555e-02 -2.314914e-04 2.175188e-04
9.292637e-02 -5.180016e-06 2.161403e-04
9.319719e-02 -9.437837e-05 2.178480e-04
9.346800e-02 -1.761001e-04 2.156561e-04
9.373882e-02 8.759834e-05 2.144719e-04
9.400963e-02 -2.546608e-04 2.162533e-04
9.428044e-02 8.809939e-05 2.147940e-04
9.455126e-02 -8.456036e-05 2.157059e-04
9.482207e-02 -1.184400e-04 2.152821e-04
9.509289e-02 -4.367903e-05 2.142895e-04
9.536370e-02 -8.370727e-06 2.156952e-04
9.563451e-02 -4.009586e-04 2.149694e-04
9.590533e-02 -2.359394e-04 2.148211e-04
9.617615e-02 1.712199e-04 2.130390e-04
9.644696e-02 -5.977042e-05 2.136466e-04
9.671777e-02 4.130043e-05 2.135199e-04
9.698859e-02 6.185099e-05 2.118670e-04
9.725940e-02 5.520880e-06 2.119920e-04
9.753022e-02 -1.793690e-04 2.097522e-04
9.780103e-02 4.279055e-05 2.115660e-04
9.807184e-02 -2.700835e-07 2.113726e-04
9.834266e-02 -5.088300e-04 2.118544e-04
9.861347e-02 1.186803e-04 2.126566e-04
9.888428e-02 -2.861600e-04 2.097284e-04
9.915510e-02 6.898120e-05 2.129801e-04
9.942592e-02 1.952201e-04 2.100476e-04
9.969673e-02 -3.287699e-04 2.123634e-04
9.996755e-02 6.528944e-05 2.090340e-04
1.002384e-01 3.986005e-04 2.097311e-04
1.005092e-01 -6.918982e-05 2.106272e-04
1.007800e-01 -2.691895e-05 2.087555e-04
1.010508e-01 -7.085875e-05 2.109501e-04
1.013216e-01 -6.509945e-05 2.090343e-04
1.015924e-01 -1.957398e-04 2.085567e-04
1.018632e-01 8.819997e-05 2.104252e-04
1.021341e-01 2.147201e-04 2.072176e-04
1.024049e-01 -4.343800e-04 2.087979e-04
1.026757e-01 6.918982e-05 2.082300e-04
1.029465e-01 -4.049018e-05 2.078033e-04
1.032173e-01 -4.791841e-05 2.082415e-04
1.034881e-01 -4.030187e-04 2.064837e-04
1.037589e-01 1.602490e-04 2.050611e-04
1.040298e-01 2.426393e-04 2.048870e-04
1.043006e-01 -2.350993e-04 2.066094e-04
1.045714e-01 -6.155111e-05 2.056360e-04
1.048422e-01 -1.344997e-04 2.055856e-04
1.051130e-01 -8.539110e-05 2.057452e-04
1.053838e-01 -1.784004e-04 2.054098e-04
1.056546e-01 1.212601e-04 2.051076e-04
1.059255e-01 -1.323111e-04 2.048500e-04
1.061963e-01 -4.211590e-04 2.058627e-04
1.064671e-01 1.671799e-04 2.046179e-04
1.067379e-01 -2.243593e-04 2.044341e-04
1.070087e-01 -5.278923e-05 2.054130e-04
1.072795e-01 -7.899478e-06 2.032894e-04
1.075503e-01 -9.755976e-05 2.041890e-04
1.078212e-01 9.135157e-05 2.043280e-04
1.080920e-01 2.634395e-04 2.028929e-04
1.083628e-01 2.371594e-04 2.013396e-04
1.086336e-01 1.303088e-04 2.032353e-04
1.089044e-01 5.944818e-05 2.042354e-04
1.091752e-01 9.633042e-05 2.024960e-04
1.094460e-01 5.073100e-05 2.016881e-04
1.097169e-01 7.626973e-05 2.027942e-04
1.099877e-01 -7.878058e-05 2.019032e-04
1.102585e-01 7.936917e-05 2.025224e-04
1.105293e-01 -6.636977e-05 2.047559e-04
1.108001e-01 8.649006e-05 2.076616e-04
1.110709e-01 1.056492e-04 2.091494e-04
1.113417e-01 2.027601e-04 2.071412e-04
1.116126e-01 1.419503e-04 2.094575e-04
1.118834e-01 4.205089e-04 2.092121e-04
1.121542e-01 -2.251007e-05 2.106077e-04
1.124250e-01 3.078952e-05 2.146947e-04
1.126958e-01 6.674603e-04 2.141788e-04
1.129666e-01 1.016688e-04 2.158307e-04
1.132374e-01 -9.108149e-05 2.168695e-04
1.135083e-01 1.105107e-05 2.200258e-04
1.137791e-01 5.024113e-05 2.215076e-04
1.140499e-01 -1.007691e-04 2.218889e-04
1.143207e-01 -1.751203e-04 2.243531e-04
1.145915e-01 -1.823902e-05 2.237524e-04
1.148623e-01 2.187695e-04 2.270184e-04
1.151332e-01 -9.564869e-05 2.253646e-04
1.154040e-01 3.352948e-05 2.296875e-04
1.156748e-01 -1.485702e-04 2.293784e-04
1.159456e-01 2.452191e-04 2.323623e-04
1.162164e-01 -3.139097e-04 2.311173e-04
1.164872e-01 -3.435109e-04 2.321270e-04
1.167580e-01 3.837198e-04 2.357697e-04
1.170288e-01 1.777895e-04 2.361560e-04
1.172997e-01 2.156198e-04 2.339782e-04
1.175705e-01 2.099592e-04 2.366441e-04
1.178413e-01 2.838802e-04 2.373954e-04
1.181121e-01 3.991090e-05 2.367565e-04
1.183829e-01 -1.105200e-04 2.310488e-04
1.186537e-01 -4.735962e-05 2.325110e-04
1.189246e-01 4.407018e-05 2.313846e-04
1.191954e-01 2.092514e-04 2.299427e-04
1.194662e-01 2.307594e-04 2.294574e-04
1.197370e-01 1.119208e-04 2.293153e-04
1.200078e-01 -1.365393e-04 2.288664e-04
1.202786e-01 1.319200e-04 2.277252e-04
1.205494e-01 1.501795e-04 2.264101e-04
1.208202e-01 1.599900e-04 2.290889e-04
1.210911e-01 5.034003e-04 2.285839e-04
1.213619e-01 -1.966003e-04 2.293250e-04
1.216327e-01 -1.065992e-05 2.269136e-04
1.219035e-01 -1.351293e-04 2.294750e-04
1.221743e-01 -1.979992e-04 2.283796e-04
1.224451e-01 1.275297e-04 2.281516e-04
1.227160e-01 -2.170913e-04 2.305217e-04
1.229868e-01 9.281933e-05 2.269728e-04
1.232576e-01 -9.942055e-05 2.286073e-04
1.235284e-01 5.287118e-05 2.301360e-04
1.237992e-01 1.531504e-04 2.261824e-04
1.240700e-01 -6.164983e-05 2.297934e-04
1.243408e-01 -4.374981e-05 2.269587e-04
1.246117e-01 1.342185e-04 2.274426e-04
1.248825e-01 -6.758980e-05 2.288194e-04
1.251533e-01 -3.053285e-04 2.258840e-04
1.254241e-01 4.642289e-04 2.296147e-04
1.256949e-01 -1.328997e-04 2.257380e-04
1.259657e-01 4.800986e-04 2.254832e-04
1.262365e-01 -1.574904e-04 2.238451e-04
1.265074e-01 -1.973789e-04 2.262673e-04
1.267782e-01 2.540890e-04 2.264912e-04
1.270490e-01 3.479980e-05 2.230819e-04
1.273198e-01 8.410029e-05 2.251438e-04
1.275906e-01 4.327409e-04 2.240068e-04
1.278614e-01 -2.470203e-04 2.237035e-04
1.281322e-01 1.242198e-04 2.233566e-04
1.284031e-01 -4.673935e-05 2.236480e-04
1.286739e-01 2.477914e-04 2.241195e-04
1.289447e-01 -3.051516e-04 2.221286e-04
1.292155e-01 -2.812967e-05 2.234274e-04
1.294863e-01 6.030109e-04 2.221929e-04
1.297571e-01 2.297945e-05 2.217628e-04
1.300279e-01 -3.072061e-05 2.209928e-04
1.302988e-01 2.075192e-04 2.232648e-04
1.305696e-01 2.230387e-04 2.217728e-04
1.308404e-01 -1.433697e-04 2.210187e-04
1.311112e-01 -2.024192e-04 2.211417e-04
1.313820e-01 -2.919212e-04 2.216971e-04
1.316528e-01 -3.674999e-05 2.210926e-04
1.319236e-01 -2.471805e-04 2.210979e-04
1.321945e-01 -4.165061e-05 2.215193e-04
1.324653e-01 8.386001e-05 2.224152e-04
1.327361e-01 -2.202000e-04 2.197222e-04
1.330069e-01 -2.952106e-04 2.219479e-04
1.332777e-01 -7.705018e-05 2.209063e-04
1.335485e-01 4.656892e-04 2.190769e-04
1.338193e-01 3.810003e-04 2.237356e-04
1.340902e-01 1.021009e-04 2.191967e-04
1.343610e-01 1.683496e-04 2.197604e-04
1.346318e-01 1.310091e-04 2.190390e-04
1.349026e-01 1.054890e-04 2.184829e-04
1.351734e-01 -1.078602e-04 2.206730e-04
1.354442e-01 -3.314093e-04 2.175343e-04
1.357151e-01 -1.097396e-04 2.203144e-04
1.359859e-01 -2.538897e-04 2.193469e-04
1.362567e-01 1.890585e-06 2.166410e-04
1.365275e-01 4.397016e-04 2.185841e-04
1.367983e-01 9.785034e-05 2.159426e-04
1.370691e-01 1.919009e-04 2.205033e-04
1.373399e-01 8.050352e-06 2.217386e-04
1.376107e-01 -2.420601e-04 2.239121e-04
1.378816e-01 2.760068e-05 2.275177e-04
1.381524e-01 1.202393e-04 2.247033e-04
1.384232e-01 4.429929e-05 2.281456e-04
1.386940e-01 -1.355391e-04 2.287561e-04
1.389648e-01 1.308899e-04 2.302787e-04
1.392356e-01 2.296604e-04 2.336783e-04
1.395064e-01 -5.115401e-04 2.307932e-04
1.397773e-01 1.961514e-04 2.326098e-04
1.400481e-01 -3.208593e-04 2.332857e-04
1.403189e-01 3.213901e-04 2.359453e-04
1.405897e-01 -2.298877e-05 2.347246e-04
1.408605e-01 -6.454065e-05 2.356866e-04
1.411313e-01 -2.154708e-04 2.381587e-04
1.414021e-01 5.578995e-04 2.379951e-04
1.416730e-01 1.807194e-04 2.412101e-04
1.419438e-01 -4.707836e-05 2.391551e-04
1.422146e-01 4.086997e-04 2.399881e-04
1.424854e-01 1.580510e-04 2.405836e-04
1.427562e-01 2.021212e-04 2.415032e-04
1.430270e-01 3.816001e-05 2.397812e-04
1.432979e-01 3.465116e-04 2.420084e-04
1.435687e-01 1.390800e-04 2.438048e-04
1.438395e-01 -1.519900e-04 2.422400e-04
1.441103e-01 1.326092e-04 2.446091e-04
1.443811e-01 -4.447494e-04 2.442615e-04
1.446519e-01 -3.250316e-06 2.446280e-04
1.449227e-01 -1.554396e-04 2.466157e-04
1.451935e-01 -2.205297e-04 2.437510e-04
1.454644e-01 -2.474599e-04 2.484779e-04
1.457352e-01 5.920976e-05 2.508272e-04
1.460060e-01 -3.203191e-04 2.453036e-04
1.462768e-01 -4.957989e-04 2.498640e-04
1.465476e-01 9.359978e-05 2.491135e-04
1.468184e-01 2.593398e-04 2.525103e-04
1.470892e-01 -3.758501e-04 2.497484e-04
1.473601e-01 -4.438870e-05 2.500076e-04
1.476309e-01 -4.672501e-04 2.512166e-04
1.479017e-01 -4.698392e-04 2.489508e-04
1.481725e-01 -7.586926e-05 2.508596e-04
1.484433e-01 9.405054e-05 2.493814e-04
1.487141e-01 -1.210161e-05 2.505631e-04
1.489850e-01 4.039146e-05 2.499930e-04
1.492558e-01 2.459697e-04 2.491381e-04
1.495266e-01 -2.425518e-04 2.523622e-04
1.497974e-01 -8.697063e-05 2.473832e-04
1.500682e-01 -2.224911e-04 2.499701e-04
1.503390e-01 -2.367981e-05 2.500441e-04
1.506098e-01 9.890087e-05 2.482502e-04
1.508806e-01 -1.833700e-04 2.475121e-04
1.511515e-01 2.770592e-04 2.474171e-04
1.514223e-01 1.853611e-04 2.512316e-04
1.516931e-01 2.473015e-04 2.481055e-04
1.519639e-01 -3.368966e-05 2.473037e-04
1.522347e-01 4.104301e-04 2.501344e-04
1.525055e-01 1.200400e-04 2.469096e-04
1.527763e-01 -4.008040e-05 2.529409e-04
1.530472e-01 1.921784e-04 2.479744e-04
1.533180e-01 2.019200e-04 2.519423e-04
1.535888e-01 4.116297e-04 2.517069e-04
1.538596e-01 2.229586e-06 2.501136e-04
1.541304e-01 -3.268607e-04 2.533529e-04
1.544012e-01 4.550405e-04 2.506503e-04
1.546721e-01 -2.896208e-04 2.514930e-04
1.549429e-01 1.817010e-04 2.510043e-04
1.552137e-01 4.748888e-04 2.499690e-04
1.554845e-01 -4.302803e-04 2.502582e-04
1.557553e-01 4.303697e-04 2.521647e-04
1.560261e-01 -1.910497e-04 2.513572e-04
1.562969e-01 1.615789e-04 2.512191e-04
1.565678e-01 1.405589e-04 2.500979e-04
1.568386e-01 -8.697063e-05 2.500012e-04
1.571094e-01 -6.492063e-05 2.521066e-04
1.573802e-01 -2.317000e-04 2.501056e-04
1.576510e-01 -1.561902e-04 2.486941e-04
1.579218e-01 -2.503991e-04 2.512250e-04
1.581926e-01 1.123399e-04 2.527020e-04
1.584634e-01 3.245100e-04 2.506637e-04
1.587343e-01 -2.367515e-04 2.496478e-04
1.590051e-01 2.989396e-04 2.497953e-04
1.592759e-01 -6.970018e-06 2.489908e-04
1.595467e-01 3.281403e-04 2.492173e-04
1.598175e-01 -2.250988e-04 2.504583e-04
1.600883e-01 -3.947876e-05 2.481893e-04
1.603591e-01 3.728792e-04 2.498135e-04
1.606300e-01 1.583304e-04 2.506167e-04
1.609008e-01 -1.015197e-04 2.474488e-04
1.611716e-01 -4.322808e-04 2.481050e-04
1.614424e-01 -1.090001e-04 2.451247e-04
1.617132e-01 -7.702969e-05 2.478592e-04
1.619840e-01 6.167963e-05 2.475336e-04
1.622549e-01 1.294501e-04 2.474258e-04
1.625257e-01 1.443923e-05 2.491170e-04
1.627965e-01 -1.497008e-04 2.482277e-04
1.630673e-01 -2.477802e-04 2.477534e-04
1.633381e-01 3.441051e-05 2.478673e-04
1.636089e-01 -2.564695e-04 2.473080e-04
1.638797e-01 2.262183e-05 2.501371e-04
1.641506e-01 -1.806505e-04 2.492233e-04
1.644214e-01 -3.138613e-04 2.493534e-04
1.646922e-01 2.291594e-04 2.470552e-04
1.649630e-01 -2.975296e-04 2.462350e-04
1.652338e-01 -1.436304e-04 2.489023e-04
1.655046e-01 4.081056e-06 2.478392e-04
1.657754e-01 2.062302e-04 2.468603e-04
1.660462e-01 -2.355799e-04 2.515979e-04
1.663171e-01 -5.414151e-05 2.480460e-04
1.665879e-01 -5.237944e-05 2.483960e-04
1.668587e-01 -2.384596e-04 2.492476e-04
1.671295e-01 2.573505e-04 2.506867e-04
1.674003e-01 -1.086108e-05 2.481113e-04
1.676711e-01 -7.281080e-06 2.570452e-04
1.679420e-01 -5.260855e-05 2.636002e-04
1.682128e-01 -5.465932e-05 2.626986e-04
1.684836e-01 -7.325970e-05 2.706847e-04
1.687544e-01 8.611009e-06 2.694754e-04
1.690252e-01 -1.614597e-04 2.724582e-04
1.692960e-01 2.492033e-05 2.701175e-04
1.695668e-01 -1.460910e-04 2.772967e-04
1.698377e-01 -5.273093e-04 2.767683e-04
1.701085e-01 -7.353164e-05 2.794687e-04
1.703793e-01 7.206015e-05 2.829613e-04
1.706501e-01 -4.277006e-05 2.833877e-04
1.709209e-01 5.239993e-05 2.863578e-04
1.711917e-01 4.980695e-04 2.864989e-04
1.714625e-01 3.945492e-04 2.892716e-04
1.717333e-01 -1.464095e-04 2.947951e-04
1.720042e-01 -5.062297e-04 2.955966e-04
1.722750e-01 1.527388e-04 2.984168e-04
1.725458e-01 -1.958292e-04 2.967534e-04
1.728166e-01 1.833197e-04 2.986678e-04
1.730874e-01 -1.069196e-04 2.998156e-04
1.733582e-01 1.417808e-04 3.023257e-04
1.736291e-01 -3.074706e-04 3.087046e-04
1.738999e-01 2.255999e-04 3.054236e-04
1.741707e-01 8.153189e-04 3.121027e-04
1.744415e-01 -6.271005e-04 3.128050e-04
1.747123e-01 3.062785e-04 3.156905e-04
1.749831e-01 -4.820302e-04 3.020839e-04
1.752539e-01 2.941899e-04 2.941925e-04
1.755248e-01 4.764087e-05 2.946046e-04
1.757956e-01 -3.413502e-04 2.898231e-04
1.760664e-01 3.505889e-04 2.933887e-04
1.763372e-01 3.805701e-04 2.891323e-04
1.766080e-01 6.939191e-04 2.879215e-04
1.768788e-01 2.194494e-04 2.911931e-04
1.771496e-01 5.193986e-05 2.829795e-04
1.774205e-01 7.949304e-04 2.859662e-04
1.776913e-01 3.978051e-05 2.823445e-04
1.779621e-01 2.723597e-04 2.809109e-04
1.782329e-01 -4.018396e-04 2.820374e-04
1.785037e-01 2.664700e-04 2.761610e-04
1.787745e-01 2.302788e-04 2.792207e-04
1.790453e-01 3.612302e-04 2.757780e-04
1.793161e-01 -4.438106e-04 2.778252e-04
1.795870e-01 9.335950e-05 2.752093e-04
1.798578e-01 6.493926e-05 2.732856e-04
1.801286e-01 3.195796e-04 2.784702e-04
1.803994e-01 3.580004e-06 2.729022e-04
1.806702e-01 -4.853215e-04 2.709174e-04
1.809410e-01 1.026802e-04 2.741433e-04
1.812119e-01 7.080995e-04 2.732016e-04
1.814827e-01 -2.661999e-04 2.749897e-04
1.817535e-01 1.300126e-06 2.665075e-04
1.820243e-01 2.613794e-04 2.720725e-04
1.822951e-01 -3.534500e-04 2.722693e-04
1.825659e-01 4.435387e-04 2.701095e-04
1.828367e-01 6.267056e-05 2.724309e-04
1.831076e-01 2.696496e-04 2.679462e-04
1.833784e-01 -6.982498e-04 2.733145e-04
1.836492e-01 3.600903e-04 2.703727e-04
1.839200e-01 9.641983e-05 2.714116e-04
1.841908e-01 -2.044011e-04 2.674081e-04
1.844616e-01 3.060102e-04 2.702025e-04
1.847324e-01 -1.487210e-04 2.722451e-04
1.850033e-01 8.483976e-05 2.684620e-04
1.852741e-01 -6.624870e-05 2.673192e-04
1.855449e-01 -1.155213e-04 2.677666e-04
1.858157e-01 -1.985095e-04 2.693312e-04
1.860865e-01 4.039798e-04 2.691659e-04
1.863573e-01 2.669208e-04 2.667384e-04
1.866281e-01 -5.341303e-04 2.678204e-04
1.868990e-01 4.004203e-04 2.643857e-04
1.871698e-01 -2.112407e-04 2.691245e-04
1.874406e-01 -8.380972e-05 2.710786e-04
1.877114e-01 -6.176196e-04 2.661912e-04
1.879822e-01 -3.268383e-04 2.684848e-04
1.882530e-01 -6.538704e-04 2.658808e-04
1.885238e-01 1.477208e-04 2.701855e-04
1.887947e-01 -1.068693e-04 2.659139e-04
1.890655e-01 1.906399e-04 2.661716e-04
1.893363e-01 1.178402e-04 2.689848e-04
1.896071e-01 3.037006e-04 2.649685e-04
1.898779e-01 2.062805e-04 2.683188e-04
1.901487e-01 -2.342090e-05 2.681462e-04
1.904195e-01 1.731887e-05 2.665232e-04
1.906904e-01 -2.320800e-04 2.691229e-04
1.909612e-01 7.670932e-05 2.646758e-04
1.912320e-01 8.502044e-05 2.659069e-04
1.915028e-01 -2.702903e-04 2.659948e-04
1.917736e-01 2.429076e-05 2.672824e-04
1.920444e-01 1.456793e-04 2.670648e-04
1.923153e-01 -2.183896e-04 2.670086e-04
1.925861e-01 3.915802e-04 2.693408e-04
1.928569e-01 1.474097e-04 2.644414e-04
1.931277e-01 -2.294891e-04 2.642432e-04
1.933985e-01 -6.178506e-04 2.668060e-04
1.936693e-01 2.659298e-04 2.637051e-04
1.939401e-01 -2.285391e-04 2.645283e-04
1.942109e-01 2.006795e-04 2.648304e-04
1.944818e-01 1.970679e-06 2.651254e-04
1.947526e-01 -1.069400e-04 2.670660e-04
1.950234e-01 -3.573187e-04 2.675865e-04
1.952942e-01 7.848814e-04 2.640072e-04
1.955650e-01 3.731493e-04 2.664825e-04
1.958358e-01 -7.279031e-05 2.659402e-04
1.961066e-01 -4.830007e-04 2.671931e-04
1.963775e-01 -2.108403e-04 2.683237e-04
1.966483e-01 -2.620928e-05 2.655703e-04
1.969191e-01 1.665596e-04 2.666330e-04
1.971899e-01 4.347041e-05 2.649717e-04
1.974607e-01 -7.417984e-05 2.672795e-04
1.977315e-01 3.955793e-04 2.664855e-04
1.980023e-01 6.869435e-06 2.629547e-04
1.982732e-01 -7.454865e-05 2.636694e-04
1.985440e-01 8.570962e-05 2.685854e-04
1.988148e-01 2.015494e-04 2.640478e-04
1.990856e-01 4.910808e-04 2.630287e-04
1.993564e-01 -1.335889e-05 2.661879e-04
1.996272e-01 -4.639011e-04 2.653956e-04
1.998980e-01 5.184393e-04 2.639355e-04
2.001689e-01 -1.888387e-04 2.612723e-04
2.004397e-01 -1.189113e-05 2.622402e-04
2.007105e-01 -1.960397e-04 2.613628e-04
2.009813e-01 -1.682211e-04 2.608217e-04
2.012521e-01 1.877900e-04 2.620149e-04
2.015229e-01 3.287196e-04 2.639355e-04
2.017937e-01 2.908111e-04 2.635147e-04
2.020646e-01 3.336929e-05 2.664752e-04
2.023354e-01 -1.677908e-04 2.612650e-04
2.026062e-01 -2.844706e-04 2.606888e-04
2.028770e-01 -4.526414e-04 2.638113e-04
2.031478e-01 8.952059e-05 2.601876e-04
2.034186e-01 2.751872e-05 2.605658e-04
2.036894e-01 -2.438091e-04 2.608752e-04
2.039603e-01 2.109502e-04 2.624999e-04
2.042311e-01 1.548510e-04 2.612972e-04
2.045019e-01 -3.152303e-04 2.599037e-04
2.047727e-01 4.661512e-04 2.611158e-04
2.050435e-01 1.415983e-04 2.603908e-04
2.053143e-01 2.816115e-04 2.618980e-04
2.055852e-01 -4.254598e-04 2.604107e-04
2.058560e-01 1.742598e-04 2.583159e-04
2.061268e-01 1.292005e-04 2.571976e-04
2.063976e-01 -3.547687e-04 2.580270e-04
2.066684e-01 2.597403e-04 2.565981e-04
2.069392e-01 -1.958907e-04 2.593482e-04
2.072100e-01 4.484188e-04 2.579038e-04
2.074808e-01 -5.378909e-04 2.594590e-04
2.077517e-01 -8.852035e-05 2.559066e-04
2.080225e-01 -5.177595e-04 2.559161e-04
2.082933e-01 3.297012e-04 2.566453e-04
2.085641e-01 2.405792e-04 2.578814e-04
2.088349e-01 6.270036e-05 2.603513e-04
2.091057e-01 -5.239397e-04 2.568661e-04
2.093765e-01 -2.351105e-04 2.552989e-04
2.096474e-01 -2.466887e-05 2.578850e-04
2.099182e-01 -1.580697e-04 2.573660e-04
2.101890e-01 2.027005e-04 2.563308e-04
2.104598e-01 -9.315833e-05 2.584278e-04
2.107306e-01 -3.295690e-04 2.573907e-04
2.110014e-01 2.162103e-04 2.571743e-04
2.112723e-01 1.091510e-06 2.592489e-04
2.115431e-01 -8.590519e-06 2.565754e-04
2.118139e-01 1.451690e-04 2.591869e-04
2.120847e-01 -7.322989e-05 2.575987e-04
2.123555e-01 1.927614e-04 2.598252e-04
2.126263e-01 2.587698e-04 2.547677e-04
2.128971e-01 2.509989e-04 2.569104e-04
2.131680e-01 -2.222806e-04 2.563364e-04
2.134388e-01 2.449807e-04 2.596516e-04
2.137096e-01 -4.393384e-04 2.576288e-04
2.139804e-01 -4.218109e-04 2.581985e-04
2.142512e-01 -2.014693e-04 2.565912e-04
2.145220e-01 -1.582801e-04 2.579239e-04
2.147928e-01 -6.720424e-06 2.560909e-04
2.150636e-01 6.663054e-05 2.559846e-04
2.153345e-01 -1.835804e-04 2.603207e-04
2.156053e-01 2.661794e-04 2.579986e-04
2.158761e-01 7.125922e-05 2.573644e-04
2.161469e-01 -1.043994e-04 2.568810e-04
2.164177e-01 -2.559610e-04 2.572943e-04
2.166885e-01 -1.344904e-04 2.582409e-04
2.169593e-01 3.626700e-04 2.568031e-04
2.172302e-01 -4.059598e-04 2.576220e-04
2.175010e-01 -2.616607e-04 2.571735e-04
2.177718e-01 -1.790784e-04 2.563955e-04
2.180426e-01 3.636200e-04 2.571208e-04
2.183134e-01 5.386956e-05 2.560860e-04
2.185842e-01 -2.602395e-04 2.574685e-04
2.188551e-01 2.646502e-04 2.551253e-04
2.191259e-01 -2.752896e-04 2.591709e-04
2.193967e-01 -6.381404e-04 2.554364e-04
2.196675e-01 -1.061205e-04 2.549811e-04
2.199383e-01 -5.426798e-04 2.555379e-04
2.202091e-01 -3.958289e-04 2.547310e-04
2.204799e-01 2.739783e-04 2.526402e-04
2.207507e-01 -9.725988e-05 2.558633e-04
2.210216e-01 -2.190005e-04 2.540629e-04
2.212924e-01 -2.711006e-04 2.527999e-04
2.215632e-01 -2.568793e-04 2.511926e-04
2.218340e-01 5.536694e-04 2.537025e-04
2.221048e-01 7.061306e-04 2.488840e-04
2.223756e-01 1.152791e-04 2.518793e-04
2.226464e-01 3.040023e-05 2.531372e-04
2.229173e-01 2.287403e-04 2.525076e-04
2.231881e-01 -6.879009e-04 2.505698e-04
2.234589e-01 -1.757964e-05 2.500595e-04
2.237297e-01 3.016703e-04 2.519526e-04
2.240005e-01 3.506057e-05 2.500670e-04
2.242713e-01 -1.375098e-04 2.500683e-04
2.245422e-01 3.745686e-04 2.530300e-04
2.248130e-01 2.700910e-04 2.544280e-04
2.250838e-01 5.681999e-04 2.493761e-04
2.253546e-01 4.014689e-04 2.505088e-04
2.256254e-01 1.658797e-04 2.512202e-04
2.258962e-01 -5.769916e-05 2.497789e-04
2.261670e-01 -5.921293e-04 2.621695e-04
2.264379e-01 7.162988e-05 2.645215e-04
2.267087e-01 3.151037e-05 2.722763e-04
2.269795e-01 2.258494e-04 2.745123e-04
2.272503e-01 1.545697e-04 2.747727e-04
2.275211e-01 2.244487e-04 2.798383e-04
2.277919e-01 1.257397e-04 2.806979e-04
2.280627e-01 2.088510e-04 2.846731e-04
2.283335e-01 -4.531294e-04 2.943439e-04
2.286044e-01 -3.503598e-04 2.893048e-04
2.288752e-01 8.716062e-05 2.948007e-04
2.291460e-01 2.268106e-04 2.962139e-04
2.294168e-01 2.113916e-05 2.981566e-04
2.296876e-01 4.005507e-04 3.011322e-04
2.299584e-01 -1.660008e-04 3.002450e-04
2.302293e-01 -2.478398e-04 3.071789e-04
2.305001e-01 9.161979e-05 3.140567e-04
2.307709e-01 1.891889e-05 3.115802e-04
2.310417e-01 -1.411587e-04 3.144370e-04
2.313125e-01 3.224984e-05 3.174276e-04
2.315833e-01 3.919303e-04 3.198477e-04
2.318541e-01 -1.150612e-04 3.223411e-04
2.321250e-01 -1.611002e-05 3.259304e-04
2.323958e-01 -8.519012e-04 3.249803e-04
2.326666e-01 -1.667999e-04 3.309063e-04
2.329374e-01 3.174711e-04 3.364743e-04
2.332082e-01 -1.617093e-04 3.297961e-04
2.334790e-01 -2.751127e-05 3.359829e-04
2.337498e-01 -3.922917e-05 3.416520e-04
2.340207e-01 2.984889e-05 3.438127e-04
2.342915e-01 -4.763007e-04 3.471302e-04
2.345623e-01 -8.143298e-04 3.469824e-04
2.348331e-01 -2.596900e-04 3.533528e-04
2.351039e-01 5.117059e-05 3.542234e-04
2.353747e-01 -5.235896e-05 3.541474e-04
2.356455e-01 -2.999045e-05 3.648778e-04
2.359163e-01 9.630993e-05 3.663982e-04
2.361872e-01 -8.166004e-04 3.687678e-04
2.364580e-01 4.853588e-04 3.708543e-04
2.367288e-01 -5.375966e-05 3.712314e-04
2.369996e-01 3.604032e-05 3.706165e-04
2.372704e-01 3.155395e-04 3.836780e-04
2.375412e-01 7.748287e-04 3.853328e-04
2.378121e-01 1.873896e-04 3.890650e-04
2.380829e-01 1.492687e-04 3.841465e-04
2.383537e-01 4.764907e-04 3.911786e-04
2.386245e-01 -2.474990e-04 4.081467e-04
2.388953e-01 -2.356507e-04 3.982319e-04
2.391661e-01 7.701851e-05 4.013834e-04
2.394369e-01 1.344699e-04 4.080031e-04
2.397078e-01 1.440216e-04 4.187639e-04
2.399786e-01 -3.180597e-04 4.154460e-04
2.402494e-01 -5.230401e-04 4.184040e-04
2.405202e-01 -2.851207e-04 4.267914e-04
2.407910e-01 -1.054360e-03 4.354874e-04
2.410618e-01 -3.562700e-04 4.279373e-04
2.413326e-01 1.100991e-04 4.467158e-04
2.416034e-01 -2.382789e-04 4.405549e-04
2.418743e-01 7.339008e-05 4.517115e-04
2.421451e-01 5.881898e-04 4.569168e-04
2.424159e-01 -4.594028e-05 4.612458e-04
2.426867e-01 9.076111e-05 4.575905e-04
2.429575e-01 -1.586098e-04 4.721167e-04
2.432283e-01 -2.675597e-04 4.831464e-04
2.434992e-01 1.733713e-04 4.804741e-04
2.437700e-01 2.629403e-04 4.836715e-04
2.440408e-01 -4.956108e-04 4.939665e-04
2.443116e-01 9.297021e-05 5.024737e-04
2.445824e-01 2.320502e-04 4.993439e-04
2.448532e-01 -2.653003e-04 5.056810e-04
2.451240e-01 -2.020393e-04 5.070739e-04
2.453949e-01 -7.981285e-04 5.298772e-04
2.456657e-01 2.560895e-04 5.406480e-04
2.459365e-01 3.992990e-04 5.449503e-04
2.462073e-01 -1.097180e-03 5.408215e-04
2.464781e-01 1.416095e-04 5.655553e-04
2.467489e-01 -1.128912e-04 5.613921e-04
2.470197e-01 -6.515700e-04 5.655769e-04
2.472906e-01 1.090810e-03 5.813213e-04
2.475614e-01 1.467019e-05 5.918918e-04
2.478322e-01 -6.461609e-04 6.169838e-04
2.481030e-01 1.375116e-04 6.084351e-04
2.483738e-01 1.107696e-04 6.085617e-04
2.486446e-01 -1.786081e-03 6.463549e-04
2.489154e-01 -2.391823e-05 6.797571e-04
2.491863e-01 -5.476512e-04 6.423799e-04
2.494571e-01 1.047403e-04 6.658986e-04
2.497279e-01 1.000641e-03 6.818885e-04
2.499987e-01 1.802854e-05 7.254346e-04
2.502695e-01 2.256595e-04 7.134511e-04
2.505403e-01 5.056895e-04 7.353274e-04
2.508111e-01 7.539988e-05 7.512040e-04
2.510819e-01 5.354397e-04 8.122507e-04
2.513528e-01 -1.950301e-04 8.017368e-04
2.516236e-01 -5.959813e-04 8.189661e-04
2.518944e-01 -3.125612e-04 8.412835e-04
2.521652e-01 1.092201e-03 9.264457e-04
2.524360e-01 -1.006169e-03 9.213175e-04
2.527068e-01 -3.840588e-04 8.963405e-04
2.529776e-01 -1.744920e-03 9.661859e-04
2.532485e-01 1.574190e-03 9.895410e-04
2.535193e-01 8.621067e-05 9.944996e-04
2.537901e-01 -1.395259e-03 1.009812e-03
2.540609e-01 -9.613391e-04 1.037446e-03
2.543317e-01 -1.531590e-03 1.067522e-03
2.546025e-01 -4.210100e-04 1.073567e-03
2.548733e-01 1.883971e-03 1.167104e-03
2.551441e-01 2.861191e-04 1.202429e-03
2.554150e-01 1.730451e-03 1.270152e-03
2.556858e-01 -7.251203e-04 1.281583e-03
2.559566e-01 -6.663501e-04 1.391772e-03
2.562274e-01 2.738591e-04 1.445722e-03
2.564982e-01 -5.989205e-04 1.568351e-03
2.567690e-01 1.012001e-03 1.703555e-03
2.570398e-01 -5.062912e-04 1.973127e-03
2.573107e-01 1.232840e-03 2.118358e-03
2.575815e-01 -9.358395e-04 2.632657e-03
2.578523e-01 -9.594709e-04 3.937957e-03
2.581231e-01 4.961951e-03 5.848306e-03
