3.286826e-03 8.472729e+01 0.000000e+00
3.557641e-03 8.429230e+01 9.245878e+00
3.828455e-03 7.685410e+01 5.545309e+00
4.099269e-03 7.941920e+01 4.095216e+00
4.370084e-03 7.845810e+01 3.160021e+00
4.640898e-03 7.695190e+01 2.301580e+00
4.911712e-03 7.740939e+01 2.026413e+00
5.182527e-03 7.623395e+01 1.598705e+00
5.453341e-03 7.428527e+01 1.364570e+00
5.724155e-03 7.336906e+01 1.161437e+00
5.994970e-03 7.377834e+01 9.951497e-01
6.265784e-03 7.429024e+01 9.087660e-01
6.536598e-03 7.161542e+01 7.893597e-01
6.807412e-03 7.046817e+01 6.677488e-01
7.078227e-03 7.194535e+01 6.966874e-01
7.349041e-03 6.928595e+01 6.082985e-01
7.619855e-03 6.876169e+01 5.470126e-01
7.890671e-03 6.841998e+01 5.286805e-01
8.161485e-03 6.766982e+01 5.014556e-01
8.432299e-03 6.697896e+01 4.924825e-01
8.703114e-03 6.668587e+01 4.611113e-01
8.973928e-03 6.562954e+01 4.515198e-01
9.244742e-03 6.492220e+01 4.410319e-01
9.515557e-03 6.332847e+01 4.269184e-01
9.786371e-03 6.204609e+01 3.902065e-01
1.005718e-02 6.129210e+01 3.711993e-01
1.032800e-02 6.067705e+01 3.616853e-01
1.059881e-02 5.930368e+01 3.321633e-01
1.086963e-02 5.845424e+01 3.449642e-01
1.114044e-02 5.722721e+01 3.447227e-01
1.141126e-02 5.639616e+01 3.289624e-01
1.168207e-02 5.434216e+01 3.155227e-01
1.195289e-02 5.425869e+01 3.044386e-01
1.222370e-02 5.328593e+01 2.970281e-01
1.249451e-02 5.311321e+01 2.973481e-01
1.276533e-02 5.148383e+01 2.887424e-01
1.303614e-02 5.029120e+01 2.821228e-01
1.330696e-02 4.930138e+01 2.815306e-01
1.357777e-02 4.903232e+01 2.730397e-01
1.384859e-02 4.751880e+01 2.479773e-01
1.411940e-02 4.616584e+01 2.503799e-01
1.439021e-02 4.537064e+01 2.402745e-01
1.466103e-02 4.438251e+01 2.371555e-01
1.493184e-02 4.318434e+01 2.384753e-01
1.520266e-02 4.199828e+01 2.358164e-01
1.547347e-02 4.124114e+01 2.252157e-01
1.574429e-02 3.987668e+01 2.214239e-01
1.601510e-02 3.956245e+01 2.107591e-01
1.628591e-02 3.816288e+01 2.076739e-01
1.655673e-02 3.670569e+01 1.924491e-01
1.682754e-02 3.606427e+01 1.911351e-01
1.709836e-02 3.518825e+01 1.973174e-01
1.736917e-02 3.407649e+01 1.867091e-01
1.763999e-02 3.329661e+01 1.825138e-01
1.791080e-02 3.215987e+01 1.743989e-01
1.818161e-02 3.129634e+01 1.820148e-01
1.845243e-02 3.064329e+01 1.746395e-01
1.872324e-02 2.967705e+01 1.787703e-01
1.899406e-02 2.879809e+01 1.718796e-01
1.926487e-02 2.802134e+01 1.635105e-01
1.953569e-02 2.702091e+01 1.683768e-01
1.980650e-02 2.637113e+01 1.668582e-01
2.007731e-02 2.526271e+01 1.577444e-01
2.034813e-02 2.438525e+01 1.559674e-01
2.061894e-02 2.329515e+01 1.499243e-01
2.088976e-02 2.279205e+01 1.526324e-01
2.116057e-02 2.182656e+01 1.477455e-01
2.143139e-02 2.159009e+01 1.487102e-01
2.170220e-02 2.050200e+01 1.432567e-01
2.197302e-02 1.994154e+01 1.378892e-01
2.224383e-02 1.929092e+01 1.390322e-01
2.251465e-02 1.867585e+01 1.313633e-01
2.278546e-02 1.784580e+01 1.278570e-01
2.305627e-02 1.713338e+01 1.240943e-01
2.332709e-02 1.645689e+01 1.209793e-01
2.359790e-02 1.603997e+01 1.199643e-01
2.386872e-02 1.536419e+01 1.190770e-01
2.413953e-02 1.444841e+01 1.125864e-01
2.441034e-02 1.400053e+01 1.126883e-01
2.468116e-02 1.356551e+01 1.060593e-01
2.495197e-02 1.297055e+01 1.059055e-01
2.522279e-02 1.249907e+01 1.041669e-01
2.549360e-02 1.204648e+01 9.906013e-02
2.576442e-02 1.154156e+01 9.672052e-02
2.603523e-02 1.100414e+01 9.489842e-02
2.630604e-02 1.041986e+01 8.870778e-02
2.657686e-02 9.902661e+00 8.791025e-02
2.684767e-02 9.449762e+00 8.622574e-02
2.711849e-02 9.086342e+00 8.596030e-02
2.738930e-02 8.790071e+00 8.115187e-02
2.766012e-02 8.365760e+00 7.975616e-02
2.793093e-02 7.921100e+00 7.833462e-02
2.820175e-02 7.680750e+00 7.545279e-02
2.847256e-02 7.319138e+00 7.364624e-02
2.874337e-02 6.924940e+00 7.103206e-02
2.901419e-02 6.498303e+00 6.607341e-02
2.928500e-02 6.310131e+00 6.663142e-02
2.955582e-02 5.930125e+00 6.535725e-02
2.982663e-02 5.684047e+00 6.504129e-02
3.009745e-02 5.382285e+00 6.362177e-02
3.036826e-02 5.131791e+00 6.186977e-02
3.063907e-02 4.828564e+00 6.172556e-02
3.090989e-02 4.630195e+00 5.985393e-02
3.118070e-02 4.368992e+00 5.855182e-02
3.145152e-02 4.223218e+00 5.667197e-02
3.172233e-02 3.919843e+00 5.433880e-02
3.199315e-02 3.766753e+00 5.374989e-02
3.226396e-02 3.509065e+00 5.387677e-02
3.253478e-02 3.345876e+00 5.139874e-02
3.280559e-02 3.179246e+00 5.017669e-02
3.307641e-02 3.016022e+00 4.868983e-02
3.334722e-02 2.818309e+00 4.806642e-02
3.361803e-02 2.725885e+00 4.747147e-02
3.388885e-02 2.534466e+00 4.656533e-02
3.415966e-02 2.313298e+00 4.551711e-02
3.443048e-02 2.232970e+00 4.408061e-02
3.470129e-02 2.179301e+00 4.314826e-02
3.497211e-02 2.007471e+00 4.362538e-02
3.524292e-02 1.872128e+00 4.158861e-02
3.551374e-02 1.762353e+00 4.164109e-02
3.578455e-02 1.657162e+00 4.008068e-02
3.605536e-02 1.589957e+00 4.009045e-02
3.632618e-02 1.520317e+00 3.947290e-02
3.659699e-02 1.455836e+00 3.860601e-02
3.686780e-02 1.386202e+00 3.768196e-02
3.713862e-02 1.266370e+00 3.706844e-02
3.740944e-02 1.206685e+00 3.655660e-02
3.768025e-02 1.119694e+00 3.638030e-02
3.795106e-02 1.042508e+00 3.544763e-02
3.822188e-02 9.788339e-01 3.493902e-02
3.849269e-02 9.965630e-01 3.427736e-02
3.876351e-02 9.411139e-01 3.449686e-02
3.903432e-02 8.140579e-01 3.420775e-02
3.930514e-02 7.753700e-01 3.303688e-02
3.957595e-02 8.148899e-01 3.381755e-02
3.984676e-02 7.140179e-01 3.249408e-02
4.011758e-02 6.649930e-01 3.243640e-02
4.038839e-02 6.586570e-01 3.178658e-02
4.065921e-02 5.780209e-01 3.090247e-02
4.093002e-02 5.875311e-01 3.156736e-02
4.120084e-02 5.919341e-01 3.060271e-02
4.147165e-02 5.323550e-01 3.050898e-02
4.174246e-02 5.663700e-01 3.043562e-02
4.201328e-02 5.171471e-01 3.002488e-02
4.228409e-02 4.509431e-01 3.049163e-02
4.255491e-02 4.128289e-01 2.942595e-02
4.282572e-02 4.336160e-01 2.998088e-02
4.309653e-02 4.478019e-01 2.949113e-02
4.336735e-02 4.409940e-01 2.898105e-02
4.363817e-02 4.401660e-01 2.907437e-02
4.390898e-02 4.537070e-01 2.907383e-02
4.417979e-02 4.195780e-01 2.960860e-02
4.445061e-02 3.937620e-01 2.852597e-02
4.472142e-02 3.989400e-01 2.830554e-02
4.499224e-02 3.617400e-01 2.837260e-02
4.526305e-02 3.557030e-01 2.874466e-02
4.553387e-02 3.582720e-01 2.840050e-02
4.580468e-02 3.943290e-01 2.816067e-02
4.607549e-02 3.931611e-01 2.761969e-02
4.634631e-02 3.772520e-01 2.792221e-02
4.661712e-02 3.784220e-01 2.758630e-02
4.688794e-02 3.977580e-01 2.782478e-02
4.715875e-02 3.550860e-01 2.731650e-02
4.742957e-02 3.336560e-01 2.710635e-02
4.770038e-02 3.653570e-01 2.706580e-02
4.797119e-02 3.228790e-01 2.702315e-02
4.824201e-02 3.205130e-01 2.674652e-02
4.851282e-02 3.193600e-01 2.661294e-02
4.878364e-02 3.401771e-01 2.746685e-02
4.905445e-02 3.654740e-01 2.680797e-02
4.932526e-02 3.368310e-01 2.661209e-02
4.959608e-02 3.047919e-01 2.614323e-02
4.986690e-02 3.552070e-01 2.599901e-02
5.013771e-02 3.878679e-01 2.655966e-02
5.040852e-02 3.191971e-01 2.629542e-02
5.067934e-02 3.106940e-01 2.668177e-02
5.095015e-02 3.497400e-01 2.622645e-02
5.122096e-02 3.525580e-01 2.638698e-02
5.149178e-02 3.708150e-01 2.577050e-02
5.176260e-02 3.315090e-01 2.564638e-02
5.203341e-02 3.746419e-01 2.579082e-02
5.230422e-02 3.564210e-01 2.536965e-02
5.257504e-02 3.326839e-01 2.547291e-02
5.284585e-02 3.981850e-01 2.614310e-02
5.311667e-02 3.629500e-01 2.553667e-02
5.338748e-02 3.059400e-01 2.535630e-02
5.365830e-02 3.584300e-01 2.564515e-02
5.392911e-02 3.528270e-01 2.538344e-02
5.419992e-02 3.732140e-01 2.594872e-02
5.447074e-02 4.004470e-01 2.654071e-02
5.474155e-02 3.465091e-01 2.649375e-02
5.501237e-02 3.336799e-01 2.651389e-02
5.528318e-02 3.349160e-01 2.640848e-02
5.555400e-02 2.992949e-01 2.696219e-02
5.582481e-02 3.208250e-01 2.754453e-02
5.609563e-02 3.327169e-01 2.699694e-02
5.636644e-02 3.238691e-01 2.771155e-02
5.663725e-02 3.218840e-01 2.738193e-02
5.690807e-02 3.371880e-01 2.801143e-02
5.717888e-02 2.421659e-01 2.666267e-02
5.744969e-02 3.430231e-01 2.715299e-02
5.772051e-02 3.184940e-01 2.726364e-02
5.799133e-02 3.168139e-01 2.740412e-02
5.826214e-02 2.657729e-01 2.719959e-02
5.853295e-02 2.306939e-01 2.696941e-02
5.880377e-02 3.218100e-01 2.698182e-02
5.907458e-02 3.201910e-01 2.740355e-02
5.934540e-02 2.790180e-01 2.752918e-02
5.961621e-02 2.789450e-01 2.760004e-02
5.988703e-02 2.273750e-01 2.772757e-02
6.015784e-02 2.379050e-01 2.719240e-02
6.042865e-02 2.921340e-01 2.721640e-02
6.069947e-02 2.390530e-01 2.694983e-02
6.097028e-02 2.732400e-01 2.694540e-02
6.124110e-02 2.643150e-01 2.642598e-02
6.151191e-02 2.986530e-01 2.675179e-02
6.178273e-02 2.291270e-01 2.620102e-02
6.205354e-02 2.264730e-01 2.599366e-02
6.232436e-02 2.507840e-01 2.666229e-02
6.259517e-02 2.200041e-01 2.610066e-02
6.286598e-02 2.387199e-01 2.613329e-02
6.313679e-02 2.391690e-01 2.587226e-02
6.340761e-02 2.636000e-01 2.589252e-02
6.367842e-02 2.313451e-01 2.601892e-02
6.394923e-02 2.382361e-01 2.532920e-02
6.422005e-02 2.092000e-01 2.572534e-02
6.449086e-02 2.088250e-01 2.584457e-02
6.476168e-02 2.316641e-01 2.518315e-02
6.503250e-02 2.604620e-01 2.610293e-02
6.530331e-02 1.974130e-01 2.549316e-02
6.557412e-02 2.000670e-01 2.499534e-02
6.584494e-02 2.036030e-01 2.513573e-02
6.611575e-02 1.840310e-01 2.472590e-02
6.638657e-02 1.635940e-01 2.523138e-02
6.665738e-02 1.807170e-01 2.503221e-02
6.692819e-02 1.844269e-01 2.524038e-02
6.719901e-02 1.527170e-01 2.480900e-02
6.746982e-02 2.486560e-01 2.564220e-02
6.774063e-02 1.923200e-01 2.493186e-02
6.801146e-02 1.229941e-01 2.459934e-02
6.828227e-02 2.043850e-01 2.486473e-02
6.855308e-02 1.334790e-01 2.457777e-02
6.882390e-02 1.742580e-01 2.478852e-02
6.909471e-02 1.526060e-01 2.456179e-02
6.936552e-02 1.524611e-01 2.465936e-02
6.963634e-02 1.685500e-01 2.459631e-02
6.990715e-02 9.177196e-02 2.471360e-02
7.017796e-02 1.321009e-01 2.412227e-02
7.044878e-02 1.692929e-01 2.438953e-02
7.071959e-02 1.360590e-01 2.401123e-02
7.099041e-02 1.627570e-01 2.487635e-02
7.126123e-02 1.415900e-01 2.387619e-02
7.153204e-02 1.524889e-01 2.420960e-02
7.180285e-02 1.527090e-01 2.452995e-02
7.207367e-02 1.486001e-01 2.393551e-02
7.234448e-02 1.430770e-01 2.388406e-02
7.261530e-02 1.180350e-01 2.419033e-02
7.288611e-02 1.446370e-01 2.388746e-02
7.315692e-02 9.283805e-02 2.400159e-02
7.342774e-02 1.024020e-01 2.350627e-02
7.369855e-02 1.296060e-01 2.391017e-02
7.396936e-02 1.186639e-01 2.393506e-02
7.424019e-02 1.434180e-01 2.414151e-02
7.451100e-02 9.862602e-02 2.352627e-02
7.478181e-02 9.524405e-02 2.350924e-02
7.505263e-02 1.435050e-01 2.359723e-02
7.532344e-02 1.044290e-01 2.352866e-02
7.559425e-02 1.087050e-01 2.310263e-02
7.586507e-02 1.148680e-01 2.361666e-02
7.613588e-02 8.908200e-02 2.326987e-02
7.640669e-02 8.117795e-02 2.346908e-02
7.667751e-02 1.079910e-01 2.326708e-02
7.694832e-02 1.511509e-01 2.367940e-02
7.721914e-02 1.106440e-01 2.340368e-02
7.748996e-02 9.897399e-02 2.331857e-02
7.776077e-02 1.143640e-01 2.343678e-02
7.803158e-02 1.117979e-01 2.317387e-02
7.830240e-02 1.229720e-01 2.330572e-02
7.857321e-02 1.640900e-01 2.350573e-02
7.884403e-02 1.156729e-01 2.317156e-02
7.911484e-02 1.224849e-01 2.267314e-02
7.938565e-02 7.797790e-02 2.315690e-02
7.965647e-02 1.411340e-01 2.346376e-02
7.992728e-02 1.175311e-01 2.312906e-02
8.019809e-02 6.465507e-02 2.291225e-02
8.046892e-02 9.774506e-02 2.280341e-02
8.073973e-02 9.482408e-02 2.281634e-02
8.101054e-02 7.780707e-02 2.258363e-02
8.128136e-02 9.307194e-02 2.263395e-02
8.155217e-02 1.178321e-01 2.308564e-02
8.182298e-02 9.418607e-02 2.265712e-02
8.209380e-02 8.720100e-02 2.276726e-02
8.236461e-02 5.970204e-02 2.249271e-02
8.263543e-02 5.572402e-02 2.217602e-02
8.290624e-02 1.054410e-01 2.296632e-02
8.317705e-02 5.965197e-02 2.195785e-02
8.344787e-02 9.969795e-02 2.250665e-02
8.371869e-02 6.186998e-02 2.258913e-02
8.398950e-02 7.043302e-02 2.222833e-02
8.426031e-02 5.283999e-02 2.206560e-02
8.453113e-02 8.917999e-02 2.194662e-02
8.480194e-02 5.936706e-02 2.231764e-02
8.507276e-02 8.246303e-02 2.209579e-02
8.534357e-02 9.987903e-02 2.244393e-02
8.561438e-02 8.320093e-02 2.203136e-02
8.588520e-02 1.054610e-01 2.191750e-02
8.615601e-02 8.035707e-02 2.212862e-02
8.642682e-02 1.180720e-01 2.254000e-02
8.669765e-02 9.143698e-02 2.179410e-02
8.696846e-02 7.027793e-02 2.160272e-02
8.723927e-02 5.068493e-02 2.177435e-02
8.751009e-02 7.687604e-02 2.186129e-02
8.778090e-02 3.180194e-02 2.167987e-02
8.805171e-02 5.272007e-02 2.146198e-02
8.832253e-02 8.596897e-02 2.172990e-02
8.859334e-02 4.632211e-02 2.180270e-02
8.886416e-02 4.436505e-02 2.141479e-02
8.913497e-02 9.720802e-02 2.171432e-02
8.940578e-02 7.037604e-02 2.176170e-02
8.967660e-02 3.056204e-02 2.130644e-02
8.994742e-02 6.713307e-02 2.149729e-02
9.021823e-02 9.243703e-02 2.133458e-02
9.048904e-02 6.220698e-02 2.179537e-02
9.075986e-02 6.653297e-02 2.137525e-02
9.103067e-02 7.344604e-02 2.144769e-02
9.130149e-02 9.218192e-02 2.169783e-02
9.157230e-02 7.491505e-02 2.140211e-02
9.184311e-02 7.025898e-02 2.201354e-02
9.211393e-02 7.490408e-02 2.113820e-02
9.238474e-02 8.219397e-02 2.113002e-02
9.265555e-02 8.605003e-02 2.112580e-02
9.292637e-02 9.206808e-02 2.143215e-02
9.319719e-02 7.012904e-02 2.152347e-02
9.346800e-02 1.071020e-01 2.132255e-02
9.373882e-02 7.886195e-02 2.104669e-02
9.400963e-02 6.766903e-02 2.123787e-02
9.428044e-02 7.200491e-02 2.122415e-02
9.455126e-02 3.896403e-02 2.109289e-02
9.482207e-02 5.980790e-02 2.126367e-02
9.509289e-02 3.718603e-02 2.150021e-02
9.536370e-02 4.169405e-02 2.126778e-02
9.563451e-02 7.929397e-02 2.105435e-02
9.590533e-02 4.699910e-02 2.111023e-02
9.617615e-02 5.642903e-02 2.067052e-02
9.644696e-02 7.596707e-02 2.076507e-02
9.671777e-02 6.148100e-02 2.077219e-02
9.698859e-02 9.396994e-02 2.100198e-02
9.725940e-02 5.451810e-02 2.084050e-02
9.753022e-02 5.780399e-02 2.077580e-02
9.780103e-02 9.259391e-02 2.110013e-02
9.807184e-02 5.349302e-02 2.051684e-02
9.834266e-02 4.724503e-02 2.067569e-02
9.861347e-02 5.234003e-02 2.089988e-02
9.888428e-02 5.189097e-02 2.089816e-02
9.915510e-02 5.835998e-02 2.084677e-02
9.942592e-02 6.830192e-02 2.072650e-02
9.969673e-02 5.131793e-02 2.061580e-02
9.996755e-02 4.739296e-02 2.056606e-02
1.002384e-01 1.627803e-02 2.020660e-02
1.005092e-01 2.184701e-02 2.016485e-02
1.007800e-01 6.305194e-02 2.033379e-02
1.010508e-01 3.492093e-02 2.071400e-02
1.013216e-01 2.959895e-02 2.050535e-02
1.015924e-01 6.783199e-02 2.050277e-02
1.018632e-01 3.173101e-02 2.056214e-02
1.021341e-01 6.856990e-02 2.060566e-02
1.024049e-01 5.004001e-02 2.051974e-02
1.026757e-01 6.932509e-02 2.049813e-02
1.029465e-01 6.337905e-02 2.043995e-02
1.032173e-01 8.473289e-02 2.051885e-02
1.034881e-01 4.343295e-02 2.013588e-02
1.037589e-01 2.490294e-02 2.013894e-02
1.040298e-01 2.207196e-02 2.010219e-02
1.043006e-01 6.095898e-02 2.032635e-02
1.045714e-01 4.235995e-02 2.007994e-02
1.048422e-01 5.705202e-02 2.014269e-02
1.051130e-01 3.774703e-02 1.990253e-02
1.053838e-01 3.506696e-02 2.034797e-02
1.056546e-01 6.310701e-02 2.036479e-02
1.059255e-01 3.000510e-02 2.026521e-02
1.061963e-01 4.674602e-02 2.009018e-02
1.064671e-01 4.018199e-02 2.022909e-02
1.067379e-01 4.670703e-02 1.999339e-02
1.070087e-01 2.012503e-02 1.991434e-02
1.072795e-01 4.775989e-02 2.011824e-02
1.075503e-01 3.898299e-02 1.988535e-02
1.078212e-01 8.481300e-02 2.027557e-02
1.080920e-01 7.456291e-02 2.004599e-02
1.083628e-01 5.678999e-02 2.010497e-02
1.086336e-01 6.728506e-02 1.999634e-02
1.089044e-01 4.447293e-02 1.967484e-02
1.091752e-01 4.971898e-02 1.986873e-02
1.094460e-01 3.417706e-02 1.946027e-02
1.097169e-01 5.972028e-03 1.958338e-02
1.099877e-01 6.776094e-02 1.967395e-02
1.102585e-01 5.252802e-02 1.996284e-02
1.105293e-01 -9.718895e-03 1.991252e-02
1.108001e-01 4.163599e-02 2.038180e-02
1.110709e-01 5.368400e-02 2.040461e-02
1.113417e-01 3.220499e-02 2.030100e-02
1.116126e-01 4.089606e-02 2.059366e-02
1.118834e-01 5.518794e-02 2.095554e-02
1.121542e-01 1.051130e-01 2.092324e-02
1.124250e-01 5.880797e-02 2.071198e-02
1.126958e-01 1.032470e-01 2.148734e-02
1.129666e-01 6.892502e-02 2.110130e-02
1.132374e-01 5.227697e-02 2.154069e-02
1.135083e-01 5.718303e-02 2.172351e-02
1.137791e-01 5.047691e-02 2.182890e-02
1.140499e-01 4.202962e-03 2.192113e-02
1.143207e-01 6.671393e-02 2.203098e-02
1.145915e-01 8.052289e-02 2.207268e-02
1.148623e-01 7.012010e-03 2.204368e-02
1.151332e-01 2.683401e-02 2.203892e-02
1.154040e-01 4.457796e-02 2.235911e-02
1.156748e-01 5.616498e-02 2.314771e-02
1.159456e-01 9.194970e-03 2.251377e-02
1.162164e-01 5.214298e-02 2.257281e-02
1.164872e-01 7.429707e-02 2.292752e-02
1.167580e-01 8.119011e-02 2.299546e-02
1.170288e-01 7.595408e-02 2.322455e-02
1.172997e-01 -2.033949e-03 2.332155e-02
1.175705e-01 7.339609e-02 2.320323e-02
1.178413e-01 6.180704e-02 2.328776e-02
1.181121e-01 -1.561999e-03 2.289228e-02
1.183829e-01 1.966202e-02 2.279044e-02
1.186537e-01 2.615392e-02 2.282014e-02
1.189246e-01 -7.796288e-05 2.237032e-02
1.191954e-01 4.311895e-02 2.228956e-02
1.194662e-01 2.521503e-02 2.224679e-02
1.197370e-01 4.364097e-02 2.272996e-02
1.200078e-01 2.924204e-02 2.235610e-02
1.202786e-01 4.074395e-02 2.242386e-02
1.205494e-01 4.265499e-02 2.214162e-02
1.208202e-01 4.176903e-02 2.206169e-02
1.210911e-01 1.049399e-02 2.244597e-02
1.213619e-01 6.368494e-02 2.237229e-02
1.216327e-01 2.990103e-02 2.244710e-02
1.219035e-01 6.874609e-02 2.268381e-02
1.221743e-01 6.261301e-02 2.235335e-02
1.224451e-01 1.960003e-02 2.214485e-02
1.227160e-01 5.178404e-02 2.214575e-02
1.229868e-01 1.442099e-02 2.194676e-02
1.232576e-01 4.552698e-02 2.230600e-02
1.235284e-01 2.945507e-02 2.200547e-02
1.237992e-01 8.787036e-03 2.187435e-02
1.240700e-01 2.264702e-02 2.210366e-02
1.243408e-01 8.477700e-02 2.224754e-02
1.246117e-01 4.452395e-02 2.243757e-02
1.248825e-01 1.949000e-02 2.234752e-02
1.251533e-01 1.663196e-02 2.208687e-02
1.254241e-01 1.551604e-02 2.209199e-02
1.256949e-01 5.054951e-03 2.175600e-02
1.259657e-01 2.265108e-02 2.213448e-02
1.262365e-01 2.418005e-02 2.173472e-02
1.265074e-01 2.343297e-02 2.176364e-02
1.267782e-01 3.480101e-02 2.203748e-02
1.270490e-01 2.925205e-02 2.191909e-02
1.273198e-01 4.197097e-02 2.188183e-02
1.275906e-01 8.858085e-03 2.169551e-02
1.278614e-01 4.849100e-02 2.164235e-02
1.281322e-01 2.139902e-02 2.189775e-02
1.284031e-01 1.668298e-02 2.154043e-02
1.286739e-01 4.025602e-02 2.143221e-02
1.289447e-01 4.386103e-02 2.177765e-02
1.292155e-01 2.904308e-02 2.197290e-02
1.294863e-01 1.476204e-02 2.160554e-02
1.297571e-01 3.580809e-02 2.170317e-02
1.300279e-01 2.357304e-02 2.155534e-02
1.302988e-01 5.737603e-02 2.184020e-02
1.305696e-01 3.767002e-02 2.168204e-02
1.308404e-01 3.157496e-02 2.176881e-02
1.311112e-01 6.097996e-02 2.190083e-02
1.313820e-01 7.569194e-02 2.175676e-02
1.316528e-01 -3.843904e-02 2.132327e-02
1.319236e-01 1.263797e-02 2.134019e-02
1.321945e-01 6.596398e-02 2.150866e-02
1.324653e-01 3.842008e-02 2.119690e-02
1.327361e-01 1.871598e-02 2.124876e-02
1.330069e-01 3.810096e-02 2.153998e-02
1.332777e-01 1.860702e-02 2.140002e-02
1.335485e-01 1.381195e-02 2.121412e-02
1.338193e-01 3.868699e-02 2.151519e-02
1.340902e-01 -2.766109e-02 2.102200e-02
1.343610e-01 4.988694e-02 2.154530e-02
1.346318e-01 4.412591e-02 2.177797e-02
1.349026e-01 3.123593e-02 2.103679e-02
1.351734e-01 1.788092e-02 2.133013e-02
1.354442e-01 3.631997e-02 2.130922e-02
1.357151e-01 5.950999e-02 2.157537e-02
1.359859e-01 1.793897e-02 2.129641e-02
1.362567e-01 4.750204e-02 2.130800e-02
1.365275e-01 -1.096010e-03 2.127820e-02
1.367983e-01 1.643705e-02 2.136749e-02
1.370691e-01 2.521992e-03 2.129049e-02
1.373399e-01 3.712308e-02 2.182316e-02
1.376107e-01 3.996098e-02 2.168123e-02
1.378816e-01 2.589500e-02 2.190298e-02
1.381524e-01 5.445898e-02 2.201107e-02
1.384232e-01 4.561591e-02 2.239393e-02
1.386940e-01 5.292010e-02 2.232272e-02
1.389648e-01 3.608894e-02 2.229415e-02
1.392356e-01 3.337300e-02 2.265421e-02
1.395064e-01 7.305980e-03 2.268577e-02
1.397773e-01 3.246307e-02 2.245147e-02
1.400481e-01 6.279695e-02 2.263585e-02
1.403189e-01 3.964806e-02 2.312370e-02
1.405897e-01 3.330100e-02 2.293814e-02
1.408605e-01 4.860401e-02 2.358716e-02
1.411313e-01 2.689993e-02 2.353328e-02
1.414021e-01 1.224792e-02 2.305513e-02
1.416730e-01 3.414810e-02 2.338267e-02
1.419438e-01 5.594397e-02 2.371501e-02
1.422146e-01 1.230299e-02 2.351871e-02
1.424854e-01 2.283907e-02 2.331334e-02
1.427562e-01 1.120400e-02 2.336441e-02
1.430270e-01 -2.046001e-02 2.313506e-02
1.432979e-01 -1.347899e-02 2.351790e-02
1.435687e-01 -8.485079e-03 2.398308e-02
1.438395e-01 3.431082e-03 2.376035e-02
1.441103e-01 1.314199e-02 2.358646e-02
1.443811e-01 7.260919e-03 2.386462e-02
1.446519e-01 5.366409e-02 2.388351e-02
1.449227e-01 4.342794e-02 2.407612e-02
1.451935e-01 3.130996e-02 2.401850e-02
1.454644e-01 6.615043e-03 2.405482e-02
1.457352e-01 6.499052e-03 2.394664e-02
1.460060e-01 2.410603e-02 2.379428e-02
1.462768e-01 -8.045077e-03 2.404624e-02
1.465476e-01 5.468595e-02 2.419821e-02
1.468184e-01 4.061496e-02 2.504435e-02
1.470892e-01 2.422798e-02 2.437441e-02
1.473601e-01 3.813195e-02 2.398620e-02
1.476309e-01 4.841709e-02 2.451526e-02
1.479017e-01 3.940499e-02 2.425909e-02
1.481725e-01 -5.017996e-03 2.413624e-02
1.484433e-01 3.783298e-02 2.411549e-02
1.487141e-01 -2.433062e-03 2.377792e-02
1.489850e-01 5.952704e-02 2.498925e-02
1.492558e-01 2.605999e-02 2.411531e-02
1.495266e-01 9.968996e-03 2.427823e-02
1.497974e-01 3.226995e-03 2.380930e-02
1.500682e-01 2.876997e-03 2.413246e-02
1.503390e-01 5.080903e-02 2.434799e-02
1.506098e-01 5.042601e-02 2.446492e-02
1.508806e-01 2.772796e-02 2.433330e-02
1.511515e-01 -2.012408e-02 2.418333e-02
1.514223e-01 3.726292e-02 2.436631e-02
1.516931e-01 -1.344693e-02 2.426616e-02
1.519639e-01 4.765797e-02 2.422309e-02
1.522347e-01 5.209088e-03 2.443661e-02
1.525055e-01 6.356001e-03 2.423721e-02
1.527763e-01 2.081907e-02 2.476762e-02
1.530472e-01 4.066598e-02 2.435518e-02
1.533180e-01 2.194405e-02 2.432296e-02
1.535888e-01 4.618800e-02 2.481487e-02
1.538596e-01 -2.099705e-02 2.407382e-02
1.541304e-01 1.223803e-02 2.445870e-02
1.544012e-01 3.250098e-02 2.431801e-02
1.546721e-01 2.565300e-02 2.483946e-02
1.549429e-01 5.594301e-02 2.468917e-02
1.552137e-01 2.676594e-02 2.471320e-02
1.554845e-01 1.129007e-02 2.433871e-02
1.557553e-01 -1.186013e-03 2.454924e-02
1.560261e-01 4.143953e-03 2.437301e-02
1.562969e-01 -9.483099e-03 2.426592e-02
1.565678e-01 3.714299e-02 2.477997e-02
1.568386e-01 1.801705e-02 2.422031e-02
1.571094e-01 3.904498e-02 2.479541e-02
1.573802e-01 2.311909e-02 2.401706e-02
1.576510e-01 4.401100e-02 2.418917e-02
1.579218e-01 3.417099e-02 2.424292e-02
1.581926e-01 2.577507e-02 2.414374e-02
1.584634e-01 -8.593082e-03 2.437521e-02
1.587343e-01 3.459895e-02 2.411305e-02
1.590051e-01 4.489601e-02 2.422883e-02
1.592759e-01 5.548000e-02 2.473673e-02
1.595467e-01 7.812977e-03 2.417170e-02
1.598175e-01 1.585102e-02 2.392591e-02
1.600883e-01 4.910493e-02 2.425754e-02
1.603591e-01 2.185094e-02 2.431619e-02
1.606300e-01 9.635091e-03 2.415854e-02
1.609008e-01 1.481998e-02 2.412079e-02
1.611716e-01 -5.005002e-03 2.442526e-02
1.614424e-01 3.286302e-02 2.388838e-02
1.617132e-01 2.719402e-02 2.457235e-02
1.619840e-01 3.372896e-02 2.410062e-02
1.622549e-01 1.528704e-02 2.368158e-02
1.625257e-01 4.412997e-02 2.438679e-02
1.627965e-01 1.758599e-02 2.460310e-02
1.630673e-01 3.725100e-02 2.414415e-02
1.633381e-01 4.893064e-03 2.421126e-02
1.636089e-01 3.423393e-02 2.394782e-02
1.638797e-01 9.134054e-03 2.427977e-02
1.641506e-01 2.343094e-02 2.368412e-02
1.644214e-01 2.879798e-02 2.363023e-02
1.646922e-01 1.670504e-02 2.402435e-02
1.649630e-01 5.326200e-02 2.440064e-02
1.652338e-01 6.832802e-02 2.477986e-02
1.655046e-01 2.885294e-02 2.431751e-02
1.657754e-01 -5.221391e-02 2.341062e-02
1.660462e-01 6.456017e-03 2.399553e-02
1.663171e-01 5.268800e-02 2.428053e-02
1.665879e-01 3.376007e-02 2.431418e-02
1.668587e-01 5.387592e-02 2.426957e-02
1.671295e-01 -3.678083e-03 2.455605e-02
1.674003e-01 2.056396e-02 2.399496e-02
1.676711e-01 3.476799e-02 2.540860e-02
1.679420e-01 3.169060e-03 2.546569e-02
1.682128e-01 4.482400e-02 2.548930e-02
1.684836e-01 5.037093e-02 2.657494e-02
1.687544e-01 8.243084e-03 2.626859e-02
1.690252e-01 4.743505e-02 2.683897e-02
1.692960e-01 1.874912e-02 2.595822e-02
1.695668e-01 -9.379387e-04 2.711960e-02
1.698377e-01 4.642963e-03 2.691568e-02
1.701085e-01 -2.434504e-02 2.701189e-02
1.703793e-01 5.205500e-02 2.771124e-02
1.706501e-01 6.860590e-02 2.806493e-02
1.709209e-01 2.045608e-02 2.749319e-02
1.711917e-01 6.377208e-02 2.807627e-02
1.714625e-01 7.478297e-02 2.847909e-02
1.717333e-01 8.719921e-03 2.878840e-02
1.720042e-01 5.838203e-02 2.897353e-02
1.722750e-01 -1.922405e-02 2.853547e-02
1.725458e-01 5.305052e-03 2.894665e-02
1.728166e-01 3.185499e-02 2.888464e-02
1.730874e-01 1.052271e-01 3.033559e-02
1.733582e-01 1.028407e-02 2.947683e-02
1.736291e-01 4.855299e-02 3.023211e-02
1.738999e-01 1.457202e-02 2.935819e-02
1.741707e-01 -6.669402e-02 2.983526e-02
1.744415e-01 4.045105e-02 3.025073e-02
1.747123e-01 1.903403e-02 3.029014e-02
1.749831e-01 3.065002e-02 2.922361e-02
1.752539e-01 -1.233399e-02 2.817434e-02
1.755248e-01 -2.390599e-02 2.875360e-02
1.757956e-01 8.323073e-03 2.812276e-02
1.760664e-01 5.583048e-03 2.781892e-02
1.763372e-01 3.320503e-02 2.792527e-02
1.766080e-01 8.982408e-02 2.826442e-02
1.768788e-01 -2.995014e-03 2.826702e-02
1.771496e-01 6.767190e-02 2.798678e-02
1.774205e-01 -1.042593e-02 2.737535e-02
1.776913e-01 5.264997e-02 2.744269e-02
1.779621e-01 2.772796e-02 2.700805e-02
1.782329e-01 2.112591e-02 2.688304e-02
1.785037e-01 1.826596e-02 2.711085e-02
1.787745e-01 2.934992e-02 2.739950e-02
1.790453e-01 1.584494e-02 2.717116e-02
1.793161e-01 4.944503e-02 2.738149e-02
1.795870e-01 -2.074301e-02 2.671826e-02
1.798578e-01 5.869985e-03 2.597272e-02
1.801286e-01 9.139061e-03 2.702826e-02
1.803994e-01 5.650997e-03 2.615955e-02
1.806702e-01 4.144907e-02 2.615902e-02
1.809410e-01 2.334595e-02 2.608118e-02
1.812119e-01 2.543497e-02 2.599967e-02
1.814827e-01 6.305099e-02 2.719116e-02
1.817535e-01 3.955996e-02 2.590326e-02
1.820243e-01 2.722979e-03 2.672982e-02
1.822951e-01 3.093898e-02 2.643957e-02
1.825659e-01 2.564108e-02 2.680407e-02
1.828367e-01 8.839965e-03 2.647539e-02
1.831076e-01 -1.681495e-02 2.580288e-02
1.833784e-01 9.738088e-03 2.696427e-02
1.836492e-01 1.522303e-02 2.625320e-02
1.839200e-01 -1.641703e-02 2.636901e-02
1.841908e-01 1.876700e-02 2.593034e-02
1.844616e-01 8.384299e-02 2.623345e-02
1.847324e-01 2.360308e-02 2.619819e-02
1.850033e-01 7.608700e-02 2.609759e-02
1.852741e-01 4.341507e-02 2.630185e-02
1.855449e-01 -3.653049e-03 2.586206e-02
1.858157e-01 3.396904e-02 2.631810e-02
1.860865e-01 7.673693e-02 2.713984e-02
1.863573e-01 1.047301e-02 2.572855e-02
1.866281e-01 3.775895e-02 2.575162e-02
1.868990e-01 3.147304e-02 2.579201e-02
1.871698e-01 4.248905e-02 2.655515e-02
1.874406e-01 8.470905e-02 2.658761e-02
1.877114e-01 2.347505e-02 2.641552e-02
1.879822e-01 -4.757047e-03 2.572634e-02
1.882530e-01 1.357007e-02 2.597975e-02
1.885238e-01 -3.607500e-02 2.564297e-02
1.887947e-01 5.539095e-02 2.634442e-02
1.890655e-01 2.984703e-02 2.608390e-02
1.893363e-01 3.605902e-02 2.580103e-02
1.896071e-01 5.895603e-02 2.640598e-02
1.898779e-01 -4.309404e-02 2.615232e-02
1.901487e-01 2.170300e-02 2.591841e-02
1.904195e-01 5.545104e-02 2.597992e-02
1.906904e-01 1.567996e-02 2.639065e-02
1.909612e-01 5.658984e-03 2.551337e-02
1.912320e-01 3.565395e-02 2.545091e-02
1.915028e-01 -6.579995e-03 2.583371e-02
1.917736e-01 9.312034e-03 2.617617e-02
1.920444e-01 -2.671003e-03 2.575120e-02
1.923153e-01 6.369507e-02 2.541458e-02
1.925861e-01 4.194701e-02 2.599166e-02
1.928569e-01 3.537607e-02 2.544913e-02
1.931277e-01 2.198803e-02 2.619054e-02
1.933985e-01 4.063499e-02 2.567946e-02
1.936693e-01 -4.559994e-03 2.595991e-02
1.939401e-01 -3.355980e-03 2.645346e-02
1.942109e-01 -7.490993e-03 2.578442e-02
1.944818e-01 3.575194e-02 2.584761e-02
1.947526e-01 2.355206e-02 2.587156e-02
1.950234e-01 1.128793e-02 2.588899e-02
1.952942e-01 3.228903e-02 2.588076e-02
1.955650e-01 4.938602e-02 2.623828e-02
1.958358e-01 6.245804e-02 2.576500e-02
1.961066e-01 8.556962e-03 2.576939e-02
1.963775e-01 -8.020043e-03 2.615267e-02
1.966483e-01 3.052998e-02 2.570757e-02
1.969191e-01 2.442801e-02 2.579284e-02
1.971899e-01 -3.564501e-02 2.590258e-02
1.974607e-01 8.092296e-02 2.597205e-02
1.977315e-01 2.202702e-02 2.568064e-02
1.980023e-01 3.659797e-02 2.560253e-02
1.982732e-01 5.563700e-02 2.533862e-02
1.985440e-01 -9.044051e-03 2.599473e-02
1.988148e-01 1.105201e-02 2.620537e-02
1.990856e-01 7.094598e-02 2.588517e-02
1.993564e-01 3.581798e-02 2.571165e-02
1.996272e-01 3.975999e-02 2.606028e-02
1.998980e-01 3.545105e-02 2.545125e-02
2.001689e-01 -1.193094e-02 2.503143e-02
2.004397e-01 -1.159906e-03 2.484928e-02
2.007105e-01 -9.662032e-03 2.492549e-02
2.009813e-01 2.758205e-02 2.542165e-02
2.012521e-01 3.037500e-02 2.572718e-02
2.015229e-01 3.108978e-03 2.585849e-02
2.017937e-01 4.371703e-02 2.583665e-02
2.020646e-01 3.266108e-02 2.521881e-02
2.023354e-01 4.037094e-02 2.554454e-02
2.026062e-01 1.817405e-02 2.554593e-02
2.028770e-01 4.243970e-03 2.579087e-02
2.031478e-01 1.936805e-02 2.521495e-02
2.034186e-01 1.749194e-02 2.529783e-02
2.036894e-01 1.923096e-02 2.529881e-02
2.039603e-01 9.503961e-03 2.558484e-02
2.042311e-01 6.419098e-02 2.538454e-02
2.045019e-01 -2.207994e-03 2.570982e-02
2.047727e-01 -3.954196e-02 2.499591e-02
2.050435e-01 1.671898e-02 2.514975e-02
2.053143e-01 7.125509e-02 2.586735e-02
2.055852e-01 8.815050e-03 2.518256e-02
2.058560e-01 7.172203e-02 2.512544e-02
2.061268e-01 2.825904e-02 2.528277e-02
2.063976e-01 3.513801e-02 2.539923e-02
2.066684e-01 4.470003e-02 2.539041e-02
2.069392e-01 4.627597e-02 2.456618e-02
2.072100e-01 2.880096e-04 2.461959e-02
2.074808e-01 1.103795e-02 2.523319e-02
2.077517e-01 3.190696e-02 2.484680e-02
2.080225e-01 3.286505e-02 2.537653e-02
2.082933e-01 3.264201e-02 2.492342e-02
2.085641e-01 2.403200e-02 2.520219e-02
2.088349e-01 -2.016199e-02 2.473355e-02
2.091057e-01 -7.325053e-03 2.459296e-02
2.093765e-01 4.139090e-02 2.499106e-02
2.096474e-01 -7.661939e-03 2.481635e-02
2.099182e-01 -6.793022e-03 2.507849e-02
2.101890e-01 1.339996e-02 2.516914e-02
2.104598e-01 4.668403e-02 2.570329e-02
2.107306e-01 5.637908e-02 2.494278e-02
2.110014e-01 3.546393e-02 2.538794e-02
2.112723e-01 -4.454970e-03 2.487827e-02
2.115431e-01 -2.420592e-02 2.491359e-02
2.118139e-01 4.202294e-02 2.510610e-02
2.120847e-01 -1.875401e-02 2.442252e-02
2.123555e-01 3.745496e-02 2.538913e-02
2.126263e-01 -7.061005e-03 2.451054e-02
2.128971e-01 2.198303e-02 2.526288e-02
2.131680e-01 7.307601e-02 2.530997e-02
2.134388e-01 -1.889598e-02 2.516802e-02
2.137096e-01 3.638196e-02 2.519053e-02
2.139804e-01 -2.095199e-02 2.457807e-02
2.142512e-01 -4.580021e-03 2.474409e-02
2.145220e-01 2.550507e-02 2.500829e-02
2.147928e-01 -8.720160e-04 2.491098e-02
2.150636e-01 4.010701e-02 2.505389e-02
2.153345e-01 -9.482026e-03 2.495275e-02
2.156053e-01 8.483887e-03 2.501967e-02
2.158761e-01 5.151093e-02 2.539414e-02
2.161469e-01 2.248895e-02 2.504292e-02
2.164177e-01 5.359054e-03 2.500967e-02
2.166885e-01 -2.676010e-03 2.472130e-02
2.169593e-01 2.327406e-02 2.498957e-02
2.172302e-01 4.801404e-02 2.565209e-02
2.175010e-01 3.325593e-02 2.551439e-02
2.177718e-01 4.317045e-03 2.443567e-02
2.180426e-01 4.333293e-02 2.547172e-02
2.183134e-01 2.751005e-02 2.472703e-02
2.185842e-01 4.771399e-02 2.503654e-02
2.188551e-01 8.296967e-03 2.450133e-02
2.191259e-01 -4.041076e-03 2.512300e-02
2.193967e-01 3.744960e-03 2.516151e-02
2.196675e-01 -1.076603e-02 2.437673e-02
2.199383e-01 1.809704e-02 2.513786e-02
2.202091e-01 5.362034e-03 2.469551e-02
2.204799e-01 3.336298e-02 2.492310e-02
2.207507e-01 1.620507e-02 2.448941e-02
2.210216e-01 2.741003e-02 2.495387e-02
2.212924e-01 2.059102e-03 2.432270e-02
2.215632e-01 -5.459785e-04 2.464682e-02
2.218340e-01 -6.181204e-02 2.419808e-02
2.221048e-01 1.540697e-02 2.431044e-02
2.223756e-01 7.050002e-02 2.485840e-02
2.226464e-01 2.492297e-02 2.481524e-02
2.229173e-01 1.205099e-02 2.465521e-02
2.231881e-01 6.803107e-02 2.476490e-02
2.234589e-01 7.743955e-03 2.410274e-02
2.237297e-01 4.588306e-02 2.452364e-02
2.240005e-01 3.622305e-02 2.422068e-02
2.242713e-01 3.924966e-03 2.415035e-02
2.245422e-01 -1.591599e-02 2.425810e-02
2.248130e-01 -1.853943e-03 2.478720e-02
2.250838e-01 3.025496e-02 2.438855e-02
2.253546e-01 -3.310502e-02 2.423891e-02
2.256254e-01 2.313995e-02 2.427874e-02
2.258962e-01 8.849978e-03 2.431763e-02
2.261670e-01 -4.165053e-03 2.542881e-02
2.264379e-01 2.595997e-02 2.568626e-02
2.267087e-01 3.295600e-02 2.618341e-02
2.269795e-01 4.360998e-02 2.666755e-02
2.272503e-01 4.527497e-02 2.722726e-02
2.275211e-01 1.194000e-02 2.670493e-02
2.277919e-01 1.786709e-02 2.793861e-02
2.280627e-01 -1.217008e-03 2.820815e-02
2.283335e-01 -4.602897e-02 2.751684e-02
2.286044e-01 1.821995e-03 2.818762e-02
2.288752e-01 8.919954e-03 2.858284e-02
2.291460e-01 -4.640818e-04 2.912091e-02
2.294168e-01 -1.515985e-03 2.881799e-02
2.296876e-01 6.587505e-02 2.942414e-02
2.299584e-01 3.737605e-02 2.907230e-02
2.302293e-01 5.999506e-02 3.009052e-02
2.305001e-01 1.935995e-02 3.025879e-02
2.307709e-01 -2.518189e-02 2.992069e-02
2.310417e-01 1.156509e-02 3.068747e-02
2.313125e-01 1.651096e-02 3.085926e-02
2.315833e-01 -1.230407e-02 3.063730e-02
2.318541e-01 -5.090296e-02 3.115448e-02
2.321250e-01 -1.003301e-02 3.172644e-02
2.323958e-01 2.133894e-02 3.211732e-02
2.326666e-01 1.863694e-02 3.222555e-02
2.329374e-01 8.261096e-02 3.357829e-02
2.332082e-01 1.662397e-02 3.296001e-02
2.334790e-01 2.676892e-02 3.215568e-02
2.337498e-01 -6.048691e-02 3.329461e-02
2.340207e-01 1.170897e-02 3.317699e-02
2.342915e-01 1.677036e-03 3.410175e-02
2.345623e-01 6.230295e-02 3.423363e-02
2.348331e-01 -2.987599e-02 3.440297e-02
2.351039e-01 -1.271009e-03 3.489855e-02
2.353747e-01 -2.054930e-03 3.477038e-02
2.356455e-01 1.807404e-02 3.523522e-02
2.359163e-01 5.551195e-02 3.569665e-02
2.361872e-01 6.058800e-02 3.661051e-02
2.364580e-01 1.806700e-02 3.578357e-02
2.367288e-01 2.220297e-02 3.665238e-02
2.369996e-01 3.501010e-02 3.693425e-02
2.372704e-01 -2.144933e-03 3.613475e-02
2.375412e-01 5.779982e-03 3.692203e-02
2.378121e-01 -6.723893e-02 3.668416e-02
2.380829e-01 -2.056801e-02 3.673784e-02
2.383537e-01 -3.881907e-02 3.770716e-02
2.386245e-01 -8.405924e-03 3.925712e-02
2.388953e-01 2.195203e-02 3.899837e-02
2.391661e-01 5.214894e-02 4.001187e-02
2.394369e-01 -4.747701e-02 3.868976e-02
2.397078e-01 6.318295e-02 4.121788e-02
2.399786e-01 -3.340602e-02 4.091905e-02
2.402494e-01 3.904200e-02 4.107896e-02
2.405202e-01 4.701900e-02 4.101413e-02
2.407910e-01 -5.723798e-02 4.121984e-02
2.410618e-01 1.876402e-02 4.088952e-02
2.413326e-01 -5.269492e-02 4.165919e-02
2.416034e-01 1.392496e-02 4.334459e-02
2.418743e-01 6.529927e-03 4.281308e-02
2.421451e-01 2.183080e-03 4.401752e-02
2.424159e-01 -1.295090e-03 4.569282e-02
2.426867e-01 1.744401e-02 4.312475e-02
2.429575e-01 1.231190e-01 4.581873e-02
2.432283e-01 -2.146399e-02 4.599827e-02
2.434992e-01 -3.005397e-02 4.635280e-02
2.437700e-01 2.074003e-03 4.662560e-02
2.440408e-01 6.285810e-02 4.863145e-02
2.443116e-01 7.479596e-02 4.771360e-02
2.445824e-01 7.679105e-02 5.013376e-02
2.448532e-01 4.228902e-02 4.832745e-02
2.451240e-01 -2.442598e-02 4.836300e-02
2.453949e-01 -9.255803e-02 5.024893e-02
2.456657e-01 3.922498e-02 5.149000e-02
2.459365e-01 4.993403e-02 5.190368e-02
2.462073e-01 3.509605e-02 5.388828e-02
2.464781e-01 5.636108e-02 5.515445e-02
2.467489e-01 3.169703e-02 5.399734e-02
2.470197e-01 8.471692e-02 5.550196e-02
2.472906e-01 4.935026e-03 5.423323e-02
2.475614e-01 4.353595e-02 5.390232e-02
2.478322e-01 5.905700e-02 5.817803e-02
2.481030e-01 1.084731e-01 5.766903e-02
2.483738e-01 5.944300e-02 5.786344e-02
2.486446e-01 5.542302e-02 6.129212e-02
2.489154e-01 6.134999e-02 6.632558e-02
2.491863e-01 4.538107e-02 6.464565e-02
2.494571e-01 1.127911e-02 6.615816e-02
2.497279e-01 6.271005e-02 7.050965e-02
2.499987e-01 4.006195e-02 7.112805e-02
2.502695e-01 1.837420e-01 7.189831e-02
2.505403e-01 1.086539e-01 7.522340e-02
2.508111e-01 6.886601e-02 7.513459e-02
2.510819e-01 -1.578380e-01 7.664864e-02
2.513528e-01 -8.747196e-02 7.959099e-02
2.516236e-01 9.295201e-02 8.072644e-02
2.518944e-01 -1.788902e-02 8.169357e-02
2.521652e-01 -1.535910e-01 8.777491e-02
2.524360e-01 -8.669996e-02 7.962813e-02
2.527068e-01 -2.204096e-02 8.563783e-02
2.529776e-01 -7.146108e-02 8.910806e-02
2.532485e-01 5.681992e-03 8.929084e-02
2.535193e-01 -7.676697e-02 9.608570e-02
2.537901e-01 7.315397e-02 9.315983e-02
2.540609e-01 -1.337510e-01 9.964634e-02
2.543317e-01 -4.745591e-02 1.082060e-01
2.546025e-01 -2.242398e-02 1.028578e-01
2.548733e-01 1.683497e-02 1.096099e-01
2.551441e-01 -3.100705e-02 1.088295e-01
2.554150e-01 5.582106e-02 1.202248e-01
2.556858e-01 1.646190e-01 1.351477e-01
2.559566e-01 1.944280e-01 1.398448e-01
2.562274e-01 -2.272701e-02 1.434914e-01
2.564982e-01 2.545500e-02 1.369872e-01
2.567690e-01 1.030310e-01 1.671004e-01
2.570398e-01 9.898996e-02 1.943808e-01
2.573107e-01 -1.969689e-01 2.102414e-01
2.575815e-01 3.008651e-01 2.496847e-01
2.578523e-01 1.212120e-01 3.307337e-01
2.581231e-01 -1.818180e-01 4.048602e-01
