3.286826e-03 1.828093e+01 0.000000e+00
3.557641e-03 2.152759e+01 4.067808e-01
3.828455e-03 1.801923e+01 2.239664e-01
4.099269e-03 1.482590e+01 1.569322e-01
4.370084e-03 1.221779e+01 1.146852e-01
4.640898e-03 1.018552e+01 7.708936e-02
4.911712e-03 8.757170e+00 6.232770e-02
5.182527e-03 7.710388e+00 4.701298e-02
5.453341e-03 6.887567e+00 4.073978e-02
5.724155e-03 6.286640e+00 2.992474e-02
5.994970e-03 5.822830e+00 2.450837e-02
6.265784e-03 5.445374e+00 2.212752e-02
6.536598e-03 5.148048e+00 1.827221e-02
6.807412e-03 4.837288e+00 1.681904e-02
7.078227e-03 4.543701e+00 1.629086e-02
7.349041e-03 4.247781e+00 1.399163e-02
7.619855e-03 3.991608e+00 1.324097e-02
7.890671e-03 3.730598e+00 1.207537e-02
8.161485e-03 3.456466e+00 1.172840e-02
8.432299e-03 3.235978e+00 1.049721e-02
8.703114e-03 3.030155e+00 9.937106e-03
8.973928e-03 2.808219e+00 9.295822e-03
9.244742e-03 2.625051e+00 8.409367e-03
9.515557e-03 2.435204e+00 7.787532e-03
9.786371e-03 2.269574e+00 7.599039e-03
1.005718e-02 2.110162e+00 7.110686e-03
1.032800e-02 1.971304e+00 6.410526e-03
1.059881e-02 1.840565e+00 6.301228e-03
1.086963e-02 1.720970e+00 5.860561e-03
1.114044e-02 1.597005e+00 5.520439e-03
1.141126e-02 1.495856e+00 5.292519e-03
1.168207e-02 1.404896e+00 4.870189e-03
1.195289e-02 1.325742e+00 4.664057e-03
1.222370e-02 1.245040e+00 4.409295e-03
1.249451e-02 1.174602e+00 4.185874e-03
1.276533e-02 1.096006e+00 4.026243e-03
1.303614e-02 1.034734e+00 3.825071e-03
1.330696e-02 9.766555e-01 3.653791e-03
1.357777e-02 9.224344e-01 3.531531e-03
1.384859e-02 8.750992e-01 3.317249e-03
1.411940e-02 8.238869e-01 3.217802e-03
1.439021e-02 7.810333e-01 3.025629e-03
1.466103e-02 7.433077e-01 2.836759e-03
1.493184e-02 7.033918e-01 2.819716e-03
1.520266e-02 6.662791e-01 2.694139e-03
1.547347e-02 6.307107e-01 2.574920e-03
1.574429e-02 5.983495e-01 2.494787e-03
1.601510e-02 5.675591e-01 2.399008e-03
1.628591e-02 5.334371e-01 2.347357e-03
1.655673e-02 5.096608e-01 2.233141e-03
1.682754e-02 4.832943e-01 2.257050e-03
1.709836e-02 4.588610e-01 2.188358e-03
1.736917e-02 4.318038e-01 1.982272e-03
1.763999e-02 4.163198e-01 1.929885e-03
1.791080e-02 3.916330e-01 1.883082e-03
1.818161e-02 3.746352e-01 1.849905e-03
1.845243e-02 3.533869e-01 1.795832e-03
1.872324e-02 3.356496e-01 1.810814e-03
1.899406e-02 3.187945e-01 1.743987e-03
1.926487e-02 3.027067e-01 1.683004e-03
1.953569e-02 2.870663e-01 1.649888e-03
1.980650e-02 2.760126e-01 1.639608e-03
2.007731e-02 2.598024e-01 1.558149e-03
2.034813e-02 2.480888e-01 1.517715e-03
2.061894e-02 2.340510e-01 1.501336e-03
2.088976e-02 2.216905e-01 1.453547e-03
2.116057e-02 2.133522e-01 1.384154e-03
2.143139e-02 2.017402e-01 1.411636e-03
2.170220e-02 1.888808e-01 1.356224e-03
2.197302e-02 1.822688e-01 1.338880e-03
2.224383e-02 1.710804e-01 1.249047e-03
2.251465e-02 1.639315e-01 1.227399e-03
2.278546e-02 1.553341e-01 1.193684e-03
2.305627e-02 1.474365e-01 1.156647e-03
2.332709e-02 1.398426e-01 1.134579e-03
2.359790e-02 1.307864e-01 1.097444e-03
2.386872e-02 1.247393e-01 1.064190e-03
2.413953e-02 1.199191e-01 1.027099e-03
2.441034e-02 1.137615e-01 1.001492e-03
2.468116e-02 1.078185e-01 9.809092e-04
2.495197e-02 1.021055e-01 9.498353e-04
2.522279e-02 9.609342e-02 9.436747e-04
2.549360e-02 9.156314e-02 8.938800e-04
2.576442e-02 8.697209e-02 8.783582e-04
2.603523e-02 8.168415e-02 8.646433e-04
2.630604e-02 7.737455e-02 8.430408e-04
2.657686e-02 7.211701e-02 8.073712e-04
2.684767e-02 6.958920e-02 7.903984e-04
2.711849e-02 6.708375e-02 7.829615e-04
2.738930e-02 6.300051e-02 7.597316e-04
2.766012e-02 5.893850e-02 7.583239e-04
2.793093e-02 5.629302e-02 7.310002e-04
2.820175e-02 5.382521e-02 7.091451e-04
2.847256e-02 5.096506e-02 6.942115e-04
2.874337e-02 4.862203e-02 6.846571e-04
2.901419e-02 4.552679e-02 6.653678e-04
2.928500e-02 4.349417e-02 6.428441e-04
2.955582e-02 4.202070e-02 6.351698e-04
2.982663e-02 3.898061e-02 6.286807e-04
3.009745e-02 3.593253e-02 6.092324e-04
3.036826e-02 3.491898e-02 6.011018e-04
3.063907e-02 3.454946e-02 5.979345e-04
3.090989e-02 3.012073e-02 5.844302e-04
3.118070e-02 2.906919e-02 5.814793e-04
3.145152e-02 2.772296e-02 5.716962e-04
3.172233e-02 2.695969e-02 5.550370e-04
3.199315e-02 2.487322e-02 5.486623e-04
3.226396e-02 2.378802e-02 5.527363e-04
3.253478e-02 2.242757e-02 5.298018e-04
3.280559e-02 2.003952e-02 5.244715e-04
3.307641e-02 2.012884e-02 5.224447e-04
3.334722e-02 1.854999e-02 5.059022e-04
3.361803e-02 1.760999e-02 5.086848e-04
3.388885e-02 1.670891e-02 4.947418e-04
3.415966e-02 1.566206e-02 4.983815e-04
3.443048e-02 1.503119e-02 4.946483e-04
3.470129e-02 1.430325e-02 4.765031e-04
3.497211e-02 1.381892e-02 4.767712e-04
3.524292e-02 1.251991e-02 4.729667e-04
3.551374e-02 1.202064e-02 4.612373e-04
3.578455e-02 1.138238e-02 4.695996e-04
3.605536e-02 1.050583e-02 4.553167e-04
3.632618e-02 9.742152e-03 4.579226e-04
3.659699e-02 9.819139e-03 4.515755e-04
3.686780e-02 9.399980e-03 4.464904e-04
3.713862e-02 9.481762e-03 4.448453e-04
3.740944e-02 8.287959e-03 4.322305e-04
3.768025e-02 8.024320e-03 4.279492e-04
3.795106e-02 7.937372e-03 4.312910e-04
3.822188e-02 6.551519e-03 4.241265e-04
3.849269e-02 7.300314e-03 4.172263e-04
3.876351e-02 6.527331e-03 4.184419e-04
3.903432e-02 6.443419e-03 4.141820e-04
3.930514e-02 5.520318e-03 4.137553e-04
3.957595e-02 5.709659e-03 4.130593e-04
3.984676e-02 5.138081e-03 4.044520e-04
4.011758e-02 4.831441e-03 4.065038e-04
4.038839e-02 4.719723e-03 4.044821e-04
4.065921e-02 4.872352e-03 3.955383e-04
4.093002e-02 4.250750e-03 3.978140e-04
4.120084e-02 4.098468e-03 3.961984e-04
4.147165e-02 4.239261e-03 3.907603e-04
4.174246e-02 3.578790e-03 3.861529e-04
4.201328e-02 3.273539e-03 3.818968e-04
4.228409e-02 3.300592e-03 3.878826e-04
4.255491e-02 3.651507e-03 3.804674e-04
4.282572e-02 2.989858e-03 3.862333e-04
4.309653e-02 2.318159e-03 3.790818e-04
4.336735e-02 3.022820e-03 3.827010e-04
4.363817e-02 2.858650e-03 3.797004e-04
4.390898e-02 2.688393e-03 3.748696e-04
4.417979e-02 2.109151e-03 3.695662e-04
4.445061e-02 2.577420e-03 3.644107e-04
4.472142e-02 3.194839e-03 3.684110e-04
4.499224e-02 2.308540e-03 3.679444e-04
4.526305e-02 2.542291e-03 3.667771e-04
4.553387e-02 2.824619e-03 3.659603e-04
4.580468e-02 2.054889e-03 3.601898e-04
4.607549e-02 2.909791e-03 3.652772e-04
4.634631e-02 2.489351e-03 3.645115e-04
4.661712e-02 1.882181e-03 3.597839e-04
4.688794e-02 1.727290e-03 3.572700e-04
4.715875e-02 2.317131e-03 3.531080e-04
4.742957e-02 1.553938e-03 3.556224e-04
4.770038e-02 1.980200e-03 3.502403e-04
4.797119e-02 1.772631e-03 3.497510e-04
4.824201e-02 1.845609e-03 3.467349e-04
4.851282e-02 2.045199e-03 3.525515e-04
4.878364e-02 2.438389e-03 3.491612e-04
4.905445e-02 1.713507e-03 3.400728e-04
4.932526e-02 2.688020e-03 3.463167e-04
4.959608e-02 1.564663e-03 3.398448e-04
4.986690e-02 2.245720e-03 3.434235e-04
5.013771e-02 1.404010e-03 3.409914e-04
5.040852e-02 1.238409e-03 3.370462e-04
5.067934e-02 9.790808e-04 3.423707e-04
5.095015e-02 1.557712e-03 3.355766e-04
5.122096e-02 1.520988e-03 3.406841e-04
5.149178e-02 1.390610e-03 3.382316e-04
5.176260e-02 1.141630e-03 3.349772e-04
5.203341e-02 1.001071e-03 3.331484e-04
5.230422e-02 1.029398e-03 3.334686e-04
5.257504e-02 9.810813e-04 3.303159e-04
5.284585e-02 1.395382e-03 3.294924e-04
5.311667e-02 1.119573e-03 3.274569e-04
5.338748e-02 9.884499e-04 3.323720e-04
5.365830e-02 9.441413e-04 3.339103e-04
5.392911e-02 1.254521e-03 3.375380e-04
5.419992e-02 1.014560e-03 3.329730e-04
5.447074e-02 1.925938e-03 3.350057e-04
5.474155e-02 8.940324e-04 3.435695e-04
5.501237e-02 4.879497e-04 3.426047e-04
5.528318e-02 1.171317e-03 3.452570e-04
5.555400e-02 1.634181e-03 3.513387e-04
5.582481e-02 1.057737e-03 3.486768e-04
5.609563e-02 2.004988e-04 3.460578e-04
5.636644e-02 5.810820e-04 3.462311e-04
5.663725e-02 1.128331e-03 3.569748e-04
5.690807e-02 1.314670e-03 3.587533e-04
5.717888e-02 1.122471e-03 3.543385e-04
5.744969e-02 1.004621e-03 3.582403e-04
5.772051e-02 9.026490e-04 3.595060e-04
5.799133e-02 7.751100e-04 3.549095e-04
5.826214e-02 1.349408e-03 3.573020e-04
5.853295e-02 8.646995e-04 3.575633e-04
5.880377e-02 4.067197e-04 3.551906e-04
5.907458e-02 6.438494e-04 3.600223e-04
5.934540e-02 1.053628e-03 3.575713e-04
5.961621e-02 6.561317e-04 3.587112e-04
5.988703e-02 -3.070980e-04 3.550876e-04
6.015784e-02 5.075112e-04 3.607713e-04
6.042865e-02 5.724095e-04 3.582881e-04
6.069947e-02 5.919114e-04 3.510408e-04
6.097028e-02 5.713776e-04 3.515272e-04
6.124110e-02 5.291216e-04 3.493707e-04
6.151191e-02 5.999580e-04 3.498311e-04
6.178273e-02 5.094707e-04 3.441896e-04
6.205354e-02 -3.147200e-04 3.395876e-04
6.232436e-02 1.970194e-04 3.436634e-04
6.259517e-02 1.344904e-04 3.426084e-04
6.286598e-02 6.134510e-04 3.417573e-04
6.313679e-02 1.438040e-03 3.441695e-04
6.340761e-02 4.363470e-04 3.388373e-04
6.367842e-02 9.316914e-04 3.372351e-04
6.394923e-02 2.914593e-04 3.378814e-04
6.422005e-02 3.704093e-04 3.396599e-04
6.449086e-02 5.744286e-04 3.347427e-04
6.476168e-02 3.108494e-04 3.295965e-04
6.503250e-02 -1.167394e-04 3.397154e-04
6.530331e-02 -2.716109e-05 3.343631e-04
6.557412e-02 2.816617e-04 3.351884e-04
6.584494e-02 3.322102e-04 3.319109e-04
6.611575e-02 -4.847590e-04 3.309092e-04
6.638657e-02 3.584586e-04 3.336665e-04
6.665738e-02 3.174804e-04 3.321924e-04
6.692819e-02 2.694987e-04 3.345222e-04
6.719901e-02 4.052892e-04 3.298686e-04
6.746982e-02 7.764585e-04 3.362479e-04
6.774063e-02 2.069585e-04 3.314432e-04
6.801146e-02 -4.159082e-04 3.293834e-04
6.828227e-02 2.652984e-04 3.262834e-04
6.855308e-02 5.273223e-04 3.313928e-04
6.882390e-02 2.158098e-04 3.269933e-04
6.909471e-02 6.658398e-04 3.284102e-04
6.936552e-02 2.355613e-04 3.199219e-04
6.963634e-02 -5.221926e-05 3.248380e-04
6.990715e-02 2.353676e-04 3.314768e-04
7.017796e-02 4.009902e-05 3.238497e-04
7.044878e-02 -4.954804e-04 3.208016e-04
7.071959e-02 4.285295e-04 3.207663e-04
7.099041e-02 8.965600e-04 3.219616e-04
7.126123e-02 7.569585e-04 3.234568e-04
7.153204e-02 -8.367002e-05 3.189710e-04
7.180285e-02 1.319014e-04 3.226947e-04
7.207367e-02 1.266394e-04 3.206345e-04
7.234448e-02 1.021475e-04 3.218190e-04
7.261530e-02 -1.786407e-04 3.163726e-04
7.288611e-02 5.676709e-04 3.258430e-04
7.315692e-02 -4.718080e-05 3.232582e-04
7.342774e-02 2.343990e-04 3.221059e-04
7.369855e-02 2.714116e-04 3.184587e-04
7.396936e-02 2.739951e-05 3.195169e-04
7.424019e-02 -3.872588e-04 3.205463e-04
7.451100e-02 -8.344185e-04 3.166322e-04
7.478181e-02 -2.647005e-04 3.148378e-04
7.505263e-02 -3.563184e-04 3.124524e-04
7.532344e-02 -7.415935e-05 3.222377e-04
7.559425e-02 3.878027e-05 3.116982e-04
7.586507e-02 -7.870700e-04 3.100824e-04
7.613588e-02 -1.072399e-04 3.116145e-04
7.640669e-02 -3.178492e-04 3.167219e-04
7.667751e-02 1.776908e-04 3.124866e-04
7.694832e-02 -1.877882e-04 3.147474e-04
7.721914e-02 -2.450701e-04 3.118941e-04
7.748996e-02 -4.750099e-04 3.098238e-04
7.776077e-02 -3.574211e-04 3.079692e-04
7.803158e-02 -2.347212e-04 3.137638e-04
7.830240e-02 -5.262103e-04 3.066602e-04
7.857321e-02 -2.636500e-04 3.088660e-04
7.884403e-02 -6.989948e-05 3.070547e-04
7.911484e-02 -1.383293e-04 3.068133e-04
7.938565e-02 -1.842696e-04 3.115124e-04
7.965647e-02 -6.178506e-04 3.051845e-04
7.992728e-02 -3.284197e-04 3.081479e-04
8.019809e-02 -2.172794e-04 3.068395e-04
8.046892e-02 -1.556799e-04 3.026343e-04
8.073973e-02 -5.359948e-05 3.085396e-04
8.101054e-02 1.467094e-04 3.033395e-04
8.128136e-02 1.424290e-04 3.021504e-04
8.155217e-02 -3.197044e-05 3.066336e-04
8.182298e-02 -9.559803e-04 2.974320e-04
8.209380e-02 -6.616898e-04 3.000142e-04
8.236461e-02 -1.970995e-04 3.075891e-04
8.263543e-02 -5.923957e-05 3.058555e-04
8.290624e-02 -4.757084e-04 3.043837e-04
8.317705e-02 -2.581812e-04 3.013742e-04
8.344787e-02 5.452596e-04 3.090966e-04
8.371869e-02 -7.828493e-04 3.034250e-04
8.398950e-02 -5.680099e-04 3.023732e-04
8.426031e-02 -8.067787e-04 3.010400e-04
8.453113e-02 -9.636022e-05 2.981586e-04
8.480194e-02 -4.156400e-04 2.995352e-04
8.507276e-02 -6.484594e-04 3.069310e-04
8.534357e-02 -1.760703e-04 2.981935e-04
8.561438e-02 -2.868101e-05 2.995413e-04
8.588520e-02 -1.568794e-04 2.958890e-04
8.615601e-02 -5.201586e-04 2.970159e-04
8.642682e-02 -3.917199e-04 2.955791e-04
8.669765e-02 -4.906505e-04 2.945275e-04
8.696846e-02 -4.148800e-04 2.956009e-04
8.723927e-02 -7.662997e-04 2.932736e-04
8.751009e-02 -9.812284e-04 2.944189e-04
8.778090e-02 -6.844699e-04 2.938518e-04
8.805171e-02 -6.816313e-04 2.937648e-04
8.832253e-02 -6.330796e-04 2.929870e-04
8.859334e-02 -7.597003e-04 2.914829e-04
8.886416e-02 -7.879399e-04 2.920339e-04
8.913497e-02 -3.178492e-04 2.922811e-04
8.940578e-02 -8.618310e-04 2.910261e-04
8.967660e-02 -1.637004e-04 2.904832e-04
8.994742e-02 1.006946e-05 2.947701e-04
9.021823e-02 -1.157640e-03 2.882063e-04
9.048904e-02 -3.873408e-04 2.929187e-04
9.075986e-02 -4.075989e-04 2.942874e-04
9.103067e-02 -5.352404e-04 2.914535e-04
9.130149e-02 -2.167597e-04 2.926601e-04
9.157230e-02 -4.758593e-04 2.898534e-04
9.184311e-02 -1.076329e-03 2.901544e-04
9.211393e-02 -4.431698e-04 2.879109e-04
9.238474e-02 -6.098598e-04 2.886613e-04
9.265555e-02 -6.327312e-04 2.912958e-04
9.292637e-02 -6.610900e-05 2.889225e-04
9.319719e-02 1.340192e-04 2.908022e-04
9.346800e-02 -3.518499e-04 2.863299e-04
9.373882e-02 -4.377794e-04 2.871241e-04
9.400963e-02 2.579000e-04 2.901707e-04
9.428044e-02 -7.794797e-04 2.842144e-04
9.455126e-02 -6.714109e-04 2.866520e-04
9.482207e-02 -9.595007e-04 2.846994e-04
9.509289e-02 -6.884895e-04 2.867144e-04
9.536370e-02 -8.378904e-04 2.881762e-04
9.563451e-02 -9.771101e-04 2.835579e-04
9.590533e-02 -7.325914e-04 2.865936e-04
9.617615e-02 -6.124992e-04 2.829363e-04
9.644696e-02 -7.226896e-04 2.798595e-04
9.671777e-02 -8.040313e-04 2.802889e-04
9.698859e-02 -5.648099e-04 2.812710e-04
9.725940e-02 -1.004631e-03 2.828203e-04
9.753022e-02 -4.803892e-04 2.813307e-04
9.780103e-02 -9.726789e-04 2.826263e-04
9.807184e-02 -3.678706e-04 2.821934e-04
9.834266e-02 -6.679799e-04 2.817003e-04
9.861347e-02 -3.215708e-04 2.834886e-04
9.888428e-02 -2.206508e-04 2.788471e-04
9.915510e-02 -7.046591e-04 2.813077e-04
9.942592e-02 -7.510930e-05 2.808839e-04
9.969673e-02 -5.811695e-04 2.806678e-04
9.996755e-02 -8.105598e-04 2.790835e-04
1.002384e-01 -3.897287e-04 2.813518e-04
1.005092e-01 -9.870902e-04 2.773775e-04
1.007800e-01 -3.730208e-04 2.807653e-04
1.010508e-01 -2.239402e-04 2.817970e-04
1.013216e-01 -1.296980e-03 2.759389e-04
1.015924e-01 -5.010609e-04 2.783094e-04
1.018632e-01 -7.717870e-05 2.799374e-04
1.021341e-01 -4.274100e-04 2.763043e-04
1.024049e-01 -4.201811e-04 2.781035e-04
1.026757e-01 -4.349705e-04 2.774125e-04
1.029465e-01 -6.211698e-04 2.759926e-04
1.032173e-01 -3.044885e-04 2.751753e-04
1.034881e-01 -1.871195e-04 2.749232e-04
1.037589e-01 -4.049093e-04 2.719407e-04
1.040298e-01 -6.005503e-04 2.719853e-04
1.043006e-01 -6.286707e-04 2.761304e-04
1.045714e-01 -4.832707e-04 2.732596e-04
1.048422e-01 -7.254500e-04 2.735448e-04
1.051130e-01 -3.177393e-04 2.717015e-04
1.053838e-01 -3.180709e-04 2.744820e-04
1.056546e-01 -5.002599e-04 2.737238e-04
1.059255e-01 -4.587695e-04 2.735359e-04
1.061963e-01 -6.982703e-04 2.704204e-04
1.064671e-01 -2.656002e-04 2.735579e-04
1.067379e-01 -1.132770e-03 2.674221e-04
1.070087e-01 -5.380213e-04 2.749442e-04
1.072795e-01 -6.739907e-04 2.679967e-04
1.075503e-01 -1.175290e-03 2.723758e-04
1.078212e-01 -5.481001e-04 2.705019e-04
1.080920e-01 -7.130206e-04 2.694460e-04
1.083628e-01 -5.372893e-04 2.717782e-04
1.086336e-01 -6.497316e-04 2.661114e-04
1.089044e-01 -1.308601e-04 2.714902e-04
1.091752e-01 -2.828185e-04 2.720893e-04
1.094460e-01 -7.815100e-04 2.674604e-04
1.097169e-01 -2.376102e-04 2.689450e-04
1.099877e-01 -6.730296e-04 2.674569e-04
1.102585e-01 -5.791914e-04 2.682923e-04
1.105293e-01 -4.749708e-04 2.739595e-04
1.108001e-01 -1.154095e-04 2.767229e-04
1.110709e-01 9.980984e-05 2.784946e-04
1.113417e-01 -1.547094e-04 2.787904e-04
1.116126e-01 -3.303997e-04 2.827062e-04
1.118834e-01 -2.983399e-04 2.819154e-04
1.121542e-01 -4.451089e-04 2.790435e-04
1.124250e-01 -8.000899e-04 2.823986e-04
1.126958e-01 -3.639106e-04 2.856720e-04
1.129666e-01 -1.445539e-03 2.857461e-04
1.132374e-01 -5.139206e-04 2.904107e-04
1.135083e-01 -9.502787e-04 2.898422e-04
1.137791e-01 -6.321296e-04 2.939953e-04
1.140499e-01 -6.278399e-04 2.944709e-04
1.143207e-01 -7.342398e-04 2.948291e-04
1.145915e-01 -4.044306e-04 2.984672e-04
1.148623e-01 -6.246902e-04 3.003112e-04
1.151332e-01 -8.185189e-04 3.000247e-04
1.154040e-01 -7.125698e-04 3.038633e-04
1.156748e-01 -8.804407e-04 3.027287e-04
1.159456e-01 -4.965067e-05 3.070843e-04
1.162164e-01 -8.542892e-04 3.072698e-04
1.164872e-01 -6.354786e-04 3.052912e-04
1.167580e-01 2.351962e-05 3.123285e-04
1.170288e-01 -1.092609e-03 3.117392e-04
1.172997e-01 -1.246650e-03 3.111912e-04
1.175705e-01 -4.940685e-04 3.129220e-04
1.178413e-01 -9.617507e-04 3.136018e-04
1.181121e-01 -6.408803e-04 3.160175e-04
1.183829e-01 -2.504587e-04 3.081012e-04
1.186537e-01 -6.553009e-04 3.076830e-04
1.189246e-01 -9.480193e-04 3.056425e-04
1.191954e-01 2.907962e-05 3.049552e-04
1.194662e-01 -4.802793e-04 3.093273e-04
1.197370e-01 -1.136951e-03 3.041534e-04
1.200078e-01 -6.629098e-04 3.080983e-04
1.202786e-01 -9.059105e-04 3.033647e-04
1.205494e-01 -3.889799e-04 3.028519e-04
1.208202e-01 -6.949008e-04 3.056580e-04
1.210911e-01 -6.747190e-04 3.015681e-04
1.213619e-01 -6.251112e-04 3.052063e-04
1.216327e-01 -1.189770e-03 3.001978e-04
1.219035e-01 -1.109911e-03 3.027153e-04
1.221743e-01 -8.559395e-04 3.013549e-04
1.224451e-01 -1.029771e-03 3.008780e-04
1.227160e-01 -5.032998e-04 3.068236e-04
1.229868e-01 -7.387716e-04 3.012174e-04
1.232576e-01 -5.506687e-04 3.025578e-04
1.235284e-01 -4.921891e-04 3.022840e-04
1.237992e-01 -2.031494e-04 3.047258e-04
1.240700e-01 -1.026610e-03 3.036949e-04
1.243408e-01 -6.276015e-04 3.051336e-04
1.246117e-01 -7.308200e-04 2.969843e-04
1.248825e-01 -3.678501e-04 3.040438e-04
1.251533e-01 -8.742996e-04 3.025799e-04
1.254241e-01 -6.359592e-04 3.022760e-04
1.256949e-01 -3.124513e-04 3.022683e-04
1.259657e-01 -1.336670e-03 3.002329e-04
1.262365e-01 -8.959491e-04 2.960266e-04
1.265074e-01 -8.652508e-04 3.005631e-04
1.267782e-01 -6.491188e-04 3.021216e-04
1.270490e-01 -1.073230e-03 2.958297e-04
1.273198e-01 -8.365810e-04 2.952067e-04
1.275906e-01 -1.315940e-03 2.950533e-04
1.278614e-01 -5.860999e-04 2.972520e-04
1.281322e-01 -6.080288e-04 2.969167e-04
1.284031e-01 -7.385388e-04 2.944953e-04
1.286739e-01 -4.189499e-04 2.989261e-04
1.289447e-01 -9.964015e-04 2.923639e-04
1.292155e-01 -1.039419e-03 2.964393e-04
1.294863e-01 -1.096321e-03 2.955529e-04
1.297571e-01 -6.080791e-04 2.910109e-04
1.300279e-01 -8.006990e-04 2.906278e-04
1.302988e-01 -6.086100e-04 2.971641e-04
1.305696e-01 -1.029259e-03 2.937333e-04
1.308404e-01 -7.181894e-04 2.950279e-04
1.311112e-01 -5.171988e-04 2.953796e-04
1.313820e-01 -8.690413e-04 2.912651e-04
1.316528e-01 -4.738402e-04 2.955525e-04
1.319236e-01 -1.967605e-04 2.951343e-04
1.321945e-01 -1.046602e-04 2.935669e-04
1.324653e-01 -1.060059e-03 2.889661e-04
1.327361e-01 -8.714907e-04 2.933325e-04
1.330069e-01 -1.200730e-03 2.947441e-04
1.332777e-01 -4.941970e-05 2.934259e-04
1.335485e-01 -9.430796e-04 2.889537e-04
1.338193e-01 -5.224310e-04 2.932930e-04
1.340902e-01 -5.980302e-04 2.876360e-04
1.343610e-01 -2.292097e-04 2.943033e-04
1.346318e-01 -1.076819e-03 2.922146e-04
1.349026e-01 -5.821697e-04 2.906254e-04
1.351734e-01 -3.315303e-04 2.933351e-04
1.354442e-01 -5.206689e-04 2.916564e-04
1.357151e-01 -1.354888e-04 2.917574e-04
1.359859e-01 -1.133921e-03 2.890479e-04
1.362567e-01 -3.428701e-04 2.909672e-04
1.365275e-01 -6.822310e-04 2.910798e-04
1.367983e-01 -1.059350e-03 2.841614e-04
1.370691e-01 -4.828610e-04 2.901325e-04
1.373399e-01 -1.262011e-03 2.948005e-04
1.376107e-01 -7.229093e-04 2.973867e-04
1.378816e-01 -1.011560e-03 2.982810e-04
1.381524e-01 -8.056089e-04 2.990542e-04
1.384232e-01 -5.992185e-04 3.060570e-04
1.386940e-01 -7.809401e-04 3.044145e-04
1.389648e-01 -7.544290e-04 3.034575e-04
1.392356e-01 -3.223307e-04 3.105773e-04
1.395064e-01 -8.103214e-04 3.066901e-04
1.397773e-01 -6.874800e-04 3.109525e-04
1.400481e-01 -1.074350e-03 3.092068e-04
1.403189e-01 -7.956102e-04 3.167124e-04
1.405897e-01 -9.671301e-04 3.095230e-04
1.408605e-01 -8.453913e-04 3.128144e-04
1.411313e-01 -1.201719e-03 3.154575e-04
1.414021e-01 -3.874209e-04 3.162708e-04
1.416730e-01 -3.733691e-04 3.246168e-04
1.419438e-01 -1.141801e-04 3.206320e-04
1.422146e-01 -1.186049e-03 3.181453e-04
1.424854e-01 -9.178799e-04 3.173258e-04
1.427562e-01 -9.938385e-04 3.144268e-04
1.430270e-01 -8.585788e-04 3.164840e-04
1.432979e-01 -1.216618e-03 3.159991e-04
1.435687e-01 -4.750900e-04 3.251784e-04
1.438395e-01 -7.649809e-04 3.242882e-04
1.441103e-01 -7.856693e-04 3.236408e-04
1.443811e-01 -7.946100e-04 3.242459e-04
1.446519e-01 -5.217902e-04 3.230397e-04
1.449227e-01 -9.060185e-04 3.286193e-04
1.451935e-01 -1.015009e-03 3.230383e-04
1.454644e-01 -3.881902e-04 3.277013e-04
1.457352e-01 -1.310909e-03 3.290039e-04
1.460060e-01 -6.474406e-04 3.242535e-04
1.462768e-01 -3.297292e-04 3.365359e-04
1.465476e-01 -5.464796e-04 3.284478e-04
1.468184e-01 -5.153697e-04 3.359624e-04
1.470892e-01 -5.106106e-04 3.299931e-04
1.473601e-01 -1.020560e-03 3.296841e-04
1.476309e-01 -3.979914e-04 3.356177e-04
1.479017e-01 -6.398614e-04 3.300287e-04
1.481725e-01 -1.053931e-03 3.307812e-04
1.484433e-01 -1.017001e-03 3.278111e-04
1.487141e-01 -3.074408e-04 3.354380e-04
1.489850e-01 -5.000699e-04 3.328813e-04
1.492558e-01 -1.836196e-04 3.315735e-04
1.495266e-01 -7.041004e-04 3.354434e-04
1.497974e-01 -8.293502e-04 3.294163e-04
1.500682e-01 -7.617604e-04 3.267974e-04
1.503390e-01 -8.635595e-04 3.301936e-04
1.506098e-01 -1.260040e-03 3.275614e-04
1.508806e-01 -2.014209e-04 3.299726e-04
1.511515e-01 -1.069000e-03 3.300392e-04
1.514223e-01 -1.018040e-03 3.300690e-04
1.516931e-01 -5.430114e-04 3.289656e-04
1.519639e-01 -1.059311e-03 3.306512e-04
1.522347e-01 -8.812901e-04 3.288253e-04
1.525055e-01 -7.015001e-04 3.327623e-04
1.527763e-01 -4.274417e-04 3.333667e-04
1.530472e-01 -1.202231e-03 3.291170e-04
1.533180e-01 -6.433688e-04 3.318203e-04
1.535888e-01 -1.891907e-04 3.333302e-04
1.538596e-01 -5.896706e-04 3.286804e-04
1.541304e-01 -5.391203e-04 3.328036e-04
1.544012e-01 -1.605440e-03 3.265339e-04
1.546721e-01 -9.030700e-04 3.319721e-04
1.549429e-01 -1.392771e-03 3.353542e-04
1.552137e-01 -9.275414e-04 3.300837e-04
1.554845e-01 -5.911998e-04 3.339016e-04
1.557553e-01 -7.874407e-04 3.312286e-04
1.560261e-01 -5.154088e-04 3.322894e-04
1.562969e-01 -9.585191e-04 3.304231e-04
1.565678e-01 -1.021910e-03 3.337698e-04
1.568386e-01 -1.119111e-03 3.364422e-04
1.571094e-01 -4.560892e-04 3.342964e-04
1.573802e-01 -1.369420e-03 3.306044e-04
1.576510e-01 -5.419813e-04 3.336335e-04
1.579218e-01 -1.343330e-03 3.281234e-04
1.581926e-01 -8.188188e-04 3.314334e-04
1.584634e-01 -6.656591e-04 3.290955e-04
1.587343e-01 -9.781905e-04 3.337442e-04
1.590051e-01 -3.648512e-04 3.299391e-04
1.592759e-01 -3.422014e-04 3.338048e-04
1.595467e-01 -8.146800e-04 3.304652e-04
1.598175e-01 -8.834805e-04 3.280738e-04
1.600883e-01 -7.505286e-04 3.317136e-04
1.603591e-01 -5.686898e-04 3.283185e-04
1.606300e-01 -9.333901e-04 3.314407e-04
1.609008e-01 -7.228702e-04 3.295288e-04
1.611716e-01 -6.552096e-04 3.330045e-04
1.614424e-01 -9.508114e-04 3.235563e-04
1.617132e-01 -1.182320e-03 3.284462e-04
1.619840e-01 -5.741604e-04 3.258831e-04
1.622549e-01 -8.868296e-04 3.310474e-04
1.625257e-01 -9.548813e-04 3.326398e-04
1.627965e-01 -7.423609e-04 3.304871e-04
1.630673e-01 -5.126391e-04 3.286386e-04
1.633381e-01 -3.091693e-04 3.294298e-04
1.636089e-01 -1.146279e-03 3.273740e-04
1.638797e-01 -6.907098e-04 3.297120e-04
1.641506e-01 -7.315911e-04 3.278290e-04
1.644214e-01 -3.892593e-04 3.296940e-04
1.646922e-01 -1.366230e-03 3.280395e-04
1.649630e-01 -1.163069e-03 3.282057e-04
1.652338e-01 -8.109696e-04 3.306363e-04
1.655046e-01 -4.079808e-04 3.316824e-04
1.657754e-01 -7.596053e-05 3.298046e-04
1.660462e-01 -5.985294e-04 3.277547e-04
1.663171e-01 -5.318485e-04 3.338968e-04
1.665879e-01 -9.709690e-04 3.299700e-04
1.668587e-01 -4.743095e-04 3.337054e-04
1.671295e-01 -9.473599e-04 3.291486e-04
1.674003e-01 -1.030210e-03 3.332810e-04
1.676711e-01 -6.705001e-04 3.374624e-04
1.679420e-01 -3.882907e-04 3.482181e-04
1.682128e-01 -9.834506e-04 3.496249e-04
1.684836e-01 -3.802106e-04 3.585024e-04
1.687544e-01 -1.136310e-03 3.579125e-04
1.690252e-01 -7.081106e-04 3.620840e-04
1.692960e-01 -7.293597e-04 3.596698e-04
1.695668e-01 -9.817798e-04 3.662585e-04
1.698377e-01 -1.428520e-03 3.706224e-04
1.701085e-01 -1.352530e-03 3.705534e-04
1.703793e-01 -2.890192e-04 3.732824e-04
1.706501e-01 -1.017390e-03 3.755854e-04
1.709209e-01 -6.462503e-04 3.788335e-04
1.711917e-01 -8.672513e-04 3.767452e-04
1.714625e-01 -3.477931e-05 3.848267e-04
1.717333e-01 -2.184901e-04 3.944173e-04
1.720042e-01 -5.565602e-04 3.902735e-04
1.722750e-01 -6.033592e-04 3.903051e-04
1.725458e-01 -5.119815e-04 3.947737e-04
1.728166e-01 -6.809514e-04 4.002881e-04
1.730874e-01 -5.269013e-04 3.990002e-04
1.733582e-01 -1.094192e-04 4.069218e-04
1.736291e-01 -4.590191e-04 4.055488e-04
1.738999e-01 -1.555771e-03 3.979414e-04
1.741707e-01 -1.115810e-03 4.133441e-04
1.744415e-01 7.242188e-04 4.236862e-04
1.747123e-01 -1.297971e-03 4.129393e-04
1.749831e-01 -1.746193e-04 4.016569e-04
1.752539e-01 -1.231009e-03 3.897985e-04
1.755248e-01 -3.161207e-04 3.940977e-04
1.757956e-01 -1.369150e-03 3.816854e-04
1.760664e-01 -2.393592e-04 3.849295e-04
1.763372e-01 -8.680597e-04 3.821731e-04
1.766080e-01 -5.500317e-04 3.833792e-04
1.768788e-01 -9.581000e-04 3.798195e-04
1.771496e-01 -1.215801e-03 3.729211e-04
1.774205e-01 -1.513492e-04 3.766146e-04
1.776913e-01 -4.635789e-04 3.767575e-04
1.779621e-01 -1.109710e-03 3.717424e-04
1.782329e-01 -7.772092e-04 3.785685e-04
1.785037e-01 -1.245650e-03 3.671483e-04
1.787745e-01 2.779998e-05 3.765543e-04
1.790453e-01 -4.218686e-04 3.709001e-04
1.793161e-01 -5.288590e-04 3.740143e-04
1.795870e-01 -6.928314e-04 3.656975e-04
1.798578e-01 -1.117591e-03 3.605284e-04
1.801286e-01 -1.656311e-03 3.675400e-04
1.803994e-01 6.504916e-05 3.608559e-04
1.806702e-01 -9.843111e-04 3.606156e-04
1.809410e-01 -1.042491e-03 3.645591e-04
1.812119e-01 -7.103700e-04 3.617898e-04
1.814827e-01 -7.459614e-04 3.615794e-04
1.817535e-01 1.851097e-05 3.615186e-04
1.820243e-01 -8.180998e-04 3.600322e-04
1.822951e-01 -4.542898e-04 3.604834e-04
1.825659e-01 -5.216394e-04 3.556741e-04
1.828367e-01 6.014109e-05 3.634853e-04
1.831076e-01 -8.680504e-04 3.531501e-04
1.833784e-01 -1.016071e-03 3.624035e-04
1.836492e-01 -4.552603e-04 3.565550e-04
1.839200e-01 -7.092692e-04 3.580845e-04
1.841908e-01 -8.149501e-04 3.592395e-04
1.844616e-01 -5.226005e-04 3.588210e-04
1.847324e-01 -3.018100e-04 3.654311e-04
1.850033e-01 -9.239092e-04 3.544713e-04
1.852741e-01 -1.484491e-04 3.606265e-04
1.855449e-01 -1.074450e-03 3.555770e-04
1.858157e-01 -8.991398e-04 3.600044e-04
1.860865e-01 -8.471608e-04 3.617529e-04
1.863573e-01 -8.656401e-04 3.537741e-04
1.866281e-01 -5.018692e-04 3.564924e-04
1.868990e-01 8.549541e-06 3.562113e-04
1.871698e-01 -4.011020e-05 3.649458e-04
1.874406e-01 -4.297011e-04 3.559156e-04
1.877114e-01 -6.840993e-04 3.486465e-04
1.879822e-01 -1.274629e-03 3.542158e-04
1.882530e-01 -6.281193e-04 3.542840e-04
1.885238e-01 -7.651187e-04 3.561298e-04
1.887947e-01 -7.043891e-04 3.559508e-04
1.890655e-01 -9.774808e-04 3.530347e-04
1.893363e-01 6.963126e-05 3.568000e-04
1.896071e-01 -6.082207e-04 3.546674e-04
1.898779e-01 -1.260640e-03 3.534463e-04
1.901487e-01 -3.036298e-04 3.544697e-04
1.904195e-01 -6.883610e-04 3.585444e-04
1.906904e-01 -1.421701e-04 3.586996e-04
1.909612e-01 -3.323611e-04 3.554929e-04
1.912320e-01 -3.236905e-05 3.618716e-04
1.915028e-01 -4.953798e-04 3.528412e-04
1.917736e-01 -2.631694e-04 3.585478e-04
1.920444e-01 -4.313607e-04 3.562416e-04
1.923153e-01 -2.288911e-04 3.586830e-04
1.925861e-01 -8.020997e-04 3.568762e-04
1.928569e-01 -1.497101e-04 3.546214e-04
1.931277e-01 -5.482603e-04 3.502273e-04
1.933985e-01 -7.157903e-04 3.548162e-04
1.936693e-01 -1.059491e-04 3.564423e-04
1.939401e-01 -1.488067e-05 3.573443e-04
1.942109e-01 -6.432794e-04 3.567349e-04
1.944818e-01 -9.258911e-04 3.510460e-04
1.947526e-01 -6.777700e-04 3.511926e-04
1.950234e-01 -4.077088e-04 3.487397e-04
1.952942e-01 -2.677999e-04 3.552413e-04
1.955650e-01 -7.396806e-04 3.523999e-04
1.958358e-01 -7.850099e-04 3.565218e-04
1.961066e-01 -6.975010e-04 3.525406e-04
1.963775e-01 -2.851207e-04 3.522721e-04
1.966483e-01 -5.345400e-04 3.540220e-04
1.969191e-01 -8.747000e-04 3.482699e-04
1.971899e-01 -7.559285e-04 3.523537e-04
1.974607e-01 -3.496502e-04 3.532130e-04
1.977315e-01 -6.355289e-04 3.490183e-04
1.980023e-01 -7.904097e-04 3.536523e-04
1.982732e-01 -6.314814e-04 3.538209e-04
1.985440e-01 -2.362411e-04 3.529668e-04
1.988148e-01 -1.308788e-04 3.501512e-04
1.990856e-01 -7.739905e-04 3.509049e-04
1.993564e-01 -5.582515e-04 3.527970e-04
1.996272e-01 -4.318301e-04 3.614238e-04
1.998980e-01 -8.218084e-04 3.533967e-04
2.001689e-01 -3.942102e-04 3.458604e-04
2.004397e-01 -2.905093e-04 3.500480e-04
2.007105e-01 -1.107210e-03 3.501378e-04
2.009813e-01 -4.672203e-04 3.489335e-04
2.012521e-01 -1.683198e-04 3.481512e-04
2.015229e-01 -6.177295e-04 3.459819e-04
2.017937e-01 -6.425399e-04 3.518673e-04
2.020646e-01 -8.082390e-04 3.489223e-04
2.023354e-01 -4.461035e-05 3.475938e-04
2.026062e-01 -3.013797e-04 3.460583e-04
2.028770e-01 -4.370604e-04 3.535365e-04
2.031478e-01 -6.933007e-04 3.495450e-04
2.034186e-01 -6.371289e-04 3.467259e-04
2.036894e-01 -5.249400e-04 3.439381e-04
2.039603e-01 -6.742515e-04 3.493979e-04
2.042311e-01 -3.892295e-04 3.474412e-04
2.045019e-01 -2.258494e-04 3.446169e-04
2.047727e-01 -5.413797e-04 3.437395e-04
2.050435e-01 -1.853500e-04 3.432280e-04
2.053143e-01 -9.023286e-04 3.465460e-04
2.055852e-01 -7.844605e-04 3.426678e-04
2.058560e-01 -7.295199e-04 3.396484e-04
2.061268e-01 4.268605e-04 3.471802e-04
2.063976e-01 -1.424041e-03 3.413777e-04
2.066684e-01 -1.011930e-03 3.397850e-04
2.069392e-01 -2.495106e-04 3.432003e-04
2.072100e-01 -5.226806e-04 3.424254e-04
2.074808e-01 -4.220940e-05 3.428138e-04
2.077517e-01 -5.017966e-05 3.402251e-04
2.080225e-01 -3.570486e-04 3.432545e-04
2.082933e-01 -1.188150e-03 3.406525e-04
2.085641e-01 -3.820993e-04 3.422553e-04
2.088349e-01 -5.801599e-04 3.408802e-04
2.091057e-01 -9.100307e-04 3.448072e-04
2.093765e-01 -4.536603e-04 3.396051e-04
2.096474e-01 -6.414000e-04 3.417781e-04
2.099182e-01 -1.350500e-03 3.392553e-04
2.101890e-01 -1.265779e-03 3.357150e-04
2.104598e-01 -2.993904e-04 3.439722e-04
2.107306e-01 -6.643999e-04 3.381455e-04
2.110014e-01 -6.847288e-04 3.425811e-04
2.112723e-01 -3.449190e-04 3.394510e-04
2.115431e-01 -7.460602e-04 3.406274e-04
2.118139e-01 -5.587004e-04 3.421862e-04
2.120847e-01 -3.637504e-04 3.450685e-04
2.123555e-01 -9.144191e-04 3.428618e-04
2.126263e-01 -3.503393e-04 3.432956e-04
2.128971e-01 -1.616590e-04 3.466176e-04
2.131680e-01 -6.620996e-04 3.421600e-04
2.134388e-01 -2.532415e-04 3.400727e-04
2.137096e-01 -4.530586e-04 3.380159e-04
2.139804e-01 -8.019991e-05 3.461633e-04
2.142512e-01 -8.124411e-04 3.394860e-04
2.145220e-01 -1.176912e-04 3.435586e-04
2.147928e-01 3.835000e-05 3.421472e-04
2.150636e-01 -2.140906e-04 3.430821e-04
2.153345e-01 -4.104991e-04 3.464376e-04
2.156053e-01 -8.212291e-04 3.394663e-04
2.158761e-01 -6.483402e-04 3.412355e-04
2.161469e-01 -1.517404e-04 3.421328e-04
2.164177e-01 -5.479306e-04 3.454566e-04
2.166885e-01 -2.366006e-04 3.471101e-04
2.169593e-01 -2.240017e-04 3.430555e-04
2.172302e-01 -9.151902e-04 3.404148e-04
2.175010e-01 -9.586308e-04 3.397063e-04
2.177718e-01 -1.587020e-03 3.373475e-04
2.180426e-01 -2.175700e-04 3.447531e-04
2.183134e-01 -5.600005e-04 3.391175e-04
2.185842e-01 -7.978696e-04 3.377100e-04
2.188551e-01 -2.267025e-05 3.414115e-04
2.191259e-01 -5.213916e-04 3.428879e-04
2.193967e-01 -3.678109e-04 3.439644e-04
2.196675e-01 -6.591808e-04 3.362373e-04
2.199383e-01 -8.415692e-04 3.373424e-04
2.202091e-01 -5.835090e-04 3.376417e-04
2.204799e-01 -5.542301e-04 3.349418e-04
2.207507e-01 4.234910e-05 3.402858e-04
2.210216e-01 -7.823408e-04 3.398836e-04
2.212924e-01 -1.262451e-03 3.366366e-04
2.215632e-01 -9.670500e-04 3.372019e-04
2.218340e-01 -2.876706e-04 3.411045e-04
2.221048e-01 -6.091204e-04 3.370028e-04
2.223756e-01 -1.032939e-03 3.330614e-04
2.226464e-01 -2.370998e-04 3.354916e-04
2.229173e-01 -9.393208e-04 3.354768e-04
2.231881e-01 -8.472595e-04 3.316493e-04
2.234589e-01 -7.774401e-04 3.355252e-04
2.237297e-01 -8.771997e-04 3.324193e-04
2.240005e-01 -6.504599e-04 3.341825e-04
2.242713e-01 -1.131639e-03 3.342013e-04
2.245422e-01 -3.264602e-04 3.398708e-04
2.248130e-01 -1.170240e-03 3.343853e-04
2.250838e-01 -1.276320e-03 3.295121e-04
2.253546e-01 -4.693698e-04 3.315635e-04
2.256254e-01 -8.548591e-04 3.332911e-04
2.258962e-01 -4.188009e-04 3.348228e-04
2.261670e-01 -1.013801e-03 3.485710e-04
2.264379e-01 -1.508979e-03 3.564692e-04
2.267087e-01 -1.027860e-03 3.599932e-04
2.269795e-01 -1.141811e-03 3.631053e-04
2.272503e-01 -9.156596e-04 3.627643e-04
2.275211e-01 -1.451820e-03 3.719935e-04
2.277919e-01 -1.184100e-03 3.785050e-04
2.280627e-01 -3.670696e-04 3.832402e-04
2.283335e-01 -1.470990e-03 3.862512e-04
2.286044e-01 -1.401288e-03 3.852061e-04
2.288752e-01 -8.425601e-04 3.933516e-04
2.291460e-01 -1.354661e-03 3.880269e-04
2.294168e-01 -9.106696e-04 4.038455e-04
2.296876e-01 -4.115310e-04 4.044728e-04
2.299584e-01 -6.563999e-04 4.008880e-04
2.302293e-01 -1.213219e-03 4.067705e-04
2.305001e-01 -9.635296e-04 4.121594e-04
2.307709e-01 -9.216703e-04 4.101083e-04
2.310417e-01 -5.682614e-04 4.194659e-04
2.313125e-01 -7.548593e-04 4.285900e-04
2.315833e-01 -4.555807e-04 4.202782e-04
2.318541e-01 -1.603181e-03 4.267841e-04
2.321250e-01 -1.032570e-03 4.361784e-04
2.323958e-01 -9.570513e-04 4.426089e-04
2.326666e-01 3.111605e-04 4.390042e-04
2.329374e-01 -2.749208e-04 4.500811e-04
2.332082e-01 -2.823099e-04 4.384592e-04
2.334790e-01 -1.668571e-03 4.403467e-04
2.337498e-01 -1.303010e-03 4.505999e-04
2.340207e-01 -1.346249e-03 4.551332e-04
2.342915e-01 -1.761019e-03 4.496375e-04
2.345623e-01 -8.551888e-04 4.557513e-04
2.348331e-01 -5.237497e-04 4.732128e-04
2.351039e-01 -1.070220e-03 4.756616e-04
2.353747e-01 -9.809788e-04 4.722835e-04
2.356455e-01 -1.045290e-03 4.803721e-04
2.359163e-01 -3.750101e-04 4.850842e-04
2.361872e-01 -5.798396e-04 4.904099e-04
2.364580e-01 -3.870018e-05 4.854318e-04
2.367288e-01 -6.474592e-04 4.948277e-04
2.369996e-01 -1.708809e-04 4.982560e-04
2.372704e-01 -9.862296e-04 5.012897e-04
2.375412e-01 -1.564002e-03 5.048392e-04
2.378121e-01 -1.486991e-03 5.095121e-04
2.380829e-01 -8.137114e-04 5.069411e-04
2.383537e-01 -2.848897e-04 5.212603e-04
2.386245e-01 -1.473570e-03 5.335533e-04
2.388953e-01 -1.239879e-03 5.264021e-04
2.391661e-01 -4.196595e-04 5.501269e-04
2.394369e-01 -8.492991e-04 5.468727e-04
2.397078e-01 -6.034207e-04 5.407437e-04
2.399786e-01 -6.078798e-04 5.491983e-04
2.402494e-01 -9.863004e-04 5.527473e-04
2.405202e-01 -1.805549e-03 5.703327e-04
2.407910e-01 -1.201661e-03 5.691751e-04
2.410618e-01 -3.500301e-04 5.705474e-04
2.413326e-01 -1.976779e-03 5.692945e-04
2.416034e-01 -3.678109e-04 5.805351e-04
2.418743e-01 -2.134150e-03 5.851979e-04
2.421451e-01 -6.403606e-04 6.038920e-04
2.424159e-01 -3.203489e-04 6.102992e-04
2.426867e-01 -1.766060e-03 6.125079e-04
2.429575e-01 2.761502e-04 6.350123e-04
2.432283e-01 3.349110e-04 6.459382e-04
2.434992e-01 -8.219108e-04 6.329055e-04
2.437700e-01 -1.002649e-03 6.430205e-04
2.440408e-01 -2.060490e-03 6.381496e-04
2.443116e-01 -1.002459e-03 6.709317e-04
2.445824e-01 -1.227351e-03 6.582940e-04
2.448532e-01 -2.513980e-03 6.722478e-04
2.451240e-01 -7.069688e-04 6.916857e-04
2.453949e-01 -4.230291e-04 6.900110e-04
2.456657e-01 -1.580171e-03 7.189190e-04
2.459365e-01 -4.672501e-04 7.234939e-04
2.462073e-01 -8.826498e-04 7.357500e-04
2.464781e-01 7.671099e-04 7.623936e-04
2.467489e-01 -2.600199e-03 7.461334e-04
2.470197e-01 -1.733409e-03 7.536353e-04
2.472906e-01 -1.614770e-03 7.537023e-04
2.475614e-01 -6.663799e-04 7.930169e-04
2.478322e-01 -1.043851e-03 8.179860e-04
2.481030e-01 -1.025410e-03 7.934759e-04
2.483738e-01 -3.439095e-04 8.209912e-04
2.486446e-01 -9.131003e-04 8.635411e-04
2.489154e-01 -2.294790e-03 8.753408e-04
2.491863e-01 -1.027761e-03 8.295339e-04
2.494571e-01 -1.375590e-03 8.912446e-04
2.497279e-01 -1.323987e-04 9.000717e-04
2.499987e-01 -5.056392e-04 9.716445e-04
2.502695e-01 -1.614500e-03 9.343076e-04
2.505403e-01 -1.318472e-03 9.662110e-04
2.508111e-01 1.294501e-03 1.034471e-03
2.510819e-01 -1.561170e-03 1.045434e-03
2.513528e-01 -1.207910e-03 1.034712e-03
2.516236e-01 -6.539207e-04 1.081672e-03
2.518944e-01 -1.491930e-03 1.158425e-03
2.521652e-01 -3.937073e-05 1.278113e-03
2.524360e-01 -1.242630e-03 1.187780e-03
2.527068e-01 -2.128249e-03 1.185566e-03
2.529776e-01 6.862599e-04 1.295463e-03
2.532485e-01 -6.155502e-04 1.325394e-03
2.535193e-01 -1.289360e-03 1.204643e-03
2.537901e-01 -4.690997e-04 1.312013e-03
2.540609e-01 -1.651140e-03 1.335937e-03
2.543317e-01 1.411699e-03 1.431843e-03
2.546025e-01 3.469218e-03 1.524500e-03
2.548733e-01 -4.325001e-03 1.555440e-03
2.551441e-01 -3.593370e-03 1.547499e-03
2.554150e-01 -2.313590e-03 1.470319e-03
2.556858e-01 4.805289e-04 1.601926e-03
2.559566e-01 -7.841885e-04 1.897586e-03
2.562274e-01 -2.853200e-03 1.940697e-03
2.564982e-01 3.367402e-04 2.085793e-03
2.567690e-01 -3.234940e-03 2.423277e-03
2.570398e-01 -7.062890e-04 2.824861e-03
2.573107e-01 1.312310e-03 2.535107e-03
2.575815e-01 -6.249661e-03 3.566888e-03
2.578523e-01 -2.994230e-03 4.777064e-03
2.581231e-01 -6.480120e-03 5.700093e-03
