3.286826e-03 3.060727e+00 0.000000e+00
3.557641e-03 3.952440e+00 1.230321e-01
3.828455e-03 3.678170e+00 7.158289e-02
4.099269e-03 3.432314e+00 5.285196e-02
4.370084e-03 3.195671e+00 4.018161e-02
4.640898e-03 3.025922e+00 3.010280e-02
4.911712e-03 2.862241e+00 2.580148e-02
5.182527e-03 2.705826e+00 2.035157e-02
5.453341e-03 2.608098e+00 1.809539e-02
5.724155e-03 2.542996e+00 1.479820e-02
5.994970e-03 2.436587e+00 1.347152e-02
6.265784e-03 2.378289e+00 1.173799e-02
6.536598e-03 2.323528e+00 1.022634e-02
6.807412e-03 2.255507e+00 9.488709e-03
7.078227e-03 2.199298e+00 8.572565e-03
7.349041e-03 2.149189e+00 7.718266e-03
7.619855e-03 2.104311e+00 7.266714e-03
7.890671e-03 2.055362e+00 6.563296e-03
8.161485e-03 2.001892e+00 6.748109e-03
8.432299e-03 1.950569e+00 5.921824e-03
8.703114e-03 1.905626e+00 5.805407e-03
8.973928e-03 1.853163e+00 5.725326e-03
9.244742e-03 1.802732e+00 5.450729e-03
9.515557e-03 1.735803e+00 5.091519e-03
9.786371e-03 1.668287e+00 4.967319e-03
1.005718e-02 1.600469e+00 4.900969e-03
1.032800e-02 1.526517e+00 4.571654e-03
1.059881e-02 1.462576e+00 4.357450e-03
1.086963e-02 1.371349e+00 4.290883e-03
1.114044e-02 1.287225e+00 4.230528e-03
1.141126e-02 1.216888e+00 3.903847e-03
1.168207e-02 1.127839e+00 3.817869e-03
1.195289e-02 1.047763e+00 3.566375e-03
1.222370e-02 9.662496e-01 3.326895e-03
1.249451e-02 8.943403e-01 3.237064e-03
1.276533e-02 8.198887e-01 3.081066e-03
1.303614e-02 7.493287e-01 2.721524e-03
1.330696e-02 6.905171e-01 2.675515e-03
1.357777e-02 6.241762e-01 2.496390e-03
1.384859e-02 5.679208e-01 2.381163e-03
1.411940e-02 5.204613e-01 2.208662e-03
1.439021e-02 4.729108e-01 2.112077e-03
1.466103e-02 4.299715e-01 1.919938e-03
1.493184e-02 3.851844e-01 1.882971e-03
1.520266e-02 3.513485e-01 1.739192e-03
1.547347e-02 3.153050e-01 1.636912e-03
1.574429e-02 2.878818e-01 1.559499e-03
1.601510e-02 2.604641e-01 1.468398e-03
1.628591e-02 2.340242e-01 1.384103e-03
1.655673e-02 2.103373e-01 1.334631e-03
1.682754e-02 1.911556e-01 1.283482e-03
1.709836e-02 1.731642e-01 1.223469e-03
1.736917e-02 1.564729e-01 1.176545e-03
1.763999e-02 1.411224e-01 1.117059e-03
1.791080e-02 1.256905e-01 1.055103e-03
1.818161e-02 1.149259e-01 1.015881e-03
1.845243e-02 1.036631e-01 1.023519e-03
1.872324e-02 8.978425e-02 9.399686e-04
1.899406e-02 8.174610e-02 9.160762e-04
1.926487e-02 7.441884e-02 8.887669e-04
1.953569e-02 6.764377e-02 8.569079e-04
1.980650e-02 5.881106e-02 8.231719e-04
2.007731e-02 5.469697e-02 8.046043e-04
2.034813e-02 5.102730e-02 7.937408e-04
2.061894e-02 4.358076e-02 7.591675e-04
2.088976e-02 4.082733e-02 7.327267e-04
2.116057e-02 3.696097e-02 7.092861e-04
2.143139e-02 3.369696e-02 7.070315e-04
2.170220e-02 3.224578e-02 7.028444e-04
2.197302e-02 2.969872e-02 6.815121e-04
2.224383e-02 2.579264e-02 6.566434e-04
2.251465e-02 2.418097e-02 6.461686e-04
2.278546e-02 2.370327e-02 6.200765e-04
2.305627e-02 2.346006e-02 6.255133e-04
2.332709e-02 2.246344e-02 6.064716e-04
2.359790e-02 2.218716e-02 5.912923e-04
2.386872e-02 1.978693e-02 5.848100e-04
2.413953e-02 1.865698e-02 5.702321e-04
2.441034e-02 1.927760e-02 5.637128e-04
2.468116e-02 1.890954e-02 5.682716e-04
2.495197e-02 1.950113e-02 5.493450e-04
2.522279e-02 1.902603e-02 5.480632e-04
2.549360e-02 1.942762e-02 5.419653e-04
2.576442e-02 1.941280e-02 5.373683e-04
2.603523e-02 1.943242e-02 5.364674e-04
2.630604e-02 1.944071e-02 5.235984e-04
2.657686e-02 1.836427e-02 5.327516e-04
2.684767e-02 1.912571e-02 5.129292e-04
2.711849e-02 1.899566e-02 5.050437e-04
2.738930e-02 1.777876e-02 5.013069e-04
2.766012e-02 1.798341e-02 4.966756e-04
2.793093e-02 1.837594e-02 4.886782e-04
2.820175e-02 1.747504e-02 4.805072e-04
2.847256e-02 1.786047e-02 4.842065e-04
2.874337e-02 1.627353e-02 4.766569e-04
2.901419e-02 1.662912e-02 4.674695e-04
2.928500e-02 1.778502e-02 4.665239e-04
2.955582e-02 1.569520e-02 4.585433e-04
2.982663e-02 1.618079e-02 4.579025e-04
3.009745e-02 1.649472e-02 4.566422e-04
3.036826e-02 1.599018e-02 4.496853e-04
3.063907e-02 1.571533e-02 4.458820e-04
3.090989e-02 1.433347e-02 4.409206e-04
3.118070e-02 1.471357e-02 4.466033e-04
3.145152e-02 1.478331e-02 4.372115e-04
3.172233e-02 1.290599e-02 4.307532e-04
3.199315e-02 1.359191e-02 4.282619e-04
3.226396e-02 1.302086e-02 4.286274e-04
3.253478e-02 1.258723e-02 4.167945e-04
3.280559e-02 1.167638e-02 4.169750e-04
3.307641e-02 1.212605e-02 4.106947e-04
3.334722e-02 1.169052e-02 4.087691e-04
3.361803e-02 9.865340e-03 4.062277e-04
3.388885e-02 1.067159e-02 3.989524e-04
3.415966e-02 1.056924e-02 4.002854e-04
3.443048e-02 9.542521e-03 3.932688e-04
3.470129e-02 8.803368e-03 3.884604e-04
3.497211e-02 8.905828e-03 3.933357e-04
3.524292e-02 8.624647e-03 3.862966e-04
3.551374e-02 8.448441e-03 3.868253e-04
3.578455e-02 8.850090e-03 3.827198e-04
3.605536e-02 8.148480e-03 3.781181e-04
3.632618e-02 8.249920e-03 3.803551e-04
3.659699e-02 7.020149e-03 3.702471e-04
3.686780e-02 7.334251e-03 3.706433e-04
3.713862e-02 6.536350e-03 3.676115e-04
3.740944e-02 7.780980e-03 3.623428e-04
3.768025e-02 7.365029e-03 3.624356e-04
3.795106e-02 6.381210e-03 3.568643e-04
3.822188e-02 6.942052e-03 3.589770e-04
3.849269e-02 6.179187e-03 3.537816e-04
3.876351e-02 5.836569e-03 3.537442e-04
3.903432e-02 6.007101e-03 3.498034e-04
3.930514e-02 5.413931e-03 3.474925e-04
3.957595e-02 5.000431e-03 3.444671e-04
3.984676e-02 5.688760e-03 3.405940e-04
4.011758e-02 4.737530e-03 3.386211e-04
4.038839e-02 4.920103e-03 3.411783e-04
4.065921e-02 4.901581e-03 3.349758e-04
4.093002e-02 5.059648e-03 3.379514e-04
4.120084e-02 5.309202e-03 3.380586e-04
4.147165e-02 5.099613e-03 3.354678e-04
4.174246e-02 4.753560e-03 3.326378e-04
4.201328e-02 4.802242e-03 3.301511e-04
4.228409e-02 4.680537e-03 3.290204e-04
4.255491e-02 4.587870e-03 3.276587e-04
4.282572e-02 4.766691e-03 3.275682e-04
4.309653e-02 4.518930e-03 3.244870e-04
4.336735e-02 4.278580e-03 3.220476e-04
4.363817e-02 4.376210e-03 3.226623e-04
4.390898e-02 4.405901e-03 3.227068e-04
4.417979e-02 3.530052e-03 3.177297e-04
4.445061e-02 3.905918e-03 3.176571e-04
4.472142e-02 3.681377e-03 3.110017e-04
4.499224e-02 3.277238e-03 3.159433e-04
4.526305e-02 3.689600e-03 3.143408e-04
4.553387e-02 4.179217e-03 3.121274e-04
4.580468e-02 3.733728e-03 3.064802e-04
4.607549e-02 3.568012e-03 3.100057e-04
4.634631e-02 4.056681e-03 3.081597e-04
4.661712e-02 3.152881e-03 3.064617e-04
4.688794e-02 3.339373e-03 3.057508e-04
4.715875e-02 3.547071e-03 3.037520e-04
4.742957e-02 3.078479e-03 2.985480e-04
4.770038e-02 3.322089e-03 3.007785e-04
4.797119e-02 3.513401e-03 2.975476e-04
4.824201e-02 3.787471e-03 3.000700e-04
4.851282e-02 3.328521e-03 2.999341e-04
4.878364e-02 3.178170e-03 2.976329e-04
4.905445e-02 3.210641e-03 2.969893e-04
4.932526e-02 3.288070e-03 2.935070e-04
4.959608e-02 2.934350e-03 2.923311e-04
4.986690e-02 3.085811e-03 2.912642e-04
5.013771e-02 3.276348e-03 2.923517e-04
5.040852e-02 4.230209e-03 2.915878e-04
5.067934e-02 2.991591e-03 2.924844e-04
5.095015e-02 2.968419e-03 2.878111e-04
5.122096e-02 2.854049e-03 2.904729e-04
5.149178e-02 2.895541e-03 2.866616e-04
5.176260e-02 2.351439e-03 2.839044e-04
5.203341e-02 2.807742e-03 2.872476e-04
5.230422e-02 3.298629e-03 2.828242e-04
5.257504e-02 2.072820e-03 2.807751e-04
5.284585e-02 2.501169e-03 2.825814e-04
5.311667e-02 2.581839e-03 2.813567e-04
5.338748e-02 2.947839e-03 2.881165e-04
5.365830e-02 2.389811e-03 2.824931e-04
5.392911e-02 2.845140e-03 2.850290e-04
5.419992e-02 2.211411e-03 2.848258e-04
5.447074e-02 2.757840e-03 2.836837e-04
5.474155e-02 2.635911e-03 2.908971e-04
5.501237e-02 2.808759e-03 2.919064e-04
5.528318e-02 2.271689e-03 2.960676e-04
5.555400e-02 2.291510e-03 2.963289e-04
5.582481e-02 1.844201e-03 2.943667e-04
5.609563e-02 2.512271e-03 3.000732e-04
5.636644e-02 2.225799e-03 2.996624e-04
5.663725e-02 2.260260e-03 3.035478e-04
5.690807e-02 2.489980e-03 3.067266e-04
5.717888e-02 1.756109e-03 3.005603e-04
5.744969e-02 2.845580e-03 3.044542e-04
5.772051e-02 2.509210e-03 3.029607e-04
5.799133e-02 2.383240e-03 2.990300e-04
5.826214e-02 1.927052e-03 3.057223e-04
5.853295e-02 1.792369e-03 3.059270e-04
5.880377e-02 2.199370e-03 3.048282e-04
5.907458e-02 2.189571e-03 3.013871e-04
5.934540e-02 2.096241e-03 3.048049e-04
5.961621e-02 2.003090e-03 3.060402e-04
5.988703e-02 2.166361e-03 3.059239e-04
6.015784e-02 2.309240e-03 3.089012e-04
6.042865e-02 2.014000e-03 3.066349e-04
6.069947e-02 2.223831e-03 3.017623e-04
6.097028e-02 1.366060e-03 2.998788e-04
6.124110e-02 1.502901e-03 2.960043e-04
6.151191e-02 1.959570e-03 2.963716e-04
6.178273e-02 1.174960e-03 2.971457e-04
6.205354e-02 1.710460e-03 2.922956e-04
6.232436e-02 1.455769e-03 2.927219e-04
6.259517e-02 1.827771e-03 2.930088e-04
6.286598e-02 1.767691e-03 2.880158e-04
6.313679e-02 1.431402e-03 2.913218e-04
6.340761e-02 1.556212e-03 2.892302e-04
6.367842e-02 1.534600e-03 2.851568e-04
6.394923e-02 1.448952e-03 2.862361e-04
6.422005e-02 2.289299e-03 2.893631e-04
6.449086e-02 1.990018e-03 2.903073e-04
6.476168e-02 1.439661e-03 2.840098e-04
6.503250e-02 1.510561e-03 2.867449e-04
6.530331e-02 1.742870e-03 2.852585e-04
6.557412e-02 1.991199e-03 2.854034e-04
6.584494e-02 1.284821e-03 2.821702e-04
6.611575e-02 1.756389e-03 2.859173e-04
6.638657e-02 1.538850e-03 2.862228e-04
6.665738e-02 1.660530e-03 2.837780e-04
6.692819e-02 1.747021e-03 2.847517e-04
6.719901e-02 1.884650e-03 2.831533e-04
6.746982e-02 1.184471e-03 2.810327e-04
6.774063e-02 1.237111e-03 2.816938e-04
6.801146e-02 1.346860e-03 2.809302e-04
6.828227e-02 1.159800e-03 2.811303e-04
6.855308e-02 2.064692e-03 2.825419e-04
6.882390e-02 1.773559e-03 2.820992e-04
6.909471e-02 1.250600e-03 2.767030e-04
6.936552e-02 1.339681e-03 2.798844e-04
6.963634e-02 1.606150e-03 2.792940e-04
6.990715e-02 1.179501e-03 2.810172e-04
7.017796e-02 1.760690e-03 2.737109e-04
7.044878e-02 1.666170e-03 2.793992e-04
7.071959e-02 2.002480e-03 2.750202e-04
7.099041e-02 1.505120e-03 2.757534e-04
7.126123e-02 1.134820e-03 2.756001e-04
7.153204e-02 1.106590e-03 2.753086e-04
7.180285e-02 1.193369e-03 2.725914e-04
7.207367e-02 1.918569e-03 2.719831e-04
7.234448e-02 1.048351e-03 2.723537e-04
7.261530e-02 1.292732e-03 2.727122e-04
7.288611e-02 1.383070e-03 2.735757e-04
7.315692e-02 1.486709e-03 2.748902e-04
7.342774e-02 1.701809e-03 2.713219e-04
7.369855e-02 1.874879e-03 2.713322e-04
7.396936e-02 1.448439e-03 2.711294e-04
7.424019e-02 1.434699e-03 2.725922e-04
7.451100e-02 1.749018e-03 2.706347e-04
7.478181e-02 1.648311e-03 2.675836e-04
7.505263e-02 1.454141e-03 2.672847e-04
7.532344e-02 1.803249e-03 2.691017e-04
7.559425e-02 1.052009e-03 2.680062e-04
7.586507e-02 1.056900e-03 2.702890e-04
7.613588e-02 8.787792e-04 2.660508e-04
7.640669e-02 1.562769e-03 2.672893e-04
7.667751e-02 1.086209e-03 2.676230e-04
7.694832e-02 1.684871e-03 2.676980e-04
7.721914e-02 1.323760e-03 2.676592e-04
7.748996e-02 1.559209e-03 2.666291e-04
7.776077e-02 1.286440e-03 2.631045e-04
7.803158e-02 1.418920e-03 2.675499e-04
7.830240e-02 1.644891e-03 2.638007e-04
7.857321e-02 1.272321e-03 2.645907e-04
7.884403e-02 8.426812e-04 2.629130e-04
7.911484e-02 6.915499e-04 2.619350e-04
7.938565e-02 8.864608e-04 2.658206e-04
7.965647e-02 6.024707e-04 2.610332e-04
7.992728e-02 1.401419e-03 2.619855e-04
8.019809e-02 1.263440e-03 2.626319e-04
8.046892e-02 1.179550e-03 2.595753e-04
8.073973e-02 1.194410e-03 2.628615e-04
8.101054e-02 1.735240e-03 2.594496e-04
8.128136e-02 1.046181e-03 2.569545e-04
8.155217e-02 1.068221e-03 2.585939e-04
8.182298e-02 5.038399e-04 2.579370e-04
8.209380e-02 1.304870e-03 2.578695e-04
8.236461e-02 8.076094e-04 2.587343e-04
8.263543e-02 1.076851e-03 2.592846e-04
8.290624e-02 8.650105e-04 2.586805e-04
8.317705e-02 8.025486e-04 2.561449e-04
8.344787e-02 1.012189e-03 2.568374e-04
8.371869e-02 6.418787e-04 2.586518e-04
8.398950e-02 8.907802e-04 2.538865e-04
8.426031e-02 1.278769e-03 2.575095e-04
8.453113e-02 5.163103e-04 2.522295e-04
8.480194e-02 6.274413e-04 2.549805e-04
8.507276e-02 1.291940e-03 2.578808e-04
8.534357e-02 1.288369e-03 2.564346e-04
8.561438e-02 5.402695e-04 2.518191e-04
8.588520e-02 1.196621e-03 2.510908e-04
8.615601e-02 1.138940e-03 2.518270e-04
8.642682e-02 8.030310e-04 2.528868e-04
8.669765e-02 1.476590e-03 2.523253e-04
8.696846e-02 9.733196e-04 2.510464e-04
8.723927e-02 1.070129e-03 2.514085e-04
8.751009e-02 8.893795e-04 2.523649e-04
8.778090e-02 1.429321e-03 2.517070e-04
8.805171e-02 1.420790e-03 2.501899e-04
8.832253e-02 1.157809e-03 2.512907e-04
8.859334e-02 9.453893e-04 2.510293e-04
8.886416e-02 9.311605e-04 2.472366e-04
8.913497e-02 1.397511e-03 2.505728e-04
8.940578e-02 5.465597e-04 2.514104e-04
8.967660e-02 1.461949e-03 2.481645e-04
8.994742e-02 1.235049e-03 2.504018e-04
9.021823e-02 8.714199e-04 2.454370e-04
9.048904e-02 7.296000e-04 2.468921e-04
9.075986e-02 1.083670e-03 2.493161e-04
9.103067e-02 9.785499e-04 2.500642e-04
9.130149e-02 7.865615e-04 2.467398e-04
9.157230e-02 1.444470e-03 2.459561e-04
9.184311e-02 1.110218e-03 2.497793e-04
9.211393e-02 6.019194e-04 2.454161e-04
9.238474e-02 1.362361e-03 2.473456e-04
9.265555e-02 9.289104e-04 2.469674e-04
9.292637e-02 8.996110e-04 2.433564e-04
9.319719e-02 1.066901e-03 2.463034e-04
9.346800e-02 1.052849e-03 2.481125e-04
9.373882e-02 5.731210e-04 2.439983e-04
9.400963e-02 6.258208e-04 2.426838e-04
9.428044e-02 7.315986e-04 2.452825e-04
9.455126e-02 1.095239e-03 2.444578e-04
9.482207e-02 5.715713e-04 2.415996e-04
9.509289e-02 1.200890e-03 2.428345e-04
9.536370e-02 7.771105e-04 2.435870e-04
9.563451e-02 9.119101e-04 2.412907e-04
9.590533e-02 8.065999e-04 2.433457e-04
9.617615e-02 6.106589e-04 2.402268e-04
9.644696e-02 6.470289e-04 2.409858e-04
9.671777e-02 7.185601e-04 2.406647e-04
9.698859e-02 8.706003e-04 2.392427e-04
9.725940e-02 3.731996e-04 2.403340e-04
9.753022e-02 9.683296e-04 2.396990e-04
9.780103e-02 8.393116e-04 2.431679e-04
9.807184e-02 8.864999e-04 2.373847e-04
9.834266e-02 6.397609e-04 2.419508e-04
9.861347e-02 6.335005e-04 2.393363e-04
9.888428e-02 5.392898e-04 2.377129e-04
9.915510e-02 7.957797e-04 2.389537e-04
9.942592e-02 1.114611e-03 2.373582e-04
9.969673e-02 1.096359e-03 2.406295e-04
9.996755e-02 5.508810e-04 2.362898e-04
1.002384e-01 8.515697e-04 2.367196e-04
1.005092e-01 1.147920e-03 2.383057e-04
1.007800e-01 4.585907e-04 2.359981e-04
1.010508e-01 3.986284e-04 2.366668e-04
1.013216e-01 9.801090e-04 2.371579e-04
1.015924e-01 7.168483e-04 2.348987e-04
1.018632e-01 6.575901e-04 2.361487e-04
1.021341e-01 5.946402e-04 2.332775e-04
1.024049e-01 8.567106e-04 2.357426e-04
1.026757e-01 1.155099e-03 2.341521e-04
1.029465e-01 4.105102e-04 2.339526e-04
1.032173e-01 7.200409e-04 2.354480e-04
1.034881e-01 5.583800e-04 2.327035e-04
1.037589e-01 5.809404e-04 2.330437e-04
1.040298e-01 7.984694e-04 2.313118e-04
1.043006e-01 4.296303e-04 2.338001e-04
1.045714e-01 5.525202e-04 2.323218e-04
1.048422e-01 6.551296e-04 2.313408e-04
1.051130e-01 5.331710e-04 2.321225e-04
1.053838e-01 7.124189e-04 2.340325e-04
1.056546e-01 1.085820e-03 2.320859e-04
1.059255e-01 4.028697e-04 2.305774e-04
1.061963e-01 6.348398e-04 2.307413e-04
1.064671e-01 6.220490e-04 2.310585e-04
1.067379e-01 4.290584e-04 2.309632e-04
1.070087e-01 3.311802e-04 2.326180e-04
1.072795e-01 7.229410e-04 2.277305e-04
1.075503e-01 5.955007e-04 2.280522e-04
1.078212e-01 4.295297e-04 2.289800e-04
1.080920e-01 4.582200e-04 2.299969e-04
1.083628e-01 1.568198e-04 2.301431e-04
1.086336e-01 6.763302e-04 2.276700e-04
1.089044e-01 5.375408e-04 2.279484e-04
1.091752e-01 1.042159e-03 2.298869e-04
1.094460e-01 2.975985e-04 2.263417e-04
1.097169e-01 7.814597e-04 2.292062e-04
1.099877e-01 6.987210e-04 2.288795e-04
1.102585e-01 2.835300e-04 2.272486e-04
1.105293e-01 4.005991e-04 2.307396e-04
1.108001e-01 9.823591e-04 2.331492e-04
1.110709e-01 4.257802e-04 2.358456e-04
1.113417e-01 7.202793e-04 2.325968e-04
1.116126e-01 8.118302e-04 2.379115e-04
1.118834e-01 4.986003e-04 2.362560e-04
1.121542e-01 8.694492e-04 2.375437e-04
1.124250e-01 7.924903e-04 2.395405e-04
1.126958e-01 5.715899e-04 2.409015e-04
1.129666e-01 7.670615e-04 2.423095e-04
1.132374e-01 5.393606e-04 2.467442e-04
1.135083e-01 5.520415e-04 2.494345e-04
1.137791e-01 5.366690e-04 2.490166e-04
1.140499e-01 2.011303e-04 2.490984e-04
1.143207e-01 8.181501e-04 2.518389e-04
1.145915e-01 8.834507e-04 2.532301e-04
1.148623e-01 5.977415e-04 2.546706e-04
1.151332e-01 2.283212e-04 2.539913e-04
1.154040e-01 3.202502e-04 2.551143e-04
1.156748e-01 6.433204e-04 2.599667e-04
1.159456e-01 7.212497e-04 2.605799e-04
1.162164e-01 3.938694e-04 2.604360e-04
1.164872e-01 6.172601e-04 2.604537e-04
1.167580e-01 7.159691e-04 2.638521e-04
1.170288e-01 5.196966e-05 2.634348e-04
1.172997e-01 1.133699e-04 2.647441e-04
1.175705e-01 4.289206e-04 2.689827e-04
1.178413e-01 6.516483e-04 2.702909e-04
1.181121e-01 8.241814e-04 2.680690e-04
1.183829e-01 2.452210e-04 2.589653e-04
1.186537e-01 4.614200e-04 2.587501e-04
1.189246e-01 6.995294e-04 2.587014e-04
1.191954e-01 5.544312e-04 2.582923e-04
1.194662e-01 6.526504e-04 2.601684e-04
1.197370e-01 4.281215e-04 2.574545e-04
1.200078e-01 5.255491e-04 2.573816e-04
1.202786e-01 4.995894e-04 2.567220e-04
1.205494e-01 6.124508e-04 2.572752e-04
1.208202e-01 6.750394e-04 2.603404e-04
1.210911e-01 2.047904e-04 2.533163e-04
1.213619e-01 2.673194e-04 2.576891e-04
1.216327e-01 4.635602e-04 2.569054e-04
1.219035e-01 7.853303e-04 2.572929e-04
1.221743e-01 8.654986e-04 2.562037e-04
1.224451e-01 6.459504e-04 2.567283e-04
1.227160e-01 -4.800968e-05 2.574516e-04
1.229868e-01 4.094485e-04 2.529175e-04
1.232576e-01 6.797705e-04 2.561508e-04
1.235284e-01 7.139314e-04 2.582511e-04
1.237992e-01 1.014929e-03 2.566984e-04
1.240700e-01 6.244201e-04 2.563541e-04
1.243408e-01 3.542807e-04 2.551510e-04
1.246117e-01 3.181398e-04 2.556662e-04
1.248825e-01 2.746917e-04 2.552795e-04
1.251533e-01 2.727844e-05 2.526075e-04
1.254241e-01 6.197188e-04 2.540598e-04
1.256949e-01 7.323287e-04 2.530250e-04
1.259657e-01 4.671514e-04 2.543477e-04
1.262365e-01 2.222396e-04 2.515808e-04
1.265074e-01 -4.090928e-05 2.505677e-04
1.267782e-01 4.894100e-04 2.516645e-04
1.270490e-01 5.690996e-04 2.522868e-04
1.273198e-01 1.423303e-04 2.519194e-04
1.275906e-01 3.223699e-04 2.509430e-04
1.278614e-01 4.497506e-04 2.504119e-04
1.281322e-01 6.731600e-04 2.507065e-04
1.284031e-01 7.312000e-04 2.495556e-04
1.286739e-01 4.586708e-04 2.510120e-04
1.289447e-01 1.602396e-04 2.494122e-04
1.292155e-01 4.671589e-04 2.509801e-04
1.294863e-01 5.428903e-04 2.511662e-04
1.297571e-01 2.665408e-04 2.474938e-04
1.300279e-01 1.963209e-04 2.473031e-04
1.302988e-01 1.822393e-04 2.517858e-04
1.305696e-01 2.532993e-04 2.463296e-04
1.308404e-01 4.827194e-04 2.470436e-04
1.311112e-01 7.530116e-05 2.501080e-04
1.313820e-01 6.396584e-04 2.473964e-04
1.316528e-01 4.671384e-04 2.509912e-04
1.319236e-01 5.050898e-04 2.470120e-04
1.321945e-01 4.330687e-04 2.472235e-04
1.324653e-01 1.739711e-04 2.479291e-04
1.327361e-01 4.209708e-04 2.456213e-04
1.330069e-01 3.569387e-04 2.467750e-04
1.332777e-01 3.830008e-04 2.450124e-04
1.335485e-01 3.885087e-04 2.428383e-04
1.338193e-01 5.262587e-04 2.500784e-04
1.340902e-01 1.654103e-04 2.437156e-04
1.343610e-01 9.625033e-05 2.460854e-04
1.346318e-01 6.678905e-04 2.444030e-04
1.349026e-01 6.822087e-04 2.451832e-04
1.351734e-01 6.248113e-04 2.467350e-04
1.354442e-01 1.193099e-04 2.421441e-04
1.357151e-01 7.370599e-04 2.463931e-04
1.359859e-01 3.443994e-04 2.436020e-04
1.362567e-01 2.916194e-04 2.420448e-04
1.365275e-01 4.696809e-04 2.442126e-04
1.367983e-01 6.567203e-04 2.411437e-04
1.370691e-01 3.854930e-05 2.451933e-04
1.373399e-01 1.715999e-04 2.463168e-04
1.376107e-01 8.139405e-04 2.506232e-04
1.378816e-01 6.706994e-04 2.526782e-04
1.381524e-01 -1.689978e-05 2.515809e-04
1.384232e-01 6.690621e-06 2.553303e-04
1.386940e-01 -1.134500e-04 2.538015e-04
1.389648e-01 6.544814e-04 2.593141e-04
1.392356e-01 5.118605e-04 2.597693e-04
1.395064e-01 1.271106e-04 2.594797e-04
1.397773e-01 6.262958e-05 2.612487e-04
1.400481e-01 -1.249090e-05 2.607649e-04
1.403189e-01 1.086798e-04 2.624596e-04
1.405897e-01 2.029911e-04 2.617566e-04
1.408605e-01 -6.831996e-05 2.622954e-04
1.411313e-01 2.237801e-04 2.643873e-04
1.414021e-01 -5.638041e-05 2.633266e-04
1.416730e-01 5.220994e-06 2.702004e-04
1.419438e-01 -1.616385e-04 2.669228e-04
1.422146e-01 2.594814e-04 2.705784e-04
1.424854e-01 7.900298e-04 2.707803e-04
1.427562e-01 7.252395e-04 2.690888e-04
1.430270e-01 3.144108e-04 2.656492e-04
1.432979e-01 1.166301e-03 2.705270e-04
1.435687e-01 7.065199e-04 2.676541e-04
1.438395e-01 8.880198e-04 2.745264e-04
1.441103e-01 7.331930e-05 2.736141e-04
1.443811e-01 2.239086e-05 2.734106e-04
1.446519e-01 -2.557393e-04 2.715127e-04
1.449227e-01 1.469702e-04 2.744568e-04
1.451935e-01 2.542399e-04 2.718666e-04
1.454644e-01 4.346017e-04 2.772347e-04
1.457352e-01 -1.077112e-04 2.757369e-04
1.460060e-01 2.310686e-04 2.762980e-04
1.462768e-01 3.360193e-04 2.831159e-04
1.465476e-01 8.090958e-05 2.764375e-04
1.468184e-01 6.898493e-04 2.821105e-04
1.470892e-01 5.233698e-04 2.800779e-04
1.473601e-01 1.393016e-04 2.818102e-04
1.476309e-01 3.677793e-04 2.792609e-04
1.479017e-01 1.077186e-04 2.804716e-04
1.481725e-01 -5.012006e-05 2.839201e-04
1.484433e-01 1.347996e-05 2.768360e-04
1.487141e-01 1.015700e-04 2.791171e-04
1.489850e-01 4.123896e-04 2.792755e-04
1.492558e-01 3.829803e-04 2.800638e-04
1.495266e-01 -5.237944e-05 2.811222e-04
1.497974e-01 -7.061288e-06 2.746614e-04
1.500682e-01 5.321950e-05 2.770478e-04
1.503390e-01 2.151411e-04 2.782274e-04
1.506098e-01 -1.597106e-04 2.778355e-04
1.508806e-01 4.398897e-04 2.756029e-04
1.511515e-01 -9.040907e-05 2.749057e-04
1.514223e-01 3.889594e-04 2.788630e-04
1.516931e-01 1.077913e-04 2.759698e-04
1.519639e-01 -2.084412e-04 2.767904e-04
1.522347e-01 6.410293e-04 2.812624e-04
1.525055e-01 1.703203e-04 2.779131e-04
1.527763e-01 1.857299e-04 2.794505e-04
1.530472e-01 5.146209e-04 2.761339e-04
1.533180e-01 9.434111e-05 2.799530e-04
1.535888e-01 -1.011007e-04 2.789987e-04
1.538596e-01 2.509002e-04 2.780085e-04
1.541304e-01 2.324022e-05 2.774438e-04
1.544012e-01 2.159514e-04 2.763516e-04
1.546721e-01 5.845092e-04 2.835859e-04
1.549429e-01 4.384592e-04 2.795538e-04
1.552137e-01 1.799501e-04 2.828778e-04
1.554845e-01 4.700013e-05 2.773585e-04
1.557553e-01 1.909714e-04 2.793657e-04
1.560261e-01 1.155790e-04 2.808617e-04
1.562969e-01 2.049599e-04 2.792158e-04
1.565678e-01 8.269958e-05 2.792657e-04
1.568386e-01 2.538003e-04 2.823727e-04
1.571094e-01 2.349187e-04 2.825561e-04
1.573802e-01 1.155715e-04 2.811376e-04
1.576510e-01 7.283874e-05 2.773499e-04
1.579218e-01 -8.247048e-05 2.790554e-04
1.581926e-01 1.536906e-04 2.820974e-04
1.584634e-01 -2.237894e-04 2.777206e-04
1.587343e-01 1.897793e-04 2.779701e-04
1.590051e-01 4.982799e-04 2.800063e-04
1.592759e-01 2.260301e-04 2.798524e-04
1.595467e-01 -2.460796e-04 2.799750e-04
1.598175e-01 -9.153970e-05 2.805545e-04
1.600883e-01 6.742701e-04 2.785336e-04
1.603591e-01 5.194191e-04 2.756969e-04
1.606300e-01 -1.519173e-05 2.769547e-04
1.609008e-01 2.315696e-04 2.745032e-04
1.611716e-01 -4.070066e-05 2.766555e-04
1.614424e-01 5.630795e-04 2.769366e-04
1.617132e-01 2.516992e-05 2.794751e-04
1.619840e-01 3.809407e-04 2.744658e-04
1.622549e-01 3.100596e-04 2.768796e-04
1.625257e-01 -3.673211e-04 2.785439e-04
1.627965e-01 1.361202e-04 2.750794e-04
1.630673e-01 -3.134701e-04 2.749269e-04
1.633381e-01 1.380797e-04 2.768912e-04
1.636089e-01 1.642313e-04 2.767316e-04
1.638797e-01 5.292501e-04 2.802088e-04
1.641506e-01 -5.161483e-04 2.764061e-04
1.644214e-01 3.294200e-04 2.777199e-04
1.646922e-01 -4.006196e-04 2.752082e-04
1.649630e-01 2.282690e-04 2.738508e-04
1.652338e-01 -2.268590e-04 2.800350e-04
1.655046e-01 4.702993e-05 2.764412e-04
1.657754e-01 2.450496e-04 2.757200e-04
1.660462e-01 3.109202e-04 2.772670e-04
1.663171e-01 1.688600e-04 2.754628e-04
1.665879e-01 -5.185977e-05 2.764391e-04
1.668587e-01 4.350599e-04 2.754083e-04
1.671295e-01 -1.775287e-04 2.798997e-04
1.674003e-01 -3.209300e-04 2.770305e-04
1.676711e-01 7.914212e-04 2.893469e-04
1.679420e-01 9.288080e-05 2.939875e-04
1.682128e-01 -7.328950e-05 2.945010e-04
1.684836e-01 5.904585e-07 3.010503e-04
1.687544e-01 1.328997e-05 3.006564e-04
1.690252e-01 4.222989e-05 3.042369e-04
1.692960e-01 2.590939e-05 3.004096e-04
1.695668e-01 2.852585e-04 3.097208e-04
1.698377e-01 4.586596e-04 3.068611e-04
1.701085e-01 -1.277030e-05 3.087411e-04
1.703793e-01 3.748890e-04 3.157913e-04
1.706501e-01 5.172007e-05 3.112561e-04
1.709209e-01 3.481414e-04 3.211727e-04
1.711917e-01 5.381312e-04 3.228292e-04
1.714625e-01 -4.563387e-04 3.203280e-04
1.717333e-01 -2.802704e-04 3.283558e-04
1.720042e-01 1.994707e-04 3.277418e-04
1.722750e-01 4.227012e-04 3.280120e-04
1.725458e-01 -9.036995e-05 3.275373e-04
1.728166e-01 5.017985e-04 3.335104e-04
1.730874e-01 2.765507e-04 3.378726e-04
1.733582e-01 4.479103e-04 3.342493e-04
1.736291e-01 2.393201e-04 3.447860e-04
1.738999e-01 -4.542116e-04 3.377282e-04
1.741707e-01 -6.182492e-04 3.472806e-04
1.744415e-01 -2.504699e-04 3.438298e-04
1.747123e-01 8.441098e-04 3.492637e-04
1.749831e-01 -9.414926e-05 3.360068e-04
1.752539e-01 3.892928e-07 3.271964e-04
1.755248e-01 -1.331102e-04 3.230715e-04
1.757956e-01 5.503930e-05 3.175790e-04
1.760664e-01 1.527797e-04 3.289833e-04
1.763372e-01 -3.741086e-04 3.240566e-04
1.766080e-01 1.966488e-04 3.242897e-04
1.768788e-01 4.499089e-04 3.201447e-04
1.771496e-01 1.308192e-04 3.165269e-04
1.774205e-01 -3.096499e-04 3.147361e-04
1.776913e-01 1.035500e-04 3.159928e-04
1.779621e-01 2.307072e-05 3.148069e-04
1.782329e-01 3.717300e-04 3.156140e-04
1.785037e-01 6.516818e-04 3.088899e-04
1.787745e-01 3.821496e-04 3.136698e-04
1.790453e-01 1.117587e-04 3.096792e-04
1.793161e-01 3.460888e-04 3.109077e-04
1.795870e-01 5.532000e-04 3.080878e-04
1.798578e-01 3.405511e-04 3.053823e-04
1.801286e-01 4.762895e-04 3.102730e-04
1.803994e-01 1.383089e-04 3.013713e-04
1.806702e-01 2.340414e-04 3.036766e-04
1.809410e-01 2.066791e-04 3.089771e-04
1.812119e-01 -5.292147e-05 3.021966e-04
1.814827e-01 4.346203e-04 3.038900e-04
1.817535e-01 3.029592e-04 2.997535e-04
1.820243e-01 6.538089e-04 3.014308e-04
1.822951e-01 3.499091e-04 3.037086e-04
1.825659e-01 1.099594e-04 3.044329e-04
1.828367e-01 1.225993e-05 3.065597e-04
1.831076e-01 2.982505e-04 2.970033e-04
1.833784e-01 9.581447e-06 3.015661e-04
1.836492e-01 3.437698e-04 2.995185e-04
1.839200e-01 8.921400e-04 3.016019e-04
1.841908e-01 4.219506e-04 2.980735e-04
1.844616e-01 6.991997e-05 2.979702e-04
1.847324e-01 1.416299e-04 3.022429e-04
1.850033e-01 4.035980e-05 3.012506e-04
1.852741e-01 -9.046867e-05 2.984026e-04
1.855449e-01 4.577897e-04 3.030418e-04
1.858157e-01 3.851801e-04 2.981445e-04
1.860865e-01 -5.821139e-05 2.997703e-04
1.863573e-01 -2.048295e-04 3.008465e-04
1.866281e-01 4.980713e-06 2.971309e-04
1.868990e-01 1.064595e-04 2.991088e-04
1.871698e-01 -1.676399e-04 2.981630e-04
1.874406e-01 -7.220209e-04 2.978969e-04
1.877114e-01 4.389808e-04 2.956424e-04
1.879822e-01 3.025793e-04 3.000505e-04
1.882530e-01 2.953038e-05 2.955806e-04
1.885238e-01 8.591078e-05 2.985256e-04
1.887947e-01 4.084203e-04 2.974896e-04
1.890655e-01 1.412611e-04 2.987985e-04
1.893363e-01 3.971700e-04 2.994416e-04
1.896071e-01 8.458812e-04 2.960846e-04
1.898779e-01 2.692789e-04 2.999633e-04
1.901487e-01 3.404599e-04 2.973012e-04
1.904195e-01 5.180594e-04 2.999433e-04
1.906904e-01 4.828200e-04 3.040031e-04
1.909612e-01 5.115494e-04 2.944363e-04
1.912320e-01 6.035101e-04 2.991502e-04
1.915028e-01 -4.072599e-04 2.949509e-04
1.917736e-01 -1.914054e-05 2.969167e-04
1.920444e-01 3.118701e-04 2.957249e-04
1.923153e-01 2.528597e-04 2.954149e-04
1.925861e-01 2.269298e-04 2.975438e-04
1.928569e-01 -1.875106e-04 2.953313e-04
1.931277e-01 3.437586e-04 2.977042e-04
1.933985e-01 -1.591612e-04 2.953920e-04
1.936693e-01 5.666409e-04 2.958144e-04
1.939401e-01 3.342014e-04 2.967383e-04
1.942109e-01 2.801102e-04 2.936732e-04
1.944818e-01 2.615694e-04 2.990767e-04
1.947526e-01 -1.400895e-04 2.981672e-04
1.950234e-01 3.282204e-04 2.930359e-04
1.952942e-01 3.381073e-05 2.968427e-04
1.955650e-01 -3.437698e-04 2.942349e-04
1.958358e-01 -3.831591e-04 2.926324e-04
1.961066e-01 -3.328584e-04 2.934584e-04
1.963775e-01 4.803203e-04 2.952668e-04
1.966483e-01 6.392896e-04 2.957606e-04
1.969191e-01 6.261189e-04 2.971651e-04
1.971899e-01 -2.743099e-04 2.950134e-04
1.974607e-01 -1.146104e-04 2.959225e-04
1.977315e-01 8.819625e-06 2.955993e-04
1.980023e-01 -1.059398e-04 2.916105e-04
1.982732e-01 3.741998e-04 2.952153e-04
1.985440e-01 6.476976e-05 2.959077e-04
1.988148e-01 -1.532491e-04 2.978410e-04
1.990856e-01 -3.246032e-05 2.936094e-04
1.993564e-01 -2.680905e-05 2.972029e-04
1.996272e-01 1.000054e-05 2.930022e-04
1.998980e-01 -1.010410e-04 2.968490e-04
2.001689e-01 3.711805e-04 2.945067e-04
2.004397e-01 5.530939e-05 2.934495e-04
2.007105e-01 -4.911702e-04 2.879404e-04
2.009813e-01 1.700800e-04 2.907910e-04
2.012521e-01 2.411399e-04 2.917631e-04
2.015229e-01 3.144294e-04 2.947675e-04
2.017937e-01 -2.241898e-04 2.940491e-04
2.020646e-01 6.135926e-05 2.909429e-04
2.023354e-01 3.838912e-06 2.942980e-04
2.026062e-01 -5.230866e-05 2.894386e-04
2.028770e-01 -1.128297e-04 2.900691e-04
2.031478e-01 3.958009e-04 2.929976e-04
2.034186e-01 3.494807e-04 2.896978e-04
2.036894e-01 -6.127171e-05 2.894973e-04
2.039603e-01 2.072696e-04 2.908804e-04
2.042311e-01 1.949891e-04 2.905390e-04
2.045019e-01 4.671495e-04 2.907896e-04
2.047727e-01 -9.211898e-05 2.878156e-04
2.050435e-01 -3.905594e-04 2.898818e-04
2.053143e-01 4.172884e-05 2.918322e-04
2.055852e-01 -1.926608e-04 2.872583e-04
2.058560e-01 2.496708e-04 2.855041e-04
2.061268e-01 -1.016799e-04 2.889151e-04
2.063976e-01 9.649992e-05 2.874386e-04
2.066684e-01 -1.830291e-04 2.865861e-04
2.069392e-01 3.216043e-05 2.888546e-04
2.072100e-01 -1.051407e-04 2.886528e-04
2.074808e-01 7.011201e-04 2.871058e-04
2.077517e-01 -1.815297e-04 2.832084e-04
2.080225e-01 -1.143403e-04 2.857903e-04
2.082933e-01 2.701301e-04 2.850478e-04
2.085641e-01 2.073087e-04 2.871110e-04
2.088349e-01 5.074702e-04 2.901559e-04
2.091057e-01 1.688860e-05 2.864511e-04
2.093765e-01 -3.240798e-04 2.835738e-04
2.096474e-01 9.892881e-05 2.857602e-04
2.099182e-01 -4.440546e-06 2.890815e-04
2.101890e-01 2.110712e-04 2.876847e-04
2.104598e-01 -8.899719e-06 2.891649e-04
2.107306e-01 -8.739159e-05 2.846238e-04
2.110014e-01 4.214197e-04 2.879141e-04
2.112723e-01 -3.595594e-04 2.821535e-04
2.115431e-01 -1.620501e-06 2.865066e-04
2.118139e-01 3.401209e-04 2.853765e-04
2.120847e-01 1.723710e-04 2.870483e-04
2.123555e-01 -1.499057e-05 2.865314e-04
2.126263e-01 -1.224000e-04 2.871997e-04
2.128971e-01 -1.431089e-04 2.852369e-04
2.131680e-01 -1.880694e-04 2.874888e-04
2.134388e-01 -6.171800e-04 2.859957e-04
2.137096e-01 -1.243800e-04 2.857550e-04
2.139804e-01 2.737492e-04 2.867417e-04
2.142512e-01 2.137944e-05 2.860487e-04
2.145220e-01 -4.686043e-05 2.872739e-04
2.147928e-01 -6.075948e-05 2.869049e-04
2.150636e-01 -2.833083e-05 2.856926e-04
2.153345e-01 5.117059e-05 2.893865e-04
2.156053e-01 -1.739152e-05 2.880716e-04
2.158761e-01 -2.330896e-04 2.840320e-04
2.161469e-01 -6.873999e-04 2.831183e-04
2.164177e-01 -9.929761e-06 2.860475e-04
2.166885e-01 -1.192410e-04 2.853656e-04
2.169593e-01 1.764297e-04 2.847921e-04
2.172302e-01 2.711713e-04 2.901762e-04
2.175010e-01 -7.684901e-05 2.858429e-04
2.177718e-01 3.648493e-04 2.869949e-04
2.180426e-01 2.342202e-04 2.874074e-04
2.183134e-01 -9.035878e-05 2.862046e-04
2.185842e-01 -2.912059e-05 2.854636e-04
2.188551e-01 -3.872700e-04 2.846532e-04
2.191259e-01 5.710870e-05 2.851813e-04
2.193967e-01 5.876403e-04 2.872416e-04
2.196675e-01 -1.154914e-04 2.813396e-04
2.199383e-01 -4.211999e-05 2.837969e-04
2.202091e-01 1.160502e-04 2.839008e-04
2.204799e-01 -3.082789e-04 2.813782e-04
2.207507e-01 1.402944e-05 2.867096e-04
2.210216e-01 4.959311e-04 2.841943e-04
2.212924e-01 -2.173092e-04 2.830288e-04
2.215632e-01 -3.758390e-04 2.803081e-04
2.218340e-01 -2.559796e-04 2.828080e-04
2.221048e-01 1.065992e-05 2.802193e-04
2.223756e-01 -3.923997e-04 2.814115e-04
2.226464e-01 -1.204703e-04 2.818115e-04
2.229173e-01 -1.279637e-06 2.791932e-04
2.231881e-01 -4.662946e-05 2.789635e-04
2.234589e-01 2.248697e-04 2.784079e-04
2.237297e-01 -5.347896e-04 2.809018e-04
2.240005e-01 2.234299e-04 2.800811e-04
2.242713e-01 1.329798e-04 2.790441e-04
2.245422e-01 4.006401e-04 2.816093e-04
2.248130e-01 6.734021e-05 2.814877e-04
2.250838e-01 -3.104601e-04 2.790674e-04
2.253546e-01 -2.003796e-04 2.796036e-04
2.256254e-01 1.752004e-05 2.808665e-04
2.258962e-01 -3.843941e-05 2.818795e-04
2.261670e-01 1.486614e-04 2.940310e-04
2.264379e-01 -2.008695e-04 3.006173e-04
2.267087e-01 3.869087e-05 3.041870e-04
2.269795e-01 -2.215989e-04 3.026009e-04
2.272503e-01 -3.797896e-04 3.054307e-04
2.275211e-01 -1.572073e-05 3.103882e-04
2.277919e-01 5.405955e-05 3.149240e-04
2.280627e-01 -8.375011e-05 3.157623e-04
2.283335e-01 4.319847e-05 3.209981e-04
2.286044e-01 -3.386103e-04 3.245791e-04
2.288752e-01 1.432896e-04 3.254892e-04
2.291460e-01 -1.461990e-05 3.299722e-04
2.294168e-01 1.974031e-05 3.316775e-04
2.296876e-01 -2.967399e-04 3.356042e-04
2.299584e-01 -1.621302e-04 3.373457e-04
2.302293e-01 1.501292e-06 3.382061e-04
2.305001e-01 7.624179e-05 3.461280e-04
2.307709e-01 -2.354886e-04 3.473776e-04
2.310417e-01 3.419500e-04 3.524572e-04
2.313125e-01 5.141087e-05 3.511216e-04
2.315833e-01 4.475005e-04 3.574795e-04
2.318541e-01 -4.558507e-04 3.585283e-04
2.321250e-01 -6.102901e-04 3.670776e-04
2.323958e-01 -4.873108e-04 3.647628e-04
2.326666e-01 -4.583001e-04 3.666592e-04
2.329374e-01 -8.162856e-05 3.756362e-04
2.332082e-01 -3.784895e-04 3.677265e-04
2.334790e-01 -2.717711e-04 3.742222e-04
2.337498e-01 4.424695e-04 3.814942e-04
2.340207e-01 -9.007938e-05 3.830536e-04
2.342915e-01 -1.641195e-04 3.895138e-04
2.345623e-01 -4.365705e-04 3.886424e-04
2.348331e-01 3.889203e-04 3.886956e-04
2.351039e-01 -3.956016e-04 3.941735e-04
2.353747e-01 -2.979189e-04 3.926401e-04
2.356455e-01 2.319198e-04 4.071122e-04
2.359163e-01 2.724100e-04 4.057651e-04
2.361872e-01 3.748406e-04 4.092409e-04
2.364580e-01 2.762992e-04 4.129676e-04
2.367288e-01 -2.642404e-04 4.154770e-04
2.369996e-01 2.317615e-04 4.150015e-04
2.372704e-01 5.697999e-04 4.281059e-04
2.375412e-01 -5.045496e-04 4.244443e-04
2.378121e-01 -3.884397e-04 4.326714e-04
2.380829e-01 6.182808e-04 4.301758e-04
2.383537e-01 -6.808192e-04 4.302185e-04
2.386245e-01 -1.411401e-04 4.459074e-04
2.388953e-01 1.272094e-04 4.417202e-04
2.391661e-01 1.207421e-03 4.532569e-04
2.394369e-01 6.807968e-05 4.496906e-04
2.397078e-01 -3.689695e-04 4.651985e-04
2.399786e-01 1.945700e-04 4.658370e-04
2.402494e-01 -7.142909e-04 4.640698e-04
2.405202e-01 -2.142694e-04 4.688437e-04
2.407910e-01 -1.817606e-04 4.753185e-04
2.410618e-01 -5.429797e-04 4.753803e-04
2.413326e-01 8.070692e-04 4.859752e-04
2.416034e-01 -6.636195e-04 4.868600e-04
2.418743e-01 -2.973210e-04 5.060274e-04
2.421451e-01 -3.287401e-04 4.972089e-04
2.424159e-01 8.210912e-05 5.129338e-04
2.426867e-01 -3.819205e-04 5.066321e-04
2.429575e-01 -5.818903e-05 5.347463e-04
2.432283e-01 5.435012e-05 5.329013e-04
2.434992e-01 3.606100e-04 5.293094e-04
2.437700e-01 1.074281e-03 5.480133e-04
2.440408e-01 -1.171511e-04 5.531222e-04
2.443116e-01 -1.707915e-04 5.546297e-04
2.445824e-01 5.493294e-04 5.695283e-04
2.448532e-01 -2.951398e-04 5.546299e-04
2.451240e-01 8.161888e-04 5.724460e-04
2.453949e-01 2.360009e-04 5.819662e-04
2.456657e-01 -3.060196e-04 5.929935e-04
2.459365e-01 -1.936015e-04 5.941741e-04
2.462073e-01 9.499490e-06 6.088483e-04
2.464781e-01 -7.636696e-04 6.225025e-04
2.467489e-01 6.380491e-04 6.277866e-04
2.470197e-01 1.281179e-03 6.297964e-04
2.472906e-01 4.357193e-04 6.326214e-04
2.475614e-01 -5.941484e-04 6.427879e-04
2.478322e-01 -6.540306e-04 6.772595e-04
2.481030e-01 6.298888e-04 6.756311e-04
2.483738e-01 -3.912691e-04 7.123535e-04
2.486446e-01 -3.548991e-04 7.181147e-04
2.489154e-01 6.147008e-04 7.373079e-04
2.491863e-01 7.834993e-04 7.206729e-04
2.494571e-01 8.702502e-04 7.662635e-04
2.497279e-01 8.718502e-04 7.938774e-04
2.499987e-01 1.039095e-04 8.132369e-04
2.502695e-01 5.432293e-04 8.172309e-04
2.505403e-01 -8.383803e-04 8.218645e-04
2.508111e-01 -2.944395e-04 8.582241e-04
2.510819e-01 -1.708604e-04 9.136151e-04
2.513528e-01 -1.733549e-03 8.477938e-04
2.516236e-01 -2.587605e-04 9.079756e-04
2.518944e-01 3.358498e-04 9.042525e-04
2.521652e-01 2.364013e-04 1.020731e-03
2.524360e-01 -1.437962e-05 1.047521e-03
2.527068e-01 4.511885e-04 1.017718e-03
2.529776e-01 -2.083391e-03 1.044812e-03
2.532485e-01 -1.001930e-03 1.088531e-03
2.535193e-01 -8.169599e-04 1.131632e-03
2.537901e-01 -1.719860e-03 1.129716e-03
2.540609e-01 2.278201e-04 1.124732e-03
2.543317e-01 1.799710e-03 1.237183e-03
2.546025e-01 2.749661e-03 1.208582e-03
2.548733e-01 2.354300e-03 1.298773e-03
2.551441e-01 -6.758291e-04 1.324927e-03
2.554150e-01 1.259200e-03 1.371341e-03
2.556858e-01 1.552496e-04 1.362886e-03
2.559566e-01 -1.097899e-04 1.539116e-03
2.562274e-01 -7.479303e-04 1.665263e-03
2.564982e-01 -6.414019e-05 1.737368e-03
2.567690e-01 5.420972e-03 1.855786e-03
2.570398e-01 -5.554203e-04 2.130452e-03
2.573107e-01 -8.961689e-04 2.474478e-03
2.575815e-01 -9.324197e-04 2.896446e-03
2.578523e-01 3.052060e-03 3.845164e-03
2.581231e-01 7.133791e-03 7.044995e-03
