3.286826e-03 2.327857e+00 0.000000e+00
3.557641e-03 2.850750e+00 8.564961e-02
3.828455e-03 2.733217e+00 5.385045e-02
4.099269e-03 2.550615e+00 4.241545e-02
4.370084e-03 2.366481e+00 3.245866e-02
4.640898e-03 2.210826e+00 2.335727e-02
4.911712e-03 2.044780e+00 2.019108e-02
5.182527e-03 1.924135e+00 1.652149e-02
5.453341e-03 1.820639e+00 1.535774e-02
5.724155e-03 1.727133e+00 1.213387e-02
5.994970e-03 1.639591e+00 1.237221e-02
6.265784e-03 1.558379e+00 1.171239e-02
6.536598e-03 1.489145e+00 9.737560e-03
6.807412e-03 1.406565e+00 9.347389e-03
7.078227e-03 1.322336e+00 8.549823e-03
7.349041e-03 1.268395e+00 8.035223e-03
7.619855e-03 1.220069e+00 7.863753e-03
7.890671e-03 1.176715e+00 7.162978e-03
8.161485e-03 1.110345e+00 6.697744e-03
8.432299e-03 1.057008e+00 6.210032e-03
8.703114e-03 1.018075e+00 5.982237e-03
8.973928e-03 9.842708e-01 5.643370e-03
9.244742e-03 9.275682e-01 5.206009e-03
9.515557e-03 8.950612e-01 5.183856e-03
9.786371e-03 8.592729e-01 4.804670e-03
1.005718e-02 8.217108e-01 4.628159e-03
1.032800e-02 7.861369e-01 4.266859e-03
1.059881e-02 7.527179e-01 3.971361e-03
1.086963e-02 7.167152e-01 3.676540e-03
1.114044e-02 6.938330e-01 3.513662e-03
1.141126e-02 6.632328e-01 3.382705e-03
1.168207e-02 6.352449e-01 3.172498e-03
1.195289e-02 6.082761e-01 2.973675e-03
1.222370e-02 5.808724e-01 2.841212e-03
1.249451e-02 5.587240e-01 2.710854e-03
1.276533e-02 5.381048e-01 2.671829e-03
1.303614e-02 5.150656e-01 2.471225e-03
1.330696e-02 4.904825e-01 2.346001e-03
1.357777e-02 4.699272e-01 2.263962e-03
1.384859e-02 4.521988e-01 2.160592e-03
1.411940e-02 4.265769e-01 1.976061e-03
1.439021e-02 4.096570e-01 1.894741e-03
1.466103e-02 3.903188e-01 1.803005e-03
1.493184e-02 3.749276e-01 1.767613e-03
1.520266e-02 3.557884e-01 1.673383e-03
1.547347e-02 3.413835e-01 1.591275e-03
1.574429e-02 3.214521e-01 1.505696e-03
1.601510e-02 3.087997e-01 1.470299e-03
1.628591e-02 2.909932e-01 1.375915e-03
1.655673e-02 2.775816e-01 1.322385e-03
1.682754e-02 2.651503e-01 1.279290e-03
1.709836e-02 2.548873e-01 1.218493e-03
1.736917e-02 2.421406e-01 1.164687e-03
1.763999e-02 2.273693e-01 1.124236e-03
1.791080e-02 2.187460e-01 1.077547e-03
1.818161e-02 2.047218e-01 1.051707e-03
1.845243e-02 1.937066e-01 1.012351e-03
1.872324e-02 1.822098e-01 9.715162e-04
1.899406e-02 1.712432e-01 9.282523e-04
1.926487e-02 1.619120e-01 9.064679e-04
1.953569e-02 1.534631e-01 8.767194e-04
1.980650e-02 1.453110e-01 8.716390e-04
2.007731e-02 1.376992e-01 8.269371e-04
2.034813e-02 1.278078e-01 8.163511e-04
2.061894e-02 1.216524e-01 7.937140e-04
2.088976e-02 1.155275e-01 7.616074e-04
2.116057e-02 1.108879e-01 7.603507e-04
2.143139e-02 1.024920e-01 7.348908e-04
2.170220e-02 9.704296e-02 7.193018e-04
2.197302e-02 9.187706e-02 7.025248e-04
2.224383e-02 8.770537e-02 6.720470e-04
2.251465e-02 8.255908e-02 6.615140e-04
2.278546e-02 7.975601e-02 6.438681e-04
2.305627e-02 7.538833e-02 6.227501e-04
2.332709e-02 7.134779e-02 5.969448e-04
2.359790e-02 6.713516e-02 5.803844e-04
2.386872e-02 6.283952e-02 5.675668e-04
2.413953e-02 5.940756e-02 5.525962e-04
2.441034e-02 5.616267e-02 5.376690e-04
2.468116e-02 5.406303e-02 5.216620e-04
2.495197e-02 5.195888e-02 5.097475e-04
2.522279e-02 5.011018e-02 5.116900e-04
2.549360e-02 4.925552e-02 4.957456e-04
2.576442e-02 4.726245e-02 4.847377e-04
2.603523e-02 4.530864e-02 4.780802e-04
2.630604e-02 4.282374e-02 4.694905e-04
2.657686e-02 4.136618e-02 4.584936e-04
2.684767e-02 3.901672e-02 4.455736e-04
2.711849e-02 3.680973e-02 4.439321e-04
2.738930e-02 3.610496e-02 4.372030e-04
2.766012e-02 3.437593e-02 4.297208e-04
2.793093e-02 3.205149e-02 4.199562e-04
2.820175e-02 3.112270e-02 4.087064e-04
2.847256e-02 2.898599e-02 4.048971e-04
2.874337e-02 2.778263e-02 3.999275e-04
2.901419e-02 2.544237e-02 3.890083e-04
2.928500e-02 2.412343e-02 3.862957e-04
2.955582e-02 2.380992e-02 3.813462e-04
2.982663e-02 2.176044e-02 3.754414e-04
3.009745e-02 2.087973e-02 3.728630e-04
3.036826e-02 1.991236e-02 3.626223e-04
3.063907e-02 1.933443e-02 3.639092e-04
3.090989e-02 1.859800e-02 3.569576e-04
3.118070e-02 1.716711e-02 3.553898e-04
3.145152e-02 1.657679e-02 3.481925e-04
3.172233e-02 1.614667e-02 3.480373e-04
3.199315e-02 1.503020e-02 3.435847e-04
3.226396e-02 1.394431e-02 3.404986e-04
3.253478e-02 1.348931e-02 3.368377e-04
3.280559e-02 1.300553e-02 3.327777e-04
3.307641e-02 1.258106e-02 3.317286e-04
3.334722e-02 1.187495e-02 3.264428e-04
3.361803e-02 1.157423e-02 3.281419e-04
3.388885e-02 1.097025e-02 3.232446e-04
3.415966e-02 1.094992e-02 3.220794e-04
3.443048e-02 1.027888e-02 3.182752e-04
3.470129e-02 9.701118e-03 3.135005e-04
3.497211e-02 9.266220e-03 3.149510e-04
3.524292e-02 8.987270e-03 3.096747e-04
3.551374e-02 8.576043e-03 3.114691e-04
3.578455e-02 8.677538e-03 3.084313e-04
3.605536e-02 8.071430e-03 3.032450e-04
3.632618e-02 8.494999e-03 3.035698e-04
3.659699e-02 7.541772e-03 2.989951e-04
3.686780e-02 8.076489e-03 2.981544e-04
3.713862e-02 7.199772e-03 2.954256e-04
3.740944e-02 7.454239e-03 2.931243e-04
3.768025e-02 7.179860e-03 2.929090e-04
3.795106e-02 6.222490e-03 2.892742e-04
3.822188e-02 6.477680e-03 2.902368e-04
3.849269e-02 6.981399e-03 2.868560e-04
3.876351e-02 6.354880e-03 2.849744e-04
3.903432e-02 6.283239e-03 2.851923e-04
3.930514e-02 6.675787e-03 2.845820e-04
3.957595e-02 6.619968e-03 2.831855e-04
3.984676e-02 6.478138e-03 2.786492e-04
4.011758e-02 6.405542e-03 2.807985e-04
4.038839e-02 6.518440e-03 2.806966e-04
4.065921e-02 6.026529e-03 2.783391e-04
4.093002e-02 5.722379e-03 2.749734e-04
4.120084e-02 5.173329e-03 2.737883e-04
4.147165e-02 5.437272e-03 2.731281e-04
4.174246e-02 5.639201e-03 2.736665e-04
4.201328e-02 5.728340e-03 2.683849e-04
4.228409e-02 5.195389e-03 2.698522e-04
4.255491e-02 5.373159e-03 2.670459e-04
4.282572e-02 5.098749e-03 2.677048e-04
4.309653e-02 5.221060e-03 2.643928e-04
4.336735e-02 5.416717e-03 2.638841e-04
4.363817e-02 4.789732e-03 2.659170e-04
4.390898e-02 5.236372e-03 2.638997e-04
4.417979e-02 4.822839e-03 2.622294e-04
4.445061e-02 5.109329e-03 2.587167e-04
4.472142e-02 4.820781e-03 2.587857e-04
4.499224e-02 4.667541e-03 2.606675e-04
4.526305e-02 4.906520e-03 2.566531e-04
4.553387e-02 5.043529e-03 2.577805e-04
4.580468e-02 4.299700e-03 2.547106e-04
4.607549e-02 4.342061e-03 2.526886e-04
4.634631e-02 4.872050e-03 2.505221e-04
4.661712e-02 3.587302e-03 2.515416e-04
4.688794e-02 4.034821e-03 2.495912e-04
4.715875e-02 3.841272e-03 2.502770e-04
4.742957e-02 4.020631e-03 2.458979e-04
4.770038e-02 3.873652e-03 2.449974e-04
4.797119e-02 3.863730e-03 2.440293e-04
4.824201e-02 3.831400e-03 2.432557e-04
4.851282e-02 3.406672e-03 2.476364e-04
4.878364e-02 4.123580e-03 2.425861e-04
4.905445e-02 3.634900e-03 2.422801e-04
4.932526e-02 2.800519e-03 2.407604e-04
4.959608e-02 3.088478e-03 2.388480e-04
4.986690e-02 2.864201e-03 2.405946e-04
5.013771e-02 2.676299e-03 2.384354e-04
5.040852e-02 2.652610e-03 2.366369e-04
5.067934e-02 3.046082e-03 2.387717e-04
5.095015e-02 3.158340e-03 2.333869e-04
5.122096e-02 2.673291e-03 2.350480e-04
5.149178e-02 2.355861e-03 2.342893e-04
5.176260e-02 2.672249e-03 2.330271e-04
5.203341e-02 2.310630e-03 2.345016e-04
5.230422e-02 2.345478e-03 2.303729e-04
5.257504e-02 2.290010e-03 2.320759e-04
5.284585e-02 2.518309e-03 2.292444e-04
5.311667e-02 2.602721e-03 2.296739e-04
5.338748e-02 2.023341e-03 2.331913e-04
5.365830e-02 2.312170e-03 2.319180e-04
5.392911e-02 2.142541e-03 2.320114e-04
5.419992e-02 1.777949e-03 2.319828e-04
5.447074e-02 2.178630e-03 2.311521e-04
5.474155e-02 2.257461e-03 2.369916e-04
5.501237e-02 1.971068e-03 2.402492e-04
5.528318e-02 1.621529e-03 2.413449e-04
5.555400e-02 2.044899e-03 2.419452e-04
5.582481e-02 1.975430e-03 2.407413e-04
5.609563e-02 1.799818e-03 2.463297e-04
5.636644e-02 2.069229e-03 2.462553e-04
5.663725e-02 2.091901e-03 2.460796e-04
5.690807e-02 1.752209e-03 2.470308e-04
5.717888e-02 1.986612e-03 2.471399e-04
5.744969e-02 1.779070e-03 2.469853e-04
5.772051e-02 1.782700e-03 2.489524e-04
5.799133e-02 1.709519e-03 2.458539e-04
5.826214e-02 1.280578e-03 2.489797e-04
5.853295e-02 1.790859e-03 2.502110e-04
5.880377e-02 1.562772e-03 2.476032e-04
5.907458e-02 1.488011e-03 2.471681e-04
5.934540e-02 1.755212e-03 2.490886e-04
5.961621e-02 1.806898e-03 2.513026e-04
5.988703e-02 2.126681e-03 2.521884e-04
6.015784e-02 1.520971e-03 2.506981e-04
6.042865e-02 1.307810e-03 2.531290e-04
6.069947e-02 1.776541e-03 2.444480e-04
6.097028e-02 2.206448e-03 2.477315e-04
6.124110e-02 1.348050e-03 2.426436e-04
6.151191e-02 1.698351e-03 2.428078e-04
6.178273e-02 1.392299e-03 2.426852e-04
6.205354e-02 1.647009e-03 2.382877e-04
6.232436e-02 1.146160e-03 2.404282e-04
6.259517e-02 1.393169e-03 2.391930e-04
6.286598e-02 1.274992e-03 2.385551e-04
6.313679e-02 1.077781e-03 2.396670e-04
6.340761e-02 1.268579e-03 2.373927e-04
6.367842e-02 1.442680e-03 2.356863e-04
6.394923e-02 1.579490e-03 2.325765e-04
6.422005e-02 1.694540e-03 2.383966e-04
6.449086e-02 1.423560e-03 2.369574e-04
6.476168e-02 1.152581e-03 2.337858e-04
6.503250e-02 1.428960e-03 2.363592e-04
6.530331e-02 1.160949e-03 2.335225e-04
6.557412e-02 1.228780e-03 2.328090e-04
6.584494e-02 1.507821e-03 2.337943e-04
6.611575e-02 1.185140e-03 2.341393e-04
6.638657e-02 1.304330e-03 2.329026e-04
6.665738e-02 1.355700e-03 2.316038e-04
6.692819e-02 1.541359e-03 2.327040e-04
6.719901e-02 1.596930e-03 2.305788e-04
6.746982e-02 1.363130e-03 2.313509e-04
6.774063e-02 1.730081e-03 2.327331e-04
6.801146e-02 1.335310e-03 2.298358e-04
6.828227e-02 1.156898e-03 2.293629e-04
6.855308e-02 1.351120e-03 2.300364e-04
6.882390e-02 1.367250e-03 2.290634e-04
6.909471e-02 1.032909e-03 2.297705e-04
6.936552e-02 1.269849e-03 2.282013e-04
6.963634e-02 1.375400e-03 2.282398e-04
6.990715e-02 1.080710e-03 2.296367e-04
7.017796e-02 1.435200e-03 2.271618e-04
7.044878e-02 1.143850e-03 2.254288e-04
7.071959e-02 1.613669e-03 2.252250e-04
7.099041e-02 1.197919e-03 2.270987e-04
7.126123e-02 1.309849e-03 2.245098e-04
7.153204e-02 1.117291e-03 2.227038e-04
7.180285e-02 1.680491e-03 2.244915e-04
7.207367e-02 1.333412e-03 2.247700e-04
7.234448e-02 1.057791e-03 2.252009e-04
7.261530e-02 8.582007e-04 2.247345e-04
7.288611e-02 1.318499e-03 2.210144e-04
7.315692e-02 1.415841e-03 2.232720e-04
7.342774e-02 1.183029e-03 2.228515e-04
7.369855e-02 9.172596e-04 2.238247e-04
7.396936e-02 1.073031e-03 2.226888e-04
7.424019e-02 1.079550e-03 2.230111e-04
7.451100e-02 1.328440e-03 2.223662e-04
7.478181e-02 1.331370e-03 2.215155e-04
7.505263e-02 1.361459e-03 2.211694e-04
7.532344e-02 1.581030e-03 2.227216e-04
7.559425e-02 1.581479e-03 2.192686e-04
7.586507e-02 1.120150e-03 2.197434e-04
7.613588e-02 9.666905e-04 2.215155e-04
7.640669e-02 1.302769e-03 2.181671e-04
7.667751e-02 1.095640e-03 2.208145e-04
7.694832e-02 7.907301e-04 2.194203e-04
7.721914e-02 1.433760e-03 2.205595e-04
7.748996e-02 1.414791e-03 2.191945e-04
7.776077e-02 9.789187e-04 2.178578e-04
7.803158e-02 9.614099e-04 2.187970e-04
7.830240e-02 1.160089e-03 2.166353e-04
7.857321e-02 1.244711e-03 2.171679e-04
7.884403e-02 1.153240e-03 2.167729e-04
7.911484e-02 1.046861e-03 2.156482e-04
7.938565e-02 8.015800e-04 2.181555e-04
7.965647e-02 1.069559e-03 2.153823e-04
7.992728e-02 9.335987e-04 2.151368e-04
8.019809e-02 8.637700e-04 2.146884e-04
8.046892e-02 9.712894e-04 2.133331e-04
8.073973e-02 6.061699e-04 2.142884e-04
8.101054e-02 7.520895e-04 2.137660e-04
8.128136e-02 1.189020e-03 2.131657e-04
8.155217e-02 1.245400e-03 2.144333e-04
8.182298e-02 1.340071e-03 2.122851e-04
8.209380e-02 9.329095e-04 2.115889e-04
8.236461e-02 7.111989e-04 2.127945e-04
8.263543e-02 8.016583e-04 2.109236e-04
8.290624e-02 8.483604e-04 2.127354e-04
8.317705e-02 8.452497e-04 2.110634e-04
8.344787e-02 5.517900e-04 2.119833e-04
8.371869e-02 1.058782e-03 2.136882e-04
8.398950e-02 8.129589e-04 2.111034e-04
8.426031e-02 8.343216e-04 2.116999e-04
8.453113e-02 7.935707e-04 2.085453e-04
8.480194e-02 9.464398e-04 2.113468e-04
8.507276e-02 1.123870e-03 2.111992e-04
8.534357e-02 8.961596e-04 2.094291e-04
8.561438e-02 5.086809e-04 2.066116e-04
8.588520e-02 4.084092e-04 2.080815e-04
8.615601e-02 7.785410e-04 2.071402e-04
8.642682e-02 3.735106e-04 2.068351e-04
8.669765e-02 7.215906e-04 2.063883e-04
8.696846e-02 8.425899e-04 2.059889e-04
8.723927e-02 1.329202e-04 2.054513e-04
8.751009e-02 5.594492e-04 2.055668e-04
8.778090e-02 7.413402e-04 2.059789e-04
8.805171e-02 4.583094e-04 2.069735e-04
8.832253e-02 7.305797e-04 2.063432e-04
8.859334e-02 5.402900e-04 2.065739e-04
8.886416e-02 4.964806e-04 2.036499e-04
8.913497e-02 4.842598e-04 2.058012e-04
8.940578e-02 1.621693e-04 2.041540e-04
8.967660e-02 6.801896e-04 2.036840e-04
8.994742e-02 8.954499e-04 2.053451e-04
9.021823e-02 4.530605e-04 2.040643e-04
9.048904e-02 7.963609e-04 2.032915e-04
9.075986e-02 3.706012e-04 2.043822e-04
9.103067e-02 6.125607e-04 2.049064e-04
9.130149e-02 5.966686e-04 2.024831e-04
9.157230e-02 5.425289e-04 2.021705e-04
9.184311e-02 6.398987e-04 2.036251e-04
9.211393e-02 5.912315e-04 2.011428e-04
9.238474e-02 2.899598e-04 2.019395e-04
9.265555e-02 8.891597e-04 2.023716e-04
9.292637e-02 4.282501e-04 2.015689e-04
9.319719e-02 1.221770e-03 2.021644e-04
9.346800e-02 6.721411e-04 2.005334e-04
9.373882e-02 1.073796e-04 2.009565e-04
9.400963e-02 5.752388e-04 2.009312e-04
9.428044e-02 8.222703e-04 2.009019e-04
9.455126e-02 3.916603e-04 1.998317e-04
9.482207e-02 4.898310e-04 1.993867e-04
9.509289e-02 9.506196e-04 2.003916e-04
9.536370e-02 3.495198e-04 2.008084e-04
9.563451e-02 4.361887e-04 1.991495e-04
9.590533e-02 5.298108e-04 1.994259e-04
9.617615e-02 1.320988e-04 1.975721e-04
9.644696e-02 7.342193e-04 1.986544e-04
9.671777e-02 8.044299e-04 1.984670e-04
9.698859e-02 6.449893e-04 1.962269e-04
9.725940e-02 9.018499e-04 1.993019e-04
9.753022e-02 5.224906e-04 1.959139e-04
9.780103e-02 3.180895e-04 1.998123e-04
9.807184e-02 7.399600e-04 1.964885e-04
9.834266e-02 4.164707e-04 1.965650e-04
9.861347e-02 1.426488e-04 1.971517e-04
9.888428e-02 -2.289899e-04 1.946311e-04
9.915510e-02 8.668993e-04 1.960976e-04
9.942592e-02 5.021598e-04 1.948505e-04
9.969673e-02 4.150998e-04 1.955900e-04
9.996755e-02 3.667288e-04 1.947766e-04
1.002384e-01 6.324891e-04 1.942305e-04
1.005092e-01 5.545113e-04 1.950419e-04
1.007800e-01 8.545406e-04 1.940981e-04
1.010508e-01 4.910808e-04 1.943380e-04
1.013216e-01 5.911402e-04 1.937483e-04
1.015924e-01 8.054804e-04 1.939957e-04
1.018632e-01 5.634911e-04 1.941219e-04
1.021341e-01 4.288387e-04 1.939457e-04
1.024049e-01 4.019495e-04 1.933256e-04
1.026757e-01 8.007996e-04 1.922801e-04
1.029465e-01 3.806297e-04 1.943582e-04
1.032173e-01 5.251691e-04 1.908303e-04
1.034881e-01 7.042494e-04 1.920897e-04
1.037589e-01 4.504304e-04 1.920861e-04
1.040298e-01 6.790012e-04 1.909593e-04
1.043006e-01 8.356497e-04 1.916704e-04
1.045714e-01 7.855408e-04 1.920329e-04
1.048422e-01 1.119500e-03 1.913709e-04
1.051130e-01 4.917700e-04 1.911103e-04
1.053838e-01 6.371699e-04 1.923119e-04
1.056546e-01 3.497787e-04 1.913315e-04
1.059255e-01 9.238292e-04 1.911415e-04
1.061963e-01 5.936809e-04 1.897677e-04
1.064671e-01 4.216097e-04 1.892851e-04
1.067379e-01 3.281999e-04 1.904228e-04
1.070087e-01 4.313886e-04 1.912896e-04
1.072795e-01 8.864701e-04 1.875998e-04
1.075503e-01 4.319604e-04 1.893258e-04
1.078212e-01 5.028099e-04 1.905446e-04
1.080920e-01 5.795397e-04 1.884339e-04
1.083628e-01 6.933995e-04 1.886122e-04
1.086336e-01 4.670806e-04 1.877415e-04
1.089044e-01 5.537700e-04 1.882420e-04
1.091752e-01 7.150713e-04 1.873796e-04
1.094460e-01 5.526394e-04 1.881841e-04
1.097169e-01 5.575195e-04 1.898405e-04
1.099877e-01 6.962884e-04 1.871343e-04
1.102585e-01 5.621407e-04 1.888640e-04
1.105293e-01 7.467810e-04 1.915978e-04
1.108001e-01 7.345788e-04 1.912332e-04
1.110709e-01 6.709099e-04 1.945435e-04
1.113417e-01 6.500985e-04 1.928964e-04
1.116126e-01 4.030298e-04 1.958638e-04
1.118834e-01 7.971693e-04 1.948282e-04
1.121542e-01 6.918292e-04 1.956466e-04
1.124250e-01 3.604703e-04 1.985938e-04
1.126958e-01 1.786090e-04 1.980274e-04
1.129666e-01 4.648399e-04 1.992050e-04
1.132374e-01 5.743802e-04 2.025998e-04
1.135083e-01 2.666097e-04 2.050347e-04
1.137791e-01 5.484000e-04 2.035096e-04
1.140499e-01 3.700200e-04 2.048455e-04
1.143207e-01 6.905105e-04 2.077292e-04
1.145915e-01 4.740003e-04 2.077547e-04
1.148623e-01 5.339608e-04 2.099468e-04
1.151332e-01 4.545599e-04 2.087321e-04
1.154040e-01 5.075894e-04 2.125366e-04
1.156748e-01 8.058399e-04 2.128098e-04
1.159456e-01 3.024396e-04 2.144717e-04
1.162164e-01 6.016791e-04 2.153268e-04
1.164872e-01 7.655006e-04 2.139893e-04
1.167580e-01 3.685113e-04 2.185714e-04
1.170288e-01 7.049013e-04 2.181713e-04
1.172997e-01 4.278310e-04 2.193750e-04
1.175705e-01 4.941691e-04 2.186738e-04
1.178413e-01 7.916410e-04 2.215027e-04
1.181121e-01 5.351398e-04 2.181359e-04
1.183829e-01 6.212313e-04 2.137877e-04
1.186537e-01 5.395692e-04 2.153351e-04
1.189246e-01 5.137008e-04 2.122332e-04
1.191954e-01 6.257705e-04 2.133020e-04
1.194662e-01 4.785713e-04 2.146600e-04
1.197370e-01 2.804901e-04 2.116132e-04
1.200078e-01 3.723092e-04 2.116395e-04
1.202786e-01 7.415805e-04 2.108836e-04
1.205494e-01 1.828186e-04 2.106889e-04
1.208202e-01 1.995899e-04 2.116591e-04
1.210911e-01 1.554601e-04 2.102765e-04
1.213619e-01 5.275887e-04 2.121351e-04
1.216327e-01 1.375787e-04 2.107865e-04
1.219035e-01 4.074182e-04 2.118434e-04
1.221743e-01 9.228196e-04 2.121535e-04
1.224451e-01 2.764165e-05 2.121389e-04
1.227160e-01 4.276093e-04 2.133307e-04
1.229868e-01 4.698895e-04 2.099745e-04
1.232576e-01 4.265103e-04 2.116274e-04
1.235284e-01 4.778598e-04 2.124558e-04
1.237992e-01 4.190095e-04 2.116679e-04
1.240700e-01 6.385297e-04 2.112931e-04
1.243408e-01 4.465301e-04 2.103825e-04
1.246117e-01 8.512698e-04 2.106306e-04
1.248825e-01 2.259109e-04 2.103323e-04
1.251533e-01 6.047003e-04 2.094274e-04
1.254241e-01 5.649403e-04 2.113979e-04
1.256949e-01 7.773396e-04 2.083667e-04
1.259657e-01 4.801005e-04 2.091088e-04
1.262365e-01 3.518797e-04 2.099384e-04
1.265074e-01 5.711503e-04 2.079336e-04
1.267782e-01 1.434609e-04 2.085478e-04
1.270490e-01 3.518686e-04 2.066103e-04
1.273198e-01 4.905090e-04 2.077779e-04
1.275906e-01 5.173907e-04 2.072813e-04
1.278614e-01 5.640388e-04 2.082034e-04
1.281322e-01 5.164705e-04 2.053916e-04
1.284031e-01 2.585296e-04 2.065504e-04
1.286739e-01 2.941489e-04 2.075010e-04
1.289447e-01 1.685992e-04 2.072366e-04
1.292155e-01 2.269093e-04 2.064536e-04
1.294863e-01 4.363991e-04 2.055750e-04
1.297571e-01 2.220105e-04 2.054559e-04
1.300279e-01 7.693507e-04 2.055347e-04
1.302988e-01 5.022008e-04 2.051589e-04
1.305696e-01 8.377600e-04 2.061792e-04
1.308404e-01 7.880293e-04 2.047738e-04
1.311112e-01 3.803503e-04 2.051576e-04
1.313820e-01 3.467202e-04 2.043387e-04
1.316528e-01 2.092998e-04 2.064249e-04
1.319236e-01 3.073402e-04 2.047968e-04
1.321945e-01 5.032793e-04 2.046574e-04
1.324653e-01 6.978400e-04 2.034144e-04
1.327361e-01 1.237616e-04 2.035588e-04
1.330069e-01 6.177109e-04 2.048227e-04
1.332777e-01 -8.882023e-05 2.050688e-04
1.335485e-01 7.302500e-04 2.026071e-04
1.338193e-01 6.901901e-04 2.054422e-04
1.340902e-01 5.394798e-04 2.011274e-04
1.343610e-01 4.439000e-04 2.028493e-04
1.346318e-01 5.248114e-04 2.028417e-04
1.349026e-01 9.394996e-05 2.015173e-04
1.351734e-01 3.289990e-04 2.045673e-04
1.354442e-01 6.485805e-04 2.021879e-04
1.357151e-01 3.156513e-04 2.032576e-04
1.359859e-01 3.124401e-04 2.015551e-04
1.362567e-01 7.254910e-04 2.025664e-04
1.365275e-01 5.122796e-04 2.009448e-04
1.367983e-01 2.491809e-04 2.012619e-04
1.370691e-01 -4.930981e-05 2.043921e-04
1.373399e-01 4.317686e-04 2.045350e-04
1.376107e-01 4.954915e-04 2.074714e-04
1.378816e-01 4.136097e-04 2.103204e-04
1.381524e-01 5.011074e-05 2.081554e-04
1.384232e-01 4.546698e-04 2.116066e-04
1.386940e-01 5.971417e-04 2.110190e-04
1.389648e-01 5.466901e-04 2.130115e-04
1.392356e-01 4.980806e-04 2.151006e-04
1.395064e-01 6.176494e-04 2.145845e-04
1.397773e-01 4.724506e-04 2.162693e-04
1.400481e-01 1.531299e-04 2.149507e-04
1.403189e-01 2.225917e-04 2.177215e-04
1.405897e-01 2.706908e-04 2.186296e-04
1.408605e-01 4.265308e-04 2.187182e-04
1.411313e-01 5.189795e-04 2.202190e-04
1.414021e-01 1.016092e-04 2.181715e-04
1.416730e-01 7.552896e-04 2.212040e-04
1.419438e-01 4.308093e-04 2.222858e-04
1.422146e-01 2.288893e-04 2.246417e-04
1.424854e-01 2.138000e-04 2.232097e-04
1.427562e-01 4.262310e-04 2.213626e-04
1.430270e-01 2.259109e-04 2.210021e-04
1.432979e-01 2.797134e-05 2.215838e-04
1.435687e-01 2.931803e-04 2.255452e-04
1.438395e-01 4.112795e-04 2.251360e-04
1.441103e-01 8.002985e-04 2.253873e-04
1.443811e-01 4.779696e-04 2.256490e-04
1.446519e-01 5.199704e-04 2.256229e-04
1.449227e-01 4.176497e-04 2.301519e-04
1.451935e-01 5.602594e-04 2.250209e-04
1.454644e-01 3.346298e-04 2.296942e-04
1.457352e-01 3.057905e-05 2.297086e-04
1.460060e-01 7.152297e-04 2.287655e-04
1.462768e-01 -1.330003e-04 2.307956e-04
1.465476e-01 3.576186e-04 2.291266e-04
1.468184e-01 2.945811e-04 2.328486e-04
1.470892e-01 2.155490e-04 2.317162e-04
1.473601e-01 4.895404e-04 2.307404e-04
1.476309e-01 4.875399e-04 2.308302e-04
1.479017e-01 9.567104e-05 2.316351e-04
1.481725e-01 4.584007e-04 2.337729e-04
1.484433e-01 4.136898e-04 2.292768e-04
1.487141e-01 3.406592e-04 2.324648e-04
1.489850e-01 4.505813e-04 2.291408e-04
1.492558e-01 4.146714e-04 2.325255e-04
1.495266e-01 1.745913e-04 2.311356e-04
1.497974e-01 7.480942e-05 2.279134e-04
1.500682e-01 1.197495e-04 2.298935e-04
1.503390e-01 1.513604e-04 2.302910e-04
1.506098e-01 2.493616e-04 2.280479e-04
1.508806e-01 3.346801e-04 2.298686e-04
1.511515e-01 5.033500e-04 2.283319e-04
1.514223e-01 2.458598e-04 2.315246e-04
1.516931e-01 4.403908e-04 2.311678e-04
1.519639e-01 7.815007e-04 2.311845e-04
1.522347e-01 1.915600e-04 2.314105e-04
1.525055e-01 2.375990e-04 2.290342e-04
1.527763e-01 2.491903e-04 2.336815e-04
1.530472e-01 4.366301e-04 2.275449e-04
1.533180e-01 6.823093e-04 2.336787e-04
1.535888e-01 3.361106e-04 2.328109e-04
1.538596e-01 5.328301e-04 2.302543e-04
1.541304e-01 1.280494e-04 2.337454e-04
1.544012e-01 3.692284e-04 2.302857e-04
1.546721e-01 5.719084e-04 2.332590e-04
1.549429e-01 2.974514e-04 2.336542e-04
1.552137e-01 5.128905e-04 2.309203e-04
1.554845e-01 6.154310e-04 2.318651e-04
1.557553e-01 5.658399e-04 2.318191e-04
1.560261e-01 2.497211e-04 2.313749e-04
1.562969e-01 -7.178076e-05 2.312722e-04
1.565678e-01 -6.892905e-05 2.311612e-04
1.568386e-01 3.528092e-04 2.317681e-04
1.571094e-01 -1.319908e-04 2.332569e-04
1.573802e-01 2.309009e-04 2.324577e-04
1.576510e-01 4.126113e-04 2.306321e-04
1.579218e-01 5.681496e-04 2.327141e-04
1.581926e-01 1.109298e-04 2.320744e-04
1.584634e-01 2.087001e-04 2.308378e-04
1.587343e-01 5.586073e-05 2.305781e-04
1.590051e-01 4.329309e-04 2.305510e-04
1.592759e-01 4.802886e-04 2.314443e-04
1.595467e-01 4.245192e-04 2.310074e-04
1.598175e-01 3.071595e-04 2.299372e-04
1.600883e-01 6.021205e-04 2.296751e-04
1.603591e-01 5.030707e-04 2.308412e-04
1.606300e-01 4.275702e-04 2.312969e-04
1.609008e-01 3.133696e-04 2.299638e-04
1.611716e-01 2.036802e-04 2.296941e-04
1.614424e-01 2.083685e-04 2.290261e-04
1.617132e-01 3.598705e-04 2.296387e-04
1.619840e-01 3.928207e-04 2.292031e-04
1.622549e-01 4.374608e-04 2.275222e-04
1.625257e-01 6.699786e-04 2.296728e-04
1.627965e-01 6.682612e-04 2.279740e-04
1.630673e-01 1.048502e-04 2.288776e-04
1.633381e-01 -7.130019e-05 2.296507e-04
1.636089e-01 5.829111e-04 2.293836e-04
1.638797e-01 -1.044199e-04 2.290650e-04
1.641506e-01 4.759189e-04 2.284019e-04
1.644214e-01 1.829900e-04 2.273227e-04
1.646922e-01 4.011989e-04 2.292858e-04
1.649630e-01 1.946390e-04 2.292122e-04
1.652338e-01 5.711000e-04 2.311993e-04
1.655046e-01 4.885402e-04 2.295275e-04
1.657754e-01 4.496891e-04 2.294560e-04
1.660462e-01 2.990905e-04 2.303296e-04
1.663171e-01 3.373995e-04 2.288237e-04
1.665879e-01 9.479001e-06 2.283691e-04
1.668587e-01 3.116801e-04 2.309762e-04
1.671295e-01 2.885796e-04 2.302792e-04
1.674003e-01 4.039500e-04 2.291334e-04
1.676711e-01 4.423894e-04 2.362971e-04
1.679420e-01 4.982091e-04 2.416903e-04
1.682128e-01 -2.409890e-05 2.438889e-04
1.684836e-01 -6.560236e-06 2.483844e-04
1.687544e-01 4.984289e-04 2.470384e-04
1.690252e-01 4.126392e-04 2.539166e-04
1.692960e-01 7.659402e-04 2.524974e-04
1.695668e-01 3.346093e-04 2.571498e-04
1.698377e-01 1.604389e-04 2.567965e-04
1.701085e-01 2.266392e-04 2.584163e-04
1.703793e-01 8.817296e-04 2.606394e-04
1.706501e-01 4.371312e-04 2.602805e-04
1.709209e-01 1.924001e-04 2.630052e-04
1.711917e-01 -1.479592e-04 2.663660e-04
1.714625e-01 2.534296e-04 2.670292e-04
1.717333e-01 5.925391e-04 2.699480e-04
1.720042e-01 2.889913e-04 2.700479e-04
1.722750e-01 5.756114e-04 2.744938e-04
1.725458e-01 3.072005e-04 2.740206e-04
1.728166e-01 6.239899e-04 2.764500e-04
1.730874e-01 3.820211e-04 2.795791e-04
1.733582e-01 -4.885904e-05 2.786964e-04
1.736291e-01 4.980788e-04 2.843994e-04
1.738999e-01 3.516413e-04 2.797257e-04
1.741707e-01 6.062109e-04 2.867975e-04
1.744415e-01 4.833899e-04 2.879577e-04
1.747123e-01 2.926011e-04 2.885172e-04
1.749831e-01 1.261998e-04 2.793279e-04
1.752539e-01 3.418904e-04 2.704173e-04
1.755248e-01 1.277495e-04 2.710168e-04
1.757956e-01 4.667006e-04 2.669614e-04
1.760664e-01 2.562199e-04 2.691807e-04
1.763372e-01 6.556306e-04 2.682610e-04
1.766080e-01 -1.164898e-04 2.676680e-04
1.768788e-01 -1.727901e-04 2.661972e-04
1.771496e-01 1.229905e-04 2.595674e-04
1.774205e-01 3.767405e-04 2.612932e-04
1.776913e-01 3.825296e-04 2.615104e-04
1.779621e-01 -1.890957e-05 2.610060e-04
1.782329e-01 4.009195e-04 2.601678e-04
1.785037e-01 4.330091e-05 2.564723e-04
1.787745e-01 6.159600e-04 2.599121e-04
1.790453e-01 -2.411008e-05 2.577432e-04
1.793161e-01 -8.847006e-05 2.563930e-04
1.795870e-01 3.063902e-04 2.567692e-04
1.798578e-01 -1.610313e-04 2.544557e-04
1.801286e-01 7.748045e-05 2.533117e-04
1.803994e-01 1.198053e-05 2.494741e-04
1.806702e-01 -3.683940e-05 2.505333e-04
1.809410e-01 1.612399e-04 2.545918e-04
1.812119e-01 4.619192e-04 2.511654e-04
1.814827e-01 2.213903e-04 2.514076e-04
1.817535e-01 4.926603e-04 2.493438e-04
1.820243e-01 2.609007e-04 2.504518e-04
1.822951e-01 -9.262934e-05 2.500789e-04
1.825659e-01 1.128390e-04 2.481366e-04
1.828367e-01 4.935078e-05 2.519886e-04
1.831076e-01 -1.111794e-04 2.465551e-04
1.833784e-01 6.422400e-04 2.520550e-04
1.836492e-01 4.777685e-04 2.483955e-04
1.839200e-01 3.501493e-04 2.497964e-04
1.841908e-01 3.596600e-04 2.481262e-04
1.844616e-01 -2.710596e-04 2.482170e-04
1.847324e-01 1.227409e-04 2.500400e-04
1.850033e-01 1.755990e-04 2.470078e-04
1.852741e-01 3.503002e-04 2.488187e-04
1.855449e-01 2.976302e-04 2.463334e-04
1.858157e-01 4.504900e-04 2.483289e-04
1.860865e-01 1.523104e-04 2.496705e-04
1.863573e-01 8.034613e-04 2.462757e-04
1.866281e-01 5.175900e-04 2.456471e-04
1.868990e-01 6.030314e-04 2.466324e-04
1.871698e-01 3.004409e-04 2.487791e-04
1.874406e-01 -1.233201e-04 2.479675e-04
1.877114e-01 9.258296e-04 2.460205e-04
1.879822e-01 4.104003e-04 2.478097e-04
1.882530e-01 2.506990e-04 2.426184e-04
1.885238e-01 5.729496e-04 2.474183e-04
1.887947e-01 3.389902e-04 2.473194e-04
1.890655e-01 2.188403e-04 2.466362e-04
1.893363e-01 4.420988e-05 2.483629e-04
1.896071e-01 -1.810715e-04 2.448763e-04
1.898779e-01 5.942285e-04 2.471648e-04
1.901487e-01 6.315485e-04 2.451324e-04
1.904195e-01 2.554003e-04 2.492689e-04
1.906904e-01 5.036499e-04 2.497328e-04
1.909612e-01 4.798397e-04 2.446923e-04
1.912320e-01 6.388873e-07 2.487975e-04
1.915028e-01 3.067497e-04 2.431044e-04
1.917736e-01 8.939095e-04 2.467812e-04
1.920444e-01 8.917283e-04 2.454174e-04
1.923153e-01 -1.340508e-04 2.453495e-04
1.925861e-01 4.301984e-04 2.472074e-04
1.928569e-01 -3.758911e-04 2.450980e-04
1.931277e-01 2.031904e-04 2.451281e-04
1.933985e-01 6.428417e-04 2.442529e-04
1.936693e-01 5.091894e-04 2.454647e-04
1.939401e-01 3.502704e-04 2.480043e-04
1.942109e-01 7.342305e-04 2.454148e-04
1.944818e-01 3.016386e-04 2.461875e-04
1.947526e-01 4.762970e-05 2.442587e-04
1.950234e-01 2.764296e-04 2.443193e-04
1.952942e-01 1.902804e-04 2.473728e-04
1.955650e-01 5.314499e-04 2.463223e-04
1.958358e-01 6.284993e-04 2.461846e-04
1.961066e-01 3.165212e-04 2.460707e-04
1.963775e-01 8.424930e-05 2.453751e-04
1.966483e-01 3.966987e-04 2.447941e-04
1.969191e-01 5.128495e-04 2.451157e-04
1.971899e-01 5.735289e-04 2.455166e-04
1.974607e-01 4.566591e-04 2.466348e-04
1.977315e-01 2.435409e-04 2.459149e-04
1.980023e-01 5.158689e-04 2.441144e-04
1.982732e-01 9.408034e-05 2.436389e-04
1.985440e-01 7.162299e-04 2.462792e-04
1.988148e-01 4.917793e-04 2.454898e-04
1.990856e-01 -3.027394e-04 2.449862e-04
1.993564e-01 2.578907e-04 2.448919e-04
1.996272e-01 4.269201e-04 2.435113e-04
1.998980e-01 -1.520701e-04 2.426821e-04
2.001689e-01 7.395484e-04 2.414005e-04
2.004397e-01 4.822910e-04 2.419979e-04
2.007105e-01 3.727898e-04 2.418722e-04
2.009813e-01 1.837108e-04 2.433214e-04
2.012521e-01 1.520105e-05 2.431546e-04
2.015229e-01 5.893111e-04 2.428539e-04
2.017937e-01 1.477208e-04 2.434207e-04
2.020646e-01 1.047568e-03 2.439828e-04
2.023354e-01 7.318091e-04 2.436133e-04
2.026062e-01 5.027503e-04 2.421780e-04
2.028770e-01 7.925201e-04 2.436673e-04
2.031478e-01 2.978295e-04 2.403185e-04
2.034186e-01 7.657018e-04 2.418733e-04
2.036894e-01 1.029970e-03 2.394353e-04
2.039603e-01 6.983001e-04 2.407593e-04
2.042311e-01 2.230294e-04 2.410014e-04
2.045019e-01 5.325098e-04 2.388819e-04
2.047727e-01 5.058609e-04 2.408349e-04
2.050435e-01 1.941714e-04 2.379420e-04
2.053143e-01 2.551209e-04 2.405040e-04
2.055852e-01 6.758906e-04 2.386204e-04
2.058560e-01 5.145315e-04 2.386305e-04
2.061268e-01 4.675016e-04 2.383970e-04
2.063976e-01 4.746206e-04 2.390463e-04
2.066684e-01 6.194804e-04 2.404264e-04
2.069392e-01 2.904702e-04 2.373490e-04
2.072100e-01 2.171416e-04 2.372420e-04
2.074808e-01 1.006592e-04 2.367702e-04
2.077517e-01 6.149597e-04 2.372046e-04
2.080225e-01 3.233925e-05 2.369172e-04
2.082933e-01 7.177591e-04 2.376047e-04
2.085641e-01 2.491996e-04 2.357148e-04
2.088349e-01 3.062505e-04 2.390166e-04
2.091057e-01 7.237904e-04 2.371107e-04
2.093765e-01 3.934801e-04 2.369436e-04
2.096474e-01 1.008306e-04 2.368640e-04
2.099182e-01 6.805398e-04 2.376673e-04
2.101890e-01 3.185198e-04 2.355171e-04
2.104598e-01 6.612949e-05 2.388967e-04
2.107306e-01 2.256092e-04 2.368351e-04
2.110014e-01 1.428910e-04 2.376428e-04
2.112723e-01 -2.722293e-04 2.350057e-04
2.115431e-01 4.691388e-04 2.345805e-04
2.118139e-01 4.461799e-04 2.350084e-04
2.120847e-01 4.308317e-04 2.397996e-04
2.123555e-01 2.270564e-06 2.396159e-04
2.126263e-01 2.461299e-04 2.351217e-04
2.128971e-01 3.806315e-04 2.373829e-04
2.131680e-01 4.565194e-04 2.379475e-04
2.134388e-01 4.378501e-04 2.375528e-04
2.137096e-01 3.855806e-04 2.366735e-04
2.139804e-01 1.361705e-04 2.382980e-04
2.142512e-01 3.122296e-04 2.377425e-04
2.145220e-01 1.394488e-04 2.374740e-04
2.147928e-01 -1.466982e-04 2.363905e-04
2.150636e-01 1.901388e-04 2.382196e-04
2.153345e-01 2.151113e-04 2.383989e-04
2.156053e-01 1.861285e-04 2.393476e-04
2.158761e-01 4.371386e-04 2.401906e-04
2.161469e-01 3.366098e-04 2.377515e-04
2.164177e-01 5.465113e-04 2.382045e-04
2.166885e-01 3.832709e-04 2.388145e-04
2.169593e-01 1.640599e-04 2.367288e-04
2.172302e-01 5.371794e-04 2.381492e-04
2.175010e-01 2.613906e-04 2.367623e-04
2.177718e-01 1.465008e-04 2.359639e-04
2.180426e-01 3.100205e-04 2.381278e-04
2.183134e-01 5.714912e-04 2.374807e-04
2.185842e-01 3.618002e-04 2.374686e-04
2.188551e-01 3.689695e-04 2.362168e-04
2.191259e-01 4.828386e-04 2.363921e-04
2.193967e-01 3.537796e-04 2.354519e-04
2.196675e-01 3.000610e-04 2.337949e-04
2.199383e-01 2.550092e-04 2.355025e-04
2.202091e-01 9.209495e-04 2.352528e-04
2.204799e-01 4.766788e-04 2.335323e-04
2.207507e-01 2.103001e-04 2.348932e-04
2.210216e-01 2.889894e-04 2.345098e-04
2.212924e-01 2.996810e-04 2.358162e-04
2.215632e-01 4.649591e-04 2.317377e-04
2.218340e-01 3.275089e-04 2.343218e-04
2.221048e-01 4.121214e-04 2.319526e-04
2.223756e-01 1.213104e-04 2.334489e-04
2.226464e-01 5.053096e-04 2.326567e-04
2.229173e-01 8.022040e-05 2.324177e-04
2.231881e-01 -1.689196e-04 2.310256e-04
2.234589e-01 2.345312e-04 2.331503e-04
2.237297e-01 4.701298e-04 2.328705e-04
2.240005e-01 2.652816e-04 2.324490e-04
2.242713e-01 3.984906e-04 2.314540e-04
2.245422e-01 2.842303e-04 2.325104e-04
2.248130e-01 8.672196e-04 2.328830e-04
2.250838e-01 7.925704e-04 2.318953e-04
2.253546e-01 8.049197e-04 2.337756e-04
2.256254e-01 2.210606e-04 2.321507e-04
2.258962e-01 1.828093e-04 2.323113e-04
2.261670e-01 5.222894e-04 2.438279e-04
2.264379e-01 4.006401e-04 2.478486e-04
2.267087e-01 -1.184214e-04 2.468839e-04
2.269795e-01 2.495795e-04 2.528507e-04
2.272503e-01 4.519913e-04 2.538633e-04
2.275211e-01 9.988397e-04 2.607949e-04
2.277919e-01 -7.759966e-05 2.594986e-04
2.280627e-01 5.608294e-04 2.648455e-04
2.283335e-01 5.046502e-04 2.661431e-04
2.286044e-01 3.645308e-04 2.679436e-04
2.288752e-01 3.073607e-04 2.720626e-04
2.291460e-01 1.780111e-04 2.726381e-04
2.294168e-01 6.622095e-04 2.776749e-04
2.296876e-01 7.676501e-04 2.786020e-04
2.299584e-01 5.122889e-04 2.781604e-04
2.302293e-01 7.092599e-04 2.859293e-04
2.305001e-01 1.519583e-04 2.892519e-04
2.307709e-01 1.316406e-04 2.881888e-04
2.310417e-01 2.017096e-04 2.945787e-04
2.313125e-01 5.190503e-04 2.920848e-04
2.315833e-01 2.672393e-04 2.953881e-04
2.318541e-01 1.966115e-04 2.977820e-04
2.321250e-01 2.323017e-04 2.993230e-04
2.323958e-01 4.491899e-04 3.019036e-04
2.326666e-01 -3.744103e-05 3.048327e-04
2.329374e-01 8.308589e-04 3.080205e-04
2.332082e-01 4.243217e-04 3.068902e-04
2.334790e-01 6.173886e-04 3.105609e-04
2.337498e-01 8.176193e-04 3.193386e-04
2.340207e-01 3.091693e-04 3.169662e-04
2.342915e-01 1.052400e-03 3.218683e-04
2.345623e-01 4.736502e-04 3.204492e-04
2.348331e-01 4.839916e-04 3.262745e-04
2.351039e-01 9.914804e-04 3.314304e-04
2.353747e-01 5.617104e-04 3.285449e-04
2.356455e-01 8.727796e-04 3.378950e-04
2.359163e-01 8.418504e-04 3.357983e-04
2.361872e-01 -5.559996e-05 3.391222e-04
2.364580e-01 5.747303e-04 3.458678e-04
2.367288e-01 4.716031e-05 3.428552e-04
2.369996e-01 5.933717e-04 3.483670e-04
2.372704e-01 3.986210e-04 3.519206e-04
2.375412e-01 -3.146008e-05 3.542712e-04
2.378121e-01 4.178509e-04 3.597036e-04
2.380829e-01 1.035407e-04 3.610751e-04
2.383537e-01 3.940109e-04 3.637979e-04
2.386245e-01 1.405794e-04 3.721507e-04
2.388953e-01 1.144510e-03 3.712377e-04
2.391661e-01 7.523913e-04 3.740096e-04
2.394369e-01 5.610418e-04 3.754412e-04
2.397078e-01 3.841892e-04 3.884806e-04
2.399786e-01 9.030104e-06 3.862233e-04
2.402494e-01 -4.900992e-05 3.854483e-04
2.405202e-01 1.100171e-03 3.873737e-04
2.407910e-01 8.625165e-05 3.982773e-04
2.410618e-01 7.168502e-04 4.021377e-04
2.413326e-01 6.203800e-04 4.107325e-04
2.416034e-01 6.475393e-04 4.089109e-04
2.418743e-01 7.685497e-04 4.148072e-04
2.421451e-01 2.654698e-04 4.219951e-04
2.424159e-01 1.035891e-04 4.297116e-04
2.426867e-01 1.524501e-04 4.262257e-04
2.429575e-01 1.108861e-03 4.379359e-04
2.432283e-01 5.302988e-04 4.487004e-04
2.434992e-01 1.143789e-03 4.427695e-04
2.437700e-01 2.734400e-04 4.455516e-04
2.440408e-01 9.201299e-04 4.616397e-04
2.443116e-01 2.985001e-04 4.675233e-04
2.445824e-01 -4.248004e-04 4.613565e-04
2.448532e-01 -8.065999e-05 4.589363e-04
2.451240e-01 3.609806e-06 4.804228e-04
2.453949e-01 -6.799102e-04 4.911866e-04
2.456657e-01 7.620100e-04 4.903244e-04
2.459365e-01 4.707687e-04 4.983920e-04
2.462073e-01 3.504008e-04 4.886894e-04
2.464781e-01 1.835395e-04 5.148004e-04
2.467489e-01 5.124807e-04 5.261061e-04
2.470197e-01 9.314902e-05 5.211048e-04
2.472906e-01 -2.617501e-04 5.378156e-04
2.475614e-01 4.747510e-04 5.513538e-04
2.478322e-01 -5.153194e-04 5.671244e-04
2.481030e-01 6.293301e-04 5.512026e-04
2.483738e-01 1.852568e-03 5.633600e-04
2.486446e-01 7.949602e-04 5.895849e-04
2.489154e-01 9.895898e-04 6.158445e-04
2.491863e-01 3.183801e-04 6.173658e-04
2.494571e-01 7.501990e-05 6.254489e-04
2.497279e-01 1.134841e-03 6.405068e-04
2.499987e-01 5.893912e-04 6.603045e-04
2.502695e-01 -6.094091e-04 6.738361e-04
2.505403e-01 7.519815e-04 6.906786e-04
2.508111e-01 1.544392e-03 7.119946e-04
2.510819e-01 -9.899903e-04 7.435151e-04
2.513528e-01 1.235493e-04 7.316383e-04
2.516236e-01 2.766401e-04 7.837995e-04
2.518944e-01 4.157294e-04 7.919785e-04
2.521652e-01 -6.793290e-04 8.401714e-04
2.524360e-01 8.319002e-04 8.519387e-04
2.527068e-01 1.020150e-03 8.155598e-04
2.529776e-01 4.572906e-04 8.773631e-04
2.532485e-01 1.401229e-03 8.856034e-04
2.535193e-01 1.610529e-03 9.314034e-04
2.537901e-01 7.110704e-04 9.390582e-04
2.540609e-01 4.880503e-04 9.316897e-04
2.543317e-01 2.040841e-03 1.016077e-03
2.546025e-01 6.737914e-04 1.034087e-03
2.548733e-01 7.136296e-04 1.073229e-03
2.551441e-01 1.521371e-03 1.116910e-03
2.554150e-01 -9.501595e-04 1.122397e-03
2.556858e-01 1.028141e-03 1.156578e-03
2.559566e-01 3.496502e-04 1.299758e-03
2.562274e-01 1.502221e-03 1.372998e-03
2.564982e-01 1.313441e-03 1.463567e-03
2.567690e-01 -1.197129e-03 1.658606e-03
2.570398e-01 8.962601e-04 1.862307e-03
2.573107e-01 -4.717894e-04 1.947012e-03
2.575815e-01 2.676230e-03 2.621949e-03
2.578523e-01 -5.725697e-04 3.224646e-03
2.581231e-01 9.736791e-04 4.263925e-03
