3.286826e-03 -1.556301e-01 0.000000e+00
3.557641e-03 5.020475e-02 7.852705e-02
3.828455e-03 -2.827597e-02 4.964609e-02
4.099269e-03 2.753091e-02 3.881512e-02
4.370084e-03 2.234507e-02 2.756738e-02
4.640898e-03 1.877999e-02 1.986731e-02
4.911712e-03 1.700306e-02 1.715740e-02
5.182527e-03 2.372801e-02 1.334019e-02
5.453341e-03 2.456594e-02 1.204849e-02
5.724155e-03 5.307913e-03 9.083807e-03
5.994970e-03 1.616299e-02 8.208325e-03
6.265784e-03 1.599133e-03 6.891740e-03
6.536598e-03 9.983897e-03 5.526715e-03
6.807412e-03 6.769061e-03 5.033069e-03
7.078227e-03 7.892609e-03 4.312550e-03
7.349041e-03 1.257443e-02 3.845014e-03
7.619855e-03 1.214561e-02 3.405104e-03
7.890671e-03 7.421494e-03 3.004729e-03
8.161485e-03 7.245779e-03 2.728143e-03
8.432299e-03 4.864305e-03 2.481192e-03
8.703114e-03 7.900596e-03 2.292391e-03
8.973928e-03 1.262569e-02 2.053293e-03
9.244742e-03 4.785493e-03 1.872174e-03
9.515557e-03 7.639602e-03 1.768747e-03
9.786371e-03 6.132305e-03 1.609109e-03
1.005718e-02 5.522698e-03 1.521898e-03
1.032800e-02 6.085396e-03 1.388454e-03
1.059881e-02 4.373193e-03 1.337620e-03
1.086963e-02 4.388303e-03 1.235623e-03
1.114044e-02 6.130606e-03 1.149467e-03
1.141126e-02 3.947705e-03 1.138455e-03
1.168207e-02 6.668195e-03 1.066562e-03
1.195289e-02 5.150601e-03 1.026229e-03
1.222370e-02 4.093297e-03 9.742118e-04
1.249451e-02 3.962897e-03 9.393960e-04
1.276533e-02 5.202048e-03 8.941024e-04
1.303614e-02 3.788255e-03 8.592939e-04
1.330696e-02 4.014015e-03 8.184438e-04
1.357777e-02 3.657214e-03 8.011907e-04
1.384859e-02 4.537024e-03 7.667220e-04
1.411940e-02 2.228856e-03 7.347302e-04
1.439021e-02 3.481500e-03 7.009818e-04
1.466103e-02 3.437839e-03 6.847423e-04
1.493184e-02 2.377093e-03 6.769092e-04
1.520266e-02 3.561102e-03 6.475115e-04
1.547347e-02 3.456071e-03 6.313984e-04
1.574429e-02 3.690977e-03 6.116616e-04
1.601510e-02 2.855927e-03 6.082814e-04
1.628591e-02 3.364872e-03 5.850737e-04
1.655673e-02 3.294747e-03 5.754169e-04
1.682754e-02 1.104169e-03 5.635338e-04
1.709836e-02 2.669081e-03 5.470959e-04
1.736917e-02 2.108891e-03 5.325313e-04
1.763999e-02 2.436981e-03 5.266717e-04
1.791080e-02 1.954772e-03 5.111476e-04
1.818161e-02 1.501400e-03 5.085411e-04
1.845243e-02 1.255210e-03 5.033707e-04
1.872324e-02 9.204783e-04 5.014888e-04
1.899406e-02 1.959920e-03 4.905483e-04
1.926487e-02 2.423510e-03 4.885020e-04
1.953569e-02 8.806922e-04 4.834565e-04
1.980650e-02 1.322940e-03 4.883623e-04
2.007731e-02 8.738898e-04 4.684059e-04
2.034813e-02 1.472179e-03 4.754597e-04
2.061894e-02 1.019452e-03 4.635557e-04
2.088976e-02 9.646714e-04 4.617567e-04
2.116057e-02 1.332901e-03 4.567021e-04
2.143139e-02 2.022307e-03 4.505906e-04
2.170220e-02 4.751310e-04 4.506751e-04
2.197302e-02 9.681806e-04 4.442482e-04
2.224383e-02 1.435928e-03 4.357386e-04
2.251465e-02 1.844842e-03 4.326028e-04
2.278546e-02 4.309900e-04 4.176426e-04
2.305627e-02 9.220392e-04 4.203046e-04
2.332709e-02 5.541891e-04 4.110146e-04
2.359790e-02 7.036589e-04 3.979457e-04
2.386872e-02 1.501620e-03 4.025052e-04
2.413953e-02 5.591512e-04 3.935391e-04
2.441034e-02 5.658604e-04 3.855896e-04
2.468116e-02 9.069592e-04 3.856310e-04
2.495197e-02 1.212381e-03 3.796204e-04
2.522279e-02 5.793497e-04 3.784840e-04
2.549360e-02 3.626719e-04 3.673279e-04
2.576442e-02 5.414300e-04 3.611477e-04
2.603523e-02 5.037114e-04 3.628433e-04
2.630604e-02 9.735711e-04 3.588407e-04
2.657686e-02 5.018301e-04 3.624166e-04
2.684767e-02 2.675019e-04 3.488102e-04
2.711849e-02 4.538372e-04 3.521332e-04
2.738930e-02 6.200112e-04 3.512482e-04
2.766012e-02 5.725585e-04 3.408844e-04
2.793093e-02 8.576699e-04 3.394124e-04
2.820175e-02 9.683482e-04 3.353713e-04
2.847256e-02 3.529899e-04 3.321322e-04
2.874337e-02 3.274903e-04 3.301430e-04
2.901419e-02 1.051970e-03 3.244553e-04
2.928500e-02 6.482117e-04 3.232961e-04
2.955582e-02 3.580414e-04 3.229303e-04
2.982663e-02 -1.536384e-04 3.189211e-04
3.009745e-02 3.583208e-04 3.214177e-04
3.036826e-02 3.850199e-04 3.130737e-04
3.063907e-02 5.966909e-04 3.095213e-04
3.090989e-02 7.915199e-04 3.113859e-04
3.118070e-02 3.455095e-04 3.075204e-04
3.145152e-02 -9.950250e-06 3.079073e-04
3.172233e-02 1.934804e-04 3.031260e-04
3.199315e-02 2.734885e-04 3.038042e-04
3.226396e-02 1.117885e-04 3.007589e-04
3.253478e-02 -1.854077e-05 2.988979e-04
3.280559e-02 6.140396e-04 2.939567e-04
3.307641e-02 6.044582e-04 2.981668e-04
3.334722e-02 8.768961e-05 2.913843e-04
3.361803e-02 -1.510978e-05 2.974285e-04
3.388885e-02 7.037818e-05 2.887230e-04
3.415966e-02 -1.549311e-04 2.916893e-04
3.443048e-02 3.224500e-04 2.882903e-04
3.470129e-02 7.396918e-04 2.835772e-04
3.497211e-02 -4.854053e-05 2.835767e-04
3.524292e-02 2.056621e-04 2.816238e-04
3.551374e-02 5.923212e-07 2.845412e-04
3.578455e-02 5.109385e-04 2.806533e-04
3.605536e-02 -2.551377e-04 2.777592e-04
3.632618e-02 -2.439488e-04 2.775668e-04
3.659699e-02 -1.913216e-04 2.753580e-04
3.686780e-02 2.250820e-04 2.751411e-04
3.713862e-02 -4.489701e-04 2.734273e-04
3.740944e-02 4.944094e-04 2.717901e-04
3.768025e-02 -1.013298e-04 2.685608e-04
3.795106e-02 7.620081e-06 2.675247e-04
3.822188e-02 4.060697e-04 2.688291e-04
3.849269e-02 -5.307049e-05 2.640604e-04
3.876351e-02 2.890006e-04 2.635711e-04
3.903432e-02 1.119897e-04 2.626787e-04
3.930514e-02 -1.155809e-04 2.624899e-04
3.957595e-02 4.102997e-04 2.612232e-04
3.984676e-02 6.339587e-04 2.603274e-04
4.011758e-02 2.526790e-04 2.599873e-04
4.038839e-02 -5.589984e-05 2.599925e-04
4.065921e-02 -3.640484e-04 2.552258e-04
4.093002e-02 3.321096e-05 2.557142e-04
4.120084e-02 -1.484491e-04 2.556249e-04
4.147165e-02 -9.282865e-05 2.546724e-04
4.174246e-02 3.913511e-04 2.531909e-04
4.201328e-02 -3.426410e-04 2.486822e-04
4.228409e-02 -6.650947e-05 2.499601e-04
4.255491e-02 5.949307e-04 2.479165e-04
4.282572e-02 -1.424495e-04 2.493121e-04
4.309653e-02 1.585595e-04 2.454773e-04
4.336735e-02 8.851886e-04 2.453741e-04
4.363817e-02 5.053990e-04 2.464501e-04
4.390898e-02 1.231600e-04 2.469938e-04
4.417979e-02 2.340898e-04 2.450309e-04
4.445061e-02 3.829915e-04 2.399368e-04
4.472142e-02 2.979115e-05 2.403079e-04
4.499224e-02 -4.388392e-06 2.424251e-04
4.526305e-02 2.828687e-04 2.412257e-04
4.553387e-02 -2.590939e-05 2.392054e-04
4.580468e-02 7.466041e-05 2.392230e-04
4.607549e-02 2.147071e-05 2.385729e-04
4.634631e-02 1.907516e-04 2.367466e-04
4.661712e-02 2.461988e-04 2.363765e-04
4.688794e-02 -9.595975e-05 2.344646e-04
4.715875e-02 1.684017e-05 2.357233e-04
4.742957e-02 2.223197e-04 2.332055e-04
4.770038e-02 1.616031e-05 2.326242e-04
4.797119e-02 3.295094e-04 2.301616e-04
4.824201e-02 7.114001e-05 2.317062e-04
4.851282e-02 1.209192e-04 2.325546e-04
4.878364e-02 8.371100e-05 2.266480e-04
4.905445e-02 2.930202e-04 2.280790e-04
4.932526e-02 9.217113e-05 2.284907e-04
4.959608e-02 6.379001e-05 2.247503e-04
4.986690e-02 1.262110e-04 2.283694e-04
5.013771e-02 -3.340691e-04 2.261568e-04
5.040852e-02 5.084109e-04 2.247572e-04
5.067934e-02 1.769699e-04 2.244617e-04
5.095015e-02 2.626404e-04 2.228823e-04
5.122096e-02 4.839897e-04 2.237081e-04
5.149178e-02 5.181134e-05 2.220416e-04
5.176260e-02 3.138706e-04 2.221621e-04
5.203341e-02 1.817606e-04 2.221279e-04
5.230422e-02 8.868985e-05 2.172129e-04
5.257504e-02 3.103912e-04 2.208274e-04
5.284585e-02 1.678485e-04 2.184008e-04
5.311667e-02 1.600999e-04 2.185066e-04
5.338748e-02 -1.138803e-04 2.224047e-04
5.365830e-02 1.279805e-04 2.217269e-04
5.392911e-02 1.026914e-04 2.232916e-04
5.419992e-02 3.020801e-04 2.222768e-04
5.447074e-02 -1.432616e-04 2.197119e-04
5.474155e-02 3.115088e-05 2.246986e-04
5.501237e-02 -1.517702e-04 2.273886e-04
5.528318e-02 1.058802e-04 2.303527e-04
5.555400e-02 1.057405e-04 2.309460e-04
5.582481e-02 4.741307e-04 2.321422e-04
5.609563e-02 1.757611e-04 2.345622e-04
5.636644e-02 -3.657695e-04 2.339656e-04
5.663725e-02 1.440998e-04 2.352412e-04
5.690807e-02 4.337914e-05 2.377542e-04
5.717888e-02 -2.503283e-04 2.338103e-04
5.744969e-02 4.777107e-04 2.363268e-04
5.772051e-02 -2.825595e-04 2.357187e-04
5.799133e-02 3.488492e-04 2.356274e-04
5.826214e-02 1.818705e-04 2.388690e-04
5.853295e-02 2.962891e-04 2.401207e-04
5.880377e-02 1.230091e-05 2.368348e-04
5.907458e-02 1.053009e-04 2.376201e-04
5.934540e-02 2.249200e-04 2.381319e-04
5.961621e-02 -7.533096e-05 2.370167e-04
5.988703e-02 -2.973806e-04 2.396777e-04
6.015784e-02 -1.106784e-04 2.391330e-04
6.042865e-02 4.009195e-04 2.396555e-04
6.069947e-02 7.293932e-05 2.346495e-04
6.097028e-02 2.934299e-04 2.363440e-04
6.124110e-02 1.753103e-04 2.310469e-04
6.151191e-02 -2.358407e-04 2.298188e-04
6.178273e-02 -2.299193e-04 2.313036e-04
6.205354e-02 2.502296e-04 2.290634e-04
6.232436e-02 -3.053714e-04 2.306056e-04
6.259517e-02 2.984013e-04 2.305314e-04
6.286598e-02 3.242511e-04 2.302175e-04
6.313679e-02 -4.636291e-04 2.296973e-04
6.340761e-02 4.608911e-04 2.259732e-04
6.367842e-02 -1.391415e-04 2.271910e-04
6.394923e-02 -1.870114e-04 2.247897e-04
6.422005e-02 1.905784e-04 2.260333e-04
6.449086e-02 1.008511e-04 2.275163e-04
6.476168e-02 -4.167799e-04 2.243815e-04
6.503250e-02 1.301058e-05 2.279390e-04
6.530331e-02 4.062988e-05 2.251329e-04
6.557412e-02 -2.360288e-04 2.236054e-04
6.584494e-02 -8.808076e-05 2.234153e-04
6.611575e-02 1.594983e-05 2.223379e-04
6.638657e-02 8.059107e-05 2.249000e-04
6.665738e-02 7.805042e-05 2.213347e-04
6.692819e-02 3.840309e-04 2.249354e-04
6.719901e-02 1.319107e-04 2.221866e-04
6.746982e-02 7.849932e-05 2.235018e-04
6.774063e-02 3.470201e-04 2.226709e-04
6.801146e-02 1.021214e-04 2.202778e-04
6.828227e-02 3.828686e-04 2.194401e-04
6.855308e-02 4.894212e-04 2.206123e-04
6.882390e-02 5.575083e-05 2.202174e-04
6.909471e-02 2.766028e-05 2.187406e-04
6.936552e-02 3.392790e-04 2.170978e-04
6.963634e-02 3.984012e-05 2.174175e-04
6.990715e-02 3.592297e-04 2.214589e-04
7.017796e-02 4.521012e-05 2.165612e-04
7.044878e-02 3.736690e-04 2.171817e-04
7.071959e-02 -5.421974e-05 2.151247e-04
7.099041e-02 -6.598979e-05 2.176465e-04
7.126123e-02 -3.596954e-05 2.171785e-04
7.153204e-02 2.899896e-04 2.143236e-04
7.180285e-02 3.774296e-04 2.156718e-04
7.207367e-02 2.166703e-04 2.149726e-04
7.234448e-02 -1.144502e-04 2.163695e-04
7.261530e-02 -1.200698e-04 2.149049e-04
7.288611e-02 6.540902e-04 2.143391e-04
7.315692e-02 1.534484e-04 2.147706e-04
7.342774e-02 -6.283075e-05 2.147846e-04
7.369855e-02 1.901016e-05 2.133782e-04
7.396936e-02 8.291006e-05 2.139555e-04
7.424019e-02 4.694797e-04 2.138806e-04
7.451100e-02 8.000992e-05 2.122032e-04
7.478181e-02 3.986210e-04 2.127981e-04
7.505263e-02 2.760794e-04 2.102526e-04
7.532344e-02 3.386308e-04 2.149630e-04
7.559425e-02 7.385015e-05 2.118358e-04
7.586507e-02 -8.543953e-05 2.128803e-04
7.613588e-02 -1.468007e-04 2.105520e-04
7.640669e-02 -1.187194e-04 2.086329e-04
7.667751e-02 -9.413995e-05 2.128016e-04
7.694832e-02 1.181290e-04 2.106771e-04
7.721914e-02 -1.290701e-04 2.102438e-04
7.748996e-02 2.842415e-04 2.103487e-04
7.776077e-02 -7.537007e-05 2.076014e-04
7.803158e-02 1.686197e-04 2.096632e-04
7.830240e-02 -1.507606e-04 2.076142e-04
7.857321e-02 8.501858e-05 2.111901e-04
7.884403e-02 3.081597e-04 2.085755e-04
7.911484e-02 3.555715e-04 2.057779e-04
7.938565e-02 3.614798e-04 2.084372e-04
7.965647e-02 2.559200e-04 2.062558e-04
7.992728e-02 -6.878935e-05 2.056577e-04
8.019809e-02 -4.209485e-04 2.064357e-04
8.046892e-02 7.067062e-05 2.068126e-04
8.073973e-02 4.193000e-05 2.064395e-04
8.101054e-02 3.575906e-05 2.048549e-04
8.128136e-02 9.978004e-05 2.045534e-04
8.155217e-02 -4.387815e-04 2.059795e-04
8.182298e-02 -1.401901e-04 2.052488e-04
8.209380e-02 2.835188e-04 2.046209e-04
8.236461e-02 3.384799e-04 2.058279e-04
8.263543e-02 1.694709e-04 2.041873e-04
8.290624e-02 -5.969964e-05 2.048183e-04
8.317705e-02 9.167008e-05 2.016326e-04
8.344787e-02 5.284883e-05 2.037692e-04
8.371869e-02 -1.894794e-04 2.033644e-04
8.398950e-02 1.333300e-04 2.030238e-04
8.426031e-02 -3.642030e-05 2.038447e-04
8.453113e-02 5.182996e-05 2.022510e-04
8.480194e-02 1.842584e-04 2.014654e-04
8.507276e-02 -8.866936e-05 2.025772e-04
8.534357e-02 5.218014e-05 2.022726e-04
8.561438e-02 -3.322903e-04 2.010333e-04
8.588520e-02 -2.631992e-04 1.994066e-04
8.615601e-02 -1.402888e-04 1.987032e-04
8.642682e-02 1.730099e-04 1.992021e-04
8.669765e-02 6.691925e-05 1.972421e-04
8.696846e-02 -9.926967e-05 1.997975e-04
8.723927e-02 2.810210e-04 2.004902e-04
8.751009e-02 1.087803e-04 1.994542e-04
8.778090e-02 1.800396e-04 1.985692e-04
8.805171e-02 1.765415e-04 1.980634e-04
8.832253e-02 1.299400e-04 1.990637e-04
8.859334e-02 1.080204e-04 1.983214e-04
8.886416e-02 5.082693e-04 1.977013e-04
8.913497e-02 -1.614988e-04 1.980284e-04
8.940578e-02 -1.169201e-04 1.972136e-04
8.967660e-02 -3.803708e-04 1.991106e-04
8.994742e-02 -1.011100e-04 1.983413e-04
9.021823e-02 4.865043e-05 1.963225e-04
9.048904e-02 -5.844049e-05 1.972474e-04
9.075986e-02 -4.020203e-04 1.960732e-04
9.103067e-02 -3.406033e-05 1.962918e-04
9.130149e-02 2.081711e-04 1.953413e-04
9.157230e-02 -4.890934e-05 1.953432e-04
9.184311e-02 9.470992e-05 1.970956e-04
9.211393e-02 6.724149e-05 1.948706e-04
9.238474e-02 -4.395097e-05 1.947811e-04
9.265555e-02 4.877150e-05 1.958705e-04
9.292637e-02 -5.539879e-05 1.936850e-04
9.319719e-02 -1.991913e-05 1.947977e-04
9.346800e-02 -2.923980e-05 1.928097e-04
9.373882e-02 5.389936e-05 1.936779e-04
9.400963e-02 -1.947004e-04 1.943403e-04
9.428044e-02 7.062033e-05 1.934504e-04
9.455126e-02 5.404204e-04 1.936141e-04
9.482207e-02 -6.289035e-05 1.919555e-04
9.509289e-02 2.045706e-04 1.931974e-04
9.536370e-02 -2.565701e-04 1.937048e-04
9.563451e-02 4.951097e-05 1.914960e-04
9.590533e-02 3.909394e-04 1.930484e-04
9.617615e-02 2.764799e-04 1.909053e-04
9.644696e-02 3.395285e-04 1.914332e-04
9.671777e-02 -1.486298e-04 1.922004e-04
9.698859e-02 -3.989786e-06 1.888191e-04
9.725940e-02 -1.618303e-04 1.909260e-04
9.753022e-02 5.953945e-05 1.897528e-04
9.780103e-02 9.571016e-05 1.905561e-04
9.807184e-02 1.403410e-04 1.891017e-04
9.834266e-02 2.987497e-04 1.911184e-04
9.861347e-02 2.490487e-04 1.905120e-04
9.888428e-02 -1.719967e-05 1.877545e-04
9.915510e-02 1.591910e-04 1.903529e-04
9.942592e-02 -4.759058e-05 1.891071e-04
9.969673e-02 4.738010e-05 1.890889e-04
9.996755e-02 -2.022106e-04 1.886324e-04
1.002384e-01 -1.284108e-04 1.888372e-04
1.005092e-01 -3.810395e-04 1.889306e-04
1.007800e-01 1.601204e-04 1.882199e-04
1.010508e-01 1.642406e-04 1.891457e-04
1.013216e-01 -4.700013e-05 1.872962e-04
1.015924e-01 1.921803e-04 1.869289e-04
1.018632e-01 -3.238898e-04 1.887836e-04
1.021341e-01 4.165061e-05 1.872515e-04
1.024049e-01 -1.241080e-05 1.871273e-04
1.026757e-01 1.560207e-04 1.861899e-04
1.029465e-01 1.083892e-04 1.856501e-04
1.032173e-01 8.195639e-07 1.865873e-04
1.034881e-01 1.729298e-04 1.845692e-04
1.037589e-01 4.088096e-04 1.858579e-04
1.040298e-01 2.210196e-04 1.839128e-04
1.043006e-01 -1.509897e-04 1.853648e-04
1.045714e-01 2.744980e-05 1.850035e-04
1.048422e-01 2.746303e-04 1.841651e-04
1.051130e-01 -1.686513e-04 1.853791e-04
1.053838e-01 -3.198311e-04 1.851708e-04
1.056546e-01 -4.734099e-05 1.844765e-04
1.059255e-01 4.458055e-05 1.848785e-04
1.061963e-01 1.581386e-06 1.839202e-04
1.064671e-01 1.592711e-04 1.835259e-04
1.067379e-01 2.041105e-04 1.830008e-04
1.070087e-01 -1.270901e-04 1.844685e-04
1.072795e-01 1.435895e-04 1.816581e-04
1.075503e-01 -5.818903e-05 1.833704e-04
1.078212e-01 1.075007e-04 1.833151e-04
1.080920e-01 8.463860e-05 1.823095e-04
1.083628e-01 1.162216e-04 1.831167e-04
1.086336e-01 6.713904e-05 1.830002e-04
1.089044e-01 -7.027946e-05 1.835049e-04
1.091752e-01 -8.038059e-05 1.807027e-04
1.094460e-01 -1.459494e-04 1.811657e-04
1.097169e-01 -6.720051e-05 1.811682e-04
1.099877e-01 -4.805997e-05 1.814800e-04
1.102585e-01 -1.137499e-04 1.814662e-04
1.105293e-01 9.054877e-05 1.830353e-04
1.108001e-01 -2.199095e-04 1.857948e-04
1.110709e-01 6.757863e-05 1.889867e-04
1.113417e-01 2.649501e-04 1.860300e-04
1.116126e-01 7.518008e-05 1.883850e-04
1.118834e-01 -4.117936e-05 1.872004e-04
1.121542e-01 -2.202801e-04 1.891730e-04
1.124250e-01 1.942497e-04 1.924654e-04
1.126958e-01 -2.390612e-04 1.934226e-04
1.129666e-01 -2.511702e-04 1.936633e-04
1.132374e-01 -5.894694e-04 1.957719e-04
1.135083e-01 5.705096e-04 1.980281e-04
1.137791e-01 2.289191e-06 1.990188e-04
1.140499e-01 1.287088e-04 1.979322e-04
1.143207e-01 1.837295e-04 2.017468e-04
1.145915e-01 -6.376021e-05 2.023942e-04
1.148623e-01 1.339391e-04 2.048174e-04
1.151332e-01 1.650304e-06 2.021429e-04
1.154040e-01 3.906395e-04 2.061856e-04
1.156748e-01 -2.014395e-04 2.064451e-04
1.159456e-01 2.225302e-04 2.078301e-04
1.162164e-01 3.605299e-04 2.097034e-04
1.164872e-01 6.061979e-05 2.078388e-04
1.167580e-01 -1.350287e-04 2.122234e-04
1.170288e-01 4.903506e-04 2.113099e-04
1.172997e-01 2.612807e-04 2.107657e-04
1.175705e-01 2.908800e-04 2.110498e-04
1.178413e-01 -1.876112e-04 2.141042e-04
1.181121e-01 8.536875e-05 2.115702e-04
1.183829e-01 -5.607195e-04 2.072094e-04
1.186537e-01 -3.542937e-05 2.096076e-04
1.189246e-01 1.545995e-05 2.064399e-04
1.191954e-01 -3.408603e-04 2.057919e-04
1.194662e-01 5.220063e-05 2.071446e-04
1.197370e-01 2.790298e-04 2.044991e-04
1.200078e-01 1.837127e-05 2.053839e-04
1.202786e-01 1.180097e-04 2.043112e-04
1.205494e-01 -2.958700e-04 2.036208e-04
1.208202e-01 7.881038e-05 2.066096e-04
1.210911e-01 1.467951e-05 2.033661e-04
1.213619e-01 2.150051e-05 2.050367e-04
1.216327e-01 3.708396e-04 2.045510e-04
1.219035e-01 3.063697e-04 2.058024e-04
1.221743e-01 -1.062714e-04 2.041918e-04
1.224451e-01 9.669922e-05 2.055738e-04
1.227160e-01 -7.126853e-05 2.062474e-04
1.229868e-01 -5.834922e-05 2.035543e-04
1.232576e-01 4.358292e-04 2.042347e-04
1.235284e-01 2.549402e-04 2.064972e-04
1.237992e-01 1.280196e-04 2.045022e-04
1.240700e-01 -2.621859e-05 2.060204e-04
1.243408e-01 -1.194887e-04 2.028115e-04
1.246117e-01 1.978204e-04 2.044892e-04
1.248825e-01 7.751025e-05 2.040658e-04
1.251533e-01 -2.400950e-05 2.027229e-04
1.254241e-01 -2.184007e-04 2.044600e-04
1.256949e-01 1.260396e-04 2.037519e-04
1.259657e-01 -1.488496e-04 2.035031e-04
1.262365e-01 1.157913e-04 2.028611e-04
1.265074e-01 -4.029796e-04 2.001305e-04
1.267782e-01 9.300187e-06 2.018775e-04
1.270490e-01 1.122691e-04 2.008418e-04
1.273198e-01 7.979013e-05 2.017204e-04
1.275906e-01 -3.702007e-05 2.006006e-04
1.278614e-01 -2.007410e-04 2.003137e-04
1.281322e-01 4.450977e-05 2.008201e-04
1.284031e-01 7.268973e-05 1.991006e-04
1.286739e-01 -2.135094e-04 1.999322e-04
1.289447e-01 -2.245046e-05 1.988579e-04
1.292155e-01 6.500632e-07 1.998071e-04
1.294863e-01 -2.201106e-04 1.991236e-04
1.297571e-01 2.478603e-04 1.995555e-04
1.300279e-01 -3.049988e-04 1.991697e-04
1.302988e-01 1.215488e-04 2.003423e-04
1.305696e-01 -8.777156e-05 1.997214e-04
1.308404e-01 -4.754700e-04 1.978294e-04
1.311112e-01 7.545017e-05 1.984844e-04
1.313820e-01 3.605690e-04 1.988018e-04
1.316528e-01 -4.559010e-05 1.990317e-04
1.319236e-01 8.957088e-05 1.979848e-04
1.321945e-01 -1.597311e-04 1.974306e-04
1.324653e-01 -1.467019e-05 1.984712e-04
1.327361e-01 3.899597e-04 1.982291e-04
1.330069e-01 3.821962e-05 1.979784e-04
1.332777e-01 -5.090609e-06 1.976490e-04
1.335485e-01 -3.540888e-06 1.970216e-04
1.338193e-01 3.986601e-04 1.992223e-04
1.340902e-01 -2.329983e-05 1.957172e-04
1.343610e-01 -1.759697e-04 1.984024e-04
1.346318e-01 -1.423806e-04 1.973248e-04
1.349026e-01 9.089895e-05 1.938580e-04
1.351734e-01 9.733066e-05 1.965601e-04
1.354442e-01 -2.340991e-04 1.950961e-04
1.357151e-01 1.002904e-04 1.972882e-04
1.359859e-01 -1.987107e-04 1.955889e-04
1.362567e-01 2.334304e-04 1.953253e-04
1.365275e-01 3.219955e-05 1.937747e-04
1.367983e-01 2.553817e-04 1.935185e-04
1.370691e-01 1.437496e-04 1.974387e-04
1.373399e-01 2.424102e-04 1.990048e-04
1.376107e-01 5.042590e-04 1.992688e-04
1.378816e-01 2.792384e-04 2.030934e-04
1.381524e-01 3.163107e-04 2.009963e-04
1.384232e-01 1.357011e-04 2.068729e-04
1.386940e-01 4.242919e-05 2.041565e-04
1.389648e-01 2.419911e-04 2.081962e-04
1.392356e-01 2.106186e-04 2.084287e-04
1.395064e-01 -2.270602e-04 2.072923e-04
1.397773e-01 -2.879109e-04 2.088015e-04
1.400481e-01 -4.633199e-04 2.093613e-04
1.403189e-01 -2.891589e-04 2.130784e-04
1.405897e-01 2.266299e-04 2.110630e-04
1.408605e-01 1.044590e-04 2.102474e-04
1.411313e-01 3.803205e-04 2.140270e-04
1.414021e-01 2.782289e-04 2.129751e-04
1.416730e-01 -3.188699e-04 2.168045e-04
1.419438e-01 1.136996e-04 2.145612e-04
1.422146e-01 -1.167301e-04 2.143518e-04
1.424854e-01 -2.991594e-04 2.146630e-04
1.427562e-01 -1.359303e-04 2.139383e-04
1.430270e-01 3.000312e-04 2.154030e-04
1.432979e-01 9.447150e-05 2.152951e-04
1.435687e-01 1.164805e-04 2.175605e-04
1.438395e-01 1.610499e-04 2.183663e-04
1.441103e-01 1.811497e-04 2.186594e-04
1.443811e-01 -2.156943e-05 2.190115e-04
1.446519e-01 -5.882978e-05 2.191889e-04
1.449227e-01 -1.148898e-04 2.224179e-04
1.451935e-01 -6.869435e-06 2.201266e-04
1.454644e-01 -5.146861e-05 2.223126e-04
1.457352e-01 2.449900e-04 2.222329e-04
1.460060e-01 -7.822923e-05 2.208458e-04
1.462768e-01 -3.446899e-04 2.215807e-04
1.465476e-01 -1.765508e-04 2.226977e-04
1.468184e-01 2.851300e-04 2.273702e-04
1.470892e-01 -1.397785e-04 2.266423e-04
1.473601e-01 -2.195016e-04 2.228743e-04
1.476309e-01 -2.072100e-04 2.253281e-04
1.479017e-01 -3.425963e-05 2.246815e-04
1.481725e-01 2.445802e-04 2.252727e-04
1.484433e-01 -4.872121e-05 2.214792e-04
1.487141e-01 2.533104e-04 2.244887e-04
1.489850e-01 -2.321042e-05 2.248335e-04
1.492558e-01 -2.362803e-04 2.239257e-04
1.495266e-01 -1.338888e-04 2.250392e-04
1.497974e-01 -1.161285e-04 2.211331e-04
1.500682e-01 -1.215898e-04 2.247515e-04
1.503390e-01 2.483316e-04 2.227589e-04
1.506098e-01 2.081692e-04 2.215937e-04
1.508806e-01 5.827099e-05 2.224085e-04
1.511515e-01 1.587197e-04 2.225132e-04
1.514223e-01 4.877094e-04 2.245235e-04
1.516931e-01 -5.914085e-05 2.237124e-04
1.519639e-01 -8.527003e-05 2.233277e-04
1.522347e-01 4.759990e-05 2.266885e-04
1.525055e-01 1.142286e-04 2.231282e-04
1.527763e-01 1.954194e-04 2.250585e-04
1.530472e-01 -7.417053e-05 2.231497e-04
1.533180e-01 -2.243593e-04 2.242024e-04
1.535888e-01 -4.062988e-05 2.245205e-04
1.538596e-01 -3.543869e-05 2.227900e-04
1.541304e-01 3.579911e-04 2.243651e-04
1.544012e-01 -1.418293e-04 2.233696e-04
1.546721e-01 2.662707e-04 2.267838e-04
1.549429e-01 -2.660491e-04 2.244360e-04
1.552137e-01 -3.745966e-05 2.240787e-04
1.554845e-01 -3.253985e-04 2.244996e-04
1.557553e-01 2.094284e-04 2.241023e-04
1.560261e-01 -5.667843e-05 2.277462e-04
1.562969e-01 -9.973906e-05 2.237041e-04
1.565678e-01 6.809831e-06 2.250402e-04
1.568386e-01 -9.380281e-06 2.265812e-04
1.571094e-01 2.214406e-04 2.246699e-04
1.573802e-01 7.633865e-05 2.268657e-04
1.576510e-01 -1.115296e-04 2.244941e-04
1.579218e-01 -2.409685e-04 2.241170e-04
1.581926e-01 2.194401e-04 2.243371e-04
1.584634e-01 -3.623031e-05 2.240584e-04
1.587343e-01 -4.891865e-05 2.255504e-04
1.590051e-01 2.775211e-04 2.237531e-04
1.592759e-01 2.427213e-04 2.255518e-04
1.595467e-01 -8.497946e-05 2.250795e-04
1.598175e-01 7.816963e-05 2.239142e-04
1.600883e-01 -1.171492e-04 2.220642e-04
1.603591e-01 1.963899e-04 2.230973e-04
1.606300e-01 1.146793e-04 2.244734e-04
1.609008e-01 1.186803e-04 2.196807e-04
1.611716e-01 -1.632795e-04 2.231654e-04
1.614424e-01 5.632509e-04 2.201918e-04
1.617132e-01 6.907992e-05 2.243962e-04
1.619840e-01 2.973694e-04 2.221752e-04
1.622549e-01 9.221025e-05 2.219246e-04
1.625257e-01 1.506414e-04 2.221927e-04
1.627965e-01 2.080612e-04 2.219817e-04
1.630673e-01 -7.333979e-05 2.218205e-04
1.633381e-01 1.926608e-04 2.221375e-04
1.636089e-01 7.330999e-05 2.216227e-04
1.638797e-01 5.665980e-05 2.236547e-04
1.641506e-01 -1.009610e-04 2.230531e-04
1.644214e-01 2.881512e-06 2.219480e-04
1.646922e-01 -2.575107e-05 2.219554e-04
1.649630e-01 -5.380996e-05 2.205738e-04
1.652338e-01 -1.758486e-04 2.242556e-04
1.655046e-01 4.298054e-05 2.223838e-04
1.657754e-01 1.253299e-04 2.233840e-04
1.660462e-01 1.182500e-04 2.248482e-04
1.663171e-01 1.453310e-04 2.234390e-04
1.665879e-01 -4.351884e-05 2.234705e-04
1.668587e-01 -3.140811e-04 2.236591e-04
1.671295e-01 -4.705973e-05 2.235438e-04
1.674003e-01 6.170943e-06 2.233109e-04
1.676711e-01 -1.648590e-04 2.300595e-04
1.679420e-01 -2.323091e-05 2.330504e-04
1.682128e-01 -1.449902e-04 2.343540e-04
1.684836e-01 -2.842098e-04 2.416691e-04
1.687544e-01 -3.081933e-05 2.416823e-04
1.690252e-01 1.360849e-05 2.447073e-04
1.692960e-01 -2.794508e-04 2.423314e-04
1.695668e-01 4.225299e-04 2.502867e-04
1.698377e-01 -6.145053e-05 2.467981e-04
1.701085e-01 1.697298e-04 2.526812e-04
1.703793e-01 5.745888e-05 2.529264e-04
1.706501e-01 -1.346394e-04 2.528970e-04
1.709209e-01 1.856107e-04 2.609857e-04
1.711917e-01 -2.680700e-04 2.577836e-04
1.714625e-01 6.029289e-04 2.595424e-04
1.717333e-01 5.001798e-04 2.675027e-04
1.720042e-01 5.390607e-04 2.628424e-04
1.722750e-01 -9.055994e-05 2.658595e-04
1.725458e-01 -2.452899e-04 2.648826e-04
1.728166e-01 2.717208e-04 2.687165e-04
1.730874e-01 1.825094e-04 2.691755e-04
1.733582e-01 6.173924e-05 2.720330e-04
1.736291e-01 -3.655702e-04 2.768698e-04
1.738999e-01 1.709703e-04 2.761782e-04
1.741707e-01 3.026091e-04 2.806789e-04
1.744415e-01 1.072697e-04 2.772873e-04
1.747123e-01 1.269002e-04 2.821879e-04
1.749831e-01 1.891609e-04 2.686826e-04
1.752539e-01 1.436602e-04 2.648824e-04
1.755248e-01 -8.179061e-05 2.621619e-04
1.757956e-01 2.760310e-04 2.587141e-04
1.760664e-01 1.119189e-04 2.605430e-04
1.763372e-01 3.610812e-04 2.593547e-04
1.766080e-01 2.598912e-04 2.588327e-04
1.768788e-01 -5.850568e-06 2.586885e-04
1.771496e-01 4.456695e-04 2.557045e-04
1.774205e-01 3.280304e-04 2.561868e-04
1.776913e-01 5.534850e-05 2.534142e-04
1.779621e-01 -2.058689e-04 2.555305e-04
1.782329e-01 2.616905e-04 2.528328e-04
1.785037e-01 6.243028e-05 2.479492e-04
1.787745e-01 -3.508292e-04 2.528195e-04
1.790453e-01 -8.448958e-05 2.500870e-04
1.793161e-01 2.736300e-04 2.478098e-04
1.795870e-01 -2.571493e-04 2.487672e-04
1.798578e-01 2.333410e-04 2.461510e-04
1.801286e-01 -4.492085e-04 2.485279e-04
1.803994e-01 1.841597e-04 2.426462e-04
1.806702e-01 1.708586e-04 2.447514e-04
1.809410e-01 2.043210e-04 2.435644e-04
1.812119e-01 -7.971004e-05 2.433265e-04
1.814827e-01 -1.286305e-04 2.444982e-04
1.817535e-01 6.239116e-05 2.411069e-04
1.820243e-01 -3.319979e-05 2.442548e-04
1.822951e-01 -1.886003e-04 2.418450e-04
1.825659e-01 1.407508e-04 2.423936e-04
1.828367e-01 5.477201e-04 2.434772e-04
1.831076e-01 1.989789e-04 2.406141e-04
1.833784e-01 2.657399e-04 2.435170e-04
1.836492e-01 3.163405e-04 2.405290e-04
1.839200e-01 3.623702e-04 2.415638e-04
1.841908e-01 2.682954e-05 2.402329e-04
1.844616e-01 2.572499e-04 2.410516e-04
1.847324e-01 5.226210e-04 2.422167e-04
1.850033e-01 1.872499e-04 2.381841e-04
1.852741e-01 1.014024e-05 2.417742e-04
1.855449e-01 1.037605e-04 2.388965e-04
1.858157e-01 -2.053007e-04 2.425079e-04
1.860865e-01 -2.098996e-04 2.411960e-04
1.863573e-01 3.377292e-04 2.395311e-04
1.866281e-01 1.393985e-04 2.387072e-04
1.868990e-01 8.656830e-05 2.389883e-04
1.871698e-01 1.605693e-04 2.399039e-04
1.874406e-01 4.016999e-04 2.415365e-04
1.877114e-01 2.097301e-04 2.388656e-04
1.879822e-01 3.326386e-04 2.400179e-04
1.882530e-01 -2.939403e-04 2.370499e-04
1.885238e-01 3.013294e-04 2.412219e-04
1.887947e-01 9.316951e-05 2.384703e-04
1.890655e-01 1.153518e-04 2.394784e-04
1.893363e-01 2.547093e-04 2.411114e-04
1.896071e-01 1.938902e-04 2.367959e-04
1.898779e-01 -3.209785e-04 2.413476e-04
1.901487e-01 -6.912090e-05 2.380991e-04
1.904195e-01 3.092885e-04 2.386407e-04
1.906904e-01 6.907061e-05 2.406974e-04
1.909612e-01 7.867999e-05 2.369458e-04
1.912320e-01 1.400504e-04 2.400253e-04
1.915028e-01 -2.435092e-04 2.360085e-04
1.917736e-01 -3.774203e-04 2.397094e-04
1.920444e-01 1.860503e-04 2.384225e-04
1.923153e-01 1.003295e-04 2.375873e-04
1.925861e-01 -1.073908e-04 2.399102e-04
1.928569e-01 -6.029382e-06 2.388665e-04
1.931277e-01 4.786998e-05 2.368707e-04
1.933985e-01 3.402866e-05 2.361380e-04
1.936693e-01 -1.418889e-04 2.383474e-04
1.939401e-01 1.281984e-04 2.394485e-04
1.942109e-01 -4.352890e-04 2.369175e-04
1.944818e-01 -1.916196e-04 2.396250e-04
1.947526e-01 -1.297295e-04 2.385221e-04
1.950234e-01 5.974006e-04 2.372863e-04
1.952942e-01 -2.280902e-04 2.364754e-04
1.955650e-01 2.279300e-04 2.380556e-04
1.958358e-01 4.134104e-04 2.391120e-04
1.961066e-01 2.117399e-04 2.383033e-04
1.963775e-01 -7.005036e-05 2.364177e-04
1.966483e-01 -1.484696e-04 2.361011e-04
1.969191e-01 -7.444061e-05 2.389824e-04
1.971899e-01 -2.241004e-04 2.374472e-04
1.974607e-01 5.687196e-04 2.397051e-04
1.977315e-01 2.405606e-04 2.354584e-04
1.980023e-01 -1.457687e-04 2.366152e-04
1.982732e-01 -2.035499e-04 2.366585e-04
1.985440e-01 1.249388e-04 2.383752e-04
1.988148e-01 -4.310906e-04 2.381594e-04
1.990856e-01 -3.365055e-05 2.374605e-04
1.993564e-01 -3.896803e-04 2.388756e-04
1.996272e-01 2.572872e-05 2.369576e-04
1.998980e-01 1.810100e-04 2.377976e-04
2.001689e-01 -2.050772e-06 2.352764e-04
2.004397e-01 1.330301e-04 2.342139e-04
2.007105e-01 -1.640897e-04 2.341566e-04
2.009813e-01 1.029316e-04 2.327762e-04
2.012521e-01 3.991090e-05 2.371316e-04
2.015229e-01 -7.504039e-05 2.342880e-04
2.017937e-01 1.162495e-04 2.358828e-04
2.020646e-01 2.995692e-04 2.341928e-04
2.023354e-01 1.572911e-04 2.362808e-04
2.026062e-01 1.067314e-04 2.344434e-04
2.028770e-01 -4.109591e-04 2.347877e-04
2.031478e-01 -1.347009e-04 2.331030e-04
2.034186e-01 2.887789e-04 2.354676e-04
2.036894e-01 -1.357496e-04 2.348681e-04
2.039603e-01 -4.073195e-04 2.336494e-04
2.042311e-01 -7.051043e-05 2.345706e-04
2.045019e-01 1.405701e-04 2.329795e-04
2.047727e-01 -8.358993e-05 2.356712e-04
2.050435e-01 -4.502013e-05 2.329328e-04
2.053143e-01 -1.334790e-04 2.324774e-04
2.055852e-01 1.002699e-04 2.331331e-04
2.058560e-01 1.433510e-04 2.309864e-04
2.061268e-01 1.263209e-04 2.320981e-04
2.063976e-01 5.916879e-05 2.321167e-04
2.066684e-01 2.780110e-04 2.300314e-04
2.069392e-01 2.035201e-04 2.310642e-04
2.072100e-01 6.669015e-05 2.328283e-04
2.074808e-01 -6.910414e-06 2.313940e-04
2.077517e-01 1.537614e-04 2.299968e-04
2.080225e-01 -3.257897e-04 2.308811e-04
2.082933e-01 -1.881085e-05 2.295855e-04
2.085641e-01 1.064092e-04 2.310199e-04
2.088349e-01 9.790063e-05 2.304822e-04
2.091057e-01 -2.226513e-04 2.308257e-04
2.093765e-01 -1.437310e-04 2.295926e-04
2.096474e-01 1.970995e-04 2.302262e-04
2.099182e-01 1.508500e-04 2.328182e-04
2.101890e-01 1.866613e-04 2.298653e-04
2.104598e-01 -2.096109e-04 2.308781e-04
2.107306e-01 6.465055e-05 2.298789e-04
2.110014e-01 3.479999e-04 2.322004e-04
2.112723e-01 2.004001e-04 2.290711e-04
2.115431e-01 2.254918e-05 2.306275e-04
2.118139e-01 -1.002196e-04 2.298937e-04
2.120847e-01 4.489906e-05 2.317058e-04
2.123555e-01 1.413506e-04 2.321709e-04
2.126263e-01 1.893695e-04 2.290621e-04
2.128971e-01 -8.199923e-05 2.305390e-04
2.131680e-01 -7.275119e-05 2.303662e-04
2.134388e-01 -4.636124e-05 2.303490e-04
2.137096e-01 4.964136e-05 2.297248e-04
2.139804e-01 -1.876056e-05 2.325006e-04
2.142512e-01 1.685787e-04 2.298147e-04
2.145220e-01 -1.317076e-05 2.324229e-04
2.147928e-01 -1.579393e-04 2.307694e-04
2.150636e-01 -1.578294e-04 2.316645e-04
2.153345e-01 -2.130009e-04 2.317850e-04
2.156053e-01 1.105797e-04 2.302352e-04
2.158761e-01 -9.371154e-05 2.296035e-04
2.161469e-01 -4.366189e-04 2.297228e-04
2.164177e-01 -1.262296e-04 2.301105e-04
2.166885e-01 1.917593e-04 2.325309e-04
2.169593e-01 -5.022101e-04 2.307674e-04
2.172302e-01 9.663031e-05 2.317629e-04
2.175010e-01 1.572203e-04 2.300684e-04
2.177718e-01 6.648805e-04 2.288122e-04
2.180426e-01 -2.741069e-05 2.310359e-04
2.183134e-01 1.855996e-04 2.269639e-04
2.185842e-01 4.275497e-04 2.291312e-04
2.188551e-01 1.960099e-04 2.278732e-04
2.191259e-01 4.339293e-04 2.302181e-04
2.193967e-01 -2.516396e-04 2.286008e-04
2.196675e-01 2.036300e-04 2.273912e-04
2.199383e-01 1.523700e-04 2.274969e-04
2.202091e-01 -4.193597e-04 2.295076e-04
2.204799e-01 -2.615806e-04 2.274642e-04
2.207507e-01 -4.325900e-04 2.268523e-04
2.210216e-01 1.697913e-04 2.259925e-04
2.212924e-01 9.723939e-05 2.267469e-04
2.215632e-01 9.085052e-05 2.258975e-04
2.218340e-01 -5.424023e-05 2.275791e-04
2.221048e-01 4.370809e-04 2.267329e-04
2.223756e-01 6.160140e-05 2.237508e-04
2.226464e-01 3.842823e-05 2.257767e-04
2.229173e-01 2.054311e-04 2.263514e-04
2.231881e-01 1.888908e-05 2.246393e-04
2.234589e-01 -2.205186e-04 2.256265e-04
2.237297e-01 7.313862e-05 2.258912e-04
2.240005e-01 -8.439645e-06 2.248513e-04
2.242713e-01 2.066698e-04 2.245421e-04
2.245422e-01 7.304922e-05 2.250335e-04
2.248130e-01 1.834296e-04 2.282773e-04
2.250838e-01 1.861788e-04 2.245751e-04
2.253546e-01 -1.630411e-04 2.262205e-04
2.256254e-01 4.758127e-05 2.264022e-04
2.258962e-01 2.904702e-04 2.261761e-04
2.261670e-01 -1.030788e-04 2.343467e-04
2.264379e-01 -4.779920e-05 2.413030e-04
2.267087e-01 9.719282e-06 2.420621e-04
2.269795e-01 2.972893e-04 2.431480e-04
2.272503e-01 2.174694e-04 2.478346e-04
2.275211e-01 6.875955e-05 2.529557e-04
2.277919e-01 6.943606e-04 2.511176e-04
2.280627e-01 -7.469952e-05 2.565927e-04
2.283335e-01 -1.055002e-04 2.594230e-04
2.286044e-01 3.528297e-04 2.577394e-04
2.288752e-01 4.511885e-05 2.648823e-04
2.291460e-01 -4.114099e-04 2.648716e-04
2.294168e-01 -2.369713e-04 2.666501e-04
2.296876e-01 -1.201890e-04 2.708043e-04
2.299584e-01 -1.964886e-04 2.716446e-04
2.302293e-01 4.024990e-05 2.757062e-04
2.305001e-01 3.795139e-05 2.790001e-04
2.307709e-01 1.796801e-04 2.805052e-04
2.310417e-01 2.869703e-04 2.814036e-04
2.313125e-01 -3.348608e-04 2.840584e-04
2.315833e-01 6.574020e-05 2.851629e-04
2.318541e-01 -3.401935e-05 2.900208e-04
2.321250e-01 6.042980e-05 2.896955e-04
2.323958e-01 -3.936701e-04 2.909491e-04
2.326666e-01 -1.162887e-04 2.944828e-04
2.329374e-01 1.410786e-04 2.994626e-04
2.332082e-01 1.208857e-06 3.005403e-04
2.334790e-01 -1.396090e-04 3.010247e-04
2.337498e-01 3.346596e-04 3.071051e-04
2.340207e-01 -1.956392e-04 3.099434e-04
2.342915e-01 -3.618803e-04 3.111452e-04
2.345623e-01 2.667792e-04 3.103741e-04
2.348331e-01 -5.264021e-05 3.162377e-04
2.351039e-01 -3.562700e-04 3.180521e-04
2.353747e-01 -3.151298e-04 3.192792e-04
2.356455e-01 -1.362003e-04 3.262437e-04
2.359163e-01 -1.026485e-04 3.262463e-04
2.361872e-01 2.710391e-04 3.329257e-04
2.364580e-01 5.342998e-04 3.329791e-04
2.367288e-01 1.680907e-04 3.289681e-04
2.369996e-01 -1.890790e-04 3.348079e-04
2.372704e-01 5.172938e-05 3.469960e-04
2.375412e-01 -3.708992e-04 3.409086e-04
2.378121e-01 -5.018711e-04 3.493051e-04
2.380829e-01 -5.779788e-06 3.435914e-04
2.383537e-01 3.936701e-04 3.494482e-04
2.386245e-01 -9.877980e-05 3.579807e-04
2.388953e-01 -9.838119e-05 3.551839e-04
2.391661e-01 -4.638191e-04 3.608294e-04
2.394369e-01 1.502801e-04 3.648123e-04
2.397078e-01 -3.384501e-04 3.677703e-04
2.399786e-01 5.945601e-04 3.695205e-04
2.402494e-01 -5.316399e-04 3.765076e-04
2.405202e-01 9.825099e-04 3.785763e-04
2.407910e-01 2.589691e-04 3.844118e-04
2.410618e-01 2.942104e-04 3.873175e-04
2.413326e-01 -2.066009e-04 3.904195e-04
2.416034e-01 -2.985597e-04 3.876206e-04
2.418743e-01 -1.838990e-05 4.021678e-04
2.421451e-01 1.082011e-05 4.063814e-04
2.424159e-01 -7.589199e-04 4.143720e-04
2.426867e-01 -8.931942e-05 4.092928e-04
2.429575e-01 2.148114e-04 4.245853e-04
2.432283e-01 -2.630185e-04 4.272812e-04
2.434992e-01 4.133284e-04 4.191970e-04
2.437700e-01 8.195601e-04 4.347669e-04
2.440408e-01 -2.480857e-05 4.411197e-04
2.443116e-01 8.987077e-05 4.537517e-04
2.445824e-01 -5.302504e-04 4.516727e-04
2.448532e-01 -4.003011e-05 4.501057e-04
2.451240e-01 5.519912e-04 4.665617e-04
2.453949e-01 -2.720505e-04 4.747663e-04
2.456657e-01 -2.650209e-04 4.771975e-04
2.459365e-01 2.891701e-04 4.831479e-04
2.462073e-01 1.053670e-03 4.839360e-04
2.464781e-01 9.018201e-04 4.969350e-04
2.467489e-01 5.504601e-04 5.056892e-04
2.470197e-01 -3.664698e-04 5.131974e-04
2.472906e-01 2.802312e-04 5.168498e-04
2.475614e-01 -1.416001e-04 5.280436e-04
2.478322e-01 6.623939e-05 5.532979e-04
2.481030e-01 -6.473213e-04 5.382265e-04
2.483738e-01 2.279505e-04 5.578029e-04
2.486446e-01 2.803206e-04 5.863959e-04
2.489154e-01 9.514410e-04 5.972388e-04
2.491863e-01 5.486999e-04 5.864964e-04
2.494571e-01 -9.851903e-05 6.058534e-04
2.497279e-01 -2.301484e-04 6.133075e-04
2.499987e-01 -8.967314e-04 6.309442e-04
2.502695e-01 5.558189e-04 6.340777e-04
2.505403e-01 5.315915e-04 6.636394e-04
2.508111e-01 -7.141400e-04 6.856630e-04
2.510819e-01 -2.042893e-04 7.258906e-04
2.513528e-01 8.287802e-04 7.080970e-04
2.516236e-01 -9.582900e-04 7.208658e-04
2.518944e-01 -1.234598e-04 7.712167e-04
2.521652e-01 -1.017649e-03 8.067120e-04
2.524360e-01 -1.870897e-04 8.123054e-04
2.527068e-01 1.601761e-03 8.021558e-04
2.529776e-01 4.335791e-04 8.691887e-04
2.532485e-01 -1.682900e-03 8.878570e-04
2.535193e-01 -6.056949e-05 9.081005e-04
2.537901e-01 -2.827905e-04 9.204950e-04
2.540609e-01 9.531900e-05 8.974659e-04
2.543317e-01 9.909105e-04 9.640863e-04
2.546025e-01 -2.760496e-04 9.826005e-04
2.548733e-01 2.701541e-03 1.000756e-03
2.551441e-01 -1.100380e-03 1.026105e-03
2.554150e-01 2.483204e-04 1.136175e-03
2.556858e-01 -1.983980e-03 1.155481e-03
2.559566e-01 -2.643630e-03 1.305461e-03
2.562274e-01 4.978403e-04 1.329882e-03
2.564982e-01 1.316311e-03 1.380000e-03
2.567690e-01 2.598330e-03 1.578219e-03
2.570398e-01 1.989551e-03 1.782734e-03
2.573107e-01 -2.186580e-03 1.934112e-03
2.575815e-01 -1.774250e-03 2.529564e-03
2.578523e-01 2.307521e-03 3.052726e-03
2.581231e-01 5.724700e-03 4.064999e-03
