3.286826e-03 -1.218400e-01 0.000000e+00
3.557641e-03 -6.639957e-03 8.631813e-02
3.828455e-03 -6.755066e-02 5.628636e-02
4.099269e-03 -5.933428e-02 4.383803e-02
4.370084e-03 -3.458500e-02 3.263164e-02
4.640898e-03 -4.082203e-02 2.203223e-02
4.911712e-03 -2.196598e-02 1.909048e-02
5.182527e-03 -9.817004e-03 1.441812e-02
5.453341e-03 -8.156061e-03 1.305473e-02
5.724155e-03 -1.860499e-02 1.013534e-02
5.994970e-03 -1.444602e-02 9.225454e-03
6.265784e-03 -5.746543e-03 7.713582e-03
6.536598e-03 -5.151808e-03 6.094025e-03
6.807412e-03 1.810312e-03 5.662919e-03
7.078227e-03 -4.180908e-03 4.907192e-03
7.349041e-03 -2.536178e-03 4.283516e-03
7.619855e-03 -4.744202e-03 3.886921e-03
7.890671e-03 -6.948888e-03 3.292782e-03
8.161485e-03 5.080491e-03 3.119882e-03
8.432299e-03 -8.814037e-04 2.748256e-03
8.703114e-03 3.805220e-03 2.552359e-03
8.973928e-03 7.010102e-04 2.274162e-03
9.244742e-03 1.636416e-03 2.156247e-03
9.515557e-03 -5.724892e-03 1.961470e-03
9.786371e-03 -2.866894e-03 1.879753e-03
1.005718e-02 -4.549906e-03 1.748283e-03
1.032800e-02 -5.582124e-04 1.622883e-03
1.059881e-02 -2.017096e-03 1.543389e-03
1.086963e-02 -4.735112e-03 1.437573e-03
1.114044e-02 2.069607e-03 1.375439e-03
1.141126e-02 2.043992e-04 1.315610e-03
1.168207e-02 1.411796e-03 1.256034e-03
1.195289e-02 -9.784997e-04 1.173378e-03
1.222370e-02 -1.758903e-03 1.121339e-03
1.249451e-02 -3.196970e-04 1.069659e-03
1.276533e-02 1.395941e-04 1.048587e-03
1.303614e-02 -1.519598e-03 9.807785e-04
1.330696e-02 3.301501e-04 9.315251e-04
1.357777e-02 -1.506552e-03 9.269548e-04
1.384859e-02 1.241863e-04 8.798796e-04
1.411940e-02 4.819706e-04 8.486935e-04
1.439021e-02 -2.934188e-04 8.043863e-04
1.466103e-02 9.286404e-05 7.849650e-04
1.493184e-02 -2.649948e-04 7.806078e-04
1.520266e-02 1.407266e-04 7.459009e-04
1.547347e-02 -5.152151e-04 7.226572e-04
1.574429e-02 4.364997e-04 7.110825e-04
1.601510e-02 1.513213e-04 6.870380e-04
1.628591e-02 3.362745e-04 6.751634e-04
1.655673e-02 -4.689172e-04 6.491252e-04
1.682754e-02 -4.451089e-04 6.432005e-04
1.709836e-02 1.495071e-03 6.207045e-04
1.736917e-02 -1.394078e-04 6.196972e-04
1.763999e-02 -4.560128e-05 5.897964e-04
1.791080e-02 6.669015e-04 5.735823e-04
1.818161e-02 2.639703e-04 5.756898e-04
1.845243e-02 8.592382e-04 5.854143e-04
1.872324e-02 7.101111e-04 5.676550e-04
1.899406e-02 5.400702e-04 5.609461e-04
1.926487e-02 1.138486e-04 5.474899e-04
1.953569e-02 2.190508e-04 5.516176e-04
1.980650e-02 -2.895407e-04 5.521504e-04
2.007731e-02 1.067370e-03 5.393290e-04
2.034813e-02 -9.537004e-04 5.339172e-04
2.061894e-02 -5.499832e-04 5.319043e-04
2.088976e-02 -1.344383e-04 5.201470e-04
2.116057e-02 -1.781024e-04 5.243553e-04
2.143139e-02 5.404800e-04 5.150266e-04
2.170220e-02 2.050214e-04 5.204627e-04
2.197302e-02 -5.944818e-04 5.008673e-04
2.224383e-02 7.262826e-05 4.948445e-04
2.251465e-02 2.546385e-04 4.796854e-04
2.278546e-02 -7.720292e-04 4.725553e-04
2.305627e-02 5.336814e-04 4.767056e-04
2.332709e-02 7.841699e-04 4.687285e-04
2.359790e-02 -8.067116e-05 4.547985e-04
2.386872e-02 -3.069676e-04 4.543469e-04
2.413953e-02 7.200092e-04 4.464691e-04
2.441034e-02 -5.156770e-04 4.364495e-04
2.468116e-02 3.108718e-04 4.336345e-04
2.495197e-02 -4.367679e-04 4.309344e-04
2.522279e-02 -5.857311e-04 4.328861e-04
2.549360e-02 3.304183e-04 4.228890e-04
2.576442e-02 5.577616e-04 4.180338e-04
2.603523e-02 7.467605e-04 4.168224e-04
2.630604e-02 -4.760921e-06 4.081348e-04
2.657686e-02 -7.241294e-04 4.080909e-04
2.684767e-02 -5.474500e-04 3.940962e-04
2.711849e-02 -3.047995e-04 3.916183e-04
2.738930e-02 -1.276024e-04 3.925755e-04
2.766012e-02 3.613196e-04 3.875024e-04
2.793093e-02 -3.151298e-04 3.824844e-04
2.820175e-02 -7.192045e-05 3.774511e-04
2.847256e-02 -8.900985e-04 3.746961e-04
2.874337e-02 -1.424104e-04 3.739675e-04
2.901419e-02 -6.582960e-05 3.618253e-04
2.928500e-02 2.380982e-04 3.599074e-04
2.955582e-02 -3.396086e-04 3.560871e-04
2.982663e-02 -2.301298e-04 3.591428e-04
3.009745e-02 -1.234114e-04 3.584736e-04
3.036826e-02 -2.253801e-05 3.522186e-04
3.063907e-02 -2.450421e-04 3.499195e-04
3.090989e-02 -5.599298e-04 3.515838e-04
3.118070e-02 8.700043e-05 3.514820e-04
3.145152e-02 8.889288e-05 3.448852e-04
3.172233e-02 -5.452484e-04 3.407909e-04
3.199315e-02 -1.548305e-04 3.399007e-04
3.226396e-02 -2.635494e-04 3.422584e-04
3.253478e-02 -1.814291e-04 3.368162e-04
3.280559e-02 -3.842190e-04 3.349304e-04
3.307641e-02 2.284609e-04 3.313232e-04
3.334722e-02 -8.536801e-04 3.291950e-04
3.361803e-02 -2.576783e-04 3.279640e-04
3.388885e-02 -4.377104e-04 3.281699e-04
3.415966e-02 -5.362108e-04 3.285958e-04
3.443048e-02 -1.232028e-04 3.288317e-04
3.470129e-02 -7.807314e-04 3.230831e-04
3.497211e-02 9.738281e-05 3.278147e-04
3.524292e-02 -5.562790e-04 3.183093e-04
3.551374e-02 -2.847984e-04 3.211347e-04
3.578455e-02 -4.384518e-04 3.187346e-04
3.605536e-02 -6.412789e-04 3.117209e-04
3.632618e-02 -3.416277e-04 3.132498e-04
3.659699e-02 -6.588474e-04 3.130728e-04
3.686780e-02 -2.110302e-04 3.108335e-04
3.713862e-02 -3.319196e-04 3.049099e-04
3.740944e-02 -7.944927e-05 3.046816e-04
3.768025e-02 -3.453307e-04 3.027544e-04
3.795106e-02 -7.509794e-04 3.023481e-04
3.822188e-02 -1.538284e-04 3.009550e-04
3.849269e-02 -2.403613e-04 2.953625e-04
3.876351e-02 -5.999282e-04 2.991504e-04
3.903432e-02 -3.997907e-04 2.968868e-04
3.930514e-02 -5.512200e-04 2.946930e-04
3.957595e-02 -4.622098e-04 2.966782e-04
3.984676e-02 1.189709e-04 2.914609e-04
4.011758e-02 -6.306302e-04 2.903730e-04
4.038839e-02 -6.083101e-04 2.912366e-04
4.065921e-02 1.657940e-05 2.863123e-04
4.093002e-02 -4.004389e-04 2.881996e-04
4.120084e-02 -6.325394e-04 2.868398e-04
4.147165e-02 -7.862393e-04 2.869523e-04
4.174246e-02 -4.491899e-04 2.856362e-04
4.201328e-02 -4.730802e-04 2.809237e-04
4.228409e-02 -1.784600e-04 2.829815e-04
4.255491e-02 -9.022709e-04 2.789811e-04
4.282572e-02 -2.033208e-04 2.814572e-04
4.309653e-02 -6.137900e-04 2.756408e-04
4.336735e-02 -6.732810e-04 2.770884e-04
4.363817e-02 -5.437694e-04 2.788748e-04
4.390898e-02 -4.681200e-04 2.764254e-04
4.417979e-02 -9.364914e-04 2.745507e-04
4.445061e-02 -7.099099e-04 2.725353e-04
4.472142e-02 -4.483014e-05 2.726586e-04
4.499224e-02 -6.198101e-04 2.729081e-04
4.526305e-02 -1.652688e-04 2.703296e-04
4.553387e-02 -2.974290e-04 2.680354e-04
4.580468e-02 -7.610768e-06 2.703634e-04
4.607549e-02 -1.900792e-04 2.684808e-04
4.634631e-02 6.597117e-05 2.652305e-04
4.661712e-02 -3.330205e-04 2.663149e-04
4.688794e-02 -6.249212e-04 2.656559e-04
4.715875e-02 -4.469100e-04 2.636186e-04
4.742957e-02 4.230067e-05 2.599737e-04
4.770038e-02 -5.199704e-04 2.593766e-04
4.797119e-02 -5.956199e-04 2.598600e-04
4.824201e-02 -2.979096e-04 2.568695e-04
4.851282e-02 -3.547985e-04 2.602899e-04
4.878364e-02 -3.948696e-04 2.560435e-04
4.905445e-02 -3.459603e-04 2.559887e-04
4.932526e-02 -4.860200e-04 2.580630e-04
4.959608e-02 -4.109200e-04 2.541790e-04
4.986690e-02 -8.501392e-04 2.547936e-04
5.013771e-02 -2.440512e-04 2.556310e-04
5.040852e-02 -4.125405e-04 2.502584e-04
5.067934e-02 -1.739711e-04 2.537576e-04
5.095015e-02 2.450198e-04 2.487516e-04
5.122096e-02 -1.708213e-04 2.514302e-04
5.149178e-02 -3.927313e-04 2.495817e-04
5.176260e-02 -5.030315e-04 2.492674e-04
5.203341e-02 -2.616700e-04 2.508081e-04
5.230422e-02 -5.709305e-04 2.472994e-04
5.257504e-02 -1.701806e-04 2.479186e-04
5.284585e-02 -7.680804e-04 2.454248e-04
5.311667e-02 -4.784018e-05 2.445415e-04
5.338748e-02 -3.852807e-04 2.511312e-04
5.365830e-02 -6.186198e-04 2.484161e-04
5.392911e-02 -4.341602e-04 2.495416e-04
5.419992e-02 1.089387e-04 2.489728e-04
5.447074e-02 -3.014710e-04 2.485187e-04
5.474155e-02 -7.472932e-05 2.537836e-04
5.501237e-02 -3.667790e-04 2.555803e-04
5.528318e-02 2.240017e-05 2.586408e-04
5.555400e-02 -1.127496e-04 2.599932e-04
5.582481e-02 -7.835496e-04 2.622572e-04
5.609563e-02 -2.496690e-04 2.616637e-04
5.636644e-02 -9.107906e-04 2.631625e-04
5.663725e-02 -7.744115e-04 2.641722e-04
5.690807e-02 -1.466703e-04 2.661624e-04
5.717888e-02 -3.252607e-04 2.639567e-04
5.744969e-02 -8.045398e-04 2.656230e-04
5.772051e-02 -1.256689e-04 2.658313e-04
5.799133e-02 -2.341997e-04 2.654299e-04
5.826214e-02 -3.772210e-04 2.680762e-04
5.853295e-02 1.172163e-05 2.676931e-04
5.880377e-02 -3.198218e-04 2.668803e-04
5.907458e-02 -3.177095e-04 2.671580e-04
5.934540e-02 -2.990998e-04 2.682999e-04
5.961621e-02 -5.326197e-04 2.705076e-04
5.988703e-02 -5.587097e-04 2.705578e-04
6.015784e-02 -5.523693e-04 2.691187e-04
6.042865e-02 -6.805193e-04 2.711128e-04
6.069947e-02 -2.003200e-04 2.643146e-04
6.097028e-02 -3.368594e-04 2.674521e-04
6.124110e-02 -4.564803e-04 2.617171e-04
6.151191e-02 -8.063409e-04 2.613545e-04
6.178273e-02 -1.364388e-04 2.616228e-04
6.205354e-02 -5.219299e-04 2.580941e-04
6.232436e-02 -2.452899e-04 2.598998e-04
6.259517e-02 -6.384589e-04 2.561448e-04
6.286598e-02 -4.727095e-04 2.562926e-04
6.313679e-02 -3.454499e-04 2.571493e-04
6.340761e-02 -1.487490e-04 2.543828e-04
6.367842e-02 -6.549209e-04 2.542146e-04
6.394923e-02 -2.979301e-04 2.551689e-04
6.422005e-02 -3.333092e-04 2.538516e-04
6.449086e-02 -5.759913e-04 2.559879e-04
6.476168e-02 -8.868296e-04 2.519344e-04
6.503250e-02 -4.434809e-04 2.551180e-04
6.530331e-02 -3.608502e-04 2.532020e-04
6.557412e-02 -2.669301e-04 2.526385e-04
6.584494e-02 -2.745297e-04 2.520064e-04
6.611575e-02 -3.474690e-04 2.498651e-04
6.638657e-02 -1.805499e-04 2.538997e-04
6.665738e-02 -9.152200e-04 2.498260e-04
6.692819e-02 5.714037e-05 2.532492e-04
6.719901e-02 -5.987100e-04 2.488228e-04
6.746982e-02 -6.302800e-04 2.494607e-04
6.774063e-02 -7.100012e-04 2.491607e-04
6.801146e-02 -5.067885e-04 2.471358e-04
6.828227e-02 -6.785113e-04 2.468921e-04
6.855308e-02 -3.633592e-04 2.489365e-04
6.882390e-02 -3.551710e-04 2.486458e-04
6.909471e-02 -2.116188e-04 2.485697e-04
6.936552e-02 1.266301e-04 2.447926e-04
6.963634e-02 -6.305091e-04 2.462970e-04
6.990715e-02 -2.284702e-04 2.468378e-04
7.017796e-02 -8.503906e-05 2.433515e-04
7.044878e-02 -1.301095e-04 2.451929e-04
7.071959e-02 1.991298e-04 2.440788e-04
7.099041e-02 -4.156791e-04 2.460626e-04
7.126123e-02 -2.722610e-04 2.435315e-04
7.153204e-02 -9.153299e-04 2.422133e-04
7.180285e-02 -1.071069e-03 2.414379e-04
7.207367e-02 -8.776300e-04 2.429024e-04
7.234448e-02 -2.639499e-04 2.419063e-04
7.261530e-02 -5.270597e-04 2.429667e-04
7.288611e-02 -1.436807e-04 2.400260e-04
7.315692e-02 -9.419993e-04 2.416210e-04
7.342774e-02 -3.479794e-04 2.423951e-04
7.369855e-02 -5.269013e-04 2.420339e-04
7.396936e-02 -4.044492e-04 2.404435e-04
7.424019e-02 -6.002001e-05 2.409717e-04
7.451100e-02 -3.468804e-04 2.396865e-04
7.478181e-02 -9.005312e-04 2.397121e-04
7.505263e-02 -5.689990e-04 2.396750e-04
7.532344e-02 -6.875396e-04 2.404984e-04
7.559425e-02 -6.896909e-04 2.364885e-04
7.586507e-02 -5.251095e-04 2.402824e-04
7.613588e-02 -6.317906e-05 2.370549e-04
7.640669e-02 -3.419109e-04 2.382847e-04
7.667751e-02 -1.048502e-04 2.388198e-04
7.694832e-02 -5.027913e-04 2.384713e-04
7.721914e-02 -3.177300e-04 2.373499e-04
7.748996e-02 -3.195200e-04 2.383320e-04
7.776077e-02 -4.133601e-04 2.330413e-04
7.803158e-02 -3.863201e-04 2.377345e-04
7.830240e-02 -4.020017e-04 2.351240e-04
7.857321e-02 -4.591290e-04 2.359088e-04
7.884403e-02 -2.187397e-04 2.370346e-04
7.911484e-02 -1.162495e-04 2.342410e-04
7.938565e-02 -2.082810e-04 2.344181e-04
7.965647e-02 -3.243499e-04 2.342936e-04
7.992728e-02 -7.682703e-04 2.330620e-04
8.019809e-02 -3.877599e-04 2.331659e-04
8.046892e-02 -8.643977e-05 2.334442e-04
8.073973e-02 -2.026595e-04 2.321717e-04
8.101054e-02 -7.621199e-04 2.323856e-04
8.128136e-02 -4.318412e-04 2.322876e-04
8.155217e-02 -2.973694e-04 2.319492e-04
8.182298e-02 8.853897e-05 2.309938e-04
8.209380e-02 -2.574306e-04 2.300950e-04
8.236461e-02 -2.044216e-04 2.317730e-04
8.263543e-02 -2.457406e-04 2.304629e-04
8.290624e-02 -6.216299e-04 2.312411e-04
8.317705e-02 -4.905798e-04 2.281073e-04
8.344787e-02 -3.299005e-04 2.311845e-04
8.371869e-02 -6.761998e-04 2.311831e-04
8.398950e-02 -4.844293e-04 2.284672e-04
8.426031e-02 -5.020704e-04 2.289275e-04
8.453113e-02 -7.815845e-05 2.287512e-04
8.480194e-02 -4.075598e-04 2.279533e-04
8.507276e-02 -4.923213e-04 2.274417e-04
8.534357e-02 -8.248203e-04 2.275389e-04
8.561438e-02 -3.036205e-04 2.259850e-04
8.588520e-02 -5.799402e-04 2.254351e-04
8.615601e-02 -3.467202e-04 2.260009e-04
8.642682e-02 -2.470799e-04 2.250894e-04
8.669765e-02 -6.591901e-04 2.227476e-04
8.696846e-02 -2.883095e-04 2.264123e-04
8.723927e-02 -4.868694e-04 2.247299e-04
8.751009e-02 -2.977084e-04 2.246936e-04
8.778090e-02 -6.159190e-04 2.223330e-04
8.805171e-02 -8.370709e-04 2.237541e-04
8.832253e-02 -6.500408e-04 2.233993e-04
8.859334e-02 -5.222596e-04 2.241215e-04
8.886416e-02 -6.642397e-04 2.217054e-04
8.913497e-02 -4.779790e-04 2.227858e-04
8.940578e-02 -6.208401e-04 2.226959e-04
8.967660e-02 -5.299691e-04 2.240118e-04
8.994742e-02 -8.900799e-04 2.224143e-04
9.021823e-02 -4.022494e-04 2.216793e-04
9.048904e-02 -4.555490e-04 2.231702e-04
9.075986e-02 -6.476492e-04 2.222322e-04
9.103067e-02 -6.049406e-04 2.214127e-04
9.130149e-02 -5.800799e-04 2.214737e-04
9.157230e-02 -4.198197e-04 2.203598e-04
9.184311e-02 -2.033096e-04 2.224570e-04
9.211393e-02 -3.420394e-04 2.185821e-04
9.238474e-02 -6.032102e-04 2.201182e-04
9.265555e-02 -5.134810e-04 2.215265e-04
9.292637e-02 -7.497910e-04 2.184055e-04
9.319719e-02 -1.221504e-04 2.211257e-04
9.346800e-02 -7.605199e-04 2.181780e-04
9.373882e-02 -5.758107e-04 2.190091e-04
9.400963e-02 -4.807189e-04 2.194253e-04
9.428044e-02 -3.186017e-04 2.176744e-04
9.455126e-02 -6.631892e-04 2.186704e-04
9.482207e-02 -6.871298e-04 2.165233e-04
9.509289e-02 -5.632490e-04 2.194436e-04
9.536370e-02 -6.421804e-04 2.172945e-04
9.563451e-02 -3.771093e-04 2.168098e-04
9.590533e-02 -2.871584e-04 2.172915e-04
9.617615e-02 5.558878e-05 2.163500e-04
9.644696e-02 -4.077498e-04 2.162379e-04
9.671777e-02 -2.066698e-04 2.160051e-04
9.698859e-02 -6.311405e-04 2.148066e-04
9.725940e-02 -7.089190e-04 2.168446e-04
9.753022e-02 -6.202105e-04 2.133699e-04
9.780103e-02 -5.335603e-04 2.167683e-04
9.807184e-02 -8.161403e-04 2.141640e-04
9.834266e-02 -3.124997e-04 2.148528e-04
9.861347e-02 -4.600789e-04 2.165380e-04
9.888428e-02 -1.672693e-04 2.112119e-04
9.915510e-02 -7.610954e-05 2.132070e-04
9.942592e-02 -5.488507e-04 2.125307e-04
9.969673e-02 -4.390106e-04 2.141422e-04
9.996755e-02 -6.759595e-04 2.120664e-04
1.002384e-01 -3.731195e-04 2.129955e-04
1.005092e-01 -4.045889e-04 2.141379e-04
1.007800e-01 -4.252698e-04 2.114887e-04
1.010508e-01 -5.351901e-04 2.128888e-04
1.013216e-01 -2.903212e-04 2.127717e-04
1.015924e-01 -3.078505e-04 2.109141e-04
1.018632e-01 -2.561603e-04 2.118004e-04
1.021341e-01 -2.509002e-04 2.117985e-04
1.024049e-01 -5.193502e-04 2.118433e-04
1.026757e-01 -3.846101e-04 2.106438e-04
1.029465e-01 -2.891701e-04 2.103003e-04
1.032173e-01 -2.252702e-04 2.097009e-04
1.034881e-01 -6.052312e-04 2.102645e-04
1.037589e-01 -4.300307e-04 2.095206e-04
1.040298e-01 -4.357994e-04 2.099625e-04
1.043006e-01 -3.126692e-04 2.100477e-04
1.045714e-01 -3.116783e-04 2.086530e-04
1.048422e-01 -9.708386e-04 2.083462e-04
1.051130e-01 -4.841182e-04 2.103160e-04
1.053838e-01 -7.040408e-04 2.087852e-04
1.056546e-01 -3.287587e-04 2.078730e-04
1.059255e-01 -5.795807e-04 2.082283e-04
1.061963e-01 -6.736405e-04 2.075932e-04
1.064671e-01 -2.889689e-04 2.091103e-04
1.067379e-01 -5.435999e-04 2.069159e-04
1.070087e-01 -4.848894e-04 2.091041e-04
1.072795e-01 -6.268602e-04 2.052755e-04
1.075503e-01 -3.260598e-04 2.077011e-04
1.078212e-01 -4.849806e-04 2.053243e-04
1.080920e-01 -6.926190e-04 2.053078e-04
1.083628e-01 -3.768802e-04 2.071941e-04
1.086336e-01 -5.903505e-04 2.044307e-04
1.089044e-01 -6.041396e-04 2.054904e-04
1.091752e-01 -4.332103e-04 2.050392e-04
1.094460e-01 -2.123192e-04 2.049333e-04
1.097169e-01 -4.437696e-04 2.053005e-04
1.099877e-01 -6.243493e-04 2.044214e-04
1.102585e-01 -5.541686e-04 2.047945e-04
1.105293e-01 -5.008113e-04 2.073101e-04
1.108001e-01 -3.039502e-04 2.107610e-04
1.110709e-01 -5.212296e-04 2.128499e-04
1.113417e-01 -5.663298e-04 2.086398e-04
1.116126e-01 -2.416689e-04 2.130034e-04
1.118834e-01 -3.689397e-04 2.121018e-04
1.121542e-01 -3.872085e-04 2.135673e-04
1.124250e-01 -9.863507e-04 2.150712e-04
1.126958e-01 -4.889108e-04 2.164251e-04
1.129666e-01 -4.929807e-04 2.175859e-04
1.132374e-01 -5.423296e-04 2.217757e-04
1.135083e-01 -4.373193e-04 2.222797e-04
1.137791e-01 -4.641805e-04 2.247621e-04
1.140499e-01 -7.156711e-04 2.251588e-04
1.143207e-01 -1.125596e-04 2.263606e-04
1.145915e-01 -5.699284e-04 2.274870e-04
1.148623e-01 -8.523986e-04 2.305361e-04
1.151332e-01 -2.236199e-04 2.309865e-04
1.154040e-01 -6.303806e-04 2.329742e-04
1.156748e-01 -5.699135e-05 2.336579e-04
1.159456e-01 -2.484806e-04 2.344168e-04
1.162164e-01 -2.136994e-04 2.348449e-04
1.164872e-01 -4.691705e-04 2.343432e-04
1.167580e-01 -4.070196e-04 2.374979e-04
1.170288e-01 -5.610902e-04 2.392738e-04
1.172997e-01 -4.725587e-04 2.401306e-04
1.175705e-01 -2.723206e-04 2.401370e-04
1.178413e-01 -6.465185e-04 2.413568e-04
1.181121e-01 -6.333198e-04 2.395858e-04
1.183829e-01 -5.476214e-04 2.333425e-04
1.186537e-01 -4.217215e-04 2.365389e-04
1.189246e-01 -1.231208e-04 2.334968e-04
1.191954e-01 -3.526490e-04 2.340499e-04
1.194662e-01 -8.343309e-04 2.339137e-04
1.197370e-01 -4.556403e-04 2.329750e-04
1.200078e-01 -2.854411e-04 2.320682e-04
1.202786e-01 -5.934499e-04 2.309059e-04
1.205494e-01 -6.918795e-04 2.310510e-04
1.208202e-01 -3.901292e-04 2.333036e-04
1.210911e-01 -3.530607e-04 2.312898e-04
1.213619e-01 -4.328806e-04 2.314775e-04
1.216327e-01 -4.333910e-04 2.294116e-04
1.219035e-01 -4.132185e-04 2.325855e-04
1.221743e-01 -7.606689e-04 2.295053e-04
1.224451e-01 -6.015506e-04 2.308875e-04
1.227160e-01 -5.781315e-04 2.343522e-04
1.229868e-01 -5.580597e-04 2.299680e-04
1.232576e-01 -6.995890e-04 2.306870e-04
1.235284e-01 -6.674193e-04 2.307778e-04
1.237992e-01 -5.108193e-04 2.304761e-04
1.240700e-01 -8.418094e-04 2.311251e-04
1.243408e-01 -1.867805e-04 2.327892e-04
1.246117e-01 -2.319310e-04 2.313056e-04
1.248825e-01 -4.504807e-04 2.303915e-04
1.251533e-01 -1.062099e-04 2.307959e-04
1.254241e-01 -4.021898e-04 2.316797e-04
1.256949e-01 -8.617900e-04 2.285094e-04
1.259657e-01 -6.464701e-04 2.277596e-04
1.262365e-01 -1.661014e-04 2.292204e-04
1.265074e-01 -5.049594e-04 2.281786e-04
1.267782e-01 -5.057193e-04 2.295350e-04
1.270490e-01 -3.621411e-04 2.258974e-04
1.273198e-01 -6.250311e-04 2.271565e-04
1.275906e-01 -3.653411e-04 2.254419e-04
1.278614e-01 -5.876906e-04 2.262152e-04
1.281322e-01 -6.932896e-04 2.255355e-04
1.284031e-01 -8.007009e-04 2.255003e-04
1.286739e-01 -5.024001e-04 2.266879e-04
1.289447e-01 -5.942211e-04 2.250800e-04
1.292155e-01 -5.633403e-04 2.275096e-04
1.294863e-01 -2.926961e-05 2.263395e-04
1.297571e-01 -4.750509e-04 2.243043e-04
1.300279e-01 -9.722114e-04 2.255207e-04
1.302988e-01 -3.181398e-04 2.270659e-04
1.305696e-01 -3.952794e-04 2.262891e-04
1.308404e-01 -3.977101e-04 2.242147e-04
1.311112e-01 -5.527996e-04 2.242754e-04
1.313820e-01 -6.096195e-04 2.219718e-04
1.316528e-01 -4.413594e-04 2.247574e-04
1.319236e-01 -3.710892e-04 2.230230e-04
1.321945e-01 -3.760792e-04 2.218221e-04
1.324653e-01 -8.489098e-04 2.242444e-04
1.327361e-01 -1.814496e-04 2.239225e-04
1.330069e-01 -1.277085e-04 2.247360e-04
1.332777e-01 -2.155099e-04 2.235531e-04
1.335485e-01 -5.068500e-04 2.199532e-04
1.338193e-01 -1.184419e-03 2.232099e-04
1.340902e-01 -5.925391e-04 2.212989e-04
1.343610e-01 -4.436597e-04 2.248189e-04
1.346318e-01 -6.329902e-04 2.223621e-04
1.349026e-01 -6.850008e-04 2.210712e-04
1.351734e-01 -6.535407e-04 2.228821e-04
1.354442e-01 -7.789191e-04 2.203637e-04
1.357151e-01 -3.257710e-04 2.222002e-04
1.359859e-01 -5.324930e-05 2.233087e-04
1.362567e-01 -5.956404e-04 2.198199e-04
1.365275e-01 -3.269911e-04 2.215022e-04
1.367983e-01 -3.155507e-04 2.188949e-04
1.370691e-01 -2.877004e-04 2.221719e-04
1.373399e-01 -8.049589e-04 2.245601e-04
1.376107e-01 -4.606396e-04 2.259403e-04
1.378816e-01 -3.161598e-04 2.285170e-04
1.381524e-01 -7.636603e-04 2.279817e-04
1.384232e-01 -7.254798e-04 2.317688e-04
1.386940e-01 -3.618896e-04 2.313559e-04
1.389648e-01 -6.669890e-04 2.333336e-04
1.392356e-01 -7.415693e-04 2.354820e-04
1.395064e-01 -6.649997e-04 2.341420e-04
1.397773e-01 -4.032291e-04 2.364811e-04
1.400481e-01 -7.123407e-04 2.367787e-04
1.403189e-01 -2.752598e-04 2.388596e-04
1.405897e-01 -2.372209e-04 2.385035e-04
1.408605e-01 -3.623515e-04 2.390467e-04
1.411313e-01 -4.890505e-04 2.417653e-04
1.414021e-01 -5.028509e-04 2.416923e-04
1.416730e-01 -2.312213e-04 2.418674e-04
1.419438e-01 -5.340185e-04 2.414025e-04
1.422146e-01 -6.175004e-04 2.461016e-04
1.424854e-01 -6.151404e-04 2.442096e-04
1.427562e-01 -3.626104e-04 2.440558e-04
1.430270e-01 -2.073105e-04 2.417979e-04
1.432979e-01 -9.039994e-04 2.422906e-04
1.435687e-01 1.342092e-04 2.457600e-04
1.438395e-01 -6.780103e-04 2.453737e-04
1.441103e-01 -1.095403e-04 2.474010e-04
1.443811e-01 -7.021111e-04 2.478233e-04
1.446519e-01 -4.421100e-04 2.492213e-04
1.449227e-01 -4.016589e-04 2.505903e-04
1.451935e-01 -9.206310e-04 2.465664e-04
1.454644e-01 -3.826991e-05 2.502916e-04
1.457352e-01 -1.970865e-05 2.519636e-04
1.460060e-01 -4.433915e-04 2.487323e-04
1.462768e-01 -2.630502e-04 2.528128e-04
1.465476e-01 -5.436894e-04 2.521880e-04
1.468184e-01 -5.857702e-04 2.555593e-04
1.470892e-01 -7.402394e-04 2.528846e-04
1.473601e-01 -1.757406e-04 2.522837e-04
1.476309e-01 -2.813004e-04 2.540857e-04
1.479017e-01 -3.438313e-04 2.540715e-04
1.481725e-01 -9.425301e-04 2.539337e-04
1.484433e-01 -6.961208e-04 2.506796e-04
1.487141e-01 -9.714998e-04 2.517036e-04
1.489850e-01 -5.021691e-04 2.523916e-04
1.492558e-01 -6.048195e-04 2.537255e-04
1.495266e-01 -3.347900e-04 2.542807e-04
1.497974e-01 -7.297397e-04 2.501012e-04
1.500682e-01 -5.641785e-04 2.504125e-04
1.503390e-01 -3.614109e-04 2.532045e-04
1.506098e-01 -6.271694e-04 2.532744e-04
1.508806e-01 -8.228999e-04 2.514539e-04
1.511515e-01 -7.240605e-04 2.528154e-04
1.514223e-01 -6.884895e-04 2.540778e-04
1.516931e-01 -5.412195e-04 2.519565e-04
1.519639e-01 -1.002839e-03 2.506130e-04
1.522347e-01 -4.778709e-04 2.532021e-04
1.525055e-01 -8.423589e-04 2.507458e-04
1.527763e-01 -5.333815e-04 2.549240e-04
1.530472e-01 -5.773511e-04 2.515065e-04
1.533180e-01 -5.273987e-04 2.527565e-04
1.535888e-01 -9.639692e-04 2.534064e-04
1.538596e-01 -2.990197e-04 2.536544e-04
1.541304e-01 -5.973000e-04 2.551414e-04
1.544012e-01 -6.959606e-04 2.508624e-04
1.546721e-01 -4.828796e-04 2.539548e-04
1.549429e-01 -6.853305e-04 2.563424e-04
1.552137e-01 -3.856309e-04 2.546420e-04
1.554845e-01 -2.403501e-04 2.546087e-04
1.557553e-01 -9.979606e-04 2.534359e-04
1.560261e-01 -1.048790e-03 2.539584e-04
1.562969e-01 -4.563592e-04 2.537590e-04
1.565678e-01 -3.561303e-04 2.525193e-04
1.568386e-01 -8.590799e-04 2.571350e-04
1.571094e-01 -2.245493e-04 2.565391e-04
1.573802e-01 -3.154501e-04 2.545392e-04
1.576510e-01 -9.524785e-04 2.545987e-04
1.579218e-01 -3.292300e-04 2.546088e-04
1.581926e-01 -6.772298e-04 2.564535e-04
1.584634e-01 -1.364797e-04 2.525690e-04
1.587343e-01 -3.887303e-04 2.537862e-04
1.590051e-01 -4.878901e-04 2.492410e-04
1.592759e-01 -6.167516e-04 2.528586e-04
1.595467e-01 -2.612304e-04 2.527377e-04
1.598175e-01 -4.802886e-04 2.520047e-04
1.600883e-01 -8.329786e-04 2.519045e-04
1.603591e-01 -4.458390e-04 2.519281e-04
1.606300e-01 -8.108001e-04 2.510868e-04
1.609008e-01 -4.475899e-04 2.507331e-04
1.611716e-01 -4.401002e-04 2.531782e-04
1.614424e-01 -6.172601e-04 2.504540e-04
1.617132e-01 -5.152989e-04 2.502622e-04
1.619840e-01 -1.056492e-04 2.521366e-04
1.622549e-01 -4.173499e-04 2.509391e-04
1.625257e-01 -2.635792e-04 2.527248e-04
1.627965e-01 -5.150195e-04 2.491901e-04
1.630673e-01 -5.531013e-04 2.511922e-04
1.633381e-01 -8.439310e-04 2.520796e-04
1.636089e-01 -4.481692e-04 2.490008e-04
1.638797e-01 -7.037185e-04 2.525551e-04
1.641506e-01 -1.941212e-04 2.515633e-04
1.644214e-01 -2.955105e-04 2.506208e-04
1.646922e-01 -6.022584e-04 2.491057e-04
1.649630e-01 -1.755096e-04 2.503986e-04
1.652338e-01 -4.463010e-04 2.522800e-04
1.655046e-01 -5.776789e-04 2.523097e-04
1.657754e-01 -7.733796e-04 2.509525e-04
1.660462e-01 -9.126030e-05 2.501394e-04
1.663171e-01 -6.358605e-04 2.514576e-04
1.665879e-01 -3.131703e-04 2.498363e-04
1.668587e-01 -1.718104e-04 2.509277e-04
1.671295e-01 -2.794098e-04 2.547113e-04
1.674003e-01 -8.128025e-05 2.521907e-04
1.676711e-01 -2.945401e-04 2.617874e-04
1.679420e-01 -5.994402e-04 2.648250e-04
1.682128e-01 -2.770498e-04 2.662538e-04
1.684836e-01 -6.901287e-04 2.728662e-04
1.687544e-01 -4.917104e-04 2.737247e-04
1.690252e-01 -1.214184e-04 2.766056e-04
1.692960e-01 -4.366599e-04 2.736993e-04
1.695668e-01 -6.134100e-04 2.810354e-04
1.698377e-01 -6.215107e-04 2.786989e-04
1.701085e-01 -9.218100e-04 2.848152e-04
1.703793e-01 -7.341001e-04 2.885136e-04
1.706501e-01 -4.406609e-04 2.876966e-04
1.709209e-01 -8.957684e-04 2.934659e-04
1.711917e-01 -3.174711e-04 2.899264e-04
1.714625e-01 -5.343985e-04 2.920045e-04
1.717333e-01 -6.746314e-04 2.953027e-04
1.720042e-01 -2.705604e-04 2.974680e-04
1.722750e-01 -1.372509e-04 3.021085e-04
1.725458e-01 -2.863910e-04 3.027808e-04
1.728166e-01 -5.902108e-04 3.042852e-04
1.730874e-01 -7.424410e-04 3.063790e-04
1.733582e-01 -3.136396e-04 3.076167e-04
1.736291e-01 -7.146802e-04 3.136372e-04
1.738999e-01 -5.522091e-04 3.053904e-04
1.741707e-01 -5.909186e-04 3.180753e-04
1.744415e-01 -5.845912e-04 3.135823e-04
1.747123e-01 -6.594136e-05 3.187354e-04
1.749831e-01 -1.953896e-04 3.066011e-04
1.752539e-01 -9.737108e-04 2.949772e-04
1.755248e-01 -6.703995e-04 2.972441e-04
1.757956e-01 -5.938001e-04 2.899444e-04
1.760664e-01 -2.862997e-04 2.982529e-04
1.763372e-01 -6.741397e-04 2.903141e-04
1.766080e-01 -8.264799e-04 2.910848e-04
1.768788e-01 -7.341690e-04 2.925694e-04
1.771496e-01 -8.933917e-04 2.863069e-04
1.774205e-01 -7.287189e-04 2.884337e-04
1.776913e-01 -3.688801e-04 2.838407e-04
1.779621e-01 -1.174958e-03 2.807949e-04
1.782329e-01 -3.238488e-04 2.860744e-04
1.785037e-01 -4.558284e-04 2.770195e-04
1.787745e-01 -2.303999e-04 2.836551e-04
1.790453e-01 -5.353298e-04 2.816710e-04
1.793161e-01 -5.204603e-04 2.805168e-04
1.795870e-01 -4.804712e-04 2.808282e-04
1.798578e-01 -6.058197e-04 2.763989e-04
1.801286e-01 -1.494084e-04 2.787815e-04
1.803994e-01 -6.161705e-04 2.751194e-04
1.806702e-01 -1.821388e-04 2.752099e-04
1.809410e-01 -5.180109e-04 2.793507e-04
1.812119e-01 -4.030000e-04 2.742438e-04
1.814827e-01 -6.655101e-04 2.753523e-04
1.817535e-01 -4.262887e-04 2.723066e-04
1.820243e-01 -3.408790e-04 2.753364e-04
1.822951e-01 -1.244681e-03 2.732663e-04
1.825659e-01 -8.352417e-04 2.729603e-04
1.828367e-01 -7.731412e-04 2.746823e-04
1.831076e-01 -7.348508e-04 2.683031e-04
1.833784e-01 -5.342998e-05 2.762759e-04
1.836492e-01 -1.128893e-04 2.720177e-04
1.839200e-01 -5.219206e-04 2.747637e-04
1.841908e-01 -4.657805e-04 2.710239e-04
1.844616e-01 -1.615398e-04 2.726454e-04
1.847324e-01 -1.102421e-03 2.738552e-04
1.850033e-01 -7.642694e-04 2.693098e-04
1.852741e-01 -4.183296e-04 2.710753e-04
1.855449e-01 -2.142414e-04 2.708000e-04
1.858157e-01 -2.628900e-04 2.734791e-04
1.860865e-01 -6.222203e-04 2.720489e-04
1.863573e-01 -1.296189e-03 2.685924e-04
1.866281e-01 -2.758782e-04 2.708461e-04
1.868990e-01 -3.765300e-04 2.687283e-04
1.871698e-01 -3.714301e-04 2.695262e-04
1.874406e-01 -6.397106e-04 2.722489e-04
1.877114e-01 -5.928297e-04 2.694927e-04
1.879822e-01 -3.791209e-04 2.734862e-04
1.882530e-01 -3.307592e-04 2.704352e-04
1.885238e-01 -1.033170e-03 2.705184e-04
1.887947e-01 -5.382393e-04 2.673984e-04
1.890655e-01 -4.816204e-04 2.672289e-04
1.893363e-01 -1.050780e-03 2.694491e-04
1.896071e-01 -7.914901e-04 2.668612e-04
1.898779e-01 -9.654313e-04 2.708560e-04
1.901487e-01 -8.615497e-04 2.682855e-04
1.904195e-01 3.204290e-04 2.701282e-04
1.906904e-01 -8.007102e-04 2.723201e-04
1.909612e-01 -5.672704e-04 2.672454e-04
1.912320e-01 -9.612925e-05 2.722862e-04
1.915028e-01 -6.742906e-04 2.671876e-04
1.917736e-01 -4.822798e-04 2.690336e-04
1.920444e-01 -9.909272e-06 2.698322e-04
1.923153e-01 -1.060430e-03 2.681498e-04
1.925861e-01 -3.913399e-04 2.712433e-04
1.928569e-01 -4.396606e-04 2.706209e-04
1.931277e-01 -6.593093e-04 2.673086e-04
1.933985e-01 -8.143410e-04 2.707156e-04
1.936693e-01 -5.021002e-04 2.691337e-04
1.939401e-01 -4.841946e-05 2.712812e-04
1.942109e-01 -1.256000e-04 2.685246e-04
1.944818e-01 -8.732602e-04 2.684341e-04
1.947526e-01 -3.174394e-04 2.685376e-04
1.950234e-01 -8.631609e-04 2.676007e-04
1.952942e-01 -6.937906e-04 2.716958e-04
1.955650e-01 -8.244999e-04 2.655438e-04
1.958358e-01 -9.190999e-04 2.664476e-04
1.961066e-01 -2.929512e-04 2.677503e-04
1.963775e-01 -4.258696e-04 2.693414e-04
1.966483e-01 -8.395109e-04 2.657527e-04
1.969191e-01 -9.100400e-04 2.689689e-04
1.971899e-01 -2.413206e-04 2.696030e-04
1.974607e-01 -1.032339e-03 2.673927e-04
1.977315e-01 -7.211715e-04 2.691004e-04
1.980023e-01 -4.137307e-04 2.684626e-04
1.982732e-01 -3.511701e-04 2.654510e-04
1.985440e-01 -8.262601e-04 2.703811e-04
1.988148e-01 -6.878413e-04 2.675488e-04
1.990856e-01 -6.407406e-04 2.691731e-04
1.993564e-01 -2.189502e-04 2.685316e-04
1.996272e-01 -9.167995e-04 2.685689e-04
1.998980e-01 -6.392896e-04 2.682701e-04
2.001689e-01 -2.101306e-04 2.644026e-04
2.004397e-01 -1.845993e-04 2.630072e-04
2.007105e-01 -3.206301e-04 2.645596e-04
2.009813e-01 -4.309490e-04 2.618317e-04
2.012521e-01 -7.721037e-05 2.648932e-04
2.015229e-01 -3.272388e-04 2.671056e-04
2.017937e-01 -9.251945e-05 2.667522e-04
2.020646e-01 -9.330697e-04 2.653270e-04
2.023354e-01 -6.226804e-04 2.638932e-04
2.026062e-01 -4.328713e-04 2.635531e-04
2.028770e-01 -4.404988e-04 2.643693e-04
2.031478e-01 -3.351495e-04 2.630971e-04
2.034186e-01 -9.275507e-04 2.639501e-04
2.036894e-01 -5.656090e-04 2.641762e-04
2.039603e-01 -7.427093e-04 2.633567e-04
2.042311e-01 -5.852003e-04 2.620561e-04
2.045019e-01 -5.250908e-04 2.597579e-04
2.047727e-01 -7.998198e-04 2.579274e-04
2.050435e-01 -4.831310e-04 2.622278e-04
2.053143e-01 -9.379108e-04 2.615327e-04
2.055852e-01 -6.872006e-04 2.608141e-04
2.058560e-01 -7.628705e-04 2.603922e-04
2.061268e-01 -2.852809e-04 2.614398e-04
2.063976e-01 -6.061085e-04 2.613777e-04
2.066684e-01 -5.970206e-04 2.615691e-04
2.069392e-01 -7.661805e-04 2.604760e-04
2.072100e-01 -4.818104e-04 2.593473e-04
2.074808e-01 -5.515702e-04 2.602216e-04
2.077517e-01 -3.523305e-04 2.612554e-04
2.080225e-01 -4.214607e-04 2.618082e-04
2.082933e-01 -2.676602e-04 2.604699e-04
2.085641e-01 -6.041899e-04 2.599387e-04
2.088349e-01 -9.755716e-04 2.606033e-04
2.091057e-01 -4.876703e-04 2.590223e-04
2.093765e-01 -3.015306e-04 2.588119e-04
2.096474e-01 -6.016307e-04 2.590387e-04
2.099182e-01 -6.887708e-04 2.606981e-04
2.101890e-01 -6.349105e-04 2.600526e-04
2.104598e-01 -2.672598e-04 2.598566e-04
2.107306e-01 -2.186503e-04 2.615194e-04
2.110014e-01 -3.089793e-04 2.589412e-04
2.112723e-01 -3.852788e-04 2.610507e-04
2.115431e-01 -5.420595e-04 2.590716e-04
2.118139e-01 -4.905201e-04 2.604028e-04
2.120847e-01 -6.038696e-04 2.592813e-04
2.123555e-01 -7.578395e-04 2.608409e-04
2.126263e-01 -2.589077e-05 2.579649e-04
2.128971e-01 -1.402609e-04 2.608987e-04
2.131680e-01 -4.085898e-04 2.591530e-04
2.134388e-01 -3.166813e-04 2.599806e-04
2.137096e-01 -8.559488e-04 2.574991e-04
2.139804e-01 -3.818404e-04 2.619631e-04
2.142512e-01 -3.844984e-04 2.615336e-04
2.145220e-01 -7.414203e-04 2.616653e-04
2.147928e-01 -7.843785e-04 2.590625e-04
2.150636e-01 -5.367789e-04 2.582799e-04
2.153345e-01 -2.585091e-04 2.609891e-04
2.156053e-01 -4.528500e-04 2.603707e-04
2.158761e-01 -6.926488e-04 2.624501e-04
2.161469e-01 -3.665593e-04 2.594063e-04
2.164177e-01 -5.978495e-04 2.617250e-04
2.166885e-01 -1.020940e-03 2.596682e-04
2.169593e-01 -5.120486e-04 2.579897e-04
2.172302e-01 -1.003681e-03 2.616389e-04
2.175010e-01 -9.964034e-05 2.581988e-04
2.177718e-01 -7.046703e-04 2.587715e-04
2.180426e-01 -6.501209e-04 2.606734e-04
2.183134e-01 -2.572201e-04 2.589321e-04
2.185842e-01 -6.049592e-04 2.592004e-04
2.188551e-01 -6.766003e-04 2.584505e-04
2.191259e-01 -8.159000e-04 2.596756e-04
2.193967e-01 -8.701906e-04 2.578684e-04
2.196675e-01 -2.303496e-04 2.556588e-04
2.199383e-01 -5.144905e-04 2.592763e-04
2.202091e-01 -1.087612e-03 2.578738e-04
2.204799e-01 -9.978507e-04 2.563007e-04
2.207507e-01 -2.126601e-04 2.562477e-04
2.210216e-01 -2.863817e-04 2.551295e-04
2.212924e-01 -1.042841e-03 2.543926e-04
2.215632e-01 -1.519099e-04 2.562550e-04
2.218340e-01 -1.106299e-04 2.585345e-04
2.221048e-01 -6.432291e-04 2.548116e-04
2.223756e-01 -4.369505e-04 2.555243e-04
2.226464e-01 -9.913892e-04 2.541450e-04
2.229173e-01 -3.833901e-04 2.538111e-04
2.231881e-01 -2.437402e-04 2.544977e-04
2.234589e-01 -1.135899e-03 2.553413e-04
2.237297e-01 -4.460495e-04 2.542752e-04
2.240005e-01 -2.841409e-04 2.532618e-04
2.242713e-01 -8.945093e-04 2.509911e-04
2.245422e-01 -3.109016e-04 2.552351e-04
2.248130e-01 -6.109904e-04 2.578188e-04
2.250838e-01 -4.201587e-04 2.546628e-04
2.253546e-01 -8.358993e-05 2.539406e-04
2.256254e-01 -9.189695e-04 2.527243e-04
2.258962e-01 -9.877048e-05 2.533799e-04
2.261670e-01 -7.071905e-04 2.641373e-04
2.264379e-01 -6.723404e-04 2.701800e-04
2.267087e-01 -3.055204e-04 2.722333e-04
2.269795e-01 -3.583897e-04 2.761401e-04
2.272503e-01 -8.151997e-04 2.803355e-04
2.275211e-01 -6.740000e-04 2.820926e-04
2.277919e-01 -7.704701e-04 2.849208e-04
2.280627e-01 -8.975286e-04 2.881449e-04
2.283335e-01 -4.335307e-04 2.913818e-04
2.286044e-01 -2.778508e-04 2.937826e-04
2.288752e-01 -9.952597e-04 2.954087e-04
2.291460e-01 -2.856907e-04 3.017824e-04
2.294168e-01 -2.784915e-04 3.023321e-04
2.296876e-01 -6.151199e-04 3.033654e-04
2.299584e-01 -7.218104e-04 3.074033e-04
2.302293e-01 -5.868915e-04 3.100893e-04
2.305001e-01 -6.736908e-04 3.151505e-04
2.307709e-01 3.215112e-04 3.197801e-04
2.310417e-01 -3.391393e-04 3.164926e-04
2.313125e-01 -2.244506e-04 3.238480e-04
2.315833e-01 -3.311690e-04 3.243588e-04
2.318541e-01 3.116801e-04 3.249824e-04
2.321250e-01 -6.045904e-04 3.326552e-04
2.323958e-01 -2.402216e-04 3.319068e-04
2.326666e-01 -3.090687e-04 3.351215e-04
2.329374e-01 -7.054415e-04 3.373832e-04
2.332082e-01 -6.082207e-04 3.351737e-04
2.334790e-01 -3.096294e-04 3.403420e-04
2.337498e-01 2.449602e-04 3.500921e-04
2.340207e-01 -9.079799e-04 3.452214e-04
2.342915e-01 -9.675398e-04 3.535157e-04
2.345623e-01 -5.178489e-04 3.529129e-04
2.348331e-01 -5.252697e-04 3.525064e-04
2.351039e-01 1.034997e-04 3.611583e-04
2.353747e-01 -3.303997e-04 3.602813e-04
2.356455e-01 -1.696516e-04 3.681891e-04
2.359163e-01 -7.519498e-04 3.660820e-04
2.361872e-01 -9.604488e-04 3.660432e-04
2.364580e-01 -3.844798e-04 3.751122e-04
2.367288e-01 -9.475090e-04 3.766948e-04
2.369996e-01 -3.026612e-04 3.770992e-04
2.372704e-01 -3.436003e-04 3.862547e-04
2.375412e-01 -1.289006e-04 3.849828e-04
2.378121e-01 4.316401e-04 3.878299e-04
2.380829e-01 -6.673299e-04 3.928989e-04
2.383537e-01 2.375990e-04 3.978774e-04
2.386245e-01 -8.987598e-04 4.040578e-04
2.388953e-01 -2.314597e-04 4.101726e-04
2.391661e-01 -6.361119e-05 4.032946e-04
2.394369e-01 -7.758699e-04 4.106277e-04
2.397078e-01 5.529802e-04 4.156446e-04
2.399786e-01 3.623031e-05 4.194174e-04
2.402494e-01 -7.715411e-04 4.193425e-04
2.405202e-01 -1.034850e-03 4.192794e-04
2.407910e-01 -8.117892e-04 4.344430e-04
2.410618e-01 -4.703403e-04 4.382375e-04
2.413326e-01 2.370998e-04 4.460954e-04
2.416034e-01 -4.577301e-04 4.460574e-04
2.418743e-01 -5.180687e-04 4.532442e-04
2.421451e-01 -3.973302e-04 4.547722e-04
2.424159e-01 -2.505109e-04 4.640896e-04
2.426867e-01 -3.417023e-05 4.641115e-04
2.429575e-01 -5.482696e-04 4.808449e-04
2.432283e-01 -4.640687e-04 4.897517e-04
2.434992e-01 -9.301789e-04 4.759585e-04
2.437700e-01 -7.250812e-04 4.833412e-04
2.440408e-01 -7.418916e-06 5.002909e-04
2.443116e-01 9.944849e-05 5.050765e-04
2.445824e-01 -6.260294e-04 4.975472e-04
2.448532e-01 -8.721091e-04 5.062476e-04
2.451240e-01 -4.185513e-04 5.212344e-04
2.453949e-01 -4.620496e-04 5.327892e-04
2.456657e-01 -8.854698e-04 5.396678e-04
2.459365e-01 -5.851295e-04 5.469635e-04
2.462073e-01 -4.301388e-04 5.390975e-04
2.464781e-01 2.627708e-04 5.750890e-04
2.467489e-01 -1.605712e-04 5.769463e-04
2.470197e-01 -8.062106e-04 5.670291e-04
2.472906e-01 -3.254507e-04 5.870416e-04
2.475614e-01 3.154017e-05 6.044158e-04
2.478322e-01 -3.639795e-04 6.160924e-04
2.481030e-01 -3.346615e-04 6.158043e-04
2.483738e-01 3.834702e-04 6.338215e-04
2.486446e-01 -1.313051e-03 6.688065e-04
2.489154e-01 8.420404e-04 6.776106e-04
2.491863e-01 -2.118200e-04 6.521334e-04
2.494571e-01 1.665018e-05 6.789853e-04
2.497279e-01 -1.681989e-03 7.058543e-04
2.499987e-01 -7.589590e-04 7.231172e-04
2.502695e-01 -1.752680e-03 7.242157e-04
2.505403e-01 -1.969200e-03 7.522410e-04
2.508111e-01 -1.357570e-03 7.777663e-04
2.510819e-01 -1.031552e-03 8.136818e-04
2.513528e-01 -1.366679e-03 7.880632e-04
2.516236e-01 1.434498e-04 8.218893e-04
2.518944e-01 -2.389090e-03 8.559749e-04
2.521652e-01 -1.660571e-03 9.044842e-04
2.524360e-01 6.033685e-04 9.343813e-04
2.527068e-01 -1.767410e-03 9.128334e-04
2.529776e-01 -2.046481e-03 9.512074e-04
2.532485e-01 -1.141921e-03 9.971964e-04
2.535193e-01 2.360195e-04 1.003162e-03
2.537901e-01 1.327150e-03 1.050855e-03
2.540609e-01 -7.089898e-04 1.030064e-03
2.543317e-01 -1.265530e-03 1.074194e-03
2.546025e-01 -8.632187e-04 1.110382e-03
2.548733e-01 -2.943799e-04 1.189813e-03
2.551441e-01 -1.143791e-03 1.194314e-03
2.554150e-01 1.169518e-04 1.259364e-03
2.556858e-01 2.157297e-04 1.247807e-03
2.559566e-01 -1.548696e-04 1.426908e-03
2.562274e-01 -1.287520e-03 1.529135e-03
2.564982e-01 -1.754500e-03 1.701083e-03
2.567690e-01 -2.725771e-03 1.774687e-03
2.570398e-01 -2.111752e-03 1.990555e-03
2.573107e-01 -3.052061e-03 2.129114e-03
2.575815e-01 4.792605e-04 2.872852e-03
2.578523e-01 -3.566630e-03 3.714976e-03
2.581231e-01 -2.485991e-03 6.060855e-03
