3.286826e-03 4.474823e+00 0.000000e+00
3.557641e-03 5.959795e+00 1.079858e-01
3.828455e-03 6.043876e+00 6.131170e-02
4.099269e-03 6.000030e+00 4.443545e-02
4.370084e-03 5.887751e+00 3.384468e-02
4.640898e-03 5.742874e+00 2.588947e-02
4.911712e-03 5.649372e+00 2.286272e-02
5.182527e-03 5.515317e+00 1.944018e-02
5.453341e-03 5.411714e+00 1.790494e-02
5.724155e-03 5.271622e+00 1.509665e-02
5.994970e-03 5.160207e+00 1.368150e-02
6.265784e-03 5.018258e+00 1.233663e-02
6.536598e-03 4.913293e+00 1.036142e-02
6.807412e-03 4.771870e+00 1.054274e-02
7.078227e-03 4.613934e+00 9.554834e-03
7.349041e-03 4.495638e+00 9.202120e-03
7.619855e-03 4.348890e+00 8.197161e-03
7.890671e-03 4.201279e+00 7.999995e-03
8.161485e-03 4.063576e+00 7.639124e-03
8.432299e-03 3.913329e+00 7.286880e-03
8.703114e-03 3.783301e+00 6.842176e-03
8.973928e-03 3.643903e+00 6.562238e-03
9.244742e-03 3.512005e+00 6.198232e-03
9.515557e-03 3.364120e+00 6.073637e-03
9.786371e-03 3.224526e+00 5.755690e-03
1.005718e-02 3.097988e+00 5.632984e-03
1.032800e-02 2.955705e+00 5.236896e-03
1.059881e-02 2.825040e+00 5.100256e-03
1.086963e-02 2.695849e+00 4.785885e-03
1.114044e-02 2.568149e+00 4.599762e-03
1.141126e-02 2.437808e+00 4.503861e-03
1.168207e-02 2.319458e+00 4.257639e-03
1.195289e-02 2.198550e+00 4.105512e-03
1.222370e-02 2.073880e+00 3.841232e-03
1.249451e-02 1.965576e+00 3.639368e-03
1.276533e-02 1.859146e+00 3.578372e-03
1.303614e-02 1.745530e+00 3.356944e-03
1.330696e-02 1.645102e+00 3.277967e-03
1.357777e-02 1.547182e+00 3.124618e-03
1.384859e-02 1.452102e+00 3.011912e-03
1.411940e-02 1.359123e+00 2.807912e-03
1.439021e-02 1.262560e+00 2.658606e-03
1.466103e-02 1.174200e+00 2.594040e-03
1.493184e-02 1.096439e+00 2.447691e-03
1.520266e-02 1.024816e+00 2.288053e-03
1.547347e-02 9.473963e-01 2.234245e-03
1.574429e-02 8.748216e-01 2.117408e-03
1.601510e-02 8.052901e-01 2.022751e-03
1.628591e-02 7.433119e-01 1.953432e-03
1.655673e-02 6.862104e-01 1.846728e-03
1.682754e-02 6.263869e-01 1.711893e-03
1.709836e-02 5.769851e-01 1.672211e-03
1.736917e-02 5.253358e-01 1.594185e-03
1.763999e-02 4.786207e-01 1.510882e-03
1.791080e-02 4.324421e-01 1.397694e-03
1.818161e-02 3.934055e-01 1.369507e-03
1.845243e-02 3.554437e-01 1.324744e-03
1.872324e-02 3.204533e-01 1.247233e-03
1.899406e-02 2.887418e-01 1.195698e-03
1.926487e-02 2.563516e-01 1.137856e-03
1.953569e-02 2.280424e-01 1.068697e-03
1.980650e-02 2.044090e-01 1.038565e-03
2.007731e-02 1.808308e-01 9.740574e-04
2.034813e-02 1.601181e-01 9.369726e-04
2.061894e-02 1.385462e-01 9.063790e-04
2.088976e-02 1.224621e-01 8.458119e-04
2.116057e-02 1.073158e-01 7.978752e-04
2.143139e-02 9.376381e-02 7.735747e-04
2.170220e-02 8.104439e-02 7.501621e-04
2.197302e-02 7.069097e-02 7.081662e-04
2.224383e-02 5.973196e-02 6.720563e-04
2.251465e-02 5.115429e-02 6.489823e-04
2.278546e-02 4.330332e-02 6.008668e-04
2.305627e-02 3.784018e-02 5.906982e-04
2.332709e-02 3.279343e-02 5.631178e-04
2.359790e-02 2.872932e-02 5.416925e-04
2.386872e-02 2.430160e-02 5.281508e-04
2.413953e-02 2.136519e-02 5.087867e-04
2.441034e-02 1.982088e-02 4.997920e-04
2.468116e-02 1.744788e-02 4.906674e-04
2.495197e-02 1.628189e-02 4.729512e-04
2.522279e-02 1.618473e-02 4.721331e-04
2.549360e-02 1.533765e-02 4.707531e-04
2.576442e-02 1.583759e-02 4.547309e-04
2.603523e-02 1.538096e-02 4.615929e-04
2.630604e-02 1.623578e-02 4.514868e-04
2.657686e-02 1.713491e-02 4.532433e-04
2.684767e-02 1.849987e-02 4.506770e-04
2.711849e-02 1.852844e-02 4.485637e-04
2.738930e-02 1.892000e-02 4.479565e-04
2.766012e-02 2.149729e-02 4.417340e-04
2.793093e-02 2.174416e-02 4.425607e-04
2.820175e-02 2.259150e-02 4.363385e-04
2.847256e-02 2.462194e-02 4.329909e-04
2.874337e-02 2.542653e-02 4.395981e-04
2.901419e-02 2.629526e-02 4.336926e-04
2.928500e-02 2.622807e-02 4.318390e-04
2.955582e-02 2.756320e-02 4.307795e-04
2.982663e-02 2.792947e-02 4.291922e-04
3.009745e-02 2.857656e-02 4.315597e-04
3.036826e-02 2.920843e-02 4.224698e-04
3.063907e-02 3.021031e-02 4.257174e-04
3.090989e-02 2.958229e-02 4.201430e-04
3.118070e-02 2.974112e-02 4.192883e-04
3.145152e-02 3.014323e-02 4.221884e-04
3.172233e-02 3.046585e-02 4.172468e-04
3.199315e-02 2.978019e-02 4.108231e-04
3.226396e-02 2.948578e-02 4.106469e-04
3.253478e-02 2.834908e-02 4.101010e-04
3.280559e-02 2.890369e-02 4.002986e-04
3.307641e-02 2.866201e-02 4.000895e-04
3.334722e-02 2.721046e-02 3.963563e-04
3.361803e-02 2.724802e-02 3.930658e-04
3.388885e-02 2.622938e-02 3.868773e-04
3.415966e-02 2.472972e-02 3.885198e-04
3.443048e-02 2.451672e-02 3.865476e-04
3.470129e-02 2.393252e-02 3.763109e-04
3.497211e-02 2.308178e-02 3.760761e-04
3.524292e-02 2.233814e-02 3.690411e-04
3.551374e-02 2.033956e-02 3.685722e-04
3.578455e-02 2.007079e-02 3.642851e-04
3.605536e-02 1.958362e-02 3.566879e-04
3.632618e-02 1.805474e-02 3.549222e-04
3.659699e-02 1.782920e-02 3.521728e-04
3.686780e-02 1.646710e-02 3.461129e-04
3.713862e-02 1.573848e-02 3.422463e-04
3.740944e-02 1.502503e-02 3.366005e-04
3.768025e-02 1.352427e-02 3.319431e-04
3.795106e-02 1.270845e-02 3.319188e-04
3.822188e-02 1.193292e-02 3.258480e-04
3.849269e-02 1.146788e-02 3.224635e-04
3.876351e-02 1.079327e-02 3.211207e-04
3.903432e-02 1.017091e-02 3.195865e-04
3.930514e-02 9.343151e-03 3.165847e-04
3.957595e-02 8.589160e-03 3.144778e-04
3.984676e-02 7.549871e-03 3.059737e-04
4.011758e-02 7.392108e-03 3.055778e-04
4.038839e-02 7.045321e-03 3.059959e-04
4.065921e-02 6.631494e-03 2.972478e-04
4.093002e-02 6.246042e-03 2.984060e-04
4.120084e-02 5.646322e-03 2.947326e-04
4.147165e-02 5.691960e-03 2.944898e-04
4.174246e-02 5.313169e-03 2.947993e-04
4.201328e-02 4.783940e-03 2.914337e-04
4.228409e-02 4.729677e-03 2.905087e-04
4.255491e-02 4.654013e-03 2.868774e-04
4.282572e-02 4.361030e-03 2.882021e-04
4.309653e-02 3.936291e-03 2.826024e-04
4.336735e-02 3.451481e-03 2.830946e-04
4.363817e-02 3.783260e-03 2.854318e-04
4.390898e-02 3.631800e-03 2.820277e-04
4.417979e-02 3.283862e-03 2.785180e-04
4.445061e-02 3.333852e-03 2.778894e-04
4.472142e-02 3.273841e-03 2.738717e-04
4.499224e-02 3.955022e-03 2.786680e-04
4.526305e-02 3.819549e-03 2.762650e-04
4.553387e-02 3.717629e-03 2.726122e-04
4.580468e-02 3.669921e-03 2.734183e-04
4.607549e-02 3.552862e-03 2.733576e-04
4.634631e-02 3.757989e-03 2.699818e-04
4.661712e-02 3.521521e-03 2.724809e-04
4.688794e-02 3.881291e-03 2.681831e-04
4.715875e-02 3.756862e-03 2.687399e-04
4.742957e-02 3.494222e-03 2.662176e-04
4.770038e-02 3.942991e-03 2.628376e-04
4.797119e-02 3.680710e-03 2.637293e-04
4.824201e-02 3.668820e-03 2.635975e-04
4.851282e-02 3.525440e-03 2.664334e-04
4.878364e-02 3.850609e-03 2.605816e-04
4.905445e-02 3.755810e-03 2.621753e-04
4.932526e-02 3.745830e-03 2.615256e-04
4.959608e-02 3.883362e-03 2.584454e-04
4.986690e-02 4.034631e-03 2.606982e-04
5.013771e-02 3.743740e-03 2.593804e-04
5.040852e-02 4.291141e-03 2.587529e-04
5.067934e-02 3.293371e-03 2.586726e-04
5.095015e-02 3.530679e-03 2.536116e-04
5.122096e-02 3.461070e-03 2.546704e-04
5.149178e-02 3.922651e-03 2.552759e-04
5.176260e-02 3.379848e-03 2.538023e-04
5.203341e-02 3.724771e-03 2.517552e-04
5.230422e-02 3.792582e-03 2.483768e-04
5.257504e-02 3.930438e-03 2.532291e-04
5.284585e-02 3.570331e-03 2.496864e-04
5.311667e-02 3.280951e-03 2.489966e-04
5.338748e-02 3.192211e-03 2.546901e-04
5.365830e-02 3.135979e-03 2.512242e-04
5.392911e-02 3.138149e-03 2.499735e-04
5.419992e-02 2.981549e-03 2.527765e-04
5.447074e-02 2.969541e-03 2.510866e-04
5.474155e-02 3.292650e-03 2.557763e-04
5.501237e-02 2.678761e-03 2.585403e-04
5.528318e-02 2.216771e-03 2.611904e-04
5.555400e-02 2.601810e-03 2.632509e-04
5.582481e-02 2.279470e-03 2.626051e-04
5.609563e-02 2.670329e-03 2.652618e-04
5.636644e-02 2.493849e-03 2.656113e-04
5.663725e-02 2.198651e-03 2.660201e-04
5.690807e-02 1.986312e-03 2.654735e-04
5.717888e-02 2.256671e-03 2.648456e-04
5.744969e-02 1.893841e-03 2.659385e-04
5.772051e-02 2.156358e-03 2.659822e-04
5.799133e-02 1.720659e-03 2.650330e-04
5.826214e-02 1.644159e-03 2.700126e-04
5.853295e-02 2.264779e-03 2.682947e-04
5.880377e-02 1.656881e-03 2.685486e-04
5.907458e-02 1.645578e-03 2.678155e-04
5.934540e-02 1.333920e-03 2.682431e-04
5.961621e-02 1.758618e-03 2.689833e-04
5.988703e-02 1.512419e-03 2.697747e-04
6.015784e-02 1.395591e-03 2.689695e-04
6.042865e-02 1.891771e-03 2.692246e-04
6.069947e-02 1.427142e-03 2.638364e-04
6.097028e-02 1.923252e-03 2.667572e-04
6.124110e-02 1.574030e-03 2.602203e-04
6.151191e-02 1.509810e-03 2.596015e-04
6.178273e-02 1.475200e-03 2.589076e-04
6.205354e-02 1.515912e-03 2.556912e-04
6.232436e-02 9.699091e-04 2.576610e-04
6.259517e-02 7.066801e-04 2.566312e-04
6.286598e-02 1.295451e-03 2.549441e-04
6.313679e-02 9.712595e-04 2.554497e-04
6.340761e-02 1.658259e-03 2.539931e-04
6.367842e-02 1.411682e-03 2.521447e-04
6.394923e-02 6.512906e-04 2.523265e-04
6.422005e-02 1.111189e-03 2.534982e-04
6.449086e-02 1.156639e-03 2.518331e-04
6.476168e-02 1.744919e-03 2.493425e-04
6.503250e-02 8.871499e-04 2.550520e-04
6.530331e-02 1.573119e-03 2.494865e-04
6.557412e-02 1.231669e-03 2.507096e-04
6.584494e-02 1.492660e-03 2.501792e-04
6.611575e-02 1.002328e-03 2.498532e-04
6.638657e-02 1.097731e-03 2.502979e-04
6.665738e-02 1.218891e-03 2.471329e-04
6.692819e-02 1.182379e-03 2.484630e-04
6.719901e-02 8.592196e-04 2.470947e-04
6.746982e-02 1.349881e-03 2.479671e-04
6.774063e-02 9.829812e-04 2.500324e-04
6.801146e-02 1.013270e-03 2.471671e-04
6.828227e-02 1.410332e-03 2.428229e-04
6.855308e-02 1.337931e-03 2.468336e-04
6.882390e-02 1.330780e-03 2.457707e-04
6.909471e-02 1.029368e-03 2.449962e-04
6.936552e-02 7.733013e-04 2.427213e-04
6.963634e-02 9.829998e-04 2.431830e-04
6.990715e-02 1.197500e-03 2.469435e-04
7.017796e-02 1.398971e-03 2.420929e-04
7.044878e-02 9.966101e-04 2.417909e-04
7.071959e-02 1.113610e-03 2.411795e-04
7.099041e-02 1.101380e-03 2.417679e-04
7.126123e-02 9.555705e-04 2.406667e-04
7.153204e-02 1.215229e-03 2.406590e-04
7.180285e-02 3.252011e-04 2.387585e-04
7.207367e-02 7.040091e-04 2.376721e-04
7.234448e-02 1.208391e-03 2.407548e-04
7.261530e-02 6.042700e-04 2.406537e-04
7.288611e-02 9.330511e-04 2.380918e-04
7.315692e-02 6.012004e-04 2.404893e-04
7.342774e-02 1.025770e-03 2.392230e-04
7.369855e-02 7.085800e-04 2.399685e-04
7.396936e-02 9.666886e-04 2.375718e-04
7.424019e-02 1.259750e-03 2.388124e-04
7.451100e-02 6.974600e-04 2.359188e-04
7.478181e-02 1.039561e-03 2.349953e-04
7.505263e-02 8.304603e-04 2.355644e-04
7.532344e-02 4.685801e-04 2.395749e-04
7.559425e-02 8.462109e-04 2.357712e-04
7.586507e-02 8.419510e-04 2.361756e-04
7.613588e-02 1.081610e-03 2.354721e-04
7.640669e-02 2.774708e-04 2.331225e-04
7.667751e-02 7.380303e-04 2.344394e-04
7.694832e-02 5.575493e-04 2.334797e-04
7.721914e-02 4.882906e-04 2.314085e-04
7.748996e-02 6.619412e-04 2.337075e-04
7.776077e-02 3.820211e-04 2.310960e-04
7.803158e-02 4.811510e-04 2.335571e-04
7.830240e-02 1.015900e-03 2.326850e-04
7.857321e-02 6.749090e-04 2.311188e-04
7.884403e-02 8.333288e-04 2.325431e-04
7.911484e-02 3.969502e-04 2.301873e-04
7.938565e-02 4.187394e-04 2.314789e-04
7.965647e-02 7.151105e-04 2.280653e-04
7.992728e-02 5.353689e-04 2.288782e-04
8.019809e-02 4.781000e-04 2.298442e-04
8.046892e-02 4.864112e-05 2.279020e-04
8.073973e-02 7.768609e-04 2.301567e-04
8.101054e-02 5.609896e-04 2.271807e-04
8.128136e-02 3.442410e-04 2.259184e-04
8.155217e-02 4.814900e-04 2.281434e-04
8.182298e-02 4.770979e-05 2.255837e-04
8.209380e-02 9.830296e-04 2.238452e-04
8.236461e-02 4.182793e-04 2.255902e-04
8.263543e-02 5.536396e-04 2.270551e-04
8.290624e-02 6.994605e-04 2.266930e-04
8.317705e-02 5.270205e-04 2.243843e-04
8.344787e-02 5.643610e-04 2.264666e-04
8.371869e-02 2.338607e-04 2.257964e-04
8.398950e-02 2.105292e-04 2.249216e-04
8.426031e-02 3.113393e-04 2.235869e-04
8.453113e-02 2.537891e-04 2.233598e-04
8.480194e-02 2.018716e-04 2.222512e-04
8.507276e-02 1.043491e-04 2.250397e-04
8.534357e-02 2.472308e-04 2.231011e-04
8.561438e-02 3.175102e-04 2.212419e-04
8.588520e-02 2.185889e-04 2.226145e-04
8.615601e-02 3.877692e-04 2.207074e-04
8.642682e-02 5.681999e-04 2.227516e-04
8.669765e-02 -2.023019e-05 2.212810e-04
8.696846e-02 2.990812e-04 2.230265e-04
8.723927e-02 2.122503e-04 2.208606e-04
8.751009e-02 -8.407980e-05 2.194943e-04
8.778090e-02 2.391003e-04 2.188078e-04
8.805171e-02 3.622603e-04 2.184565e-04
8.832253e-02 6.476995e-04 2.196420e-04
8.859334e-02 6.342307e-04 2.205749e-04
8.886416e-02 3.593415e-04 2.188244e-04
8.913497e-02 8.066110e-04 2.191661e-04
8.940578e-02 2.425592e-04 2.191805e-04
8.967660e-02 3.419891e-04 2.208782e-04
8.994742e-02 3.930796e-04 2.191408e-04
9.021823e-02 4.890934e-05 2.178949e-04
9.048904e-02 4.857089e-04 2.167906e-04
9.075986e-02 4.782900e-04 2.173758e-04
9.103067e-02 7.913988e-04 2.165097e-04
9.130149e-02 6.245598e-04 2.158901e-04
9.157230e-02 6.398000e-04 2.155341e-04
9.184311e-02 3.521014e-04 2.174852e-04
9.211393e-02 2.762303e-04 2.158012e-04
9.238474e-02 1.314599e-04 2.151783e-04
9.265555e-02 3.090184e-04 2.171883e-04
9.292637e-02 4.072916e-04 2.154429e-04
9.319719e-02 1.426488e-04 2.165760e-04
9.346800e-02 6.960798e-04 2.138365e-04
9.373882e-02 2.503023e-05 2.136683e-04
9.400963e-02 7.321611e-04 2.162416e-04
9.428044e-02 -2.787504e-04 2.134243e-04
9.455126e-02 2.855305e-04 2.141155e-04
9.482207e-02 2.215095e-04 2.114315e-04
9.509289e-02 4.072394e-04 2.133588e-04
9.536370e-02 -3.197975e-05 2.141848e-04
9.563451e-02 5.516112e-04 2.103601e-04
9.590533e-02 4.290603e-04 2.138305e-04
9.617615e-02 1.804493e-04 2.104849e-04
9.644696e-02 4.759058e-05 2.099210e-04
9.671777e-02 -1.317095e-04 2.106849e-04
9.698859e-02 4.119985e-05 2.094139e-04
9.725940e-02 1.966022e-05 2.102375e-04
9.753022e-02 -2.950430e-06 2.084765e-04
9.780103e-02 4.419796e-04 2.103633e-04
9.807184e-02 3.028102e-04 2.086096e-04
9.834266e-02 2.383105e-04 2.094030e-04
9.861347e-02 -7.626973e-05 2.112196e-04
9.888428e-02 1.428295e-04 2.073427e-04
9.915510e-02 1.279600e-04 2.086726e-04
9.942592e-02 1.326296e-04 2.073844e-04
9.969673e-02 5.044602e-04 2.076416e-04
9.996755e-02 3.246386e-04 2.068993e-04
1.002384e-01 4.161187e-04 2.072063e-04
1.005092e-01 4.224796e-04 2.084424e-04
1.007800e-01 1.393296e-04 2.072259e-04
1.010508e-01 -2.267510e-04 2.082379e-04
1.013216e-01 2.164952e-05 2.066626e-04
1.015924e-01 3.602095e-04 2.051256e-04
1.018632e-01 1.615193e-04 2.064933e-04
1.021341e-01 3.574993e-04 2.068185e-04
1.024049e-01 4.641153e-05 2.068506e-04
1.026757e-01 -9.592623e-07 2.056476e-04
1.029465e-01 4.200600e-04 2.053880e-04
1.032173e-01 2.991594e-04 2.059025e-04
1.034881e-01 1.207404e-04 2.045804e-04
1.037589e-01 5.011093e-04 2.053017e-04
1.040298e-01 -3.099442e-06 2.038597e-04
1.043006e-01 2.287589e-04 2.042091e-04
1.045714e-01 2.569109e-04 2.039710e-04
1.048422e-01 -4.883111e-05 2.038587e-04
1.051130e-01 6.220099e-04 2.042438e-04
1.053838e-01 4.287586e-04 2.042889e-04
1.056546e-01 5.670302e-04 2.031539e-04
1.059255e-01 9.071082e-06 2.031429e-04
1.061963e-01 5.111694e-04 2.026289e-04
1.064671e-01 1.833197e-04 2.033811e-04
1.067379e-01 3.764704e-04 2.014107e-04
1.070087e-01 3.271513e-04 2.018853e-04
1.072795e-01 5.426500e-04 2.005841e-04
1.075503e-01 -2.660044e-05 2.019828e-04
1.078212e-01 7.406995e-05 2.022621e-04
1.080920e-01 9.582005e-05 2.006612e-04
1.083628e-01 2.226103e-04 2.011776e-04
1.086336e-01 7.346086e-05 1.997227e-04
1.089044e-01 1.329407e-04 2.014015e-04
1.091752e-01 1.208410e-04 2.006268e-04
1.094460e-01 4.194900e-04 1.993948e-04
1.097169e-01 1.112204e-04 2.008517e-04
1.099877e-01 6.728992e-05 1.992186e-04
1.102585e-01 1.366995e-04 1.997152e-04
1.105293e-01 1.928490e-04 2.022766e-04
1.108001e-01 2.275612e-04 2.045034e-04
1.110709e-01 -2.170205e-04 2.056247e-04
1.113417e-01 -2.325904e-04 2.063402e-04
1.116126e-01 -2.246499e-04 2.067139e-04
1.118834e-01 7.423013e-05 2.065260e-04
1.121542e-01 7.177144e-05 2.090815e-04
1.124250e-01 7.067062e-05 2.113296e-04
1.126958e-01 3.874395e-04 2.122774e-04
1.129666e-01 1.566801e-04 2.135566e-04
1.132374e-01 6.492063e-05 2.154371e-04
1.135083e-01 -2.520159e-06 2.190858e-04
1.137791e-01 1.941994e-05 2.178718e-04
1.140499e-01 9.492040e-05 2.164698e-04
1.143207e-01 -9.308010e-05 2.223033e-04
1.145915e-01 1.705103e-04 2.217706e-04
1.148623e-01 -1.536589e-04 2.238254e-04
1.151332e-01 2.862811e-04 2.234082e-04
1.154040e-01 1.834910e-04 2.260492e-04
1.156748e-01 5.458109e-04 2.284515e-04
1.159456e-01 -4.098006e-05 2.268418e-04
1.162164e-01 -3.929101e-04 2.291249e-04
1.164872e-01 3.405102e-04 2.290226e-04
1.167580e-01 4.116092e-04 2.332998e-04
1.170288e-01 2.139304e-04 2.321733e-04
1.172997e-01 7.147901e-05 2.325317e-04
1.175705e-01 -1.054090e-04 2.343761e-04
1.178413e-01 8.329749e-06 2.328858e-04
1.181121e-01 2.830997e-04 2.336995e-04
1.183829e-01 -4.550442e-06 2.276112e-04
1.186537e-01 2.395604e-04 2.294846e-04
1.189246e-01 2.446398e-04 2.274528e-04
1.191954e-01 -2.609715e-04 2.271198e-04
1.194662e-01 4.337505e-04 2.276545e-04
1.197370e-01 4.759990e-05 2.243477e-04
1.200078e-01 3.240202e-04 2.274206e-04
1.202786e-01 3.429390e-04 2.250664e-04
1.205494e-01 8.296967e-05 2.254472e-04
1.208202e-01 2.248026e-05 2.254840e-04
1.210911e-01 4.716963e-05 2.244233e-04
1.213619e-01 -1.430996e-04 2.272964e-04
1.216327e-01 2.555400e-04 2.253596e-04
1.219035e-01 -2.504010e-04 2.245941e-04
1.221743e-01 1.140498e-04 2.250945e-04
1.224451e-01 1.359098e-04 2.261146e-04
1.227160e-01 -3.935285e-04 2.263995e-04
1.229868e-01 1.963042e-05 2.232398e-04
1.232576e-01 -6.011613e-04 2.259490e-04
1.235284e-01 2.234206e-04 2.272461e-04
1.237992e-01 2.911892e-04 2.251049e-04
1.240700e-01 1.755897e-04 2.259028e-04
1.243408e-01 2.613794e-04 2.251735e-04
1.246117e-01 3.938489e-04 2.240367e-04
1.248825e-01 -5.658902e-05 2.248879e-04
1.251533e-01 -2.356004e-04 2.227845e-04
1.254241e-01 2.631303e-04 2.251844e-04
1.256949e-01 -1.781061e-05 2.228953e-04
1.259657e-01 1.977514e-04 2.223672e-04
1.262365e-01 2.728608e-04 2.217170e-04
1.265074e-01 5.610604e-04 2.214127e-04
1.267782e-01 3.463496e-04 2.223626e-04
1.270490e-01 -3.739502e-04 2.198703e-04
1.273198e-01 4.382487e-04 2.219609e-04
1.275906e-01 7.355958e-05 2.201115e-04
1.278614e-01 2.676584e-04 2.214352e-04
1.281322e-01 2.937019e-05 2.203598e-04
1.284031e-01 4.634075e-05 2.191391e-04
1.286739e-01 2.941098e-04 2.222292e-04
1.289447e-01 9.896047e-05 2.192275e-04
1.292155e-01 3.567599e-04 2.200732e-04
1.294863e-01 2.216101e-04 2.192458e-04
1.297571e-01 -1.781788e-04 2.203863e-04
1.300279e-01 8.862838e-05 2.192988e-04
1.302988e-01 4.015490e-04 2.191447e-04
1.305696e-01 -1.137294e-04 2.190363e-04
1.308404e-01 1.254100e-04 2.177769e-04
1.311112e-01 3.874861e-05 2.191766e-04
1.313820e-01 1.775399e-04 2.162177e-04
1.316528e-01 4.169289e-04 2.188166e-04
1.319236e-01 2.606511e-04 2.176584e-04
1.321945e-01 1.777150e-05 2.179289e-04
1.324653e-01 -1.456309e-04 2.174487e-04
1.327361e-01 2.133809e-04 2.171265e-04
1.330069e-01 -4.699826e-05 2.168258e-04
1.332777e-01 1.370516e-04 2.184189e-04
1.335485e-01 -4.492141e-05 2.162983e-04
1.338193e-01 1.589190e-04 2.187475e-04
1.340902e-01 3.051590e-04 2.143754e-04
1.343610e-01 -6.457977e-05 2.170643e-04
1.346318e-01 -7.694028e-05 2.158484e-04
1.349026e-01 -3.975499e-04 2.152688e-04
1.351734e-01 -1.500603e-04 2.160708e-04
1.354442e-01 -2.109073e-05 2.135573e-04
1.357151e-01 3.070999e-04 2.172536e-04
1.359859e-01 2.909992e-04 2.145980e-04
1.362567e-01 -1.388043e-05 2.146210e-04
1.365275e-01 -2.399087e-05 2.142228e-04
1.367983e-01 -2.939105e-04 2.119183e-04
1.370691e-01 1.380034e-05 2.160477e-04
1.373399e-01 6.818026e-05 2.187032e-04
1.376107e-01 4.519504e-04 2.193010e-04
1.378816e-01 3.521387e-04 2.232695e-04
1.381524e-01 -2.432987e-05 2.207846e-04
1.384232e-01 -8.903444e-07 2.268444e-04
1.386940e-01 2.877191e-04 2.255393e-04
1.389648e-01 3.112704e-04 2.273178e-04
1.392356e-01 -1.140293e-04 2.289452e-04
1.395064e-01 9.803846e-05 2.284512e-04
1.397773e-01 7.631071e-05 2.299312e-04
1.400481e-01 -4.724488e-04 2.297367e-04
1.403189e-01 8.000396e-04 2.334961e-04
1.405897e-01 4.178304e-04 2.317281e-04
1.408605e-01 4.142001e-04 2.309086e-04
1.411313e-01 -7.597599e-04 2.337567e-04
1.414021e-01 -1.784395e-04 2.331752e-04
1.416730e-01 1.380965e-05 2.359228e-04
1.419438e-01 -3.956687e-04 2.343549e-04
1.422146e-01 -3.047287e-04 2.377926e-04
1.424854e-01 -3.170222e-06 2.352049e-04
1.427562e-01 -1.367927e-05 2.370186e-04
1.430270e-01 4.893206e-04 2.355437e-04
1.432979e-01 -2.721883e-05 2.363487e-04
1.435687e-01 -3.273599e-04 2.378321e-04
1.438395e-01 -3.726501e-04 2.396639e-04
1.441103e-01 8.003041e-05 2.404072e-04
1.443811e-01 4.876293e-04 2.391235e-04
1.446519e-01 -7.458031e-05 2.400436e-04
1.449227e-01 -1.164395e-04 2.433649e-04
1.451935e-01 -5.635992e-05 2.402780e-04
1.454644e-01 9.470992e-05 2.433670e-04
1.457352e-01 -5.270913e-05 2.432956e-04
1.460060e-01 5.902164e-05 2.433161e-04
1.462768e-01 -3.142897e-04 2.449738e-04
1.465476e-01 1.824200e-04 2.462461e-04
1.468184e-01 1.414400e-04 2.476324e-04
1.470892e-01 -1.897197e-04 2.464477e-04
1.473601e-01 8.026138e-05 2.449348e-04
1.476309e-01 2.923049e-05 2.463971e-04
1.479017e-01 -1.953002e-04 2.446301e-04
1.481725e-01 4.675984e-05 2.491578e-04
1.484433e-01 -2.340097e-04 2.441587e-04
1.487141e-01 2.300106e-04 2.471606e-04
1.489850e-01 8.329004e-05 2.440165e-04
1.492558e-01 1.186896e-04 2.459915e-04
1.495266e-01 2.224091e-04 2.453570e-04
1.497974e-01 4.701130e-05 2.433307e-04
1.500682e-01 6.513111e-05 2.451903e-04
1.503390e-01 -2.477504e-04 2.446449e-04
1.506098e-01 1.825504e-04 2.446433e-04
1.508806e-01 2.846997e-04 2.445068e-04
1.511515e-01 1.602061e-05 2.431940e-04
1.514223e-01 2.004690e-04 2.469879e-04
1.516931e-01 -1.539905e-04 2.437013e-04
1.519639e-01 1.083296e-04 2.436758e-04
1.522347e-01 2.403092e-04 2.490330e-04
1.525055e-01 -2.391599e-04 2.454038e-04
1.527763e-01 8.049048e-05 2.466165e-04
1.530472e-01 4.349090e-05 2.441594e-04
1.533180e-01 4.053097e-04 2.480577e-04
1.535888e-01 -6.403960e-05 2.465537e-04
1.538596e-01 -2.067089e-04 2.455361e-04
1.541304e-01 3.535002e-04 2.459096e-04
1.544012e-01 -2.018102e-04 2.439241e-04
1.546721e-01 3.202111e-04 2.493077e-04
1.549429e-01 2.785102e-04 2.476958e-04
1.552137e-01 2.075806e-04 2.454183e-04
1.554845e-01 -2.006497e-04 2.451301e-04
1.557553e-01 -2.146885e-05 2.470939e-04
1.560261e-01 -2.854001e-04 2.474169e-04
1.562969e-01 -3.181696e-04 2.460415e-04
1.565678e-01 3.372207e-04 2.477509e-04
1.568386e-01 -1.802891e-04 2.468718e-04
1.571094e-01 7.504039e-05 2.471623e-04
1.573802e-01 1.178700e-04 2.487132e-04
1.576510e-01 3.647599e-04 2.463639e-04
1.579218e-01 1.440309e-04 2.472128e-04
1.581926e-01 -1.751091e-04 2.464067e-04
1.584634e-01 3.306307e-04 2.468152e-04
1.587343e-01 -3.197044e-05 2.452476e-04
1.590051e-01 -8.403137e-05 2.446102e-04
1.592759e-01 4.792102e-04 2.462670e-04
1.595467e-01 9.968132e-05 2.460564e-04
1.598175e-01 -2.525095e-04 2.464697e-04
1.600883e-01 6.911904e-05 2.433785e-04
1.603591e-01 1.265407e-04 2.463702e-04
1.606300e-01 -1.131110e-04 2.452947e-04
1.609008e-01 2.430901e-04 2.450297e-04
1.611716e-01 3.328100e-04 2.444304e-04
1.614424e-01 4.528090e-04 2.416147e-04
1.617132e-01 3.737416e-04 2.457696e-04
1.619840e-01 -4.159901e-04 2.438069e-04
1.622549e-01 -6.081909e-05 2.431388e-04
1.625257e-01 8.307025e-05 2.431913e-04
1.627965e-01 3.003906e-04 2.435857e-04
1.630673e-01 1.223609e-04 2.439692e-04
1.633381e-01 -1.903996e-05 2.441629e-04
1.636089e-01 2.680812e-04 2.459569e-04
1.638797e-01 -4.226901e-05 2.458050e-04
1.641506e-01 -1.756102e-04 2.430403e-04
1.644214e-01 -4.003942e-05 2.442988e-04
1.646922e-01 -1.171101e-04 2.439081e-04
1.649630e-01 1.034886e-05 2.422740e-04
1.652338e-01 2.251100e-04 2.465762e-04
1.655046e-01 1.385193e-04 2.459526e-04
1.657754e-01 2.224706e-04 2.430616e-04
1.660462e-01 -8.358061e-05 2.457115e-04
1.663171e-01 -3.305301e-04 2.421217e-04
1.665879e-01 1.375992e-04 2.450354e-04
1.668587e-01 6.761011e-04 2.438941e-04
1.671295e-01 1.105703e-04 2.461792e-04
1.674003e-01 2.429094e-04 2.446277e-04
1.676711e-01 8.863956e-05 2.563421e-04
1.679420e-01 -5.592965e-05 2.564206e-04
1.682128e-01 -1.409389e-04 2.591648e-04
1.684836e-01 -6.227940e-05 2.644264e-04
1.687544e-01 -1.139306e-04 2.658312e-04
1.690252e-01 -5.096793e-04 2.681550e-04
1.692960e-01 -6.809831e-06 2.671945e-04
1.695668e-01 -6.613992e-04 2.718149e-04
1.698377e-01 2.876800e-04 2.728467e-04
1.701085e-01 1.753103e-04 2.745785e-04
1.703793e-01 4.801899e-05 2.776923e-04
1.706501e-01 -7.965043e-05 2.764633e-04
1.709209e-01 -4.805699e-04 2.832473e-04
1.711917e-01 1.439694e-04 2.823551e-04
1.714625e-01 -3.859028e-05 2.859514e-04
1.717333e-01 -3.130101e-04 2.896163e-04
1.720042e-01 2.309810e-04 2.872325e-04
1.722750e-01 1.608413e-04 2.930612e-04
1.725458e-01 -2.559591e-04 2.921929e-04
1.728166e-01 1.636092e-04 2.917436e-04
1.730874e-01 -1.764894e-04 2.980206e-04
1.733582e-01 1.443811e-04 2.985202e-04
1.736291e-01 -7.328950e-05 2.999287e-04
1.738999e-01 3.162958e-05 2.977586e-04
1.741707e-01 1.267698e-04 3.085294e-04
1.744415e-01 3.257897e-04 3.066596e-04
1.747123e-01 2.471190e-04 3.079686e-04
1.749831e-01 -4.461892e-04 2.979249e-04
1.752539e-01 -5.302951e-05 2.910733e-04
1.755248e-01 3.710389e-06 2.891134e-04
1.757956e-01 3.303383e-04 2.866588e-04
1.760664e-01 2.486072e-05 2.874013e-04
1.763372e-01 2.842899e-04 2.864517e-04
1.766080e-01 1.489595e-04 2.821454e-04
1.768788e-01 -2.760794e-04 2.821450e-04
1.771496e-01 -1.702588e-04 2.778484e-04
1.774205e-01 -2.943501e-04 2.811603e-04
1.776913e-01 -1.340993e-04 2.771320e-04
1.779621e-01 5.260110e-06 2.765447e-04
1.782329e-01 -6.384961e-05 2.779023e-04
1.785037e-01 3.023408e-04 2.725972e-04
1.787745e-01 1.920909e-04 2.750918e-04
1.790453e-01 1.381207e-04 2.722270e-04
1.793161e-01 -1.927800e-04 2.722636e-04
1.795870e-01 -2.449993e-04 2.703522e-04
1.798578e-01 5.852990e-05 2.690780e-04
1.801286e-01 2.656300e-04 2.740380e-04
1.803994e-01 -1.163408e-04 2.670696e-04
1.806702e-01 2.674107e-04 2.687647e-04
1.809410e-01 -5.709007e-05 2.673650e-04
1.812119e-01 -4.677009e-04 2.634482e-04
1.814827e-01 -1.069084e-04 2.666451e-04
1.817535e-01 -1.846906e-04 2.647009e-04
1.820243e-01 2.139993e-05 2.675307e-04
1.822951e-01 -1.228191e-04 2.675322e-04
1.825659e-01 3.906190e-04 2.671526e-04
1.828367e-01 1.667589e-04 2.672752e-04
1.831076e-01 3.206693e-04 2.651948e-04
1.833784e-01 7.798299e-04 2.702720e-04
1.836492e-01 3.835801e-04 2.637714e-04
1.839200e-01 -4.454497e-04 2.642829e-04
1.841908e-01 9.446964e-05 2.636532e-04
1.844616e-01 -8.456036e-05 2.652173e-04
1.847324e-01 -2.999306e-04 2.650780e-04
1.850033e-01 3.622286e-04 2.651227e-04
1.852741e-01 -2.057888e-04 2.644728e-04
1.855449e-01 -1.908690e-04 2.614406e-04
1.858157e-01 -9.855069e-05 2.672875e-04
1.860865e-01 2.798401e-04 2.671552e-04
1.863573e-01 1.629889e-04 2.622571e-04
1.866281e-01 -1.630299e-04 2.637337e-04
1.868990e-01 -6.254893e-04 2.616739e-04
1.871698e-01 5.033407e-04 2.634928e-04
1.874406e-01 2.891105e-04 2.664411e-04
1.877114e-01 1.849979e-05 2.614077e-04
1.879822e-01 -3.276020e-05 2.659234e-04
1.882530e-01 -1.555514e-04 2.610119e-04
1.885238e-01 -2.566110e-04 2.637172e-04
1.887947e-01 -3.539026e-06 2.645264e-04
1.890655e-01 2.063084e-04 2.643579e-04
1.893363e-01 -3.824700e-04 2.638985e-04
1.896071e-01 -2.893601e-04 2.600692e-04
1.898779e-01 -6.359071e-05 2.643315e-04
1.901487e-01 -2.323911e-04 2.604821e-04
1.904195e-01 2.806112e-04 2.616932e-04
1.906904e-01 -4.628897e-04 2.641000e-04
1.909612e-01 2.684705e-04 2.593920e-04
1.912320e-01 -4.113801e-04 2.630092e-04
1.915028e-01 -7.247925e-05 2.611559e-04
1.917736e-01 6.856956e-05 2.622926e-04
1.920444e-01 3.662314e-04 2.624654e-04
1.923153e-01 5.514175e-05 2.608236e-04
1.925861e-01 4.619360e-06 2.640615e-04
1.928569e-01 6.213710e-04 2.596738e-04
1.931277e-01 -2.192911e-04 2.603269e-04
1.933985e-01 -5.081296e-06 2.618083e-04
1.936693e-01 5.314499e-04 2.624681e-04
1.939401e-01 3.191084e-04 2.633403e-04
1.942109e-01 1.706015e-04 2.605956e-04
1.944818e-01 -2.275798e-04 2.627998e-04
1.947526e-01 -1.886506e-04 2.599166e-04
1.950234e-01 2.186000e-05 2.601486e-04
1.952942e-01 -2.089106e-04 2.611144e-04
1.955650e-01 -2.436601e-04 2.602045e-04
1.958358e-01 4.413109e-04 2.601246e-04
1.961066e-01 -2.583712e-04 2.618977e-04
1.963775e-01 5.968846e-05 2.607014e-04
1.966483e-01 5.850699e-04 2.614812e-04
1.969191e-01 8.569099e-05 2.596987e-04
1.971899e-01 -3.636070e-05 2.601395e-04
1.974607e-01 3.523938e-05 2.614340e-04
1.977315e-01 4.045814e-04 2.618666e-04
1.980023e-01 3.660396e-04 2.587016e-04
1.982732e-01 -3.912114e-05 2.584781e-04
1.985440e-01 -9.590946e-05 2.620305e-04
1.988148e-01 3.256835e-05 2.595792e-04
1.990856e-01 2.528690e-04 2.606511e-04
1.993564e-01 2.821703e-04 2.612982e-04
1.996272e-01 -1.811702e-04 2.612313e-04
1.998980e-01 2.295300e-04 2.596657e-04
2.001689e-01 4.572496e-04 2.585909e-04
2.004397e-01 1.284312e-04 2.567960e-04
2.007105e-01 -1.636893e-05 2.567739e-04
2.009813e-01 9.587966e-05 2.575214e-04
2.012521e-01 -8.009374e-08 2.591700e-04
2.015229e-01 -2.059694e-04 2.591727e-04
2.017937e-01 -3.111511e-04 2.600157e-04
2.020646e-01 4.440546e-06 2.584298e-04
2.023354e-01 3.538392e-04 2.586226e-04
2.026062e-01 3.485586e-04 2.574351e-04
2.028770e-01 -1.358911e-04 2.602730e-04
2.031478e-01 1.307502e-04 2.585066e-04
2.034186e-01 -4.014932e-05 2.582270e-04
2.036894e-01 -3.397111e-04 2.554092e-04
2.039603e-01 2.216306e-04 2.553565e-04
2.042311e-01 6.111693e-04 2.557251e-04
2.045019e-01 -1.335498e-04 2.550153e-04
2.047727e-01 -4.000887e-04 2.546988e-04
2.050435e-01 3.188699e-04 2.533566e-04
2.053143e-01 -3.585964e-05 2.542840e-04
2.055852e-01 -1.129713e-04 2.567454e-04
2.058560e-01 -4.650392e-04 2.544240e-04
2.061268e-01 3.150515e-04 2.560809e-04
2.063976e-01 8.598901e-05 2.554919e-04
2.066684e-01 3.153514e-04 2.546513e-04
2.069392e-01 -1.777485e-04 2.516197e-04
2.072100e-01 3.487486e-04 2.542944e-04
2.074808e-01 9.769574e-06 2.558047e-04
2.077517e-01 1.395307e-04 2.541248e-04
2.080225e-01 2.544299e-04 2.536656e-04
2.082933e-01 1.235511e-04 2.521641e-04
2.085641e-01 3.797486e-04 2.532722e-04
2.088349e-01 6.965175e-05 2.532903e-04
2.091057e-01 -1.600105e-04 2.522149e-04
2.093765e-01 2.487283e-04 2.512422e-04
2.096474e-01 -2.019592e-04 2.517817e-04
2.099182e-01 4.455075e-05 2.539568e-04
2.101890e-01 5.976800e-04 2.530122e-04
2.104598e-01 1.866892e-04 2.531972e-04
2.107306e-01 -1.467019e-05 2.524076e-04
2.110014e-01 -5.450100e-06 2.523148e-04
2.112723e-01 -4.223902e-04 2.511797e-04
2.115431e-01 1.035202e-04 2.530232e-04
2.118139e-01 -5.340204e-06 2.521455e-04
2.120847e-01 -9.569153e-05 2.535742e-04
2.123555e-01 -1.700707e-04 2.535709e-04
2.126263e-01 -6.115586e-04 2.497326e-04
2.128971e-01 8.016080e-05 2.524582e-04
2.131680e-01 1.988206e-04 2.527039e-04
2.134388e-01 9.278953e-05 2.543563e-04
2.137096e-01 6.308891e-04 2.525863e-04
2.139804e-01 5.043596e-04 2.523913e-04
2.142512e-01 3.943685e-04 2.518920e-04
2.145220e-01 1.128800e-04 2.528479e-04
2.147928e-01 -2.145711e-04 2.520092e-04
2.150636e-01 6.441027e-05 2.510471e-04
2.153345e-01 4.471093e-05 2.536955e-04
2.156053e-01 1.401901e-04 2.530875e-04
2.158761e-01 -1.695007e-04 2.537971e-04
2.161469e-01 6.231852e-05 2.517640e-04
2.164177e-01 -9.798072e-05 2.521458e-04
2.166885e-01 -3.262702e-04 2.550778e-04
2.169593e-01 9.225123e-05 2.526200e-04
2.172302e-01 6.379560e-06 2.569618e-04
2.175010e-01 -8.038990e-05 2.503906e-04
2.177718e-01 1.722109e-04 2.537218e-04
2.180426e-01 8.635968e-05 2.521499e-04
2.183134e-01 3.443807e-04 2.535584e-04
2.185842e-01 8.131936e-05 2.527196e-04
2.188551e-01 9.311922e-05 2.501191e-04
2.191259e-01 -1.528002e-04 2.518041e-04
2.193967e-01 -2.460200e-04 2.490906e-04
2.196675e-01 -3.703106e-04 2.502181e-04
2.199383e-01 1.591705e-04 2.499482e-04
2.202091e-01 -1.497585e-04 2.490160e-04
2.204799e-01 -1.689903e-04 2.499924e-04
2.207507e-01 1.708884e-04 2.511062e-04
2.210216e-01 1.776498e-04 2.489837e-04
2.212924e-01 -4.221983e-04 2.483226e-04
2.215632e-01 2.725292e-04 2.478360e-04
2.218340e-01 3.479198e-04 2.497700e-04
2.221048e-01 -1.007617e-04 2.469064e-04
2.223756e-01 8.548982e-05 2.482757e-04
2.226464e-01 -8.727685e-04 2.484981e-04
2.229173e-01 -2.584793e-04 2.470766e-04
2.231881e-01 2.301801e-04 2.488878e-04
2.234589e-01 3.017504e-04 2.486526e-04
2.237297e-01 -5.605109e-04 2.463948e-04
2.240005e-01 5.139969e-05 2.488548e-04
2.242713e-01 2.616812e-04 2.463549e-04
2.245422e-01 4.208796e-04 2.484330e-04
2.248130e-01 -4.266798e-04 2.470321e-04
2.250838e-01 -1.901705e-04 2.458146e-04
2.253546e-01 1.396909e-04 2.479519e-04
2.256254e-01 3.356002e-04 2.471590e-04
2.258962e-01 -1.001712e-04 2.484175e-04
2.261670e-01 3.621299e-04 2.583384e-04
2.264379e-01 -4.201010e-05 2.631362e-04
2.267087e-01 8.749031e-05 2.645958e-04
2.269795e-01 4.139487e-04 2.699344e-04
2.272503e-01 -2.536494e-04 2.727382e-04
2.275211e-01 6.387010e-05 2.757061e-04
2.277919e-01 4.205797e-04 2.736186e-04
2.280627e-01 3.360696e-04 2.803607e-04
2.283335e-01 3.002211e-04 2.853908e-04
2.286044e-01 2.005007e-04 2.841037e-04
2.288752e-01 1.251400e-04 2.920615e-04
2.291460e-01 8.355081e-05 2.908278e-04
2.294168e-01 6.292947e-05 2.958587e-04
2.296876e-01 4.685111e-04 2.962807e-04
2.299584e-01 5.567502e-04 2.958898e-04
2.302293e-01 1.425091e-04 3.032671e-04
2.305001e-01 3.357604e-04 3.044199e-04
2.307709e-01 -1.851898e-04 3.053198e-04
2.310417e-01 -7.894076e-05 3.104403e-04
2.313125e-01 -6.278045e-05 3.103124e-04
2.315833e-01 -3.843904e-04 3.145345e-04
2.318541e-01 -6.555952e-05 3.185710e-04
2.321250e-01 2.178308e-04 3.223480e-04
2.323958e-01 1.409594e-04 3.211322e-04
2.326666e-01 3.730189e-04 3.257283e-04
2.329374e-01 -1.395103e-04 3.296846e-04
2.332082e-01 -4.694983e-05 3.237524e-04
2.334790e-01 -1.566913e-04 3.314823e-04
2.337498e-01 -1.788996e-04 3.358659e-04
2.340207e-01 -3.626887e-04 3.417003e-04
2.342915e-01 2.623908e-04 3.437713e-04
2.345623e-01 -6.776191e-04 3.405776e-04
2.348331e-01 1.119599e-04 3.452875e-04
2.351039e-01 4.364923e-05 3.537894e-04
2.353747e-01 -2.683997e-04 3.489238e-04
2.356455e-01 1.401808e-04 3.580137e-04
2.359163e-01 8.473601e-04 3.616815e-04
2.361872e-01 -6.878003e-05 3.617248e-04
2.364580e-01 3.328901e-04 3.602380e-04
2.367288e-01 -3.545489e-04 3.664367e-04
2.369996e-01 -3.293511e-04 3.672301e-04
2.372704e-01 7.108208e-04 3.797254e-04
2.375412e-01 4.134700e-04 3.806271e-04
2.378121e-01 3.786404e-04 3.817611e-04
2.380829e-01 1.996011e-05 3.851258e-04
2.383537e-01 2.036896e-04 3.893034e-04
2.386245e-01 1.654997e-04 3.945722e-04
2.388953e-01 5.120207e-04 3.908903e-04
2.391661e-01 3.205091e-04 4.020052e-04
2.394369e-01 -3.291201e-04 4.025836e-04
2.397078e-01 2.012495e-04 4.083549e-04
2.399786e-01 2.979003e-04 4.052850e-04
2.402494e-01 9.928197e-04 4.080111e-04
2.405202e-01 1.606308e-04 4.135559e-04
2.407910e-01 4.884899e-04 4.253783e-04
2.410618e-01 -1.452193e-04 4.200774e-04
2.413326e-01 4.679598e-04 4.301134e-04
2.416034e-01 -1.783893e-04 4.319648e-04
2.418743e-01 3.627595e-04 4.420240e-04
2.421451e-01 1.959000e-04 4.462029e-04
2.424159e-01 -7.124990e-05 4.499351e-04
2.426867e-01 -6.680116e-04 4.525181e-04
2.429575e-01 -5.141702e-04 4.646862e-04
2.432283e-01 -3.923196e-04 4.745720e-04
2.434992e-01 -7.157959e-05 4.646874e-04
2.437700e-01 -1.764614e-04 4.744361e-04
2.440408e-01 -4.713703e-04 4.931482e-04
2.443116e-01 -2.768207e-04 4.926051e-04
2.445824e-01 1.022780e-03 4.980903e-04
2.448532e-01 -2.643988e-04 4.954483e-04
2.451240e-01 4.783794e-04 5.045015e-04
2.453949e-01 -7.809605e-04 5.153496e-04
2.456657e-01 -2.549700e-04 5.170600e-04
2.459365e-01 -3.257599e-04 5.332081e-04
2.462073e-01 -8.547865e-05 5.384430e-04
2.464781e-01 1.466889e-04 5.489071e-04
2.467489e-01 3.809109e-04 5.644466e-04
2.470197e-01 -8.973591e-04 5.541408e-04
2.472906e-01 -2.519712e-04 5.667615e-04
2.475614e-01 1.002289e-03 5.885027e-04
2.478322e-01 -1.578499e-04 5.955716e-04
2.481030e-01 5.516000e-04 5.959627e-04
2.483738e-01 2.816208e-04 5.920399e-04
2.486446e-01 -1.542030e-03 6.225707e-04
2.489154e-01 -1.315493e-04 6.439976e-04
2.491863e-01 6.939713e-04 6.519578e-04
2.494571e-01 9.428002e-04 6.525935e-04
2.497279e-01 5.408004e-04 6.842675e-04
2.499987e-01 -5.321000e-04 7.135496e-04
2.502695e-01 1.197010e-04 7.182695e-04
2.505403e-01 -8.034501e-04 7.199749e-04
2.508111e-01 3.293585e-04 7.557394e-04
2.510819e-01 -8.881390e-04 7.845042e-04
2.513528e-01 1.596991e-03 7.892392e-04
2.516236e-01 -5.371999e-04 8.022930e-04
2.518944e-01 1.195880e-03 8.347858e-04
2.521652e-01 -8.541197e-04 9.014716e-04
2.524360e-01 1.060341e-03 9.181376e-04
2.527068e-01 -5.716011e-04 8.637372e-04
2.529776e-01 2.252199e-04 9.330509e-04
2.532485e-01 8.044019e-05 9.758620e-04
2.535193e-01 -1.843795e-04 9.770113e-04
2.537901e-01 1.291230e-03 9.925387e-04
2.540609e-01 -2.027098e-04 1.009812e-03
2.543317e-01 -9.311512e-04 1.079568e-03
2.546025e-01 -1.158541e-03 1.093171e-03
2.548733e-01 2.320707e-04 1.140445e-03
2.551441e-01 8.739997e-04 1.200888e-03
2.554150e-01 2.402999e-04 1.236418e-03
2.556858e-01 -2.376400e-04 1.233260e-03
2.559566e-01 -1.566680e-03 1.412315e-03
2.562274e-01 1.420408e-03 1.467717e-03
2.564982e-01 1.819121e-03 1.514767e-03
2.567690e-01 2.201289e-03 1.679958e-03
2.570398e-01 2.051219e-03 1.921899e-03
2.573107e-01 -6.166305e-04 1.987575e-03
2.575815e-01 -2.934830e-03 2.725901e-03
2.578523e-01 1.877679e-03 3.620174e-03
2.581231e-01 6.056111e-04 5.726688e-03
