3.286826e-03 9.981728e-02 0.000000e+00
3.557641e-03 2.707009e-01 7.917300e-02
3.828455e-03 2.212591e-01 5.000945e-02
4.099269e-03 1.824651e-01 3.795083e-02
4.370084e-03 1.773250e-01 2.828386e-02
4.640898e-03 1.219420e-01 2.027325e-02
4.911712e-03 1.232100e-01 1.762151e-02
5.182527e-03 1.230270e-01 1.359658e-02
5.453341e-03 1.195540e-01 1.192436e-02
5.724155e-03 9.484994e-02 9.178854e-03
5.994970e-03 7.723999e-02 8.184375e-03
6.265784e-03 7.610714e-02 6.802354e-03
6.536598e-03 7.001889e-02 5.476056e-03
6.807412e-03 7.151681e-02 5.158726e-03
7.078227e-03 6.011307e-02 4.421549e-03
7.349041e-03 5.986983e-02 3.881990e-03
7.619855e-03 5.755588e-02 3.489223e-03
7.890671e-03 5.266392e-02 3.017602e-03
8.161485e-03 5.118519e-02 2.813760e-03
8.432299e-03 4.197350e-02 2.554747e-03
8.703114e-03 4.851231e-02 2.258185e-03
8.973928e-03 4.317498e-02 2.032486e-03
9.244742e-03 3.852639e-02 1.925210e-03
9.515557e-03 3.599961e-02 1.780951e-03
9.786371e-03 3.320570e-02 1.631580e-03
1.005718e-02 3.259391e-02 1.573957e-03
1.032800e-02 3.178470e-02 1.430965e-03
1.059881e-02 3.006200e-02 1.388025e-03
1.086963e-02 2.745689e-02 1.281178e-03
1.114044e-02 2.627060e-02 1.207038e-03
1.141126e-02 2.777660e-02 1.179356e-03
1.168207e-02 2.663001e-02 1.109821e-03
1.195289e-02 2.288920e-02 1.062899e-03
1.222370e-02 2.308539e-02 1.017948e-03
1.249451e-02 2.065350e-02 9.592226e-04
1.276533e-02 2.328889e-02 9.325834e-04
1.303614e-02 2.112806e-02 8.892289e-04
1.330696e-02 2.159998e-02 8.633004e-04
1.357777e-02 1.756595e-02 8.431039e-04
1.384859e-02 1.744429e-02 8.025976e-04
1.411940e-02 1.760197e-02 7.756345e-04
1.439021e-02 1.789020e-02 7.309904e-04
1.466103e-02 1.600088e-02 7.151447e-04
1.493184e-02 1.637124e-02 7.071919e-04
1.520266e-02 1.524083e-02 6.813337e-04
1.547347e-02 1.486528e-02 6.633729e-04
1.574429e-02 1.482338e-02 6.410203e-04
1.601510e-02 1.513192e-02 6.360846e-04
1.628591e-02 1.371679e-02 6.151465e-04
1.655673e-02 1.353778e-02 5.923699e-04
1.682754e-02 1.281786e-02 5.823289e-04
1.709836e-02 1.310077e-02 5.699895e-04
1.736917e-02 1.244223e-02 5.631928e-04
1.763999e-02 1.199661e-02 5.518718e-04
1.791080e-02 1.164513e-02 5.375626e-04
1.818161e-02 1.192192e-02 5.426353e-04
1.845243e-02 1.130098e-02 5.348583e-04
1.872324e-02 1.087720e-02 5.300941e-04
1.899406e-02 1.057613e-02 5.177126e-04
1.926487e-02 1.079525e-02 5.160446e-04
1.953569e-02 1.007511e-02 5.065485e-04
1.980650e-02 1.024113e-02 5.106129e-04
2.007731e-02 9.423889e-03 4.954742e-04
2.034813e-02 9.379629e-03 4.988735e-04
2.061894e-02 8.551199e-03 4.896796e-04
2.088976e-02 9.268109e-03 4.843844e-04
2.116057e-02 9.433251e-03 4.776658e-04
2.143139e-02 9.049390e-03 4.779767e-04
2.170220e-02 9.417180e-03 4.822188e-04
2.197302e-02 7.534400e-03 4.731613e-04
2.224383e-02 7.075053e-03 4.636834e-04
2.251465e-02 7.427491e-03 4.521190e-04
2.278546e-02 7.542990e-03 4.437655e-04
2.305627e-02 7.793009e-03 4.438080e-04
2.332709e-02 7.250629e-03 4.280521e-04
2.359790e-02 7.127319e-03 4.252751e-04
2.386872e-02 6.932829e-03 4.211004e-04
2.413953e-02 6.641090e-03 4.130492e-04
2.441034e-02 7.597558e-03 4.072488e-04
2.468116e-02 6.901432e-03 4.059337e-04
2.495197e-02 6.137051e-03 3.993633e-04
2.522279e-02 6.169960e-03 4.004343e-04
2.549360e-02 6.217279e-03 3.923127e-04
2.576442e-02 6.210390e-03 3.854485e-04
2.603523e-02 6.046750e-03 3.850552e-04
2.630604e-02 5.911369e-03 3.771222e-04
2.657686e-02 6.055098e-03 3.757246e-04
2.684767e-02 5.663518e-03 3.734072e-04
2.711849e-02 5.743980e-03 3.665302e-04
2.738930e-02 6.134860e-03 3.654304e-04
2.766012e-02 5.866982e-03 3.604203e-04
2.793093e-02 5.682793e-03 3.523043e-04
2.820175e-02 5.384419e-03 3.468376e-04
2.847256e-02 5.557649e-03 3.452318e-04
2.874337e-02 5.326118e-03 3.469995e-04
2.901419e-02 5.003061e-03 3.380143e-04
2.928500e-02 5.203519e-03 3.348491e-04
2.955582e-02 4.975419e-03 3.356166e-04
2.982663e-02 4.807312e-03 3.330615e-04
3.009745e-02 4.699789e-03 3.329976e-04
3.036826e-02 4.523311e-03 3.251872e-04
3.063907e-02 4.723810e-03 3.259570e-04
3.090989e-02 4.491098e-03 3.258035e-04
3.118070e-02 3.849551e-03 3.260812e-04
3.145152e-02 3.879752e-03 3.226362e-04
3.172233e-02 3.787760e-03 3.182061e-04
3.199315e-02 4.363451e-03 3.162821e-04
3.226396e-02 4.579611e-03 3.157894e-04
3.253478e-02 4.733831e-03 3.138890e-04
3.280559e-02 3.950290e-03 3.121115e-04
3.307641e-02 3.945492e-03 3.112665e-04
3.334722e-02 3.172729e-03 3.063502e-04
3.361803e-02 3.505580e-03 3.058425e-04
3.388885e-02 3.824089e-03 3.054869e-04
3.415966e-02 3.615398e-03 3.054765e-04
3.443048e-02 3.885791e-03 3.011921e-04
3.470129e-02 4.006770e-03 2.980375e-04
3.497211e-02 3.454112e-03 2.977810e-04
3.524292e-02 3.179308e-03 2.948504e-04
3.551374e-02 3.494848e-03 2.978186e-04
3.578455e-02 3.124662e-03 2.937615e-04
3.605536e-02 3.121678e-03 2.911066e-04
3.632618e-02 3.594279e-03 2.930747e-04
3.659699e-02 3.324140e-03 2.887386e-04
3.686780e-02 2.937362e-03 2.864749e-04
3.713862e-02 2.943240e-03 2.832141e-04
3.740944e-02 3.057331e-03 2.814172e-04
3.768025e-02 3.720289e-03 2.803689e-04
3.795106e-02 3.161337e-03 2.767359e-04
3.822188e-02 2.951249e-03 2.794692e-04
3.849269e-02 3.023311e-03 2.765237e-04
3.876351e-02 2.905849e-03 2.756707e-04
3.903432e-02 3.587581e-03 2.738726e-04
3.930514e-02 3.229631e-03 2.725949e-04
3.957595e-02 3.101731e-03 2.702187e-04
3.984676e-02 2.431072e-03 2.694291e-04
4.011758e-02 2.908921e-03 2.689380e-04
4.038839e-02 2.844319e-03 2.698531e-04
4.065921e-02 2.569672e-03 2.643842e-04
4.093002e-02 2.887588e-03 2.696406e-04
4.120084e-02 2.770608e-03 2.628572e-04
4.147165e-02 3.125399e-03 2.656670e-04
4.174246e-02 2.709581e-03 2.627921e-04
4.201328e-02 3.357470e-03 2.619468e-04
4.228409e-02 2.496239e-03 2.634453e-04
4.255491e-02 1.977341e-03 2.593735e-04
4.282572e-02 2.741849e-03 2.592553e-04
4.309653e-02 2.624651e-03 2.570325e-04
4.336735e-02 2.837831e-03 2.586910e-04
4.363817e-02 2.972022e-03 2.582445e-04
4.390898e-02 2.931539e-03 2.557307e-04
4.417979e-02 2.279170e-03 2.535309e-04
4.445061e-02 2.119999e-03 2.516443e-04
4.472142e-02 2.825892e-03 2.474365e-04
4.499224e-02 2.714191e-03 2.512311e-04
4.526305e-02 2.604390e-03 2.505023e-04
4.553387e-02 1.992701e-03 2.483498e-04
4.580468e-02 3.057219e-03 2.474654e-04
4.607549e-02 2.383862e-03 2.487941e-04
4.634631e-02 2.101822e-03 2.464031e-04
4.661712e-02 2.304798e-03 2.466008e-04
4.688794e-02 2.684299e-03 2.451337e-04
4.715875e-02 2.436880e-03 2.431036e-04
4.742957e-02 2.379101e-03 2.407961e-04
4.770038e-02 1.932859e-03 2.398039e-04
4.797119e-02 2.299128e-03 2.405093e-04
4.824201e-02 1.822717e-03 2.391332e-04
4.851282e-02 2.243979e-03 2.416654e-04
4.878364e-02 2.019169e-03 2.358078e-04
4.905445e-02 1.930641e-03 2.351173e-04
4.932526e-02 2.297971e-03 2.372590e-04
4.959608e-02 1.665190e-03 2.350551e-04
4.986690e-02 2.013180e-03 2.344106e-04
5.013771e-02 1.742110e-03 2.342672e-04
5.040852e-02 2.165630e-03 2.344572e-04
5.067934e-02 2.268972e-03 2.342242e-04
5.095015e-02 2.097540e-03 2.309197e-04
5.122096e-02 1.674041e-03 2.305256e-04
5.149178e-02 2.077021e-03 2.297572e-04
5.176260e-02 2.149139e-03 2.298585e-04
5.203341e-02 1.781629e-03 2.309885e-04
5.230422e-02 1.621019e-03 2.274437e-04
5.257504e-02 1.805948e-03 2.285488e-04
5.284585e-02 1.937779e-03 2.272801e-04
5.311667e-02 1.713380e-03 2.272197e-04
5.338748e-02 2.158450e-03 2.329387e-04
5.365830e-02 2.004100e-03 2.281194e-04
5.392911e-02 2.084751e-03 2.311087e-04
5.419992e-02 1.688911e-03 2.312513e-04
5.447074e-02 1.923392e-03 2.292052e-04
5.474155e-02 2.165450e-03 2.340026e-04
5.501237e-02 2.319600e-03 2.372477e-04
5.528318e-02 1.665700e-03 2.377593e-04
5.555400e-02 1.764862e-03 2.400790e-04
5.582481e-02 1.755551e-03 2.396744e-04
5.609563e-02 2.469860e-03 2.439835e-04
5.636644e-02 1.520392e-03 2.425931e-04
5.663725e-02 1.832560e-03 2.459503e-04
5.690807e-02 1.500839e-03 2.457712e-04
5.717888e-02 1.611229e-03 2.434657e-04
5.744969e-02 2.019320e-03 2.469247e-04
5.772051e-02 1.858741e-03 2.463381e-04
5.799133e-02 1.569940e-03 2.433644e-04
5.826214e-02 1.878489e-03 2.466496e-04
5.853295e-02 1.775227e-03 2.457240e-04
5.880377e-02 1.512418e-03 2.469572e-04
5.907458e-02 1.646811e-03 2.458946e-04
5.934540e-02 1.964560e-03 2.478454e-04
5.961621e-02 1.889002e-03 2.487919e-04
5.988703e-02 1.651529e-03 2.489510e-04
6.015784e-02 1.562402e-03 2.467139e-04
6.042865e-02 1.932899e-03 2.504355e-04
6.069947e-02 1.889229e-03 2.442020e-04
6.097028e-02 1.229411e-03 2.432633e-04
6.124110e-02 1.815062e-03 2.410293e-04
6.151191e-02 1.912368e-03 2.404179e-04
6.178273e-02 1.732010e-03 2.395467e-04
6.205354e-02 1.749750e-03 2.370571e-04
6.232436e-02 1.514940e-03 2.392474e-04
6.259517e-02 1.607729e-03 2.384376e-04
6.286598e-02 1.566501e-03 2.361759e-04
6.313679e-02 1.288591e-03 2.374413e-04
6.340761e-02 1.349619e-03 2.339182e-04
6.367842e-02 1.425941e-03 2.352726e-04
6.394923e-02 1.452768e-03 2.336801e-04
6.422005e-02 1.743831e-03 2.354156e-04
6.449086e-02 1.814239e-03 2.367510e-04
6.476168e-02 1.403609e-03 2.313372e-04
6.503250e-02 1.491981e-03 2.336641e-04
6.530331e-02 1.752799e-03 2.317414e-04
6.557412e-02 1.412919e-03 2.314668e-04
6.584494e-02 1.289241e-03 2.317575e-04
6.611575e-02 1.927571e-03 2.313066e-04
6.638657e-02 1.221670e-03 2.331545e-04
6.665738e-02 1.470800e-03 2.302323e-04
6.692819e-02 1.415871e-03 2.315688e-04
6.719901e-02 7.561613e-04 2.307108e-04
6.746982e-02 8.724201e-04 2.312793e-04
6.774063e-02 1.337420e-03 2.292536e-04
6.801146e-02 1.741039e-03 2.284290e-04
6.828227e-02 1.610350e-03 2.275557e-04
6.855308e-02 1.226079e-03 2.302989e-04
6.882390e-02 1.483221e-03 2.280406e-04
6.909471e-02 1.394650e-03 2.273205e-04
6.936552e-02 1.349971e-03 2.250180e-04
6.963634e-02 1.232991e-03 2.282463e-04
6.990715e-02 1.506390e-03 2.297059e-04
7.017796e-02 1.151860e-03 2.237072e-04
7.044878e-02 1.020869e-03 2.248011e-04
7.071959e-02 1.292760e-03 2.229977e-04
7.099041e-02 8.735787e-04 2.255701e-04
7.126123e-02 1.183020e-03 2.246312e-04
7.153204e-02 9.478312e-04 2.228984e-04
7.180285e-02 1.412509e-03 2.238668e-04
7.207367e-02 1.328040e-03 2.220998e-04
7.234448e-02 1.402201e-03 2.237825e-04
7.261530e-02 1.581531e-03 2.224976e-04
7.288611e-02 6.988309e-04 2.208563e-04
7.315692e-02 1.015529e-03 2.227895e-04
7.342774e-02 8.242801e-04 2.233652e-04
7.369855e-02 1.542849e-03 2.219089e-04
7.396936e-02 1.402970e-03 2.216454e-04
7.424019e-02 7.961690e-04 2.213436e-04
7.451100e-02 1.031870e-03 2.226213e-04
7.478181e-02 1.379920e-03 2.196856e-04
7.505263e-02 1.344630e-03 2.195488e-04
7.532344e-02 1.306329e-03 2.222473e-04
7.559425e-02 1.381250e-03 2.181427e-04
7.586507e-02 9.443704e-04 2.191009e-04
7.613588e-02 1.012091e-03 2.195593e-04
7.640669e-02 7.125009e-04 2.175122e-04
7.667751e-02 1.224851e-03 2.193930e-04
7.694832e-02 1.029691e-03 2.177454e-04
7.721914e-02 1.593301e-03 2.176194e-04
7.748996e-02 1.303490e-03 2.157458e-04
7.776077e-02 1.063570e-03 2.176499e-04
7.803158e-02 1.210349e-03 2.183617e-04
7.830240e-02 8.357409e-04 2.152005e-04
7.857321e-02 1.029560e-03 2.151013e-04
7.884403e-02 1.098951e-03 2.156178e-04
7.911484e-02 1.355691e-03 2.146008e-04
7.938565e-02 1.039140e-03 2.165047e-04
7.965647e-02 8.065403e-04 2.127349e-04
7.992728e-02 9.249002e-04 2.145273e-04
8.019809e-02 1.161471e-03 2.142630e-04
8.046892e-02 8.050501e-04 2.138199e-04
8.073973e-02 1.177460e-03 2.133109e-04
8.101054e-02 1.084980e-03 2.131098e-04
8.128136e-02 1.001630e-03 2.120925e-04
8.155217e-02 9.917803e-04 2.148193e-04
8.182298e-02 1.368009e-03 2.112209e-04
8.209380e-02 9.366293e-04 2.128195e-04
8.236461e-02 1.053160e-03 2.121572e-04
8.263543e-02 1.152720e-03 2.109727e-04
8.290624e-02 1.400709e-03 2.105830e-04
8.317705e-02 8.103792e-04 2.085962e-04
8.344787e-02 1.127910e-03 2.116190e-04
8.371869e-02 1.116039e-03 2.117146e-04
8.398950e-02 1.109630e-03 2.094280e-04
8.426031e-02 8.462910e-04 2.100067e-04
8.453113e-02 1.378590e-03 2.081565e-04
8.480194e-02 1.390651e-03 2.087940e-04
8.507276e-02 7.832292e-04 2.093027e-04
8.534357e-02 1.045700e-03 2.083005e-04
8.561438e-02 3.303289e-04 2.076147e-04
8.588520e-02 8.049309e-04 2.059726e-04
8.615601e-02 9.422507e-04 2.078208e-04
8.642682e-02 8.230191e-04 2.068967e-04
8.669765e-02 6.455202e-04 2.058787e-04
8.696846e-02 8.719806e-04 2.063813e-04
8.723927e-02 8.118097e-04 2.063945e-04
8.751009e-02 1.075830e-03 2.049764e-04
8.778090e-02 1.000870e-03 2.044841e-04
8.805171e-02 1.164600e-03 2.059870e-04
8.832253e-02 8.741710e-04 2.052267e-04
8.859334e-02 8.282214e-04 2.068046e-04
8.886416e-02 1.108281e-03 2.036914e-04
8.913497e-02 6.642397e-04 2.044440e-04
8.940578e-02 5.642995e-04 2.021511e-04
8.967660e-02 8.926708e-04 2.038404e-04
8.994742e-02 5.537812e-04 2.054174e-04
9.021823e-02 6.779600e-04 2.036445e-04
9.048904e-02 6.531402e-04 2.012550e-04
9.075986e-02 8.243117e-04 2.036537e-04
9.103067e-02 8.968506e-04 2.013685e-04
9.130149e-02 7.536784e-04 2.019101e-04
9.157230e-02 4.278403e-04 2.031229e-04
9.184311e-02 4.573297e-04 2.036385e-04
9.211393e-02 1.168441e-03 2.010097e-04
9.238474e-02 9.745192e-04 2.014969e-04
9.265555e-02 8.112900e-04 2.029810e-04
9.292637e-02 7.778611e-04 2.002686e-04
9.319719e-02 6.049294e-04 2.016125e-04
9.346800e-02 6.735604e-04 2.001758e-04
9.373882e-02 1.106719e-03 2.006592e-04
9.400963e-02 6.383993e-04 1.988998e-04
9.428044e-02 9.902213e-04 2.004352e-04
9.455126e-02 9.449404e-04 2.000296e-04
9.482207e-02 1.039350e-03 1.994993e-04
9.509289e-02 1.161210e-03 1.994467e-04
9.536370e-02 1.129711e-03 2.005245e-04
9.563451e-02 5.265996e-04 1.978235e-04
9.590533e-02 1.070961e-03 1.997028e-04
9.617615e-02 6.511696e-04 1.971914e-04
9.644696e-02 7.406101e-04 1.971674e-04
9.671777e-02 1.023840e-03 1.981473e-04
9.698859e-02 4.735999e-04 1.963983e-04
9.725940e-02 7.623807e-04 1.982461e-04
9.753022e-02 1.030970e-03 1.958170e-04
9.780103e-02 4.208013e-04 1.967854e-04
9.807184e-02 5.988292e-04 1.962723e-04
9.834266e-02 3.003012e-04 1.951592e-04
9.861347e-02 7.862393e-04 1.961860e-04
9.888428e-02 6.115306e-04 1.948221e-04
9.915510e-02 8.375496e-04 1.961237e-04
9.942592e-02 4.472993e-04 1.935280e-04
9.969673e-02 5.844086e-04 1.954688e-04
9.996755e-02 8.946788e-04 1.955010e-04
1.002384e-01 6.615017e-04 1.927522e-04
1.005092e-01 7.894412e-04 1.955378e-04
1.007800e-01 7.711593e-04 1.949839e-04
1.010508e-01 1.247769e-03 1.945114e-04
1.013216e-01 8.628108e-04 1.935162e-04
1.015924e-01 5.164705e-04 1.936700e-04
1.018632e-01 7.864498e-04 1.935913e-04
1.021341e-01 6.268807e-04 1.929186e-04
1.024049e-01 4.120395e-04 1.923052e-04
1.026757e-01 4.890207e-04 1.921066e-04
1.029465e-01 8.216798e-04 1.923746e-04
1.032173e-01 5.777404e-04 1.924458e-04
1.034881e-01 5.779509e-04 1.916688e-04
1.037589e-01 3.885794e-04 1.915858e-04
1.040298e-01 3.651492e-04 1.895134e-04
1.043006e-01 9.004101e-04 1.909246e-04
1.045714e-01 9.233803e-04 1.907852e-04
1.048422e-01 4.917886e-04 1.913455e-04
1.051130e-01 5.394202e-04 1.905578e-04
1.053838e-01 9.140987e-04 1.916357e-04
1.056546e-01 5.695000e-04 1.918918e-04
1.059255e-01 5.882401e-04 1.897924e-04
1.061963e-01 4.375800e-04 1.895739e-04
1.064671e-01 5.933698e-04 1.901275e-04
1.067379e-01 5.777013e-04 1.889637e-04
1.070087e-01 3.236216e-04 1.887284e-04
1.072795e-01 4.479196e-04 1.880191e-04
1.075503e-01 7.955693e-04 1.893411e-04
1.078212e-01 5.674697e-04 1.884481e-04
1.080920e-01 6.837584e-04 1.876435e-04
1.083628e-01 7.799808e-04 1.884064e-04
1.086336e-01 6.620605e-04 1.874129e-04
1.089044e-01 6.626695e-04 1.885963e-04
1.091752e-01 7.561110e-04 1.874825e-04
1.094460e-01 7.945187e-04 1.873212e-04
1.097169e-01 2.103597e-04 1.876180e-04
1.099877e-01 5.302392e-04 1.866567e-04
1.102585e-01 5.986299e-04 1.862922e-04
1.105293e-01 8.711200e-04 1.896990e-04
1.108001e-01 7.724296e-04 1.916248e-04
1.110709e-01 5.631484e-04 1.930049e-04
1.113417e-01 3.498308e-04 1.918233e-04
1.116126e-01 1.166899e-03 1.949303e-04
1.118834e-01 6.870199e-04 1.940404e-04
1.121542e-01 3.700592e-04 1.940633e-04
1.124250e-01 4.506409e-04 1.965039e-04
1.126958e-01 5.115084e-04 1.989761e-04
1.129666e-01 6.706193e-04 1.991663e-04
1.132374e-01 4.338212e-04 2.031757e-04
1.135083e-01 9.344108e-04 2.038557e-04
1.137791e-01 4.827101e-04 2.049988e-04
1.140499e-01 6.536208e-04 2.046250e-04
1.143207e-01 3.881101e-04 2.069614e-04
1.145915e-01 5.111992e-04 2.074869e-04
1.148623e-01 6.515700e-04 2.095597e-04
1.151332e-01 2.693199e-04 2.105862e-04
1.154040e-01 5.633589e-04 2.113042e-04
1.156748e-01 4.461408e-04 2.129350e-04
1.159456e-01 8.174591e-04 2.142332e-04
1.162164e-01 3.937501e-04 2.143958e-04
1.164872e-01 3.614314e-04 2.140243e-04
1.167580e-01 4.590899e-04 2.173121e-04
1.170288e-01 3.018603e-04 2.181257e-04
1.172997e-01 4.217196e-04 2.189628e-04
1.175705e-01 7.915702e-04 2.178838e-04
1.178413e-01 4.606303e-04 2.199082e-04
1.181121e-01 5.123205e-04 2.175336e-04
1.183829e-01 3.147405e-04 2.133578e-04
1.186537e-01 6.953999e-04 2.146885e-04
1.189246e-01 1.356192e-04 2.132338e-04
1.191954e-01 6.113704e-04 2.123262e-04
1.194662e-01 7.707682e-04 2.129766e-04
1.197370e-01 3.750809e-04 2.113898e-04
1.200078e-01 2.316702e-04 2.102644e-04
1.202786e-01 2.776105e-04 2.114685e-04
1.205494e-01 -1.346003e-04 2.100228e-04
1.208202e-01 6.410908e-04 2.133121e-04
1.210911e-01 3.313702e-04 2.100470e-04
1.213619e-01 2.364591e-04 2.127442e-04
1.216327e-01 4.499909e-04 2.102010e-04
1.219035e-01 3.215410e-04 2.112057e-04
1.221743e-01 3.246702e-04 2.097037e-04
1.224451e-01 9.676069e-05 2.115214e-04
1.227160e-01 2.867598e-04 2.134495e-04
1.229868e-01 2.010502e-04 2.097355e-04
1.232576e-01 5.736183e-04 2.116640e-04
1.235284e-01 3.840905e-04 2.110611e-04
1.237992e-01 6.712191e-04 2.099397e-04
1.240700e-01 4.270114e-05 2.126438e-04
1.243408e-01 4.663598e-04 2.094043e-04
1.246117e-01 2.532899e-04 2.100555e-04
1.248825e-01 2.452787e-04 2.105908e-04
1.251533e-01 2.811197e-04 2.088343e-04
1.254241e-01 4.177801e-04 2.108407e-04
1.256949e-01 8.864701e-04 2.091222e-04
1.259657e-01 1.419913e-04 2.085947e-04
1.262365e-01 6.183051e-05 2.076850e-04
1.265074e-01 3.746897e-04 2.067115e-04
1.267782e-01 5.053002e-04 2.086495e-04
1.270490e-01 1.179799e-04 2.054209e-04
1.273198e-01 2.474301e-04 2.090929e-04
1.275906e-01 3.992599e-04 2.054722e-04
1.278614e-01 4.450008e-04 2.066347e-04
1.281322e-01 4.089307e-04 2.048168e-04
1.284031e-01 6.674975e-05 2.064344e-04
1.286739e-01 3.887489e-04 2.074273e-04
1.289447e-01 2.602991e-04 2.049659e-04
1.292155e-01 4.579499e-04 2.062839e-04
1.294863e-01 7.072799e-04 2.055356e-04
1.297571e-01 3.367290e-04 2.052354e-04
1.300279e-01 1.803599e-04 2.049138e-04
1.302988e-01 5.341489e-04 2.061329e-04
1.305696e-01 2.269186e-04 2.070566e-04
1.308404e-01 3.321301e-04 2.041687e-04
1.311112e-01 2.684500e-04 2.057739e-04
1.313820e-01 1.126006e-04 2.031938e-04
1.316528e-01 1.284685e-04 2.054516e-04
1.319236e-01 1.948792e-04 2.026503e-04
1.321945e-01 3.699958e-05 2.040330e-04
1.324653e-01 -4.494004e-05 2.046473e-04
1.327361e-01 2.972204e-04 2.031585e-04
1.330069e-01 3.924500e-04 2.046363e-04
1.332777e-01 4.501399e-04 2.031026e-04
1.335485e-01 1.415201e-04 2.018166e-04
1.338193e-01 4.401393e-04 2.034403e-04
1.340902e-01 4.451610e-04 2.003288e-04
1.343610e-01 3.358349e-06 2.033845e-04
1.346318e-01 1.649298e-04 2.027726e-04
1.349026e-01 4.675295e-04 2.009786e-04
1.351734e-01 7.994398e-04 2.027934e-04
1.354442e-01 4.518107e-04 2.019863e-04
1.357151e-01 5.000196e-04 2.025620e-04
1.359859e-01 1.820009e-04 2.017726e-04
1.362567e-01 -1.630001e-05 2.012766e-04
1.365275e-01 3.737304e-04 2.012595e-04
1.367983e-01 3.671106e-04 1.989638e-04
1.370691e-01 3.167614e-04 2.029778e-04
1.373399e-01 4.977509e-04 2.038916e-04
1.376107e-01 3.192089e-04 2.055878e-04
1.378816e-01 4.082788e-04 2.081383e-04
1.381524e-01 6.697308e-04 2.075493e-04
1.384232e-01 1.996495e-04 2.112351e-04
1.386940e-01 2.309885e-04 2.094224e-04
1.389648e-01 1.780409e-04 2.110959e-04
1.392356e-01 4.793406e-04 2.138370e-04
1.395064e-01 6.095879e-05 2.152941e-04
1.397773e-01 -3.021490e-04 2.142443e-04
1.400481e-01 -5.571172e-05 2.154453e-04
1.403189e-01 1.440309e-04 2.187330e-04
1.405897e-01 2.107304e-04 2.150832e-04
1.408605e-01 2.704002e-04 2.185443e-04
1.411313e-01 3.258195e-04 2.186179e-04
1.414021e-01 -9.314902e-05 2.181563e-04
1.416730e-01 4.853401e-04 2.230586e-04
1.419438e-01 1.858696e-04 2.209228e-04
1.422146e-01 3.361199e-04 2.225557e-04
1.424854e-01 3.420599e-04 2.212989e-04
1.427562e-01 -1.485702e-04 2.213993e-04
1.430270e-01 -3.730096e-04 2.216657e-04
1.432979e-01 3.400501e-04 2.223218e-04
1.435687e-01 4.372913e-04 2.236183e-04
1.438395e-01 2.777502e-04 2.249422e-04
1.441103e-01 4.108101e-04 2.253901e-04
1.443811e-01 4.939903e-04 2.245175e-04
1.446519e-01 1.998693e-04 2.245889e-04
1.449227e-01 8.759089e-05 2.291232e-04
1.451935e-01 1.735799e-04 2.250962e-04
1.454644e-01 2.709907e-04 2.278734e-04
1.457352e-01 -2.549104e-04 2.293507e-04
1.460060e-01 -1.659058e-05 2.281577e-04
1.462768e-01 6.030910e-04 2.313346e-04
1.465476e-01 3.096499e-04 2.303361e-04
1.468184e-01 1.013000e-04 2.335656e-04
1.470892e-01 3.888998e-04 2.306451e-04
1.473601e-01 4.380513e-04 2.314061e-04
1.476309e-01 5.789902e-04 2.308932e-04
1.479017e-01 6.564707e-04 2.306091e-04
1.481725e-01 2.347808e-04 2.325127e-04
1.484433e-01 4.396904e-04 2.291481e-04
1.487141e-01 2.720598e-04 2.315012e-04
1.489850e-01 3.481004e-04 2.288856e-04
1.492558e-01 4.014503e-04 2.292999e-04
1.495266e-01 2.981089e-04 2.321285e-04
1.497974e-01 3.312491e-04 2.267998e-04
1.500682e-01 -2.516583e-04 2.305025e-04
1.503390e-01 7.857941e-05 2.289721e-04
1.506098e-01 3.050398e-04 2.296688e-04
1.508806e-01 -3.555790e-04 2.281016e-04
1.511515e-01 3.205109e-04 2.279492e-04
1.514223e-01 4.231799e-04 2.302028e-04
1.516931e-01 1.208708e-04 2.285232e-04
1.519639e-01 -2.205931e-05 2.302363e-04
1.522347e-01 3.347509e-04 2.301864e-04
1.525055e-01 1.979694e-04 2.304014e-04
1.527763e-01 2.107508e-04 2.325718e-04
1.530472e-01 4.866906e-05 2.281134e-04
1.533180e-01 2.034605e-04 2.309522e-04
1.535888e-01 3.815312e-04 2.324819e-04
1.538596e-01 1.408905e-04 2.286467e-04
1.541304e-01 4.964098e-04 2.319711e-04
1.544012e-01 6.448999e-04 2.294030e-04
1.546721e-01 1.742598e-04 2.317780e-04
1.549429e-01 1.183897e-05 2.305733e-04
1.552137e-01 -5.465001e-05 2.300762e-04
1.554845e-01 -6.088987e-05 2.316246e-04
1.557553e-01 2.990793e-04 2.318711e-04
1.560261e-01 3.172103e-04 2.309454e-04
1.562969e-01 3.598407e-04 2.308428e-04
1.565678e-01 4.994795e-04 2.297472e-04
1.568386e-01 7.715076e-05 2.334084e-04
1.571094e-01 5.163997e-05 2.323062e-04
1.573802e-01 8.480065e-05 2.310234e-04
1.576510e-01 3.319494e-04 2.316345e-04
1.579218e-01 -1.431070e-05 2.308508e-04
1.581926e-01 8.788146e-05 2.303521e-04
1.584634e-01 1.866408e-04 2.299519e-04
1.587343e-01 5.143192e-04 2.307071e-04
1.590051e-01 4.239380e-06 2.314745e-04
1.592759e-01 2.012104e-04 2.304921e-04
1.595467e-01 1.250897e-04 2.304228e-04
1.598175e-01 5.805902e-04 2.305200e-04
1.600883e-01 1.428705e-04 2.289249e-04
1.603591e-01 -4.794076e-05 2.289872e-04
1.606300e-01 1.958199e-04 2.286406e-04
1.609008e-01 -2.236497e-04 2.267782e-04
1.611716e-01 2.087485e-04 2.276912e-04
1.614424e-01 8.891094e-04 2.293924e-04
1.617132e-01 3.082808e-04 2.293685e-04
1.619840e-01 9.837933e-05 2.278630e-04
1.622549e-01 1.492705e-04 2.280452e-04
1.625257e-01 -4.570931e-06 2.303209e-04
1.627965e-01 -1.903400e-04 2.288141e-04
1.630673e-01 2.947301e-04 2.287389e-04
1.633381e-01 5.478188e-04 2.289396e-04
1.636089e-01 -1.335200e-04 2.271474e-04
1.638797e-01 -4.681945e-05 2.291887e-04
1.641506e-01 1.661200e-04 2.269478e-04
1.644214e-01 4.790202e-04 2.290350e-04
1.646922e-01 2.838504e-04 2.271554e-04
1.649630e-01 1.625083e-04 2.270138e-04
1.652338e-01 1.656599e-04 2.314211e-04
1.655046e-01 3.112201e-04 2.295455e-04
1.657754e-01 -2.369694e-04 2.266524e-04
1.660462e-01 3.222004e-05 2.318803e-04
1.663171e-01 3.088806e-04 2.286046e-04
1.665879e-01 4.504491e-04 2.279258e-04
1.668587e-01 3.995206e-04 2.295892e-04
1.671295e-01 3.150087e-04 2.298537e-04
1.674003e-01 1.686011e-04 2.300498e-04
1.676711e-01 1.505390e-04 2.372534e-04
1.679420e-01 2.008900e-04 2.412837e-04
1.682128e-01 9.787083e-05 2.407569e-04
1.684836e-01 7.054005e-04 2.471657e-04
1.687544e-01 4.707836e-05 2.467819e-04
1.690252e-01 3.833883e-05 2.494604e-04
1.692960e-01 1.463406e-04 2.483628e-04
1.695668e-01 5.396307e-04 2.558372e-04
1.698377e-01 -5.381107e-04 2.552004e-04
1.701085e-01 5.047023e-05 2.589939e-04
1.703793e-01 4.344787e-04 2.611913e-04
1.706501e-01 7.543154e-05 2.603909e-04
1.709209e-01 2.148505e-04 2.642756e-04
1.711917e-01 8.906052e-05 2.658306e-04
1.714625e-01 3.396310e-04 2.663051e-04
1.717333e-01 1.768023e-05 2.710407e-04
1.720042e-01 3.337115e-04 2.712662e-04
1.722750e-01 1.908708e-04 2.761810e-04
1.725458e-01 3.320910e-05 2.738185e-04
1.728166e-01 -1.201034e-05 2.737985e-04
1.730874e-01 4.766714e-04 2.796029e-04
1.733582e-01 2.994593e-04 2.784035e-04
1.736291e-01 -6.953999e-05 2.850256e-04
1.738999e-01 1.760945e-05 2.800255e-04
1.741707e-01 7.091798e-04 2.865419e-04
1.744415e-01 -1.424588e-04 2.852342e-04
1.747123e-01 1.598205e-04 2.894021e-04
1.749831e-01 2.489705e-04 2.786866e-04
1.752539e-01 6.827898e-05 2.694770e-04
1.755248e-01 -8.565001e-05 2.680956e-04
1.757956e-01 5.304087e-04 2.660659e-04
1.760664e-01 6.239209e-04 2.668155e-04
1.763372e-01 2.201293e-04 2.664810e-04
1.766080e-01 2.794713e-04 2.657410e-04
1.768788e-01 3.357101e-04 2.638897e-04
1.771496e-01 1.182817e-04 2.608874e-04
1.774205e-01 1.267493e-04 2.606764e-04
1.776913e-01 3.831014e-04 2.587686e-04
1.779621e-01 -5.490202e-04 2.602307e-04
1.782329e-01 3.558192e-04 2.593290e-04
1.785037e-01 6.032921e-05 2.541776e-04
1.787745e-01 3.255289e-04 2.571433e-04
1.790453e-01 -2.963897e-04 2.578203e-04
1.793161e-01 4.572403e-04 2.541290e-04
1.795870e-01 1.120605e-04 2.568856e-04
1.798578e-01 1.636092e-04 2.514632e-04
1.801286e-01 3.668889e-04 2.555803e-04
1.803994e-01 -2.546050e-05 2.503234e-04
1.806702e-01 6.511994e-05 2.507579e-04
1.809410e-01 2.947208e-04 2.530953e-04
1.812119e-01 -3.761053e-05 2.499236e-04
1.814827e-01 1.166016e-05 2.514356e-04
1.817535e-01 1.742207e-04 2.478097e-04
1.820243e-01 -1.801606e-04 2.499615e-04
1.822951e-01 -1.625307e-04 2.486129e-04
1.825659e-01 -3.802031e-05 2.475110e-04
1.828367e-01 -2.757590e-04 2.511356e-04
1.831076e-01 2.470594e-04 2.461282e-04
1.833784e-01 -1.706295e-04 2.508646e-04
1.836492e-01 5.781185e-04 2.476116e-04
1.839200e-01 -1.395904e-04 2.497589e-04
1.841908e-01 8.087046e-05 2.479175e-04
1.844616e-01 -9.130687e-06 2.477002e-04
1.847324e-01 -3.022291e-04 2.489890e-04
1.850033e-01 3.040899e-04 2.467741e-04
1.852741e-01 -4.871618e-04 2.462957e-04
1.855449e-01 -9.234995e-05 2.468912e-04
1.858157e-01 -1.796111e-04 2.491332e-04
1.860865e-01 4.408006e-04 2.487904e-04
1.863573e-01 -1.703911e-04 2.445309e-04
1.866281e-01 -1.499709e-04 2.467346e-04
1.868990e-01 4.245993e-04 2.459086e-04
1.871698e-01 1.203902e-04 2.476306e-04
1.874406e-01 3.221408e-04 2.491689e-04
1.877114e-01 -2.761688e-04 2.444799e-04
1.879822e-01 8.635968e-05 2.484552e-04
1.882530e-01 -5.479902e-05 2.456394e-04
1.885238e-01 3.134105e-04 2.463060e-04
1.887947e-01 -2.364200e-04 2.475370e-04
1.890655e-01 4.272107e-04 2.447275e-04
1.893363e-01 -2.162308e-04 2.475061e-04
1.896071e-01 -8.178875e-06 2.421411e-04
1.898779e-01 -1.390092e-05 2.467691e-04
1.901487e-01 -3.384613e-04 2.446515e-04
1.904195e-01 1.414604e-04 2.483094e-04
1.906904e-01 -1.554899e-04 2.489236e-04
1.909612e-01 -1.711212e-04 2.434699e-04
1.912320e-01 -1.984406e-04 2.454553e-04
1.915028e-01 1.041796e-04 2.430395e-04
1.917736e-01 1.662970e-05 2.457233e-04
1.920444e-01 4.898757e-07 2.450064e-04
1.923153e-01 1.129191e-04 2.440953e-04
1.925861e-01 -1.167897e-04 2.457555e-04
1.928569e-01 1.283698e-04 2.441942e-04
1.931277e-01 -5.776063e-05 2.436526e-04
1.933985e-01 1.662988e-04 2.442150e-04
1.936693e-01 3.236197e-04 2.465240e-04
1.939401e-01 4.663691e-04 2.450124e-04
1.942109e-01 -2.090074e-05 2.446178e-04
1.944818e-01 -4.300196e-04 2.444962e-04
1.947526e-01 -3.362708e-04 2.465684e-04
1.950234e-01 2.753697e-04 2.431182e-04
1.952942e-01 -3.250204e-04 2.451223e-04
1.955650e-01 1.328494e-04 2.453545e-04
1.958358e-01 2.551209e-04 2.444897e-04
1.961066e-01 2.549291e-04 2.449081e-04
1.963775e-01 4.026797e-04 2.442372e-04
1.966483e-01 2.124291e-04 2.439257e-04
1.969191e-01 4.268307e-04 2.434709e-04
1.971899e-01 2.778601e-04 2.463223e-04
1.974607e-01 -4.965588e-04 2.440571e-04
1.977315e-01 2.225302e-04 2.443288e-04
1.980023e-01 3.224611e-04 2.431102e-04
1.982732e-01 -7.871911e-05 2.447498e-04
1.985440e-01 -1.050700e-04 2.467204e-04
1.988148e-01 -2.326090e-04 2.438193e-04
1.990856e-01 -1.228396e-04 2.419088e-04
1.993564e-01 2.209488e-04 2.429710e-04
1.996272e-01 2.161097e-04 2.442957e-04
1.998980e-01 4.359204e-04 2.432478e-04
2.001689e-01 -3.203005e-05 2.396689e-04
2.004397e-01 7.168949e-05 2.409130e-04
2.007105e-01 -1.079999e-04 2.404036e-04
2.009813e-01 2.889000e-04 2.401540e-04
2.012521e-01 4.002992e-04 2.433720e-04
2.015229e-01 2.376307e-04 2.404265e-04
2.017937e-01 1.452416e-04 2.423727e-04
2.020646e-01 2.957694e-04 2.411710e-04
2.023354e-01 -1.517106e-04 2.424005e-04
2.026062e-01 -2.367049e-05 2.403765e-04
2.028770e-01 3.448203e-04 2.401873e-04
2.031478e-01 -1.540799e-04 2.402267e-04
2.034186e-01 -1.742207e-04 2.406468e-04
2.036894e-01 -2.688095e-04 2.386875e-04
2.039603e-01 4.747510e-04 2.400406e-04
2.042311e-01 2.452601e-04 2.401592e-04
2.045019e-01 3.258195e-04 2.378533e-04
2.047727e-01 -6.395020e-05 2.392453e-04
2.050435e-01 -6.590970e-05 2.403274e-04
2.053143e-01 4.485399e-04 2.397765e-04
2.055852e-01 6.961077e-05 2.399346e-04
2.058560e-01 7.642992e-05 2.369934e-04
2.061268e-01 -4.330687e-04 2.381526e-04
2.063976e-01 -4.144944e-05 2.385472e-04
2.066684e-01 -2.072491e-04 2.355927e-04
2.069392e-01 -6.376021e-05 2.360976e-04
2.072100e-01 -3.004298e-04 2.387168e-04
2.074808e-01 6.292947e-05 2.371448e-04
2.077517e-01 -3.428794e-04 2.362430e-04
2.080225e-01 1.677200e-04 2.375002e-04
2.082933e-01 -2.347864e-05 2.338903e-04
2.085641e-01 1.704302e-04 2.341919e-04
2.088349e-01 3.999509e-04 2.370680e-04
2.091057e-01 -3.494788e-04 2.355296e-04
2.093765e-01 -6.420817e-04 2.340020e-04
2.096474e-01 6.560981e-05 2.368244e-04
2.099182e-01 4.873984e-05 2.376974e-04
2.101890e-01 -1.002885e-04 2.361701e-04
2.104598e-01 5.934797e-04 2.358594e-04
2.107306e-01 -4.779994e-04 2.377003e-04
2.110014e-01 -1.666881e-05 2.378459e-04
2.112723e-01 -2.677925e-05 2.344433e-04
2.115431e-01 2.180804e-04 2.357050e-04
2.118139e-01 2.942048e-05 2.368803e-04
2.120847e-01 1.224689e-04 2.368567e-04
2.123555e-01 -1.492165e-05 2.372556e-04
2.126263e-01 2.784505e-04 2.356069e-04
2.128971e-01 -2.303403e-04 2.372393e-04
2.131680e-01 8.692965e-05 2.373892e-04
2.134388e-01 3.649406e-04 2.378456e-04
2.137096e-01 -1.691692e-04 2.362310e-04
2.139804e-01 2.755709e-04 2.344894e-04
2.142512e-01 8.196011e-05 2.363915e-04
2.145220e-01 1.454093e-04 2.369791e-04
2.147928e-01 -3.892407e-04 2.374030e-04
2.150636e-01 -7.777847e-05 2.361610e-04
2.153345e-01 -1.819059e-05 2.376340e-04
2.156053e-01 1.642108e-04 2.380809e-04
2.158761e-01 1.750141e-05 2.385552e-04
2.161469e-01 5.469099e-05 2.379312e-04
2.164177e-01 3.812313e-04 2.359149e-04
2.166885e-01 7.983856e-05 2.355925e-04
2.169593e-01 -1.666602e-04 2.358370e-04
2.172302e-01 1.727976e-05 2.386062e-04
2.175010e-01 -1.133513e-04 2.353729e-04
2.177718e-01 1.689307e-04 2.355084e-04
2.180426e-01 5.785935e-05 2.359085e-04
2.183134e-01 2.320409e-04 2.339486e-04
2.185842e-01 -3.893115e-05 2.352161e-04
2.188551e-01 -4.268698e-04 2.338188e-04
2.191259e-01 1.014993e-04 2.360370e-04
2.193967e-01 -1.702495e-04 2.331274e-04
2.196675e-01 -2.804305e-04 2.329352e-04
2.199383e-01 3.047101e-04 2.355834e-04
2.202091e-01 -1.431499e-04 2.329417e-04
2.204799e-01 -6.828085e-05 2.329824e-04
2.207507e-01 -2.189092e-04 2.353189e-04
2.210216e-01 8.696876e-05 2.328940e-04
2.212924e-01 -1.377501e-04 2.318321e-04
2.215632e-01 1.496505e-04 2.311365e-04
2.218340e-01 -2.637804e-04 2.326550e-04
2.221048e-01 9.294972e-05 2.305490e-04
2.223756e-01 -1.701098e-04 2.318451e-04
2.226464e-01 -3.062505e-04 2.310189e-04
2.229173e-01 3.819391e-04 2.310142e-04
2.231881e-01 -1.483895e-04 2.308696e-04
2.234589e-01 1.697056e-05 2.310267e-04
2.237297e-01 4.132502e-04 2.302555e-04
2.240005e-01 1.465306e-04 2.298992e-04
2.242713e-01 6.172061e-05 2.289729e-04
2.245422e-01 1.883209e-04 2.303488e-04
2.248130e-01 3.086403e-04 2.313246e-04
2.250838e-01 -2.832413e-04 2.300110e-04
2.253546e-01 2.199505e-04 2.313770e-04
2.256254e-01 -2.239794e-04 2.314028e-04
2.258962e-01 4.458986e-05 2.316134e-04
2.261670e-01 1.521893e-04 2.415157e-04
2.264379e-01 -2.327207e-04 2.461548e-04
2.267087e-01 -3.232509e-04 2.491552e-04
2.269795e-01 -2.238806e-04 2.530844e-04
2.272503e-01 2.659392e-04 2.542651e-04
2.275211e-01 -9.069033e-05 2.574971e-04
2.277919e-01 3.776699e-04 2.584902e-04
2.280627e-01 1.797900e-04 2.641252e-04
2.283335e-01 2.863202e-04 2.671612e-04
2.286044e-01 -3.457703e-04 2.662905e-04
2.288752e-01 2.084505e-04 2.724416e-04
2.291460e-01 5.856305e-04 2.731273e-04
2.294168e-01 1.340397e-04 2.765664e-04
2.296876e-01 -7.032696e-04 2.780128e-04
2.299584e-01 -2.544597e-04 2.793506e-04
2.302293e-01 -6.162096e-04 2.832131e-04
2.305001e-01 1.555793e-04 2.854692e-04
2.307709e-01 4.263204e-04 2.859093e-04
2.310417e-01 8.200109e-05 2.898969e-04
2.313125e-01 9.354018e-05 2.916558e-04
2.315833e-01 -2.861395e-04 2.920193e-04
2.318541e-01 -3.406499e-04 2.979256e-04
2.321250e-01 -3.246088e-04 3.023026e-04
2.323958e-01 -4.001800e-04 2.993350e-04
2.326666e-01 -2.508983e-05 3.060445e-04
2.329374e-01 1.631863e-05 3.093072e-04
2.332082e-01 6.785505e-04 3.047626e-04
2.334790e-01 -2.680607e-04 3.068354e-04
2.337498e-01 2.659000e-04 3.163584e-04
2.340207e-01 -4.391000e-05 3.164417e-04
2.342915e-01 5.162396e-04 3.197373e-04
2.345623e-01 1.356695e-04 3.183397e-04
2.348331e-01 -1.575984e-05 3.236249e-04
2.351039e-01 -4.256610e-04 3.260028e-04
2.353747e-01 -6.910414e-07 3.280713e-04
2.356455e-01 -2.734903e-04 3.327363e-04
2.359163e-01 -8.686073e-05 3.361334e-04
2.361872e-01 5.512200e-04 3.390607e-04
2.364580e-01 -5.314108e-04 3.419495e-04
2.367288e-01 -3.449060e-05 3.422626e-04
2.369996e-01 -7.916987e-05 3.420787e-04
2.372704e-01 6.049871e-06 3.487437e-04
2.375412e-01 1.710095e-04 3.479273e-04
2.378121e-01 -7.017888e-05 3.583080e-04
2.380829e-01 -2.483502e-04 3.531001e-04
2.383537e-01 -2.896786e-04 3.600189e-04
2.386245e-01 -2.389960e-05 3.665538e-04
2.388953e-01 -3.312603e-04 3.663238e-04
2.391661e-01 5.014986e-05 3.723947e-04
2.394369e-01 4.639402e-04 3.685684e-04
2.397078e-01 -2.204590e-04 3.806764e-04
2.399786e-01 2.507586e-04 3.870021e-04
2.402494e-01 2.483092e-04 3.848885e-04
2.405202e-01 -1.960192e-04 3.890490e-04
2.407910e-01 -4.536808e-04 3.995477e-04
2.410618e-01 -8.412078e-05 3.948740e-04
2.413326e-01 -1.637600e-04 3.982240e-04
2.416034e-01 1.081396e-04 4.043214e-04
2.418743e-01 -2.395902e-04 4.111570e-04
2.421451e-01 7.381290e-04 4.173952e-04
2.424159e-01 -1.234896e-04 4.175596e-04
2.426867e-01 -4.807413e-04 4.172056e-04
2.429575e-01 7.300712e-04 4.319595e-04
2.432283e-01 1.775306e-04 4.455279e-04
2.434992e-01 -2.878997e-04 4.385616e-04
2.437700e-01 3.562886e-04 4.474409e-04
2.440408e-01 7.808954e-05 4.496796e-04
2.443116e-01 6.480142e-06 4.629933e-04
2.445824e-01 3.718100e-04 4.621330e-04
2.448532e-01 -6.738100e-04 4.700545e-04
2.451240e-01 -1.692511e-04 4.742841e-04
2.453949e-01 -9.344593e-04 4.825830e-04
2.456657e-01 -7.192008e-04 4.887248e-04
2.459365e-01 -6.937496e-04 4.855745e-04
2.462073e-01 1.445301e-04 4.934876e-04
2.464781e-01 7.869117e-05 5.191933e-04
2.467489e-01 1.162032e-03 5.217772e-04
2.470197e-01 -8.119401e-04 5.243272e-04
2.472906e-01 -9.572133e-05 5.272655e-04
2.475614e-01 -2.426300e-04 5.492927e-04
2.478322e-01 -6.589200e-04 5.597363e-04
2.481030e-01 -5.337391e-04 5.484339e-04
2.483738e-01 -8.485839e-05 5.665995e-04
2.486446e-01 -1.808498e-04 5.877032e-04
2.489154e-01 3.696196e-04 6.098622e-04
2.491863e-01 -1.069939e-03 5.973880e-04
2.494571e-01 -1.879185e-04 6.174259e-04
2.497279e-01 1.239890e-03 6.456261e-04
2.499987e-01 -3.613792e-04 6.685032e-04
2.502695e-01 2.927706e-04 6.510953e-04
2.505403e-01 -4.806202e-04 6.841213e-04
2.508111e-01 6.072205e-04 7.105194e-04
2.510819e-01 5.020797e-04 7.473962e-04
2.513528e-01 -3.613606e-04 7.243940e-04
2.516236e-01 1.823902e-04 7.616928e-04
2.518944e-01 4.421901e-04 7.710981e-04
2.521652e-01 -8.638948e-06 8.433945e-04
2.524360e-01 -2.348907e-04 8.513924e-04
2.527068e-01 -2.791509e-04 8.086338e-04
2.529776e-01 -1.438180e-03 8.715759e-04
2.532485e-01 8.984599e-04 8.845427e-04
2.535193e-01 -3.031902e-04 9.434529e-04
2.537901e-01 -4.209094e-04 9.720104e-04
2.540609e-01 -5.469844e-05 9.364984e-04
2.543317e-01 -8.010902e-04 9.713154e-04
2.546025e-01 -9.724405e-04 9.913072e-04
2.548733e-01 2.617039e-03 1.080143e-03
2.551441e-01 -9.393096e-04 1.083081e-03
2.554150e-01 6.672200e-04 1.141134e-03
2.556858e-01 5.978514e-04 1.179021e-03
2.559566e-01 1.389999e-04 1.293107e-03
2.562274e-01 3.758742e-03 1.334335e-03
2.564982e-01 1.168082e-03 1.440272e-03
2.567690e-01 -1.212399e-03 1.521800e-03
2.570398e-01 -8.509867e-05 1.832310e-03
2.573107e-01 -1.863759e-03 1.919684e-03
2.575815e-01 -1.955500e-03 2.529666e-03
2.578523e-01 -3.396198e-04 3.208278e-03
2.581231e-01 -1.074890e-03 4.680254e-03
