3.286826e-03 -6.907320e-02 0.000000e+00
3.557641e-03 -7.381439e-04 7.733076e-02
3.828455e-03 -3.439617e-02 5.069818e-02
4.099269e-03 -1.890993e-02 3.948974e-02
4.370084e-03 -7.122040e-03 2.854894e-02
4.640898e-03 -3.740215e-02 2.004599e-02
4.911712e-03 -1.625991e-02 1.739058e-02
5.182527e-03 -1.331508e-02 1.347345e-02
5.453341e-03 -7.944942e-03 1.199660e-02
5.724155e-03 -7.322073e-03 9.220923e-03
5.994970e-03 -1.330209e-02 8.511746e-03
6.265784e-03 -1.262850e-02 6.904078e-03
6.536598e-03 -6.474912e-03 5.698507e-03
6.807412e-03 -4.638076e-03 5.090059e-03
7.078227e-03 -1.542807e-03 4.435758e-03
7.349041e-03 7.777810e-04 3.899537e-03
7.619855e-03 -3.484219e-03 3.384525e-03
7.890671e-03 5.026519e-03 2.958897e-03
8.161485e-03 2.465695e-03 2.832417e-03
8.432299e-03 -1.008928e-03 2.537752e-03
8.703114e-03 7.523894e-04 2.265559e-03
8.973928e-03 -2.969176e-03 2.069110e-03
9.244742e-03 -4.084706e-03 1.938280e-03
9.515557e-03 -1.452088e-03 1.795126e-03
9.786371e-03 1.705095e-03 1.680781e-03
1.005718e-02 8.410215e-05 1.560470e-03
1.032800e-02 2.810061e-04 1.443400e-03
1.059881e-02 -3.064409e-03 1.399275e-03
1.086963e-02 1.089305e-03 1.275121e-03
1.114044e-02 1.437962e-04 1.225925e-03
1.141126e-02 -1.399502e-03 1.169480e-03
1.168207e-02 -5.204976e-04 1.107629e-03
1.195289e-02 -8.910000e-04 1.038899e-03
1.222370e-02 -9.806976e-04 1.005912e-03
1.249451e-02 -6.558001e-04 9.335181e-04
1.276533e-02 -6.883964e-04 9.202185e-04
1.303614e-02 -1.140408e-03 8.747635e-04
1.330696e-02 -1.223102e-03 8.341821e-04
1.357777e-02 4.645362e-04 8.135896e-04
1.384859e-02 -5.951524e-05 7.869526e-04
1.411940e-02 -1.506805e-04 7.547891e-04
1.439021e-02 -5.609691e-04 7.177589e-04
1.466103e-02 9.757131e-04 7.038295e-04
1.493184e-02 1.649112e-04 6.887042e-04
1.520266e-02 5.116984e-04 6.521319e-04
1.547347e-02 -1.283199e-03 6.416530e-04
1.574429e-02 5.888566e-04 6.263506e-04
1.601510e-02 -3.363602e-04 6.141631e-04
1.628591e-02 -1.227509e-03 6.007622e-04
1.655673e-02 -6.632693e-04 5.765822e-04
1.682754e-02 4.072189e-04 5.689031e-04
1.709836e-02 -9.422302e-04 5.548853e-04
1.736917e-02 -1.023300e-03 5.467313e-04
1.763999e-02 -2.089217e-04 5.272778e-04
1.791080e-02 7.619299e-04 5.104907e-04
1.818161e-02 -6.025396e-04 5.130107e-04
1.845243e-02 -4.942603e-04 5.138594e-04
1.872324e-02 8.390285e-04 5.051670e-04
1.899406e-02 -6.921217e-04 5.056695e-04
1.926487e-02 -2.229214e-04 4.998627e-04
1.953569e-02 1.686513e-04 4.939344e-04
1.980650e-02 5.918927e-04 4.897302e-04
2.007731e-02 -2.063699e-04 4.763718e-04
2.034813e-02 4.407987e-04 4.822234e-04
2.061894e-02 -9.131059e-05 4.711395e-04
2.088976e-02 1.038201e-04 4.664850e-04
2.116057e-02 8.208603e-04 4.649011e-04
2.143139e-02 4.728101e-04 4.581461e-04
2.170220e-02 1.283921e-04 4.595042e-04
2.197302e-02 -5.513281e-04 4.532724e-04
2.224383e-02 5.787686e-04 4.395518e-04
2.251465e-02 4.949123e-04 4.400415e-04
2.278546e-02 1.009852e-03 4.264027e-04
2.305627e-02 -1.758188e-04 4.221097e-04
2.332709e-02 4.034862e-05 4.134409e-04
2.359790e-02 1.821220e-04 4.068140e-04
2.386872e-02 5.770400e-04 4.038318e-04
2.413953e-02 -5.090684e-04 3.981078e-04
2.441034e-02 1.180917e-06 3.905784e-04
2.468116e-02 -7.823110e-08 3.924367e-04
2.495197e-02 2.736300e-04 3.840194e-04
2.522279e-02 3.982000e-04 3.862090e-04
2.549360e-02 4.570782e-04 3.778412e-04
2.576442e-02 1.083970e-03 3.706070e-04
2.603523e-02 -1.641326e-04 3.704005e-04
2.630604e-02 6.876141e-05 3.680353e-04
2.657686e-02 1.448020e-05 3.638063e-04
2.684767e-02 -3.081933e-04 3.535649e-04
2.711849e-02 1.240224e-04 3.552627e-04
2.738930e-02 -3.575012e-04 3.535678e-04
2.766012e-02 4.580691e-04 3.494585e-04
2.793093e-02 1.366585e-04 3.472526e-04
2.820175e-02 -5.256385e-06 3.399066e-04
2.847256e-02 -5.472414e-04 3.389847e-04
2.874337e-02 1.311280e-03 3.350146e-04
2.901419e-02 4.781894e-04 3.288010e-04
2.928500e-02 2.522022e-04 3.266095e-04
2.955582e-02 6.185845e-05 3.287280e-04
2.982663e-02 2.611503e-04 3.237029e-04
3.009745e-02 5.251803e-04 3.225692e-04
3.036826e-02 -4.535168e-05 3.171109e-04
3.063907e-02 1.986697e-04 3.202829e-04
3.090989e-02 1.953207e-04 3.172926e-04
3.118070e-02 1.238696e-04 3.160933e-04
3.145152e-02 6.940402e-04 3.134597e-04
3.172233e-02 -8.958951e-05 3.159909e-04
3.199315e-02 -3.730133e-05 3.086590e-04
3.226396e-02 7.499009e-05 3.094701e-04
3.253478e-02 -1.837201e-04 3.089486e-04
3.280559e-02 3.217682e-04 3.043126e-04
3.307641e-02 -5.465001e-05 3.023402e-04
3.334722e-02 1.896024e-04 3.010004e-04
3.361803e-02 -2.152696e-04 2.993617e-04
3.388885e-02 -3.276318e-04 2.959995e-04
3.415966e-02 5.361177e-04 2.956330e-04
3.443048e-02 -3.383607e-04 2.962340e-04
3.470129e-02 8.663163e-05 2.940887e-04
3.497211e-02 -5.955808e-04 2.921501e-04
3.524292e-02 -3.694780e-04 2.894894e-04
3.551374e-02 2.234802e-04 2.881066e-04
3.578455e-02 3.197603e-04 2.861599e-04
3.605536e-02 5.119089e-04 2.850364e-04
3.632618e-02 -1.191590e-04 2.858966e-04
3.659699e-02 3.923308e-04 2.807327e-04
3.686780e-02 -4.357100e-05 2.840741e-04
3.713862e-02 -6.042980e-05 2.785512e-04
3.740944e-02 -1.786705e-04 2.781984e-04
3.768025e-02 1.999009e-04 2.758506e-04
3.795106e-02 6.042589e-04 2.740383e-04
3.822188e-02 2.382994e-04 2.732367e-04
3.849269e-02 -1.037493e-04 2.695280e-04
3.876351e-02 -2.843607e-04 2.713987e-04
3.903432e-02 3.887992e-04 2.696361e-04
3.930514e-02 1.589507e-04 2.682859e-04
3.957595e-02 1.402106e-04 2.683413e-04
3.984676e-02 8.310005e-05 2.634198e-04
4.011758e-02 1.117494e-04 2.674853e-04
4.038839e-02 4.490484e-04 2.654965e-04
4.065921e-02 -8.985959e-05 2.619803e-04
4.093002e-02 1.304001e-04 2.651623e-04
4.120084e-02 -3.764033e-05 2.597058e-04
4.147165e-02 -2.557971e-05 2.592640e-04
4.174246e-02 3.963597e-04 2.592612e-04
4.201328e-02 6.223116e-04 2.560550e-04
4.228409e-02 -3.922302e-04 2.576695e-04
4.255491e-02 -1.647696e-04 2.536476e-04
4.282572e-02 1.436491e-04 2.566006e-04
4.309653e-02 1.969002e-04 2.517361e-04
4.336735e-02 -7.602014e-05 2.523601e-04
4.363817e-02 -1.036506e-04 2.534965e-04
4.390898e-02 -1.450703e-04 2.523253e-04
4.417979e-02 -2.606027e-05 2.499136e-04
4.445061e-02 8.904934e-05 2.485948e-04
4.472142e-02 9.425916e-05 2.468053e-04
4.499224e-02 5.524103e-04 2.471096e-04
4.526305e-02 3.678892e-04 2.472239e-04
4.553387e-02 7.122010e-05 2.446708e-04
4.580468e-02 -1.823511e-04 2.446816e-04
4.607549e-02 -6.220397e-04 2.449155e-04
4.634631e-02 -2.297703e-04 2.416253e-04
4.661712e-02 -1.727697e-04 2.427426e-04
4.688794e-02 4.049204e-04 2.424980e-04
4.715875e-02 2.100188e-04 2.386985e-04
4.742957e-02 -4.301965e-05 2.383638e-04
4.770038e-02 -3.612041e-05 2.380156e-04
4.797119e-02 -2.553891e-04 2.366501e-04
4.824201e-02 9.408966e-05 2.367382e-04
4.851282e-02 -3.866497e-04 2.373994e-04
4.878364e-02 3.190190e-04 2.350655e-04
4.905445e-02 2.341196e-04 2.335163e-04
4.932526e-02 1.464207e-04 2.336242e-04
4.959608e-02 3.596190e-04 2.328352e-04
4.986690e-02 -3.267396e-04 2.331395e-04
5.013771e-02 -2.437308e-04 2.315483e-04
5.040852e-02 -2.641305e-04 2.294917e-04
5.067934e-02 -2.655108e-04 2.329470e-04
5.095015e-02 -5.798973e-05 2.285364e-04
5.122096e-02 6.734021e-05 2.288663e-04
5.149178e-02 1.013093e-04 2.287619e-04
5.176260e-02 -4.012883e-04 2.260693e-04
5.203341e-02 1.145396e-04 2.286435e-04
5.230422e-02 2.213512e-04 2.238679e-04
5.257504e-02 -1.551211e-04 2.262461e-04
5.284585e-02 1.248103e-04 2.231048e-04
5.311667e-02 -2.219100e-04 2.223689e-04
5.338748e-02 2.139993e-05 2.301893e-04
5.365830e-02 2.746210e-04 2.259090e-04
5.392911e-02 -3.719702e-06 2.278569e-04
5.419992e-02 2.066791e-04 2.290737e-04
5.447074e-02 3.564507e-04 2.258088e-04
5.474155e-02 1.984313e-04 2.311298e-04
5.501237e-02 2.054609e-04 2.335995e-04
5.528318e-02 3.551207e-04 2.370355e-04
5.555400e-02 -3.588703e-04 2.347010e-04
5.582481e-02 -1.610704e-04 2.363543e-04
5.609563e-02 3.152788e-04 2.403131e-04
5.636644e-02 1.532789e-04 2.410200e-04
5.663725e-02 4.750006e-04 2.426121e-04
5.690807e-02 -1.710840e-05 2.430922e-04
5.717888e-02 1.260899e-04 2.407449e-04
5.744969e-02 2.363399e-04 2.435614e-04
5.772051e-02 -7.780083e-05 2.431536e-04
5.799133e-02 1.895707e-04 2.415293e-04
5.826214e-02 5.233847e-05 2.433365e-04
5.853295e-02 -5.789902e-04 2.447543e-04
5.880377e-02 -1.091193e-04 2.443061e-04
5.907458e-02 6.090105e-05 2.438364e-04
5.934540e-02 1.753587e-04 2.448725e-04
5.961621e-02 3.023092e-04 2.460656e-04
5.988703e-02 1.031291e-04 2.475773e-04
6.015784e-02 2.553128e-05 2.467980e-04
6.042865e-02 -4.765950e-05 2.458368e-04
6.069947e-02 -3.335401e-04 2.406097e-04
6.097028e-02 -7.033162e-05 2.416712e-04
6.124110e-02 -9.831972e-05 2.373994e-04
6.151191e-02 -7.307101e-04 2.363629e-04
6.178273e-02 8.757971e-05 2.384930e-04
6.205354e-02 2.681389e-04 2.357447e-04
6.232436e-02 1.814608e-04 2.348865e-04
6.259517e-02 6.435700e-04 2.349675e-04
6.286598e-02 1.044013e-04 2.342620e-04
6.313679e-02 -1.062695e-04 2.357779e-04
6.340761e-02 -6.657839e-05 2.326031e-04
6.367842e-02 -3.425796e-04 2.319971e-04
6.394923e-02 8.482113e-05 2.297144e-04
6.422005e-02 4.435796e-04 2.327741e-04
6.449086e-02 -2.851300e-04 2.340231e-04
6.476168e-02 4.599113e-04 2.301595e-04
6.503250e-02 2.944898e-04 2.339140e-04
6.530331e-02 3.275797e-04 2.304265e-04
6.557412e-02 2.929009e-05 2.324100e-04
6.584494e-02 3.816001e-05 2.299932e-04
6.611575e-02 1.266971e-05 2.297232e-04
6.638657e-02 -1.848694e-04 2.295616e-04
6.665738e-02 5.088747e-06 2.277034e-04
6.692819e-02 7.382967e-05 2.304407e-04
6.719901e-02 -1.772195e-04 2.285708e-04
6.746982e-02 -1.042802e-04 2.284798e-04
6.774063e-02 3.972109e-04 2.294613e-04
6.801146e-02 1.631100e-04 2.268311e-04
6.828227e-02 2.270993e-04 2.256505e-04
6.855308e-02 1.681391e-04 2.280410e-04
6.882390e-02 -6.576069e-05 2.269278e-04
6.909471e-02 -1.359005e-04 2.264308e-04
6.936552e-02 3.065597e-04 2.226134e-04
6.963634e-02 -2.508704e-04 2.264106e-04
6.990715e-02 -3.904104e-05 2.272458e-04
7.017796e-02 -1.191795e-04 2.222081e-04
7.044878e-02 1.977105e-04 2.245183e-04
7.071959e-02 -7.890165e-06 2.235847e-04
7.099041e-02 5.300157e-05 2.233281e-04
7.126123e-02 1.579896e-04 2.211034e-04
7.153204e-02 1.158006e-05 2.210154e-04
7.180285e-02 2.168603e-04 2.225986e-04
7.207367e-02 8.590519e-06 2.224180e-04
7.234448e-02 4.613195e-04 2.217501e-04
7.261530e-02 -3.581122e-05 2.237174e-04
7.288611e-02 -1.500882e-04 2.189181e-04
7.315692e-02 7.648952e-05 2.206638e-04
7.342774e-02 1.077298e-04 2.202132e-04
7.369855e-02 4.472025e-05 2.204623e-04
7.396936e-02 3.351085e-05 2.185201e-04
7.424019e-02 -2.374388e-04 2.208951e-04
7.451100e-02 -2.430305e-04 2.195626e-04
7.478181e-02 7.396936e-05 2.193131e-04
7.505263e-02 2.310388e-04 2.198895e-04
7.532344e-02 7.309020e-06 2.213121e-04
7.559425e-02 7.065944e-05 2.170136e-04
7.586507e-02 6.506033e-05 2.180402e-04
7.613588e-02 -1.552142e-05 2.185542e-04
7.640669e-02 -7.965043e-05 2.178863e-04
7.667751e-02 1.426395e-04 2.172298e-04
7.694832e-02 4.014708e-04 2.181018e-04
7.721914e-02 -2.162904e-04 2.160652e-04
7.748996e-02 -5.060304e-04 2.177215e-04
7.776077e-02 -1.251306e-04 2.148822e-04
7.803158e-02 -1.449902e-04 2.174924e-04
7.830240e-02 -3.501102e-04 2.145901e-04
7.857321e-02 -5.621091e-05 2.146864e-04
7.884403e-02 1.442507e-04 2.147953e-04
7.911484e-02 -1.550596e-04 2.137264e-04
7.938565e-02 1.556054e-05 2.154451e-04
7.965647e-02 -4.858896e-05 2.114839e-04
7.992728e-02 1.784395e-04 2.133328e-04
8.019809e-02 -6.688014e-05 2.159437e-04
8.046892e-02 1.524985e-04 2.118515e-04
8.073973e-02 -1.204293e-04 2.120680e-04
8.101054e-02 -9.460002e-05 2.104337e-04
8.128136e-02 -8.428097e-05 2.100779e-04
8.155217e-02 -1.641698e-04 2.109140e-04
8.182298e-02 2.693702e-04 2.113656e-04
8.209380e-02 -1.508202e-04 2.098588e-04
8.236461e-02 -5.053896e-04 2.105551e-04
8.263543e-02 -2.275687e-04 2.099536e-04
8.290624e-02 8.722022e-05 2.111019e-04
8.317705e-02 -3.712699e-04 2.094052e-04
8.344787e-02 4.196092e-04 2.098335e-04
8.371869e-02 -5.232915e-05 2.093483e-04
8.398950e-02 2.626292e-04 2.085000e-04
8.426031e-02 -1.051687e-04 2.085656e-04
8.453113e-02 -2.978928e-05 2.072966e-04
8.480194e-02 -1.233704e-04 2.091237e-04
8.507276e-02 -8.030050e-05 2.089241e-04
8.534357e-02 3.911927e-05 2.076609e-04
8.561438e-02 -1.044497e-04 2.075314e-04
8.588520e-02 1.013707e-04 2.050650e-04
8.615601e-02 -2.964288e-04 2.065306e-04
8.642682e-02 3.470704e-04 2.066016e-04
8.669765e-02 1.660604e-04 2.043102e-04
8.696846e-02 -9.818934e-05 2.065961e-04
8.723927e-02 -3.627706e-04 2.048386e-04
8.751009e-02 2.068505e-04 2.041237e-04
8.778090e-02 2.075601e-04 2.045735e-04
8.805171e-02 -1.813285e-04 2.049876e-04
8.832253e-02 2.794489e-04 2.054928e-04
8.859334e-02 5.774014e-05 2.045996e-04
8.886416e-02 -1.869500e-04 2.034721e-04
8.913497e-02 3.019404e-04 2.038530e-04
8.940578e-02 7.417984e-05 2.048324e-04
8.967660e-02 9.636022e-05 2.030823e-04
8.994742e-02 9.479932e-05 2.048196e-04
9.021823e-02 4.730094e-04 2.026797e-04
9.048904e-02 4.608929e-05 2.033509e-04
9.075986e-02 6.275997e-05 2.026431e-04
9.103067e-02 3.599003e-04 2.024511e-04
9.130149e-02 1.182035e-05 2.015077e-04
9.157230e-02 2.462603e-04 2.004504e-04
9.184311e-02 -1.933984e-05 2.033528e-04
9.211393e-02 4.632697e-04 2.004043e-04
9.238474e-02 5.220063e-05 2.012573e-04
9.265555e-02 -2.835002e-04 2.023879e-04
9.292637e-02 6.845035e-05 1.999730e-04
9.319719e-02 2.226084e-04 2.019632e-04
9.346800e-02 1.698714e-04 2.004696e-04
9.373882e-02 -2.380908e-04 2.004507e-04
9.400963e-02 -3.317315e-04 1.993813e-04
9.428044e-02 1.356900e-04 1.996090e-04
9.455126e-02 -1.591910e-04 2.002488e-04
9.482207e-02 1.869611e-04 1.986782e-04
9.509289e-02 2.561398e-04 1.996959e-04
9.536370e-02 1.552403e-04 2.003378e-04
9.563451e-02 1.865067e-05 1.973844e-04
9.590533e-02 -2.578199e-04 1.991513e-04
9.617615e-02 -1.882948e-05 1.982687e-04
9.644696e-02 -2.496596e-04 1.975259e-04
9.671777e-02 -2.185088e-04 1.972852e-04
9.698859e-02 -2.335012e-05 1.973511e-04
9.725940e-02 4.650988e-04 1.972903e-04
9.753022e-02 5.462021e-05 1.968592e-04
9.780103e-02 -2.602600e-04 1.969456e-04
9.807184e-02 -2.039503e-04 1.950658e-04
9.834266e-02 -1.572315e-04 1.961056e-04
9.861347e-02 9.290874e-06 1.971372e-04
9.888428e-02 -6.422028e-05 1.937261e-04
9.915510e-02 3.623962e-05 1.964988e-04
9.942592e-02 -2.780501e-04 1.950112e-04
9.969673e-02 6.880611e-06 1.956761e-04
9.996755e-02 5.812012e-05 1.952059e-04
1.002384e-01 -1.400709e-06 1.945863e-04
1.005092e-01 2.164803e-04 1.951362e-04
1.007800e-01 -1.455713e-04 1.936332e-04
1.010508e-01 -1.150109e-04 1.959596e-04
1.013216e-01 -3.271997e-04 1.940505e-04
1.015924e-01 -8.204952e-05 1.939037e-04
1.018632e-01 -3.320891e-04 1.937961e-04
1.021341e-01 -1.049601e-04 1.935707e-04
1.024049e-01 -1.680106e-06 1.941527e-04
1.026757e-01 3.359094e-05 1.921993e-04
1.029465e-01 1.908895e-04 1.928318e-04
1.032173e-01 -2.475493e-04 1.933369e-04
1.034881e-01 -2.058968e-05 1.920496e-04
1.037589e-01 3.748592e-04 1.916541e-04
1.040298e-01 -1.005605e-04 1.905663e-04
1.043006e-01 1.482293e-04 1.918406e-04
1.045714e-01 2.378598e-06 1.900662e-04
1.048422e-01 3.511906e-04 1.907700e-04
1.051130e-01 3.167894e-04 1.915959e-04
1.053838e-01 2.410207e-04 1.909345e-04
1.056546e-01 -1.133513e-04 1.899995e-04
1.059255e-01 -4.253909e-05 1.904129e-04
1.061963e-01 1.570806e-04 1.911359e-04
1.064671e-01 -1.746304e-04 1.899391e-04
1.067379e-01 -1.425799e-04 1.905546e-04
1.070087e-01 2.278946e-05 1.906741e-04
1.072795e-01 -4.120171e-06 1.873959e-04
1.075503e-01 1.511499e-04 1.892762e-04
1.078212e-01 6.490946e-05 1.889808e-04
1.080920e-01 9.232014e-05 1.872764e-04
1.083628e-01 2.192985e-04 1.889156e-04
1.086336e-01 -4.353002e-05 1.871633e-04
1.089044e-01 -2.268106e-04 1.892510e-04
1.091752e-01 1.580305e-04 1.879084e-04
1.094460e-01 -3.153998e-04 1.862290e-04
1.097169e-01 -2.825074e-05 1.888302e-04
1.099877e-01 -1.752935e-05 1.869864e-04
1.102585e-01 4.053395e-04 1.875417e-04
1.105293e-01 2.596993e-04 1.895515e-04
1.108001e-01 -3.767014e-05 1.909333e-04
1.110709e-01 2.172310e-04 1.939156e-04
1.113417e-01 3.252923e-05 1.925789e-04
1.116126e-01 -2.019294e-04 1.938123e-04
1.118834e-01 -3.318805e-04 1.943834e-04
1.121542e-01 4.388019e-05 1.966394e-04
1.124250e-01 2.424102e-04 1.968294e-04
1.126958e-01 4.309099e-04 1.988545e-04
1.129666e-01 1.899302e-04 1.990291e-04
1.132374e-01 1.508500e-04 2.030260e-04
1.135083e-01 -1.117904e-04 2.057009e-04
1.137791e-01 3.461502e-04 2.041697e-04
1.140499e-01 2.712905e-04 2.055027e-04
1.143207e-01 4.585404e-04 2.074228e-04
1.145915e-01 -2.643093e-04 2.069369e-04
1.148623e-01 2.935901e-04 2.111456e-04
1.151332e-01 -2.113916e-05 2.098582e-04
1.154040e-01 -1.558512e-04 2.120774e-04
1.156748e-01 7.860363e-06 2.128110e-04
1.159456e-01 2.195593e-04 2.143941e-04
1.162164e-01 9.954162e-05 2.147254e-04
1.164872e-01 3.681891e-05 2.138483e-04
1.167580e-01 -2.299063e-05 2.192194e-04
1.170288e-01 1.343153e-05 2.198129e-04
1.172997e-01 -1.314897e-04 2.183889e-04
1.175705e-01 -2.680104e-04 2.188279e-04
1.178413e-01 1.309309e-04 2.193260e-04
1.181121e-01 6.110966e-05 2.180511e-04
1.183829e-01 -4.320033e-05 2.154813e-04
1.186537e-01 -5.413033e-05 2.163915e-04
1.189246e-01 3.991816e-04 2.132210e-04
1.191954e-01 3.148504e-04 2.142020e-04
1.194662e-01 -3.447309e-04 2.140074e-04
1.197370e-01 -1.271889e-04 2.110460e-04
1.200078e-01 5.969964e-05 2.136754e-04
1.202786e-01 -1.142696e-04 2.117333e-04
1.205494e-01 -2.110787e-04 2.131254e-04
1.208202e-01 8.277036e-05 2.127282e-04
1.210911e-01 -2.112407e-04 2.112288e-04
1.213619e-01 -1.197997e-04 2.123360e-04
1.216327e-01 4.403703e-04 2.120850e-04
1.219035e-01 1.181196e-04 2.121214e-04
1.221743e-01 -2.402999e-05 2.115752e-04
1.224451e-01 -3.499910e-05 2.119143e-04
1.227160e-01 1.266915e-04 2.138843e-04
1.229868e-01 -2.049096e-04 2.099300e-04
1.232576e-01 -3.175996e-05 2.137277e-04
1.235284e-01 1.941994e-05 2.127462e-04
1.237992e-01 5.307402e-04 2.120242e-04
1.240700e-01 -3.962032e-05 2.115882e-04
1.243408e-01 3.694296e-04 2.117604e-04
1.246117e-01 5.888902e-04 2.114842e-04
1.248825e-01 4.952401e-04 2.108366e-04
1.251533e-01 1.581796e-04 2.105997e-04
1.254241e-01 2.007093e-04 2.109003e-04
1.256949e-01 2.347883e-04 2.095358e-04
1.259657e-01 -5.298108e-05 2.102612e-04
1.262365e-01 4.700292e-04 2.095206e-04
1.265074e-01 -2.107807e-04 2.086435e-04
1.267782e-01 5.861931e-05 2.101562e-04
1.270490e-01 3.240090e-04 2.065446e-04
1.273198e-01 1.260713e-04 2.078176e-04
1.275906e-01 -1.160614e-04 2.067895e-04
1.278614e-01 2.350602e-04 2.065426e-04
1.281322e-01 1.998488e-04 2.055336e-04
1.284031e-01 -4.886799e-04 2.073011e-04
1.286739e-01 -5.633011e-05 2.078392e-04
1.289447e-01 2.337694e-04 2.066448e-04
1.292155e-01 -1.419801e-04 2.070960e-04
1.294863e-01 -4.465878e-05 2.069622e-04
1.297571e-01 -2.735108e-04 2.060627e-04
1.300279e-01 -3.158506e-04 2.055717e-04
1.302988e-01 1.121610e-04 2.059436e-04
1.305696e-01 -8.348003e-05 2.054403e-04
1.308404e-01 3.804080e-05 2.041051e-04
1.311112e-01 -2.131294e-04 2.054594e-04
1.313820e-01 3.228299e-04 2.057020e-04
1.316528e-01 -3.466401e-04 2.044229e-04
1.319236e-01 2.948605e-04 2.038293e-04
1.321945e-01 2.305806e-04 2.046769e-04
1.324653e-01 -2.475195e-04 2.055785e-04
1.327361e-01 2.147406e-04 2.038938e-04
1.330069e-01 4.494898e-04 2.055476e-04
1.332777e-01 5.138107e-05 2.037684e-04
1.335485e-01 3.680512e-04 2.030360e-04
1.338193e-01 -6.335974e-05 2.057531e-04
1.340902e-01 9.150058e-05 2.030022e-04
1.343610e-01 -1.954790e-04 2.042434e-04
1.346318e-01 1.071952e-05 2.039945e-04
1.349026e-01 -1.842901e-04 2.023002e-04
1.351734e-01 7.152930e-05 2.037853e-04
1.354442e-01 1.382306e-04 2.024327e-04
1.357151e-01 1.451802e-04 2.046767e-04
1.359859e-01 6.471016e-05 2.026069e-04
1.362567e-01 8.150935e-05 2.006978e-04
1.365275e-01 1.946297e-04 2.011677e-04
1.367983e-01 -8.247979e-05 2.002271e-04
1.370691e-01 -3.325939e-05 2.035404e-04
1.373399e-01 3.280602e-04 2.049089e-04
1.376107e-01 -1.103505e-04 2.067953e-04
1.378816e-01 -3.517978e-05 2.113520e-04
1.381524e-01 -2.142899e-04 2.093312e-04
1.384232e-01 2.462976e-05 2.131070e-04
1.386940e-01 3.262050e-05 2.107256e-04
1.389648e-01 -4.575960e-05 2.135666e-04
1.392356e-01 6.422028e-05 2.163357e-04
1.395064e-01 1.135692e-04 2.166034e-04
1.397773e-01 2.386291e-04 2.158710e-04
1.400481e-01 -2.236106e-04 2.169954e-04
1.403189e-01 9.809062e-05 2.194873e-04
1.405897e-01 1.420304e-04 2.181442e-04
1.408605e-01 -3.530104e-04 2.191188e-04
1.411313e-01 1.316406e-04 2.208443e-04
1.414021e-01 9.219907e-05 2.191362e-04
1.416730e-01 -3.626999e-04 2.224507e-04
1.419438e-01 -2.736710e-04 2.205359e-04
1.422146e-01 1.400895e-05 2.237375e-04
1.424854e-01 -1.003705e-04 2.223935e-04
1.427562e-01 2.987869e-05 2.228526e-04
1.430270e-01 6.690621e-06 2.219938e-04
1.432979e-01 2.829004e-04 2.217327e-04
1.435687e-01 -5.801953e-05 2.236646e-04
1.438395e-01 7.387064e-05 2.241828e-04
1.441103e-01 2.614316e-04 2.265121e-04
1.443811e-01 3.245790e-04 2.258527e-04
1.446519e-01 -5.772896e-05 2.266732e-04
1.449227e-01 -1.686700e-04 2.284865e-04
1.451935e-01 1.103412e-04 2.259179e-04
1.454644e-01 -3.666393e-04 2.284720e-04
1.457352e-01 -1.604091e-04 2.300085e-04
1.460060e-01 2.147816e-04 2.291630e-04
1.462768e-01 -7.204898e-05 2.315185e-04
1.465476e-01 -3.107805e-04 2.307519e-04
1.468184e-01 -2.425108e-04 2.339927e-04
1.470892e-01 1.643002e-04 2.329765e-04
1.473601e-01 6.380118e-05 2.325720e-04
1.476309e-01 4.124697e-04 2.326381e-04
1.479017e-01 -1.473092e-04 2.306975e-04
1.481725e-01 4.790612e-04 2.313202e-04
1.484433e-01 -1.585409e-04 2.304048e-04
1.487141e-01 -9.452924e-05 2.329746e-04
1.489850e-01 -1.131706e-04 2.307066e-04
1.492558e-01 -1.694206e-04 2.316675e-04
1.495266e-01 1.051798e-04 2.313799e-04
1.497974e-01 1.543500e-04 2.281159e-04
1.500682e-01 -2.883095e-04 2.318459e-04
1.503390e-01 1.688302e-04 2.310985e-04
1.506098e-01 1.639705e-04 2.297033e-04
1.508806e-01 -1.800302e-04 2.308232e-04
1.511515e-01 -1.415703e-04 2.301983e-04
1.514223e-01 4.542898e-04 2.326010e-04
1.516931e-01 5.092807e-04 2.289667e-04
1.519639e-01 1.940113e-04 2.304904e-04
1.522347e-01 2.555400e-04 2.308228e-04
1.525055e-01 -6.107390e-04 2.303773e-04
1.527763e-01 1.543686e-04 2.344639e-04
1.530472e-01 3.816094e-04 2.295259e-04
1.533180e-01 3.163107e-04 2.314587e-04
1.535888e-01 1.854710e-04 2.332023e-04
1.538596e-01 1.644697e-04 2.309563e-04
1.541304e-01 3.960915e-05 2.331810e-04
1.544012e-01 -5.184896e-04 2.310953e-04
1.546721e-01 2.351105e-04 2.329249e-04
1.549429e-01 -3.238954e-05 2.320630e-04
1.552137e-01 4.494600e-04 2.329120e-04
1.554845e-01 2.508610e-04 2.329587e-04
1.557553e-01 -1.916401e-04 2.336220e-04
1.560261e-01 -3.969800e-04 2.327466e-04
1.562969e-01 1.394711e-04 2.320639e-04
1.565678e-01 2.023503e-04 2.316591e-04
1.568386e-01 -1.700185e-04 2.333183e-04
1.571094e-01 2.110805e-04 2.332600e-04
1.573802e-01 -4.369505e-04 2.328924e-04
1.576510e-01 -1.265183e-04 2.320365e-04
1.579218e-01 -1.625791e-04 2.324355e-04
1.581926e-01 2.786145e-05 2.316771e-04
1.584634e-01 3.915839e-05 2.321735e-04
1.587343e-01 1.564994e-04 2.312255e-04
1.590051e-01 -1.349803e-04 2.314810e-04
1.592759e-01 -1.941100e-04 2.321337e-04
1.595467e-01 -1.660213e-04 2.313079e-04
1.598175e-01 -2.732202e-04 2.296434e-04
1.600883e-01 -3.087688e-04 2.297668e-04
1.603591e-01 2.464838e-05 2.310177e-04
1.606300e-01 1.107510e-04 2.310539e-04
1.609008e-01 -3.083982e-05 2.298438e-04
1.611716e-01 -2.053007e-04 2.303990e-04
1.614424e-01 -1.447108e-04 2.298109e-04
1.617132e-01 1.598597e-04 2.281281e-04
1.619840e-01 3.666114e-04 2.294853e-04
1.622549e-01 1.259204e-04 2.334189e-04
1.625257e-01 1.017302e-04 2.295759e-04
1.627965e-01 5.974062e-05 2.297936e-04
1.630673e-01 4.100595e-04 2.292431e-04
1.633381e-01 5.864911e-05 2.280440e-04
1.636089e-01 -3.303196e-04 2.283716e-04
1.638797e-01 -8.255988e-05 2.325399e-04
1.641506e-01 1.425706e-04 2.303053e-04
1.644214e-01 3.141202e-04 2.307595e-04
1.646922e-01 5.997717e-07 2.311198e-04
1.649630e-01 2.969503e-04 2.292458e-04
1.652338e-01 -3.678594e-04 2.326065e-04
1.655046e-01 -1.144297e-04 2.291500e-04
1.657754e-01 -2.347995e-04 2.307062e-04
1.660462e-01 -1.532286e-04 2.305676e-04
1.663171e-01 1.829304e-04 2.312257e-04
1.665879e-01 2.972297e-04 2.287550e-04
1.668587e-01 -1.571998e-04 2.301028e-04
1.671295e-01 2.495702e-04 2.315899e-04
1.674003e-01 -3.141910e-05 2.318390e-04
1.676711e-01 3.096387e-04 2.396656e-04
1.679420e-01 5.360804e-04 2.419480e-04
1.682128e-01 1.948904e-04 2.444104e-04
1.684836e-01 2.427194e-04 2.513652e-04
1.687544e-01 -1.567993e-04 2.507500e-04
1.690252e-01 -1.632497e-04 2.528122e-04
1.692960e-01 1.182389e-04 2.497794e-04
1.695668e-01 -1.293104e-04 2.569870e-04
1.698377e-01 2.615601e-04 2.553474e-04
1.701085e-01 7.347018e-05 2.610638e-04
1.703793e-01 -6.465055e-05 2.628007e-04
1.706501e-01 4.727021e-05 2.624882e-04
1.709209e-01 1.510400e-04 2.652147e-04
1.711917e-01 -7.617101e-05 2.645532e-04
1.714625e-01 2.432987e-05 2.687382e-04
1.717333e-01 -3.674608e-04 2.727196e-04
1.720042e-01 2.360698e-04 2.720174e-04
1.722750e-01 5.075894e-05 2.741502e-04
1.725458e-01 -4.515313e-04 2.767486e-04
1.728166e-01 3.072061e-05 2.762854e-04
1.730874e-01 -1.207609e-04 2.792409e-04
1.733582e-01 -2.260711e-04 2.805000e-04
1.736291e-01 -2.682507e-04 2.858855e-04
1.738999e-01 1.221392e-04 2.811846e-04
1.741707e-01 3.602915e-05 2.902171e-04
1.744415e-01 -1.160055e-05 2.877610e-04
1.747123e-01 -6.963871e-05 2.915180e-04
1.749831e-01 3.031082e-05 2.786124e-04
1.752539e-01 2.316013e-04 2.703160e-04
1.755248e-01 -2.726093e-04 2.700245e-04
1.757956e-01 3.712699e-04 2.683696e-04
1.760664e-01 1.274999e-04 2.720336e-04
1.763372e-01 3.405698e-04 2.678215e-04
1.766080e-01 -4.065987e-04 2.644300e-04
1.768788e-01 8.253939e-05 2.663613e-04
1.771496e-01 -2.007931e-05 2.614382e-04
1.774205e-01 -2.282094e-04 2.652732e-04
1.776913e-01 -2.825391e-04 2.610768e-04
1.779621e-01 1.505408e-04 2.637241e-04
1.782329e-01 -3.434494e-04 2.612270e-04
1.785037e-01 -2.839975e-05 2.555757e-04
1.787745e-01 3.385600e-04 2.608449e-04
1.790453e-01 -1.701806e-04 2.570154e-04
1.793161e-01 1.174100e-04 2.571668e-04
1.795870e-01 -3.261901e-04 2.562473e-04
1.798578e-01 2.293009e-04 2.523939e-04
1.801286e-01 2.465304e-04 2.568040e-04
1.803994e-01 -2.510697e-04 2.515947e-04
1.806702e-01 2.678894e-04 2.523865e-04
1.809410e-01 -3.006086e-04 2.529404e-04
1.812119e-01 3.501996e-04 2.514290e-04
1.814827e-01 4.823394e-04 2.530921e-04
1.817535e-01 5.908124e-05 2.489590e-04
1.820243e-01 4.527587e-04 2.512866e-04
1.822951e-01 4.657805e-04 2.488451e-04
1.825659e-01 -3.767200e-04 2.475204e-04
1.828367e-01 -2.063308e-04 2.517319e-04
1.831076e-01 1.064613e-04 2.462429e-04
1.833784e-01 4.208200e-04 2.510520e-04
1.836492e-01 -1.135487e-04 2.471453e-04
1.839200e-01 4.542395e-04 2.499448e-04
1.841908e-01 -3.141798e-04 2.471520e-04
1.844616e-01 2.467074e-05 2.489111e-04
1.847324e-01 -2.701022e-05 2.502551e-04
1.850033e-01 -2.382994e-04 2.468645e-04
1.852741e-01 2.778880e-05 2.489867e-04
1.855449e-01 1.267493e-04 2.486123e-04
1.858157e-01 -4.569590e-04 2.506752e-04
1.860865e-01 1.669694e-04 2.503875e-04
1.863573e-01 5.010888e-05 2.472934e-04
1.866281e-01 7.716008e-05 2.464300e-04
1.868990e-01 3.318302e-04 2.464466e-04
1.871698e-01 -1.909193e-04 2.496796e-04
1.874406e-01 8.059666e-06 2.483840e-04
1.877114e-01 -3.851894e-04 2.456555e-04
1.879822e-01 2.465602e-04 2.477498e-04
1.882530e-01 9.833090e-05 2.466584e-04
1.885238e-01 8.881092e-05 2.465378e-04
1.887947e-01 -1.790002e-04 2.492348e-04
1.890655e-01 4.658792e-04 2.472144e-04
1.893363e-01 8.009374e-08 2.492720e-04
1.896071e-01 -2.039969e-05 2.456190e-04
1.898779e-01 3.709104e-04 2.504690e-04
1.901487e-01 2.371501e-04 2.473050e-04
1.904195e-01 2.917405e-04 2.457962e-04
1.906904e-01 -5.847029e-05 2.496826e-04
1.909612e-01 -4.302710e-07 2.459788e-04
1.912320e-01 3.278498e-04 2.471129e-04
1.915028e-01 3.665611e-04 2.455826e-04
1.917736e-01 -2.053007e-05 2.449723e-04
1.920444e-01 -2.028421e-06 2.473468e-04
1.923153e-01 3.391486e-04 2.460907e-04
1.925861e-01 9.907037e-05 2.467301e-04
1.928569e-01 3.092214e-04 2.458021e-04
1.931277e-01 -3.805403e-04 2.449063e-04
1.933985e-01 2.705287e-04 2.459679e-04
1.936693e-01 -1.208391e-04 2.469551e-04
1.939401e-01 -2.946202e-04 2.477958e-04
1.942109e-01 -1.457594e-04 2.430732e-04
1.944818e-01 -3.440306e-04 2.434714e-04
1.947526e-01 -4.245806e-04 2.449395e-04
1.950234e-01 -3.283601e-04 2.450430e-04
1.952942e-01 6.544963e-05 2.458274e-04
1.955650e-01 6.556138e-05 2.458559e-04
1.958358e-01 4.184805e-04 2.479360e-04
1.961066e-01 -8.410960e-05 2.463505e-04
1.963775e-01 4.468597e-04 2.464538e-04
1.966483e-01 -3.176704e-04 2.452272e-04
1.969191e-01 4.339032e-05 2.468846e-04
1.971899e-01 -5.831495e-04 2.458162e-04
1.974607e-01 -2.539810e-04 2.480554e-04
1.977315e-01 -2.293400e-04 2.464287e-04
1.980023e-01 7.569976e-05 2.452898e-04
1.982732e-01 -2.049692e-04 2.442509e-04
1.985440e-01 -1.295600e-04 2.476299e-04
1.988148e-01 3.085583e-04 2.467727e-04
1.990856e-01 3.757905e-04 2.442485e-04
1.993564e-01 2.811197e-04 2.451684e-04
1.996272e-01 3.680792e-04 2.429673e-04
1.998980e-01 1.693498e-04 2.453753e-04
2.001689e-01 1.853798e-04 2.420183e-04
2.004397e-01 -3.567208e-04 2.405262e-04
2.007105e-01 -7.732958e-05 2.428465e-04
2.009813e-01 3.675595e-04 2.425036e-04
2.012521e-01 2.223589e-04 2.439986e-04
2.015229e-01 -1.201797e-04 2.425887e-04
2.017937e-01 4.770234e-06 2.445240e-04
2.020646e-01 2.798997e-05 2.422710e-04
2.023354e-01 8.629076e-05 2.440733e-04
2.026062e-01 -8.970872e-05 2.413045e-04
2.028770e-01 1.076497e-04 2.421933e-04
2.031478e-01 -1.752190e-04 2.416637e-04
2.034186e-01 1.281127e-05 2.420888e-04
2.036894e-01 -2.368391e-04 2.399562e-04
2.039603e-01 3.504939e-05 2.412496e-04
2.042311e-01 4.688706e-04 2.421626e-04
2.045019e-01 -2.400503e-04 2.413554e-04
2.047727e-01 -5.532205e-04 2.400844e-04
2.050435e-01 -5.366094e-05 2.403842e-04
2.053143e-01 -9.191036e-05 2.414800e-04
2.055852e-01 -1.781993e-05 2.396131e-04
2.058560e-01 -7.352047e-05 2.396456e-04
2.061268e-01 9.695068e-05 2.376046e-04
2.063976e-01 1.141299e-04 2.420208e-04
2.066684e-01 -3.740937e-05 2.396694e-04
2.069392e-01 1.457315e-04 2.381361e-04
2.072100e-01 2.036002e-04 2.382169e-04
2.074808e-01 9.552948e-05 2.396225e-04
2.077517e-01 1.371894e-04 2.367964e-04
2.080225e-01 -9.595975e-05 2.379793e-04
2.082933e-01 2.354290e-04 2.370124e-04
2.085641e-01 2.159104e-04 2.394003e-04
2.088349e-01 -2.557002e-04 2.400626e-04
2.091057e-01 2.506003e-05 2.393669e-04
2.093765e-01 2.106689e-04 2.369050e-04
2.096474e-01 -2.914593e-04 2.381173e-04
2.099182e-01 6.604288e-04 2.380537e-04
2.101890e-01 -1.698919e-05 2.390563e-04
2.104598e-01 1.278892e-04 2.381840e-04
2.107306e-01 -1.819618e-04 2.373521e-04
2.110014e-01 -2.531894e-05 2.382829e-04
2.112723e-01 6.382912e-05 2.378033e-04
2.115431e-01 2.858415e-04 2.383373e-04
2.118139e-01 2.900306e-04 2.380834e-04
2.120847e-01 2.165306e-04 2.384264e-04
2.123555e-01 -2.485700e-04 2.399560e-04
2.126263e-01 3.008917e-05 2.363517e-04
2.128971e-01 1.563132e-05 2.391263e-04
2.131680e-01 1.445115e-04 2.389440e-04
2.134388e-01 -3.453214e-04 2.372485e-04
2.137096e-01 2.145600e-04 2.374081e-04
2.139804e-01 -2.061948e-05 2.389126e-04
2.142512e-01 2.325214e-04 2.370149e-04
2.145220e-01 1.371093e-05 2.381134e-04
2.147928e-01 1.051594e-04 2.374279e-04
2.150636e-01 -4.922803e-04 2.360305e-04
2.153345e-01 2.466403e-04 2.401827e-04
2.156053e-01 4.252214e-04 2.383272e-04
2.158761e-01 2.228711e-04 2.396934e-04
2.161469e-01 -4.418939e-05 2.369964e-04
2.164177e-01 2.505016e-04 2.376464e-04
2.166885e-01 4.429184e-04 2.381069e-04
2.169593e-01 3.567301e-04 2.369790e-04
2.172302e-01 2.427399e-04 2.400322e-04
2.175010e-01 4.133098e-04 2.361326e-04
2.177718e-01 7.100031e-05 2.364377e-04
2.180426e-01 -3.480688e-04 2.388081e-04
2.183134e-01 -2.076104e-05 2.365817e-04
2.185842e-01 2.813302e-04 2.364371e-04
2.188551e-01 3.739092e-04 2.358594e-04
2.191259e-01 2.008714e-04 2.379102e-04
2.193967e-01 -2.950691e-04 2.334033e-04
2.196675e-01 1.759194e-04 2.358363e-04
2.199383e-01 1.982693e-04 2.342432e-04
2.202091e-01 8.527003e-05 2.369071e-04
2.204799e-01 4.160032e-05 2.364975e-04
2.207507e-01 1.548696e-04 2.351790e-04
2.210216e-01 9.728037e-05 2.340073e-04
2.212924e-01 1.674313e-04 2.343773e-04
2.215632e-01 4.908070e-05 2.342990e-04
2.218340e-01 -9.763055e-05 2.348172e-04
2.221048e-01 -2.807938e-05 2.334588e-04
2.223756e-01 -1.450069e-05 2.329278e-04
2.226464e-01 -5.819090e-05 2.333475e-04
2.229173e-01 -6.501004e-05 2.333333e-04
2.231881e-01 -2.815686e-04 2.321399e-04
2.234589e-01 -2.856404e-04 2.327022e-04
2.237297e-01 5.909801e-04 2.323227e-04
2.240005e-01 3.054198e-04 2.332591e-04
2.242713e-01 -1.239032e-05 2.298685e-04
2.245422e-01 7.626973e-05 2.321870e-04
2.248130e-01 1.601391e-04 2.335234e-04
2.250838e-01 -1.300201e-04 2.326938e-04
2.253546e-01 3.544204e-04 2.325200e-04
2.256254e-01 -1.031999e-04 2.330947e-04
2.258962e-01 -1.792498e-04 2.334239e-04
2.261670e-01 1.771506e-04 2.442105e-04
2.264379e-01 -1.273993e-04 2.465718e-04
2.267087e-01 2.570413e-04 2.507226e-04
2.269795e-01 1.115799e-04 2.530680e-04
2.272503e-01 1.502894e-04 2.550979e-04
2.275211e-01 4.262887e-04 2.594278e-04
2.277919e-01 -5.430914e-05 2.584762e-04
2.280627e-01 -1.698397e-04 2.655404e-04
2.283335e-01 -3.181025e-05 2.666486e-04
2.286044e-01 -4.792809e-04 2.681180e-04
2.288752e-01 6.106868e-05 2.714737e-04
2.291460e-01 -1.602806e-04 2.747411e-04
2.294168e-01 -1.659412e-04 2.789820e-04
2.296876e-01 -2.189204e-04 2.807650e-04
2.299584e-01 -7.399917e-05 2.799766e-04
2.302293e-01 2.686810e-04 2.860571e-04
2.305001e-01 -5.926210e-04 2.875278e-04
2.307709e-01 -6.029010e-05 2.905772e-04
2.310417e-01 1.204014e-04 2.902557e-04
2.313125e-01 -5.409010e-04 2.925847e-04
2.315833e-01 -1.301616e-04 2.953351e-04
2.318541e-01 -2.166796e-04 2.959728e-04
2.321250e-01 -2.094097e-04 3.006907e-04
2.323958e-01 -2.057292e-04 3.050648e-04
2.326666e-01 -8.917991e-04 3.053784e-04
2.329374e-01 1.130886e-04 3.114631e-04
2.332082e-01 8.135010e-04 3.060952e-04
2.334790e-01 2.365895e-04 3.138013e-04
2.337498e-01 2.286304e-04 3.183013e-04
2.340207e-01 -3.385898e-04 3.183555e-04
2.342915e-01 1.425184e-04 3.191743e-04
2.345623e-01 4.701000e-04 3.223846e-04
2.348331e-01 -1.633000e-04 3.243593e-04
2.351039e-01 -2.053306e-04 3.281673e-04
2.353747e-01 1.929905e-04 3.309194e-04
2.356455e-01 -2.590492e-04 3.322091e-04
2.359163e-01 6.983392e-04 3.349098e-04
2.361872e-01 4.648808e-04 3.389779e-04
2.364580e-01 1.340900e-04 3.430233e-04
2.367288e-01 3.566891e-04 3.415186e-04
2.369996e-01 -5.926192e-04 3.437598e-04
2.372704e-01 4.088990e-04 3.550924e-04
2.375412e-01 2.172496e-04 3.573951e-04
2.378121e-01 -4.179999e-04 3.617665e-04
2.380829e-01 9.723008e-05 3.597650e-04
2.383537e-01 3.211200e-06 3.620358e-04
2.386245e-01 8.015502e-04 3.699800e-04
2.388953e-01 1.082310e-03 3.659938e-04
2.391661e-01 3.514905e-04 3.721937e-04
2.394369e-01 -2.205409e-04 3.776719e-04
2.397078e-01 -2.946407e-04 3.858948e-04
2.399786e-01 -1.892596e-04 3.826280e-04
2.402494e-01 7.569976e-05 3.845492e-04
2.405202e-01 -4.792511e-04 3.929450e-04
2.407910e-01 -2.882909e-04 4.001927e-04
2.410618e-01 1.796205e-04 4.019598e-04
2.413326e-01 2.876855e-05 4.062177e-04
2.416034e-01 1.474097e-04 4.075486e-04
2.418743e-01 -2.617296e-04 4.185051e-04
2.421451e-01 -6.274208e-04 4.237591e-04
2.424159e-01 8.959807e-04 4.292933e-04
2.426867e-01 1.402088e-04 4.156407e-04
2.429575e-01 -1.860708e-04 4.375001e-04
2.432283e-01 -2.381206e-04 4.381458e-04
2.434992e-01 -2.662204e-04 4.360247e-04
2.437700e-01 -4.588198e-04 4.444393e-04
2.440408e-01 -1.547989e-04 4.587287e-04
2.443116e-01 5.220696e-04 4.640710e-04
2.445824e-01 4.816297e-04 4.664685e-04
2.448532e-01 -4.914030e-05 4.704173e-04
2.451240e-01 -5.088504e-04 4.891933e-04
2.453949e-01 3.311597e-04 4.860505e-04
2.456657e-01 3.258996e-04 4.902209e-04
2.459365e-01 7.556695e-04 4.934620e-04
2.462073e-01 -9.631105e-04 5.008096e-04
2.464781e-01 1.830980e-05 5.267797e-04
2.467489e-01 1.437198e-04 5.288024e-04
2.470197e-01 8.129198e-04 5.203988e-04
2.472906e-01 7.013604e-04 5.406382e-04
2.475614e-01 9.670854e-06 5.547552e-04
2.478322e-01 1.554700e-03 5.713706e-04
2.481030e-01 5.355999e-04 5.632625e-04
2.483738e-01 -5.227607e-04 5.676881e-04
2.486446e-01 2.621394e-04 6.016989e-04
2.489154e-01 -6.627515e-04 6.153683e-04
2.491863e-01 9.164810e-04 6.044276e-04
2.494571e-01 1.449101e-04 6.209673e-04
2.497279e-01 6.221402e-04 6.420678e-04
2.499987e-01 -4.265495e-04 6.723049e-04
2.502695e-01 -1.999289e-04 6.737832e-04
2.505403e-01 3.092103e-04 6.934126e-04
2.508111e-01 9.379704e-04 6.997944e-04
2.510819e-01 2.510790e-04 7.258010e-04
2.513528e-01 -1.017381e-03 7.311231e-04
2.516236e-01 1.478801e-03 7.683845e-04
2.518944e-01 5.847793e-04 7.864686e-04
2.521652e-01 -1.167120e-03 8.435054e-04
2.524360e-01 7.128790e-04 8.479800e-04
2.527068e-01 -9.038299e-04 8.185992e-04
2.529776e-01 -1.705792e-04 8.683319e-04
2.532485e-01 -4.018005e-04 9.065231e-04
2.535193e-01 -7.181112e-04 9.186639e-04
2.537901e-01 -1.343358e-03 9.344133e-04
2.540609e-01 1.364460e-03 9.179116e-04
2.543317e-01 2.707791e-03 1.002744e-03
2.546025e-01 1.229811e-04 9.716894e-04
2.548733e-01 -1.377296e-04 1.100531e-03
2.551441e-01 -8.908696e-04 1.089711e-03
2.554150e-01 -1.079889e-03 1.147128e-03
2.556858e-01 2.559796e-04 1.174343e-03
2.559566e-01 -8.083507e-04 1.317463e-03
2.562274e-01 -5.764402e-04 1.387768e-03
2.564982e-01 -1.080740e-03 1.460757e-03
2.567690e-01 -5.508997e-04 1.631043e-03
2.570398e-01 -1.253750e-03 1.833583e-03
2.573107e-01 -7.558782e-04 1.947051e-03
2.575815e-01 -2.603792e-04 2.746578e-03
2.578523e-01 -7.312030e-03 3.170220e-03
2.581231e-01 -3.488429e-03 5.151393e-03
