3.286826e-03 -5.228028e-01 0.000000e+00
3.557641e-03 -3.101258e-01 7.981450e-02
3.828455e-03 -2.363300e-01 4.946356e-02
4.099269e-03 -2.198031e-01 3.664980e-02
4.370084e-03 -1.816430e-01 2.777057e-02
4.640898e-03 -1.524670e-01 1.947526e-02
4.911712e-03 -1.480060e-01 1.625656e-02
5.182527e-03 -1.322830e-01 1.293886e-02
5.453341e-03 -1.182929e-01 1.147531e-02
5.724155e-03 -1.032090e-01 8.856124e-03
5.994970e-03 -9.511709e-02 7.703620e-03
6.265784e-03 -9.706002e-02 6.585090e-03
6.536598e-03 -7.856518e-02 5.265150e-03
6.807412e-03 -7.707858e-02 4.884778e-03
7.078227e-03 -7.359791e-02 4.220849e-03
7.349041e-03 -6.206900e-02 3.733935e-03
7.619855e-03 -6.272984e-02 3.334052e-03
7.890671e-03 -5.409390e-02 2.966448e-03
8.161485e-03 -5.015162e-02 2.774229e-03
8.432299e-03 -5.211049e-02 2.500188e-03
8.703114e-03 -4.654780e-02 2.274595e-03
8.973928e-03 -4.471269e-02 2.074623e-03
9.244742e-03 -4.183461e-02 1.954184e-03
9.515557e-03 -4.113328e-02 1.809194e-03
9.786371e-03 -3.705940e-02 1.682304e-03
1.005718e-02 -3.497930e-02 1.609698e-03
1.032800e-02 -3.090210e-02 1.500767e-03
1.059881e-02 -2.954400e-02 1.455738e-03
1.086963e-02 -2.854741e-02 1.330989e-03
1.114044e-02 -2.706550e-02 1.216376e-03
1.141126e-02 -2.569140e-02 1.202351e-03
1.168207e-02 -2.372801e-02 1.128958e-03
1.195289e-02 -2.425430e-02 1.068639e-03
1.222370e-02 -2.073019e-02 1.012659e-03
1.249451e-02 -2.189729e-02 9.707361e-04
1.276533e-02 -2.129892e-02 9.325983e-04
1.303614e-02 -1.883204e-02 8.874928e-04
1.330696e-02 -1.855224e-02 8.438581e-04
1.357777e-02 -1.651310e-02 8.342048e-04
1.384859e-02 -1.638297e-02 7.958877e-04
1.411940e-02 -1.699422e-02 7.679983e-04
1.439021e-02 -1.366250e-02 7.234276e-04
1.466103e-02 -1.471570e-02 7.126734e-04
1.493184e-02 -1.337277e-02 7.035734e-04
1.520266e-02 -1.246338e-02 6.698480e-04
1.547347e-02 -1.293500e-02 6.495797e-04
1.574429e-02 -1.100059e-02 6.355435e-04
1.601510e-02 -1.274171e-02 6.204061e-04
1.628591e-02 -1.197180e-02 6.179270e-04
1.655673e-02 -9.592272e-03 5.903647e-04
1.682754e-02 -1.031364e-02 5.832245e-04
1.709836e-02 -9.886492e-03 5.663844e-04
1.736917e-02 -7.858872e-03 5.566103e-04
1.763999e-02 -9.146310e-03 5.385244e-04
1.791080e-02 -8.735511e-03 5.219978e-04
1.818161e-02 -7.747911e-03 5.253312e-04
1.845243e-02 -7.917292e-03 5.359816e-04
1.872324e-02 -7.301681e-03 5.140741e-04
1.899406e-02 -6.644089e-03 5.082732e-04
1.926487e-02 -7.861540e-03 5.054613e-04
1.953569e-02 -7.307600e-03 4.964802e-04
1.980650e-02 -6.223481e-03 5.004924e-04
2.007731e-02 -5.909938e-03 4.867750e-04
2.034813e-02 -6.066673e-03 4.859635e-04
2.061894e-02 -5.413000e-03 4.829969e-04
2.088976e-02 -5.460370e-03 4.711926e-04
2.116057e-02 -5.453542e-03 4.652794e-04
2.143139e-02 -5.097102e-03 4.650550e-04
2.170220e-02 -5.230740e-03 4.689245e-04
2.197302e-02 -4.992209e-03 4.578793e-04
2.224383e-02 -5.279038e-03 4.521851e-04
2.251465e-02 -4.765440e-03 4.455512e-04
2.278546e-02 -4.677929e-03 4.336380e-04
2.305627e-02 -4.511259e-03 4.320613e-04
2.332709e-02 -3.913220e-03 4.201707e-04
2.359790e-02 -3.524240e-03 4.123864e-04
2.386872e-02 -4.134271e-03 4.096955e-04
2.413953e-02 -3.611319e-03 4.032382e-04
2.441034e-02 -2.887119e-03 4.004164e-04
2.468116e-02 -3.531270e-03 3.970546e-04
2.495197e-02 -3.013119e-03 3.865997e-04
2.522279e-02 -2.772871e-03 3.902246e-04
2.549360e-02 -3.093559e-03 3.825338e-04
2.576442e-02 -2.325267e-03 3.720813e-04
2.603523e-02 -3.303971e-03 3.787009e-04
2.630604e-02 -2.826031e-03 3.685941e-04
2.657686e-02 -2.117548e-03 3.678500e-04
2.684767e-02 -2.199650e-03 3.613183e-04
2.711849e-02 -3.191888e-03 3.580882e-04
2.738930e-02 -2.145521e-03 3.626173e-04
2.766012e-02 -1.918431e-03 3.469515e-04
2.793093e-02 -2.070539e-03 3.492412e-04
2.820175e-02 -2.655759e-03 3.391098e-04
2.847256e-02 -1.676850e-03 3.406250e-04
2.874337e-02 -1.682222e-03 3.396481e-04
2.901419e-02 -2.044659e-03 3.346917e-04
2.928500e-02 -2.354510e-03 3.314723e-04
2.955582e-02 -1.539942e-03 3.275569e-04
2.982663e-02 -1.789279e-03 3.282559e-04
3.009745e-02 -1.640718e-03 3.253907e-04
3.036826e-02 -1.947433e-03 3.173506e-04
3.063907e-02 -7.938705e-04 3.205721e-04
3.090989e-02 -1.739930e-03 3.171513e-04
3.118070e-02 -2.033409e-03 3.141784e-04
3.145152e-02 -1.845192e-03 3.143593e-04
3.172233e-02 -1.409389e-03 3.117757e-04
3.199315e-02 -1.069799e-03 3.091356e-04
3.226396e-02 -1.735419e-03 3.084839e-04
3.253478e-02 -1.519080e-03 3.082909e-04
3.280559e-02 -1.198839e-03 3.038480e-04
3.307641e-02 -1.119159e-03 3.011736e-04
3.334722e-02 -1.289692e-03 3.013601e-04
3.361803e-02 -1.291420e-03 2.994421e-04
3.388885e-02 -9.165406e-04 2.978570e-04
3.415966e-02 -7.996187e-04 2.997675e-04
3.443048e-02 -1.014568e-03 2.962211e-04
3.470129e-02 -7.107109e-04 2.914106e-04
3.497211e-02 -8.505918e-04 2.906405e-04
3.524292e-02 -7.900894e-04 2.882492e-04
3.551374e-02 -1.363810e-03 2.883275e-04
3.578455e-02 -1.048602e-03 2.877629e-04
3.605536e-02 -6.955303e-04 2.852486e-04
3.632618e-02 -1.004342e-03 2.843521e-04
3.659699e-02 -5.216002e-04 2.820347e-04
3.686780e-02 -3.782026e-04 2.832962e-04
3.713862e-02 -8.656830e-04 2.769043e-04
3.740944e-02 -9.124577e-04 2.770811e-04
3.768025e-02 -8.069612e-04 2.737349e-04
3.795106e-02 -3.866106e-04 2.744916e-04
3.822188e-02 -5.921908e-04 2.722784e-04
3.849269e-02 -4.840381e-04 2.704736e-04
3.876351e-02 -5.363300e-04 2.710817e-04
3.903432e-02 -6.112121e-04 2.704307e-04
3.930514e-02 -7.543191e-04 2.688194e-04
3.957595e-02 -7.159896e-04 2.689017e-04
3.984676e-02 -6.615892e-04 2.635651e-04
4.011758e-02 -5.228221e-04 2.644461e-04
4.038839e-02 -5.430281e-04 2.646934e-04
4.065921e-02 -7.361285e-04 2.599020e-04
4.093002e-02 -5.472098e-04 2.599490e-04
4.120084e-02 -3.709905e-04 2.593727e-04
4.147165e-02 -7.991884e-04 2.571638e-04
4.174246e-02 -6.635599e-04 2.591972e-04
4.201328e-02 -1.283811e-03 2.569454e-04
4.228409e-02 -7.898118e-04 2.547348e-04
4.255491e-02 -8.480083e-04 2.518668e-04
4.282572e-02 -8.994900e-04 2.529936e-04
4.309653e-02 -3.295280e-04 2.527941e-04
4.336735e-02 -5.639885e-04 2.524272e-04
4.363817e-02 -5.870797e-04 2.543126e-04
4.390898e-02 -5.868003e-04 2.509861e-04
4.417979e-02 -5.438291e-04 2.497620e-04
4.445061e-02 -3.876686e-04 2.494620e-04
4.472142e-02 -3.592111e-04 2.480015e-04
4.499224e-02 -1.196004e-04 2.478754e-04
4.526305e-02 -6.284006e-05 2.461690e-04
4.553387e-02 -2.499409e-04 2.437380e-04
4.580468e-02 -3.244393e-04 2.442560e-04
4.607549e-02 -6.588977e-04 2.422430e-04
4.634631e-02 -2.884008e-04 2.405701e-04
4.661712e-02 -2.552718e-04 2.432211e-04
4.688794e-02 -5.640108e-04 2.406792e-04
4.715875e-02 -6.281193e-04 2.401947e-04
4.742957e-02 -6.332491e-04 2.371169e-04
4.770038e-02 -3.434103e-04 2.348810e-04
4.797119e-02 -4.789494e-04 2.347961e-04
4.824201e-02 -2.957694e-04 2.350796e-04
4.851282e-02 -6.714389e-04 2.375822e-04
4.878364e-02 -3.513601e-04 2.326440e-04
4.905445e-02 -4.410390e-04 2.315703e-04
4.932526e-02 -1.677703e-04 2.328285e-04
4.959608e-02 -3.952291e-04 2.310268e-04
4.986690e-02 -2.149604e-04 2.324527e-04
5.013771e-02 -4.960001e-04 2.297155e-04
5.040852e-02 -3.347509e-04 2.288500e-04
5.067934e-02 -4.258696e-04 2.310922e-04
5.095015e-02 -2.944898e-04 2.277826e-04
5.122096e-02 -2.516694e-04 2.287094e-04
5.149178e-02 -2.091005e-04 2.268583e-04
5.176260e-02 -3.134403e-04 2.273514e-04
5.203341e-02 1.135599e-04 2.271623e-04
5.230422e-02 5.034171e-05 2.224000e-04
5.257504e-02 -3.357008e-04 2.237317e-04
5.284585e-02 -1.102593e-04 2.233660e-04
5.311667e-02 -5.129799e-04 2.236879e-04
5.338748e-02 -4.182402e-04 2.282391e-04
5.365830e-02 1.192112e-04 2.237571e-04
5.392911e-02 -7.078052e-08 2.275818e-04
5.419992e-02 -1.515802e-04 2.273335e-04
5.447074e-02 -1.532789e-04 2.264563e-04
5.474155e-02 -2.979599e-04 2.288755e-04
5.501237e-02 -2.090391e-04 2.339098e-04
5.528318e-02 -6.028004e-04 2.361419e-04
5.555400e-02 -5.812608e-04 2.358881e-04
5.582481e-02 -2.371203e-04 2.375381e-04
5.609563e-02 -1.459494e-04 2.404646e-04
5.636644e-02 -2.164021e-05 2.397443e-04
5.663725e-02 -3.698841e-05 2.405383e-04
5.690807e-02 -2.261400e-04 2.407578e-04
5.717888e-02 -3.160108e-04 2.398801e-04
5.744969e-02 1.029689e-04 2.419564e-04
5.772051e-02 4.582852e-05 2.420563e-04
5.799133e-02 -4.898012e-05 2.410017e-04
5.826214e-02 -1.599602e-04 2.452196e-04
5.853295e-02 -2.880022e-05 2.435727e-04
5.880377e-02 -4.428700e-04 2.438750e-04
5.907458e-02 -4.518609e-04 2.425574e-04
5.934540e-02 -7.575117e-04 2.436051e-04
5.961621e-02 2.204888e-04 2.437399e-04
5.988703e-02 2.688915e-05 2.455782e-04
6.015784e-02 -3.072061e-05 2.448834e-04
6.042865e-02 -6.427802e-04 2.441204e-04
6.069947e-02 -2.004988e-04 2.406634e-04
6.097028e-02 1.490116e-05 2.402632e-04
6.124110e-02 1.421943e-05 2.365136e-04
6.151191e-02 -2.818201e-04 2.366269e-04
6.178273e-02 -8.258969e-05 2.351135e-04
6.205354e-02 6.204098e-05 2.331893e-04
6.232436e-02 1.850910e-05 2.361422e-04
6.259517e-02 -5.508400e-04 2.344253e-04
6.286598e-02 3.185123e-05 2.335621e-04
6.313679e-02 -4.773512e-04 2.337594e-04
6.340761e-02 2.929941e-06 2.310843e-04
6.367842e-02 1.265109e-05 2.301007e-04
6.394923e-02 -6.497204e-04 2.311800e-04
6.422005e-02 -3.696047e-05 2.325360e-04
6.449086e-02 -7.495098e-05 2.316327e-04
6.476168e-02 2.726689e-04 2.281692e-04
6.503250e-02 -2.442505e-04 2.319472e-04
6.530331e-02 -5.297922e-05 2.279121e-04
6.557412e-02 -1.628138e-05 2.294683e-04
6.584494e-02 6.116927e-05 2.285214e-04
6.611575e-02 -4.571509e-04 2.265203e-04
6.638657e-02 -1.972690e-04 2.284369e-04
6.665738e-02 -2.441928e-05 2.261192e-04
6.692819e-02 -3.129989e-05 2.276080e-04
6.719901e-02 -3.446899e-04 2.258743e-04
6.746982e-02 -2.171788e-04 2.255987e-04
6.774063e-02 -6.003696e-04 2.257322e-04
6.801146e-02 -5.253032e-05 2.255347e-04
6.828227e-02 -1.238286e-04 2.233417e-04
6.855308e-02 3.046095e-04 2.253652e-04
6.882390e-02 -6.862916e-05 2.236144e-04
6.909471e-02 1.911186e-04 2.252054e-04
6.936552e-02 5.977042e-05 2.231216e-04
6.963634e-02 -1.602303e-04 2.239171e-04
6.990715e-02 -6.756932e-05 2.234896e-04
7.017796e-02 3.506802e-04 2.210120e-04
7.044878e-02 -1.218598e-04 2.230268e-04
7.071959e-02 -5.134009e-05 2.200560e-04
7.099041e-02 9.245053e-05 2.218804e-04
7.126123e-02 -4.098937e-05 2.199090e-04
7.153204e-02 1.624003e-04 2.191799e-04
7.180285e-02 -6.434694e-04 2.198979e-04
7.207367e-02 -1.724400e-04 2.189954e-04
7.234448e-02 3.597792e-04 2.192779e-04
7.261530e-02 -1.827087e-04 2.201915e-04
7.288611e-02 -2.927892e-05 2.182583e-04
7.315692e-02 -6.141141e-06 2.203806e-04
7.342774e-02 2.803840e-05 2.208965e-04
7.369855e-02 -3.519002e-04 2.189479e-04
7.396936e-02 1.276992e-04 2.183572e-04
7.424019e-02 2.880190e-04 2.175208e-04
7.451100e-02 8.005090e-05 2.167780e-04
7.478181e-02 -3.783964e-05 2.151132e-04
7.505263e-02 1.744926e-05 2.165601e-04
7.532344e-02 -5.567800e-04 2.191380e-04
7.559425e-02 -3.223605e-04 2.145123e-04
7.586507e-02 -4.600920e-05 2.163692e-04
7.613588e-02 -3.493000e-04 2.141487e-04
7.640669e-02 -3.224388e-04 2.146139e-04
7.667751e-02 1.804400e-04 2.158386e-04
7.694832e-02 -1.309067e-05 2.144595e-04
7.721914e-02 3.155917e-04 2.136492e-04
7.748996e-02 1.216512e-04 2.144242e-04
7.776077e-02 3.037974e-05 2.122634e-04
7.803158e-02 -1.986697e-04 2.138570e-04
7.830240e-02 -9.987876e-05 2.125817e-04
7.857321e-02 1.079999e-04 2.130207e-04
7.884403e-02 -3.880076e-05 2.128191e-04
7.911484e-02 1.645889e-04 2.126619e-04
7.938565e-02 -5.012006e-05 2.134975e-04
7.965647e-02 3.208406e-04 2.114965e-04
7.992728e-02 8.338876e-05 2.109551e-04
8.019809e-02 -7.160008e-06 2.107121e-04
8.046892e-02 1.320057e-05 2.106691e-04
8.073973e-02 1.487304e-04 2.107285e-04
8.101054e-02 -3.886968e-05 2.090479e-04
8.128136e-02 -9.048916e-05 2.082198e-04
8.155217e-02 -7.366017e-05 2.096500e-04
8.182298e-02 6.510876e-05 2.088455e-04
8.209380e-02 4.906300e-04 2.080541e-04
8.236461e-02 4.051998e-05 2.076332e-04
8.263543e-02 6.775931e-05 2.069567e-04
8.290624e-02 2.435036e-05 2.073584e-04
8.317705e-02 -8.648820e-05 2.063445e-04
8.344787e-02 -1.114197e-04 2.076017e-04
8.371869e-02 3.019795e-04 2.094920e-04
8.398950e-02 -7.406063e-05 2.066197e-04
8.426031e-02 2.389774e-06 2.064572e-04
8.453113e-02 -2.145004e-04 2.049314e-04
8.480194e-02 -4.759990e-05 2.060302e-04
8.507276e-02 -4.141908e-04 2.066634e-04
8.534357e-02 -2.166703e-04 2.058181e-04
8.561438e-02 -1.649205e-04 2.030967e-04
8.588520e-02 -1.433305e-04 2.044145e-04
8.615601e-02 1.252797e-04 2.035960e-04
8.642682e-02 1.202393e-04 2.053107e-04
8.669765e-02 -1.950003e-04 2.032990e-04
8.696846e-02 -5.888939e-05 2.040926e-04
8.723927e-02 -1.561902e-04 2.032120e-04
8.751009e-02 -4.913602e-04 2.027969e-04
8.778090e-02 -2.302397e-04 2.012910e-04
8.805171e-02 1.382809e-04 2.029876e-04
8.832253e-02 1.533590e-04 2.018056e-04
8.859334e-02 -1.535993e-04 2.023006e-04
8.886416e-02 -3.018398e-04 2.011697e-04
8.913497e-02 2.078209e-04 2.017812e-04
8.940578e-02 -3.966298e-04 2.011164e-04
8.967660e-02 -2.373811e-04 2.016239e-04
8.994742e-02 -2.610795e-04 2.005693e-04
9.021823e-02 -2.833009e-04 2.008637e-04
9.048904e-02 2.276395e-04 2.000782e-04
9.075986e-02 2.578609e-04 2.000457e-04
9.103067e-02 -1.202300e-04 1.987424e-04
9.130149e-02 -5.139038e-05 1.989405e-04
9.157230e-02 -6.539747e-06 1.976847e-04
9.184311e-02 -6.716885e-05 2.010813e-04
9.211393e-02 6.932020e-05 1.989163e-04
9.238474e-02 5.611964e-05 1.992868e-04
9.265555e-02 2.365932e-05 1.996645e-04
9.292637e-02 3.453158e-05 1.968392e-04
9.319719e-02 -6.049611e-04 1.997768e-04
9.346800e-02 1.495592e-04 1.969033e-04
9.373882e-02 -2.106093e-05 1.980345e-04
9.400963e-02 -1.677107e-04 1.968843e-04
9.428044e-02 -4.673004e-05 1.978638e-04
9.455126e-02 -2.753399e-04 1.970470e-04
9.482207e-02 2.935510e-04 1.973422e-04
9.509289e-02 2.288688e-04 1.965426e-04
9.536370e-02 -3.593992e-04 1.967421e-04
9.563451e-02 4.325807e-04 1.945662e-04
9.590533e-02 -2.533942e-05 1.965023e-04
9.617615e-02 4.361011e-05 1.952119e-04
9.644696e-02 5.643070e-05 1.941699e-04
9.671777e-02 -3.153700e-04 1.947648e-04
9.698859e-02 -2.677795e-04 1.923610e-04
9.725940e-02 -2.590287e-04 1.948863e-04
9.753022e-02 -3.570095e-04 1.918178e-04
9.780103e-02 1.233891e-04 1.945243e-04
9.807184e-02 -8.429959e-05 1.936336e-04
9.834266e-02 1.323409e-04 1.931472e-04
9.861347e-02 5.938113e-05 1.937260e-04
9.888428e-02 1.329798e-04 1.924256e-04
9.915510e-02 8.897111e-05 1.929691e-04
9.942592e-02 1.205392e-04 1.920151e-04
9.969673e-02 -4.542992e-05 1.924168e-04
9.996755e-02 1.865402e-04 1.912038e-04
1.002384e-01 3.423914e-05 1.920744e-04
1.005092e-01 -1.864899e-04 1.918496e-04
1.007800e-01 6.990880e-05 1.914393e-04
1.010508e-01 -1.834799e-04 1.926869e-04
1.013216e-01 2.100784e-04 1.923898e-04
1.015924e-01 1.904797e-04 1.895356e-04
1.018632e-01 -2.943706e-04 1.903441e-04
1.021341e-01 5.249307e-04 1.915482e-04
1.024049e-01 -1.829583e-04 1.905622e-04
1.026757e-01 -1.522601e-04 1.894801e-04
1.029465e-01 3.455896e-04 1.903286e-04
1.032173e-01 -1.014099e-04 1.902736e-04
1.034881e-01 -4.871003e-05 1.877439e-04
1.037589e-01 -6.632134e-05 1.880268e-04
1.040298e-01 -2.229586e-06 1.884821e-04
1.043006e-01 -7.139519e-06 1.893311e-04
1.045714e-01 -5.427003e-05 1.881209e-04
1.048422e-01 -2.915096e-04 1.882530e-04
1.051130e-01 2.164003e-04 1.889862e-04
1.053838e-01 5.878881e-05 1.877830e-04
1.056546e-01 3.055856e-05 1.868610e-04
1.059255e-01 -3.341287e-04 1.873587e-04
1.061963e-01 5.782489e-04 1.876676e-04
1.064671e-01 -8.940697e-06 1.865177e-04
1.067379e-01 5.204976e-05 1.858482e-04
1.070087e-01 1.949314e-04 1.884292e-04
1.072795e-01 -8.646958e-05 1.856802e-04
1.075503e-01 4.279055e-05 1.873854e-04
1.078212e-01 -1.251083e-04 1.859667e-04
1.080920e-01 -1.332797e-04 1.855097e-04
1.083628e-01 -1.484901e-04 1.859005e-04
1.086336e-01 1.797006e-04 1.849513e-04
1.089044e-01 -1.240000e-04 1.859864e-04
1.091752e-01 -2.145693e-04 1.845672e-04
1.094460e-01 1.271069e-05 1.835968e-04
1.097169e-01 -1.721401e-04 1.852562e-04
1.099877e-01 -1.109503e-04 1.834359e-04
1.102585e-01 -6.384030e-05 1.838702e-04
1.105293e-01 -1.307707e-04 1.867064e-04
1.108001e-01 -4.300848e-05 1.884317e-04
1.110709e-01 2.143700e-04 1.909279e-04
1.113417e-01 -4.442204e-04 1.901857e-04
1.116126e-01 -2.670512e-04 1.923752e-04
1.118834e-01 2.087709e-04 1.922503e-04
1.121542e-01 -3.772974e-05 1.925118e-04
1.124250e-01 -1.372024e-05 1.954797e-04
1.126958e-01 2.757497e-04 1.961341e-04
1.129666e-01 -1.942497e-04 1.957782e-04
1.132374e-01 -8.012913e-05 1.990153e-04
1.135083e-01 8.650124e-06 2.016724e-04
1.137791e-01 -1.610704e-04 2.013963e-04
1.140499e-01 2.594814e-04 2.011989e-04
1.143207e-01 1.510978e-05 2.061736e-04
1.145915e-01 -1.061093e-04 2.053068e-04
1.148623e-01 -2.246797e-04 2.072328e-04
1.151332e-01 2.716612e-04 2.055976e-04
1.154040e-01 -2.138875e-05 2.091349e-04
1.156748e-01 1.978297e-04 2.107364e-04
1.159456e-01 -1.901090e-04 2.104084e-04
1.162164e-01 5.540997e-05 2.117185e-04
1.164872e-01 -1.025014e-05 2.109692e-04
1.167580e-01 3.201589e-04 2.152505e-04
1.170288e-01 -1.764409e-04 2.148104e-04
1.172997e-01 -1.578312e-04 2.150027e-04
1.175705e-01 -1.047384e-04 2.176755e-04
1.178413e-01 2.538692e-04 2.166984e-04
1.181121e-01 5.337968e-05 2.154714e-04
1.183829e-01 -8.722022e-05 2.103391e-04
1.186537e-01 2.484415e-04 2.131245e-04
1.189246e-01 3.947094e-04 2.110245e-04
1.191954e-01 -9.462051e-05 2.105080e-04
1.194662e-01 6.072037e-05 2.096190e-04
1.197370e-01 -1.077168e-05 2.080622e-04
1.200078e-01 3.774296e-04 2.092439e-04
1.202786e-01 1.652092e-04 2.076929e-04
1.205494e-01 1.844391e-04 2.082761e-04
1.208202e-01 1.108497e-04 2.097490e-04
1.210911e-01 -1.894701e-04 2.086342e-04
1.213619e-01 -2.337992e-04 2.091758e-04
1.216327e-01 -7.114001e-05 2.090160e-04
1.219035e-01 -2.357904e-04 2.085426e-04
1.221743e-01 2.818927e-05 2.075983e-04
1.224451e-01 -2.427399e-04 2.080326e-04
1.227160e-01 -3.751796e-04 2.104937e-04
1.229868e-01 1.393687e-04 2.077467e-04
1.232576e-01 -4.047807e-04 2.096645e-04
1.235284e-01 -2.155304e-04 2.091353e-04
1.237992e-01 4.342943e-05 2.080643e-04
1.240700e-01 -3.453903e-05 2.082647e-04
1.243408e-01 8.890405e-06 2.069234e-04
1.246117e-01 1.988895e-04 2.069478e-04
1.248825e-01 3.196113e-05 2.071485e-04
1.251533e-01 6.812066e-05 2.067389e-04
1.254241e-01 2.594106e-04 2.071874e-04
1.256949e-01 8.247979e-05 2.053014e-04
1.259657e-01 5.790032e-05 2.060736e-04
1.262365e-01 1.261607e-04 2.059331e-04
1.265074e-01 2.560001e-04 2.032437e-04
1.267782e-01 7.759780e-06 2.045557e-04
1.270490e-01 7.246062e-05 2.039756e-04
1.273198e-01 2.150498e-04 2.047467e-04
1.275906e-01 5.466864e-05 2.033170e-04
1.278614e-01 -2.247710e-04 2.040872e-04
1.281322e-01 7.036887e-05 2.039016e-04
1.284031e-01 -3.788192e-04 2.023469e-04
1.286739e-01 1.427792e-04 2.058285e-04
1.289447e-01 -1.553092e-04 2.021472e-04
1.292155e-01 2.649501e-04 2.039588e-04
1.294863e-01 -1.943894e-04 2.016268e-04
1.297571e-01 -4.171189e-04 2.024108e-04
1.300279e-01 2.415851e-05 2.031443e-04
1.302988e-01 8.711033e-05 2.021985e-04
1.305696e-01 -2.122503e-04 2.014226e-04
1.308404e-01 2.670195e-04 2.013622e-04
1.311112e-01 1.798589e-04 2.024357e-04
1.313820e-01 3.057700e-04 2.000108e-04
1.316528e-01 2.207197e-04 2.021191e-04
1.319236e-01 1.115110e-04 2.013162e-04
1.321945e-01 5.578063e-05 2.013088e-04
1.324653e-01 -1.726709e-04 2.018768e-04
1.327361e-01 1.836009e-05 2.013066e-04
1.330069e-01 1.178812e-04 2.011840e-04
1.332777e-01 -6.530993e-05 2.005507e-04
1.335485e-01 -1.290496e-04 2.004398e-04
1.338193e-01 6.715953e-05 2.026591e-04
1.340902e-01 3.542900e-04 1.979077e-04
1.343610e-01 -9.882078e-05 2.008308e-04
1.346318e-01 -3.508888e-04 1.998589e-04
1.349026e-01 -8.643977e-05 1.986406e-04
1.351734e-01 -1.362097e-04 2.012069e-04
1.354442e-01 2.208091e-04 1.982380e-04
1.357151e-01 2.108794e-04 2.007432e-04
1.359859e-01 1.601875e-07 1.996787e-04
1.362567e-01 4.060939e-05 1.980544e-04
1.365275e-01 -2.403613e-04 1.976605e-04
1.367983e-01 -1.811516e-04 1.969486e-04
1.370691e-01 9.402074e-05 1.996620e-04
1.373399e-01 -7.580966e-05 2.022177e-04
1.376107e-01 5.929992e-04 2.035818e-04
1.378816e-01 2.307091e-04 2.062693e-04
1.381524e-01 -6.871298e-06 2.035697e-04
1.384232e-01 -2.137218e-04 2.096203e-04
1.386940e-01 2.268590e-04 2.076892e-04
1.389648e-01 7.512979e-05 2.103004e-04
1.392356e-01 -8.510426e-06 2.123918e-04
1.395064e-01 3.000908e-05 2.108086e-04
1.397773e-01 1.925994e-04 2.126394e-04
1.400481e-01 2.764165e-05 2.126299e-04
1.403189e-01 3.188848e-06 2.140595e-04
1.405897e-01 3.959704e-04 2.134018e-04
1.408605e-01 3.375094e-04 2.143087e-04
1.411313e-01 -1.306590e-04 2.180981e-04
1.414021e-01 2.310891e-04 2.172967e-04
1.416730e-01 -4.563108e-05 2.190994e-04
1.419438e-01 -3.385395e-04 2.191095e-04
1.422146e-01 -1.488887e-04 2.192991e-04
1.424854e-01 -2.027098e-04 2.184879e-04
1.427562e-01 -3.570598e-04 2.172150e-04
1.430270e-01 1.303498e-04 2.162222e-04
1.432979e-01 1.881607e-04 2.196649e-04
1.435687e-01 -1.964401e-04 2.211947e-04
1.438395e-01 2.242066e-05 2.230362e-04
1.441103e-01 5.789101e-06 2.222414e-04
1.443811e-01 1.600701e-04 2.225314e-04
1.446519e-01 -6.913021e-05 2.235119e-04
1.449227e-01 -1.458284e-04 2.252207e-04
1.451935e-01 -6.233901e-05 2.240621e-04
1.454644e-01 -7.915869e-05 2.240552e-04
1.457352e-01 1.880992e-04 2.260106e-04
1.460060e-01 -1.183096e-04 2.256277e-04
1.462768e-01 -2.236888e-04 2.283823e-04
1.465476e-01 -1.409799e-04 2.270472e-04
1.468184e-01 2.025198e-04 2.292448e-04
1.470892e-01 -7.414073e-05 2.275992e-04
1.473601e-01 2.548099e-05 2.261074e-04
1.476309e-01 1.453981e-05 2.285303e-04
1.479017e-01 9.869970e-05 2.273573e-04
1.481725e-01 -2.637394e-04 2.288429e-04
1.484433e-01 -2.387892e-04 2.272088e-04
1.487141e-01 -3.490895e-04 2.293113e-04
1.489850e-01 2.799891e-04 2.279868e-04
1.492558e-01 2.095103e-04 2.261237e-04
1.495266e-01 4.846398e-04 2.284587e-04
1.497974e-01 2.859905e-04 2.250620e-04
1.500682e-01 1.992602e-04 2.274236e-04
1.503390e-01 -2.969056e-05 2.277753e-04
1.506098e-01 3.919490e-04 2.268513e-04
1.508806e-01 1.239292e-04 2.265049e-04
1.511515e-01 1.507998e-05 2.258372e-04
1.514223e-01 1.978502e-04 2.285250e-04
1.516931e-01 -1.424700e-04 2.271736e-04
1.519639e-01 -2.151802e-04 2.264143e-04
1.522347e-01 -1.359712e-04 2.278078e-04
1.525055e-01 -3.434904e-05 2.274561e-04
1.527763e-01 2.480112e-05 2.293897e-04
1.530472e-01 4.414096e-05 2.263346e-04
1.533180e-01 1.753606e-04 2.282374e-04
1.535888e-01 -3.232788e-04 2.291663e-04
1.538596e-01 -3.302693e-04 2.275128e-04
1.541304e-01 2.093203e-04 2.273524e-04
1.544012e-01 -2.277102e-04 2.263152e-04
1.546721e-01 3.347900e-04 2.298669e-04
1.549429e-01 2.711900e-04 2.290411e-04
1.552137e-01 -1.275502e-04 2.268198e-04
1.554845e-01 -1.647398e-04 2.280850e-04
1.557553e-01 1.695510e-04 2.273264e-04
1.560261e-01 4.200079e-05 2.294927e-04
1.562969e-01 -6.253794e-04 2.280671e-04
1.565678e-01 5.250052e-05 2.274448e-04
1.568386e-01 -1.740307e-04 2.293961e-04
1.571094e-01 2.100207e-04 2.288395e-04
1.573802e-01 2.916008e-04 2.295222e-04
1.576510e-01 3.474709e-04 2.287196e-04
1.579218e-01 1.174603e-04 2.278518e-04
1.581926e-01 2.773497e-04 2.288302e-04
1.584634e-01 2.590809e-04 2.278159e-04
1.587343e-01 3.446396e-04 2.281863e-04
1.590051e-01 -2.512615e-04 2.276746e-04
1.592759e-01 3.017411e-04 2.284407e-04
1.595467e-01 9.430014e-05 2.284567e-04
1.598175e-01 9.518117e-05 2.271145e-04
1.600883e-01 3.206693e-04 2.270121e-04
1.603591e-01 -1.698993e-04 2.265538e-04
1.606300e-01 4.264899e-05 2.275326e-04
1.609008e-01 4.949048e-05 2.261911e-04
1.611716e-01 9.202957e-05 2.259586e-04
1.614424e-01 1.210198e-04 2.243473e-04
1.617132e-01 2.015103e-04 2.268763e-04
1.619840e-01 8.962862e-05 2.264694e-04
1.622549e-01 -1.027305e-04 2.255278e-04
1.625257e-01 1.230296e-04 2.253059e-04
1.627965e-01 3.752299e-04 2.251286e-04
1.630673e-01 -2.351962e-05 2.257540e-04
1.633381e-01 3.216043e-05 2.266485e-04
1.636089e-01 -7.646903e-05 2.266468e-04
1.638797e-01 -6.330945e-05 2.264480e-04
1.641506e-01 -1.221094e-04 2.256429e-04
1.644214e-01 1.264103e-04 2.261049e-04
1.646922e-01 1.174510e-04 2.251465e-04
1.649630e-01 -4.199799e-04 2.242012e-04
1.652338e-01 4.366301e-04 2.287498e-04
1.655046e-01 -1.261197e-04 2.272353e-04
1.657754e-01 -3.090128e-06 2.244563e-04
1.660462e-01 9.842962e-05 2.276331e-04
1.663171e-01 1.992900e-04 2.254929e-04
1.665879e-01 7.021986e-05 2.266340e-04
1.668587e-01 3.276616e-04 2.264361e-04
1.671295e-01 2.531391e-04 2.289175e-04
1.674003e-01 2.284683e-04 2.285523e-04
1.676711e-01 -3.731512e-04 2.339148e-04
1.679420e-01 3.729500e-04 2.386991e-04
1.682128e-01 2.023596e-04 2.394051e-04
1.684836e-01 4.083198e-04 2.445365e-04
1.687544e-01 -5.243160e-05 2.468687e-04
1.690252e-01 -5.039088e-04 2.480499e-04
1.692960e-01 -1.538992e-04 2.459567e-04
1.695668e-01 7.837079e-05 2.534928e-04
1.698377e-01 4.919246e-06 2.535970e-04
1.701085e-01 -1.625102e-04 2.563419e-04
1.703793e-01 -1.289193e-04 2.595344e-04
1.706501e-01 2.500601e-04 2.574216e-04
1.709209e-01 -1.709908e-04 2.615636e-04
1.711917e-01 -1.452696e-04 2.625401e-04
1.714625e-01 3.302842e-05 2.662616e-04
1.717333e-01 -9.246171e-05 2.678899e-04
1.720042e-01 1.361407e-04 2.687089e-04
1.722750e-01 7.669013e-04 2.733106e-04
1.725458e-01 -6.953999e-05 2.704483e-04
1.728166e-01 1.807101e-04 2.709713e-04
1.730874e-01 6.323121e-05 2.749972e-04
1.733582e-01 -2.125595e-04 2.730366e-04
1.736291e-01 6.740987e-04 2.794723e-04
1.738999e-01 9.463914e-05 2.746390e-04
1.741707e-01 3.422387e-04 2.881863e-04
1.744415e-01 3.955103e-04 2.840108e-04
1.747123e-01 1.082793e-04 2.825618e-04
1.749831e-01 -1.964103e-04 2.773834e-04
1.752539e-01 -1.465101e-04 2.682247e-04
1.755248e-01 1.475606e-04 2.692639e-04
1.757956e-01 -2.449006e-05 2.651437e-04
1.760664e-01 -1.222081e-05 2.655656e-04
1.763372e-01 -1.892298e-04 2.641434e-04
1.766080e-01 3.943108e-04 2.629328e-04
1.768788e-01 8.041970e-05 2.637074e-04
1.771496e-01 -3.044885e-04 2.568101e-04
1.774205e-01 -2.635103e-04 2.615441e-04
1.776913e-01 -2.366863e-05 2.570924e-04
1.779621e-01 2.421997e-05 2.543021e-04
1.782329e-01 3.208704e-04 2.579975e-04
1.785037e-01 7.292069e-05 2.527495e-04
1.787745e-01 1.835413e-04 2.554174e-04
1.790453e-01 -2.120994e-04 2.516687e-04
1.793161e-01 -3.671385e-04 2.500523e-04
1.795870e-01 1.478009e-05 2.517162e-04
1.798578e-01 6.330945e-05 2.489234e-04
1.801286e-01 2.517607e-04 2.528733e-04
1.803994e-01 -1.508612e-04 2.467848e-04
1.806702e-01 -1.249295e-04 2.482128e-04
1.809410e-01 1.481101e-04 2.485963e-04
1.812119e-01 -1.695696e-04 2.462990e-04
1.814827e-01 6.342120e-05 2.486917e-04
1.817535e-01 -6.630085e-05 2.453298e-04
1.820243e-01 1.441296e-04 2.470737e-04
1.822951e-01 4.186295e-04 2.467370e-04
1.825659e-01 3.392790e-04 2.464578e-04
1.828367e-01 2.140589e-04 2.482262e-04
1.831076e-01 3.461502e-04 2.424863e-04
1.833784e-01 1.022909e-04 2.463885e-04
1.836492e-01 5.094912e-04 2.440649e-04
1.839200e-01 -1.385007e-04 2.454108e-04
1.841908e-01 3.504902e-04 2.445170e-04
1.844616e-01 -2.661161e-05 2.467205e-04
1.847324e-01 -3.146809e-04 2.451355e-04
1.850033e-01 -1.036413e-04 2.432648e-04
1.852741e-01 3.433898e-04 2.453841e-04
1.855449e-01 1.638941e-05 2.426079e-04
1.858157e-01 -2.155397e-04 2.438779e-04
1.860865e-01 -4.924797e-04 2.446045e-04
1.863573e-01 1.358390e-04 2.430522e-04
1.866281e-01 2.017990e-05 2.439889e-04
1.868990e-01 -5.884487e-04 2.431362e-04
1.871698e-01 4.090406e-04 2.449100e-04
1.874406e-01 3.231298e-04 2.445962e-04
1.877114e-01 -2.994314e-04 2.405972e-04
1.879822e-01 3.637504e-04 2.461618e-04
1.882530e-01 -5.984120e-05 2.426925e-04
1.885238e-01 -4.488397e-04 2.432418e-04
1.887947e-01 -2.319589e-04 2.440675e-04
1.890655e-01 -2.133716e-04 2.415819e-04
1.893363e-01 -1.897607e-04 2.450715e-04
1.896071e-01 -3.249906e-04 2.404930e-04
1.898779e-01 -1.806803e-04 2.432789e-04
1.901487e-01 5.333871e-05 2.409414e-04
1.904195e-01 -1.781993e-05 2.425831e-04
1.906904e-01 1.544394e-04 2.452807e-04
1.909612e-01 1.645200e-04 2.398663e-04
1.912320e-01 -4.285891e-04 2.437010e-04
1.915028e-01 -3.256388e-04 2.399644e-04
1.917736e-01 2.153404e-04 2.425427e-04
1.920444e-01 9.321980e-05 2.421331e-04
1.923153e-01 3.032014e-04 2.422553e-04
1.925861e-01 -3.598072e-05 2.441456e-04
1.928569e-01 3.638007e-04 2.410775e-04
1.931277e-01 -4.225317e-04 2.406886e-04
1.933985e-01 -1.757815e-04 2.424623e-04
1.936693e-01 3.167298e-04 2.417952e-04
1.939401e-01 -5.762093e-05 2.426443e-04
1.942109e-01 -1.204200e-04 2.426468e-04
1.944818e-01 1.982395e-04 2.442723e-04
1.947526e-01 1.944788e-04 2.408518e-04
1.950234e-01 -1.607388e-04 2.417008e-04
1.952942e-01 -1.336988e-04 2.421775e-04
1.955650e-01 -2.923049e-05 2.426447e-04
1.958358e-01 4.712008e-04 2.409268e-04
1.961066e-01 -2.988707e-04 2.425231e-04
1.963775e-01 -7.461756e-06 2.427800e-04
1.966483e-01 7.762946e-05 2.397599e-04
1.969191e-01 3.225598e-04 2.394774e-04
1.971899e-01 9.978935e-05 2.405835e-04
1.974607e-01 6.451085e-05 2.417422e-04
1.977315e-01 3.565699e-04 2.412747e-04
1.980023e-01 3.749505e-06 2.395692e-04
1.982732e-01 -1.455396e-04 2.420404e-04
1.985440e-01 -5.105101e-04 2.419645e-04
1.988148e-01 2.696496e-04 2.410943e-04
1.990856e-01 2.571996e-04 2.412394e-04
1.993564e-01 2.185814e-04 2.424153e-04
1.996272e-01 -6.648898e-05 2.414702e-04
1.998980e-01 2.897810e-04 2.392477e-04
2.001689e-01 7.131137e-05 2.374533e-04
2.004397e-01 1.739115e-04 2.371979e-04
2.007105e-01 1.725201e-04 2.383855e-04
2.009813e-01 -1.316797e-04 2.380833e-04
2.012521e-01 -1.213197e-04 2.380072e-04
2.015229e-01 -2.397969e-05 2.397848e-04
2.017937e-01 -7.954054e-05 2.413075e-04
2.020646e-01 5.660020e-05 2.389296e-04
2.023354e-01 4.335400e-04 2.395846e-04
2.026062e-01 -3.467128e-05 2.369212e-04
2.028770e-01 -1.728013e-04 2.401794e-04
2.031478e-01 -7.028133e-05 2.378602e-04
2.034186e-01 8.075126e-05 2.392025e-04
2.036894e-01 -6.648153e-05 2.380056e-04
2.039603e-01 3.952216e-04 2.376227e-04
2.042311e-01 2.548583e-04 2.365140e-04
2.045019e-01 -8.391216e-06 2.365351e-04
2.047727e-01 7.477961e-05 2.371858e-04
2.050435e-01 -1.362152e-05 2.360062e-04
2.053143e-01 -2.226308e-04 2.369126e-04
2.055852e-01 -2.812706e-04 2.384206e-04
2.058560e-01 -4.456993e-04 2.363146e-04
2.061268e-01 1.210105e-04 2.339474e-04
2.063976e-01 5.978905e-05 2.358507e-04
2.066684e-01 1.940001e-04 2.361881e-04
2.069392e-01 -1.665801e-04 2.329378e-04
2.072100e-01 5.381387e-04 2.349492e-04
2.074808e-01 2.464987e-04 2.358856e-04
2.077517e-01 -2.706703e-04 2.338679e-04
2.080225e-01 1.147799e-04 2.339371e-04
2.082933e-01 1.757108e-04 2.324898e-04
2.085641e-01 -6.966107e-05 2.337623e-04
2.088349e-01 1.901314e-04 2.356722e-04
2.091057e-01 -6.072037e-05 2.351154e-04
2.093765e-01 5.937498e-04 2.334066e-04
2.096474e-01 7.301942e-05 2.331992e-04
2.099182e-01 -2.751797e-04 2.337867e-04
2.101890e-01 5.725026e-05 2.323059e-04
2.104598e-01 8.299947e-06 2.340189e-04
2.107306e-01 -1.277402e-04 2.333819e-04
2.110014e-01 -1.309309e-04 2.346722e-04
2.112723e-01 -2.124906e-04 2.337457e-04
2.115431e-01 1.224130e-05 2.328567e-04
2.118139e-01 -1.534894e-04 2.329027e-04
2.120847e-01 -3.822148e-05 2.337615e-04
2.123555e-01 -3.379416e-04 2.337386e-04
2.126263e-01 -2.093799e-04 2.310890e-04
2.128971e-01 3.828313e-04 2.349316e-04
2.131680e-01 -1.974385e-04 2.336527e-04
2.134388e-01 -6.358139e-05 2.346062e-04
2.137096e-01 -4.756078e-05 2.325157e-04
2.139804e-01 2.679694e-04 2.321593e-04
2.142512e-01 5.920902e-04 2.334968e-04
2.145220e-01 3.022309e-04 2.337052e-04
2.147928e-01 -3.201701e-04 2.339991e-04
2.150636e-01 -1.399964e-05 2.315215e-04
2.153345e-01 -2.311096e-04 2.345245e-04
2.156053e-01 -1.448803e-04 2.333499e-04
2.158761e-01 5.464070e-05 2.347726e-04
2.161469e-01 2.064984e-04 2.337485e-04
2.164177e-01 -1.388993e-04 2.345351e-04
2.166885e-01 -2.413094e-04 2.372755e-04
2.169593e-01 -1.687594e-04 2.331983e-04
2.172302e-01 -4.353914e-04 2.341583e-04
2.175010e-01 6.505102e-05 2.316227e-04
2.177718e-01 1.898035e-05 2.358307e-04
2.180426e-01 1.756288e-04 2.353307e-04
2.183134e-01 -2.592094e-04 2.323355e-04
2.185842e-01 -2.190806e-04 2.331419e-04
2.188551e-01 2.948288e-04 2.320205e-04
2.191259e-01 -1.692697e-04 2.320307e-04
2.193967e-01 -2.747290e-04 2.307553e-04
2.196675e-01 1.540035e-05 2.326637e-04
2.199383e-01 2.401695e-04 2.307568e-04
2.202091e-01 -4.708953e-05 2.315818e-04
2.204799e-01 -9.443983e-05 2.316251e-04
2.207507e-01 -1.573116e-04 2.315079e-04
2.210216e-01 3.231801e-04 2.315350e-04
2.212924e-01 1.122802e-04 2.306907e-04
2.215632e-01 1.160204e-04 2.271829e-04
2.218340e-01 3.101397e-04 2.305941e-04
2.221048e-01 -1.498312e-04 2.298603e-04
2.223756e-01 2.871994e-04 2.290098e-04
2.226464e-01 -1.882501e-04 2.307672e-04
2.229173e-01 -1.350492e-04 2.285312e-04
2.231881e-01 2.048612e-04 2.301174e-04
2.234589e-01 5.401671e-07 2.283945e-04
2.237297e-01 -1.420509e-04 2.301963e-04
2.240005e-01 -4.588794e-04 2.269463e-04
2.242713e-01 4.028101e-04 2.282202e-04
2.245422e-01 -9.862147e-05 2.282582e-04
2.248130e-01 2.566203e-04 2.306755e-04
2.250838e-01 -1.747105e-04 2.289518e-04
2.253546e-01 3.909133e-05 2.297543e-04
2.256254e-01 3.300104e-04 2.285379e-04
2.258962e-01 -2.950411e-04 2.292118e-04
2.261670e-01 1.675691e-04 2.401084e-04
2.264379e-01 -1.083296e-04 2.437157e-04
2.267087e-01 5.074199e-04 2.474873e-04
2.269795e-01 2.684984e-04 2.475482e-04
2.272503e-01 -2.109203e-04 2.516259e-04
2.275211e-01 -1.401100e-04 2.534666e-04
2.277919e-01 1.249500e-04 2.550277e-04
2.280627e-01 4.742295e-04 2.598811e-04
2.283335e-01 2.850015e-04 2.641010e-04
2.286044e-01 -2.330299e-04 2.622873e-04
2.288752e-01 -5.112197e-04 2.663917e-04
2.291460e-01 1.029801e-04 2.694374e-04
2.294168e-01 -2.446603e-04 2.709445e-04
2.296876e-01 6.925128e-05 2.731515e-04
2.299584e-01 6.000400e-04 2.744991e-04
2.302293e-01 2.068989e-04 2.803715e-04
2.305001e-01 5.377997e-04 2.826767e-04
2.307709e-01 -1.111105e-04 2.846074e-04
2.310417e-01 -1.391601e-04 2.863601e-04
2.313125e-01 -7.756054e-05 2.906350e-04
2.315833e-01 -7.789023e-05 2.924401e-04
2.318541e-01 -1.505502e-04 2.928386e-04
2.321250e-01 2.674796e-04 2.971627e-04
2.323958e-01 4.444830e-05 2.960414e-04
2.326666e-01 -1.151506e-04 2.976555e-04
2.329374e-01 2.799984e-04 3.071847e-04
2.332082e-01 -1.721513e-04 3.017415e-04
2.334790e-01 -1.158006e-05 3.043193e-04
2.337498e-01 1.192894e-04 3.105251e-04
2.340207e-01 -3.629792e-04 3.156293e-04
2.342915e-01 1.385193e-04 3.154316e-04
2.345623e-01 -1.916196e-04 3.177018e-04
2.348331e-01 7.160008e-06 3.169928e-04
2.351039e-01 2.206899e-04 3.281393e-04
2.353747e-01 -2.072603e-04 3.254632e-04
2.356455e-01 2.687983e-05 3.296551e-04
2.359163e-01 4.207399e-04 3.314986e-04
2.361872e-01 1.928024e-05 3.355840e-04
2.364580e-01 5.333796e-04 3.349572e-04
2.367288e-01 1.900606e-04 3.362675e-04
2.369996e-01 -4.383009e-04 3.428007e-04
2.372704e-01 4.822109e-04 3.465940e-04
2.375412e-01 -1.813490e-04 3.499737e-04
2.378121e-01 9.827297e-04 3.533285e-04
2.380829e-01 1.321603e-04 3.527965e-04
2.383537e-01 5.286001e-05 3.568079e-04
2.386245e-01 -4.126877e-05 3.617337e-04
2.388953e-01 2.713129e-05 3.591924e-04
2.391661e-01 -2.431907e-04 3.707034e-04
2.394369e-01 -4.197713e-04 3.728598e-04
2.397078e-01 -4.274957e-05 3.793545e-04
2.399786e-01 1.151096e-04 3.741202e-04
2.402494e-01 6.580800e-04 3.790053e-04
2.405202e-01 3.921054e-05 3.807283e-04
2.407910e-01 2.717506e-04 3.930207e-04
2.410618e-01 1.918804e-04 3.934242e-04
2.413326e-01 1.281612e-04 3.996113e-04
2.416034e-01 -5.199946e-05 3.973385e-04
2.418743e-01 -1.319125e-05 4.094394e-04
2.421451e-01 1.412705e-04 4.105843e-04
2.424159e-01 6.989110e-04 4.216431e-04
2.426867e-01 -2.307016e-04 4.192003e-04
2.429575e-01 -8.462816e-04 4.295943e-04
2.432283e-01 4.443899e-05 4.357766e-04
2.434992e-01 4.740115e-04 4.340885e-04
2.437700e-01 3.650095e-04 4.388485e-04
2.440408e-01 1.951698e-04 4.577787e-04
2.443116e-01 -1.933910e-04 4.576502e-04
2.445824e-01 4.940499e-04 4.627706e-04
2.448532e-01 -8.387491e-04 4.581934e-04
2.451240e-01 3.411900e-04 4.679264e-04
2.453949e-01 -4.629511e-04 4.800263e-04
2.456657e-01 2.660975e-05 4.777932e-04
2.459365e-01 -8.111205e-04 4.889927e-04
2.462073e-01 -6.622002e-04 4.903620e-04
2.464781e-01 3.679600e-04 5.055498e-04
2.467489e-01 9.362027e-05 5.196491e-04
2.470197e-01 -6.233994e-04 5.137463e-04
2.472906e-01 -4.579406e-04 5.252312e-04
2.475614e-01 8.764863e-05 5.353048e-04
2.478322e-01 8.011702e-04 5.515170e-04
2.481030e-01 3.167056e-05 5.531749e-04
2.483738e-01 6.742012e-04 5.553339e-04
2.486446e-01 -8.953307e-04 5.856968e-04
2.489154e-01 -5.191192e-04 6.013542e-04
2.491863e-01 1.499914e-04 6.022335e-04
2.494571e-01 -5.830824e-05 6.110861e-04
2.497279e-01 -2.186894e-04 6.397264e-04
2.499987e-01 1.068972e-05 6.682977e-04
2.502695e-01 -1.917090e-04 6.547389e-04
2.505403e-01 3.576111e-04 6.722933e-04
2.508111e-01 8.238200e-04 6.909288e-04
2.510819e-01 8.287095e-05 7.200008e-04
2.513528e-01 7.993113e-04 7.281136e-04
2.516236e-01 2.465099e-04 7.541351e-04
2.518944e-01 8.984189e-04 7.646580e-04
2.521652e-01 -7.128604e-04 8.312401e-04
2.524360e-01 4.571099e-04 8.454869e-04
2.527068e-01 -1.085110e-03 8.106006e-04
2.529776e-01 2.840497e-04 8.695043e-04
2.532485e-01 -7.996503e-04 8.835547e-04
2.535193e-01 5.738009e-04 9.207947e-04
2.537901e-01 1.414320e-03 9.141188e-04
2.540609e-01 -2.927203e-04 9.347290e-04
2.543317e-01 -1.059560e-03 9.725206e-04
2.546025e-01 -1.477661e-03 9.832554e-04
2.548733e-01 -6.512888e-04 1.042562e-03
2.551441e-01 2.625398e-04 1.084400e-03
2.554150e-01 5.251504e-04 1.152149e-03
2.556858e-01 6.269496e-04 1.141783e-03
2.559566e-01 9.737015e-04 1.307167e-03
2.562274e-01 1.228640e-03 1.327741e-03
2.564982e-01 3.979430e-03 1.428047e-03
2.567690e-01 -1.608770e-03 1.527640e-03
2.570398e-01 4.143994e-04 1.754940e-03
2.573107e-01 -1.855670e-03 1.825096e-03
2.575815e-01 -1.204815e-04 2.699058e-03
2.578523e-01 -1.618041e-03 2.909440e-03
2.581231e-01 6.099399e-04 4.471665e-03
