3.286826e-03 6.779528e-02 0.000000e+00
3.557641e-03 1.389637e-01 7.793175e-02
3.828455e-03 8.635283e-02 4.858950e-02
4.099269e-03 1.188231e-01 3.733763e-02
4.370084e-03 1.054759e-01 2.693205e-02
4.640898e-03 7.452607e-02 1.918985e-02
4.911712e-03 6.911790e-02 1.571607e-02
5.182527e-03 6.081998e-02 1.211459e-02
5.453341e-03 6.384599e-02 1.131475e-02
5.724155e-03 5.017996e-02 8.615620e-03
5.994970e-03 5.581999e-02 7.588548e-03
6.265784e-03 5.318135e-02 6.475486e-03
6.536598e-03 4.758281e-02 5.290090e-03
6.807412e-03 4.217440e-02 4.878755e-03
7.078227e-03 4.066807e-02 4.188114e-03
7.349041e-03 4.314870e-02 3.733266e-03
7.619855e-03 3.655279e-02 3.319976e-03
7.890671e-03 4.055619e-02 2.947164e-03
8.161485e-03 2.870330e-02 2.732126e-03
8.432299e-03 2.927801e-02 2.484257e-03
8.703114e-03 3.160712e-02 2.226275e-03
8.973928e-03 2.141270e-02 2.012700e-03
9.244742e-03 2.514590e-02 1.913200e-03
9.515557e-03 2.370770e-02 1.752771e-03
9.786371e-03 2.085570e-02 1.631088e-03
1.005718e-02 1.984401e-02 1.560024e-03
1.032800e-02 2.025659e-02 1.441709e-03
1.059881e-02 2.030461e-02 1.395076e-03
1.086963e-02 1.849459e-02 1.298209e-03
1.114044e-02 1.653750e-02 1.217641e-03
1.141126e-02 1.519619e-02 1.172315e-03
1.168207e-02 1.586511e-02 1.098338e-03
1.195289e-02 1.371310e-02 1.049881e-03
1.222370e-02 1.228140e-02 1.000018e-03
1.249451e-02 1.396860e-02 9.669872e-04
1.276533e-02 1.351112e-02 9.334608e-04
1.303614e-02 1.387728e-02 8.748955e-04
1.330696e-02 1.121100e-02 8.292171e-04
1.357777e-02 1.041563e-02 8.081690e-04
1.384859e-02 1.140305e-02 7.788334e-04
1.411940e-02 1.192231e-02 7.646958e-04
1.439021e-02 9.510256e-03 7.183676e-04
1.466103e-02 9.162359e-03 7.023400e-04
1.493184e-02 1.011034e-02 6.822522e-04
1.520266e-02 9.172536e-03 6.702037e-04
1.547347e-02 8.717112e-03 6.433311e-04
1.574429e-02 7.905494e-03 6.264360e-04
1.601510e-02 6.920129e-03 6.059276e-04
1.628591e-02 9.354189e-03 5.985064e-04
1.655673e-02 7.346328e-03 5.790588e-04
1.682754e-02 7.648129e-03 5.694424e-04
1.709836e-02 7.415310e-03 5.503736e-04
1.736917e-02 6.845549e-03 5.433927e-04
1.763999e-02 4.953798e-03 5.268439e-04
1.791080e-02 5.603932e-03 5.139728e-04
1.818161e-02 5.371481e-03 5.168764e-04
1.845243e-02 4.486542e-03 5.203281e-04
1.872324e-02 6.430943e-03 5.100225e-04
1.899406e-02 5.736150e-03 5.073264e-04
1.926487e-02 5.346850e-03 4.996315e-04
1.953569e-02 5.639520e-03 4.936504e-04
1.980650e-02 4.192028e-03 4.897897e-04
2.007731e-02 4.470810e-03 4.807680e-04
2.034813e-02 3.711920e-03 4.805740e-04
2.061894e-02 4.579380e-03 4.764846e-04
2.088976e-02 4.380777e-03 4.683298e-04
2.116057e-02 3.245939e-03 4.713651e-04
2.143139e-02 3.455002e-03 4.599314e-04
2.170220e-02 4.173469e-03 4.637681e-04
2.197302e-02 4.605461e-03 4.565469e-04
2.224383e-02 3.233250e-03 4.469476e-04
2.251465e-02 3.069948e-03 4.427688e-04
2.278546e-02 2.877731e-03 4.289448e-04
2.305627e-02 2.999660e-03 4.270813e-04
2.332709e-02 3.465887e-03 4.236657e-04
2.359790e-02 2.925660e-03 4.088816e-04
2.386872e-02 2.306547e-03 4.119326e-04
2.413953e-02 2.931610e-03 4.003715e-04
2.441034e-02 2.612788e-03 3.962602e-04
2.468116e-02 2.579942e-03 3.915150e-04
2.495197e-02 1.884289e-03 3.861708e-04
2.522279e-02 2.036128e-03 3.854456e-04
2.549360e-02 2.498381e-03 3.770507e-04
2.576442e-02 1.978442e-03 3.699032e-04
2.603523e-02 1.997758e-03 3.742331e-04
2.630604e-02 2.044063e-03 3.686823e-04
2.657686e-02 2.135631e-03 3.660265e-04
2.684767e-02 2.029851e-03 3.572424e-04
2.711849e-02 1.578730e-03 3.551824e-04
2.738930e-02 2.231948e-03 3.565805e-04
2.766012e-02 1.892250e-03 3.501825e-04
2.793093e-02 1.915220e-03 3.465445e-04
2.820175e-02 1.193568e-03 3.374842e-04
2.847256e-02 1.564559e-03 3.351947e-04
2.874337e-02 1.396369e-03 3.394770e-04
2.901419e-02 1.312539e-03 3.303938e-04
2.928500e-02 1.343139e-03 3.296657e-04
2.955582e-02 1.705661e-03 3.246054e-04
2.982663e-02 9.432696e-04 3.249803e-04
3.009745e-02 1.046199e-03 3.241172e-04
3.036826e-02 1.304589e-03 3.150257e-04
3.063907e-02 1.937307e-03 3.185450e-04
3.090989e-02 1.032729e-03 3.135815e-04
3.118070e-02 1.384541e-03 3.150273e-04
3.145152e-02 1.446202e-03 3.132292e-04
3.172233e-02 1.164202e-03 3.095912e-04
3.199315e-02 9.994693e-04 3.085747e-04
3.226396e-02 1.174610e-03 3.059548e-04
3.253478e-02 9.356998e-04 3.028866e-04
3.280559e-02 9.998605e-04 3.055002e-04
3.307641e-02 7.148795e-04 2.990638e-04
3.334722e-02 1.087870e-03 2.992658e-04
3.361803e-02 1.021668e-03 3.001452e-04
3.388885e-02 3.700405e-04 2.943140e-04
3.415966e-02 1.207869e-03 2.945564e-04
3.443048e-02 1.014240e-03 2.946607e-04
3.470129e-02 9.524375e-04 2.904881e-04
3.497211e-02 1.350902e-03 2.911834e-04
3.524292e-02 4.380196e-04 2.864277e-04
3.551374e-02 8.076206e-04 2.861623e-04
3.578455e-02 1.071420e-03 2.857915e-04
3.605536e-02 1.546502e-03 2.816140e-04
3.632618e-02 9.661987e-04 2.827681e-04
3.659699e-02 1.504123e-04 2.815246e-04
3.686780e-02 7.802397e-04 2.823882e-04
3.713862e-02 8.048899e-04 2.769655e-04
3.740944e-02 1.944527e-04 2.779619e-04
3.768025e-02 4.149303e-04 2.727926e-04
3.795106e-02 3.354624e-04 2.726330e-04
3.822188e-02 6.878376e-04 2.742946e-04
3.849269e-02 3.558323e-04 2.700938e-04
3.876351e-02 7.096194e-04 2.699591e-04
3.903432e-02 5.821772e-04 2.710471e-04
3.930514e-02 1.388378e-04 2.675914e-04
3.957595e-02 4.410520e-04 2.659907e-04
3.984676e-02 1.966991e-04 2.629819e-04
4.011758e-02 6.553810e-04 2.629614e-04
4.038839e-02 6.708503e-04 2.634321e-04
4.065921e-02 1.122821e-03 2.620420e-04
4.093002e-02 6.349199e-04 2.616444e-04
4.120084e-02 7.478893e-04 2.591269e-04
4.147165e-02 5.972013e-05 2.578563e-04
4.174246e-02 5.351119e-04 2.583838e-04
4.201328e-02 1.074519e-03 2.552263e-04
4.228409e-02 6.809905e-04 2.573444e-04
4.255491e-02 4.407987e-04 2.527621e-04
4.282572e-02 2.106614e-04 2.551918e-04
4.309653e-02 5.596485e-04 2.504313e-04
4.336735e-02 8.173101e-04 2.486000e-04
4.363817e-02 7.893182e-04 2.520326e-04
4.390898e-02 2.515092e-04 2.499220e-04
4.417979e-02 1.065992e-04 2.478694e-04
4.445061e-02 7.514413e-04 2.456028e-04
4.472142e-02 2.330206e-04 2.464366e-04
4.499224e-02 1.725312e-04 2.475529e-04
4.526305e-02 2.523307e-04 2.459391e-04
4.553387e-02 5.753003e-04 2.406033e-04
4.580468e-02 4.476607e-04 2.434759e-04
4.607549e-02 4.794076e-05 2.424975e-04
4.634631e-02 5.758796e-04 2.415238e-04
4.661712e-02 3.447197e-04 2.418203e-04
4.688794e-02 6.524585e-04 2.413390e-04
4.715875e-02 3.578700e-04 2.391140e-04
4.742957e-02 4.195999e-04 2.353320e-04
4.770038e-02 2.286285e-04 2.342760e-04
4.797119e-02 2.810303e-04 2.366446e-04
4.824201e-02 5.922001e-04 2.349559e-04
4.851282e-02 3.839191e-04 2.366988e-04
4.878364e-02 -5.115010e-05 2.335385e-04
4.905445e-02 3.950298e-04 2.308737e-04
4.932526e-02 2.877302e-04 2.335974e-04
4.959608e-02 4.552510e-04 2.299380e-04
4.986690e-02 -4.279986e-05 2.311647e-04
5.013771e-02 4.769508e-04 2.312378e-04
5.040852e-02 6.474201e-04 2.276126e-04
5.067934e-02 8.130074e-05 2.300213e-04
5.095015e-02 6.600004e-04 2.258717e-04
5.122096e-02 4.240908e-04 2.276276e-04
5.149178e-02 3.922191e-04 2.255501e-04
5.176260e-02 8.853003e-04 2.258537e-04
5.203341e-02 5.082898e-04 2.268516e-04
5.230422e-02 1.257304e-04 2.216774e-04
5.257504e-02 6.342605e-04 2.251238e-04
5.284585e-02 5.089995e-04 2.209816e-04
5.311667e-02 1.539085e-04 2.227016e-04
5.338748e-02 3.899299e-04 2.260391e-04
5.365830e-02 2.510399e-04 2.246670e-04
5.392911e-02 2.584402e-04 2.271696e-04
5.419992e-02 3.716704e-04 2.257044e-04
5.447074e-02 6.617047e-05 2.256898e-04
5.474155e-02 4.311986e-04 2.285474e-04
5.501237e-02 2.654493e-04 2.328883e-04
5.528318e-02 -7.569976e-05 2.350519e-04
5.555400e-02 1.380704e-04 2.345883e-04
5.582481e-02 4.731007e-04 2.340580e-04
5.609563e-02 1.284294e-04 2.392011e-04
5.636644e-02 3.227293e-04 2.376035e-04
5.663725e-02 8.459296e-04 2.413720e-04
5.690807e-02 5.220287e-04 2.414727e-04
5.717888e-02 1.762807e-04 2.392250e-04
5.744969e-02 -1.567509e-04 2.400398e-04
5.772051e-02 1.577511e-04 2.411136e-04
5.799133e-02 -4.133694e-04 2.416160e-04
5.826214e-02 2.918504e-04 2.421142e-04
5.853295e-02 3.385209e-04 2.412253e-04
5.880377e-02 5.587414e-04 2.409037e-04
5.907458e-02 4.948787e-04 2.415463e-04
5.934540e-02 3.059302e-04 2.428288e-04
5.961621e-02 9.177998e-05 2.432542e-04
5.988703e-02 -1.169108e-04 2.447123e-04
6.015784e-02 1.778807e-04 2.435649e-04
6.042865e-02 -1.404602e-04 2.444133e-04
6.069947e-02 -2.180208e-04 2.390976e-04
6.097028e-02 1.081191e-04 2.405374e-04
6.124110e-02 3.535710e-04 2.358570e-04
6.151191e-02 -2.462976e-05 2.372022e-04
6.178273e-02 1.152307e-04 2.349337e-04
6.205354e-02 -9.693019e-05 2.340794e-04
6.232436e-02 3.937408e-04 2.347859e-04
6.259517e-02 2.028998e-04 2.333276e-04
6.286598e-02 6.886404e-04 2.328062e-04
6.313679e-02 1.954492e-04 2.324022e-04
6.340761e-02 8.021109e-05 2.293237e-04
6.367842e-02 6.786920e-05 2.299347e-04
6.394923e-02 5.922206e-04 2.278541e-04
6.422005e-02 -1.778286e-04 2.330056e-04
6.449086e-02 2.507698e-04 2.306575e-04
6.476168e-02 9.855069e-05 2.263374e-04
6.503250e-02 2.378412e-04 2.303198e-04
6.530331e-02 4.857406e-04 2.276764e-04
6.557412e-02 1.901910e-04 2.269411e-04
6.584494e-02 9.447895e-05 2.277882e-04
6.611575e-02 3.458001e-05 2.276420e-04
6.638657e-02 1.217406e-04 2.279316e-04
6.665738e-02 -6.704032e-05 2.272762e-04
6.692819e-02 1.980010e-04 2.274069e-04
6.719901e-02 2.064109e-04 2.264574e-04
6.746982e-02 9.485148e-05 2.247756e-04
6.774063e-02 5.545840e-05 2.268014e-04
6.801146e-02 6.143004e-04 2.230789e-04
6.828227e-02 3.099013e-04 2.262477e-04
6.855308e-02 -1.137294e-04 2.266351e-04
6.882390e-02 4.086494e-04 2.243957e-04
6.909471e-02 5.337093e-04 2.245479e-04
6.936552e-02 4.720706e-04 2.221023e-04
6.963634e-02 2.996698e-04 2.222171e-04
6.990715e-02 -2.370309e-04 2.230244e-04
7.017796e-02 -4.818104e-05 2.213963e-04
7.044878e-02 1.961309e-04 2.206551e-04
7.071959e-02 4.445408e-04 2.203145e-04
7.099041e-02 1.166500e-04 2.208318e-04
7.126123e-02 3.691949e-05 2.192867e-04
7.153204e-02 1.070909e-04 2.185869e-04
7.180285e-02 -5.096011e-05 2.193709e-04
7.207367e-02 3.465191e-04 2.199120e-04
7.234448e-02 5.998500e-04 2.187658e-04
7.261530e-02 2.689809e-04 2.199091e-04
7.288611e-02 9.028986e-05 2.162210e-04
7.315692e-02 2.754014e-04 2.196354e-04
7.342774e-02 1.022499e-04 2.190020e-04
7.369855e-02 1.743063e-05 2.177663e-04
7.396936e-02 2.397113e-04 2.173959e-04
7.424019e-02 4.816987e-05 2.180261e-04
7.451100e-02 -1.459606e-04 2.168575e-04
7.478181e-02 -3.673900e-04 2.162887e-04
7.505263e-02 -3.181025e-05 2.162380e-04
7.532344e-02 -8.134916e-05 2.185291e-04
7.559425e-02 4.968811e-04 2.155913e-04
7.586507e-02 1.583397e-04 2.172958e-04
7.613588e-02 3.412999e-04 2.146273e-04
7.640669e-02 1.475401e-04 2.127117e-04
7.667751e-02 1.027603e-04 2.151365e-04
7.694832e-02 8.007139e-05 2.138788e-04
7.721914e-02 -7.493980e-05 2.146734e-04
7.748996e-02 2.911501e-04 2.128928e-04
7.776077e-02 -5.182792e-04 2.110363e-04
7.803158e-02 1.432709e-04 2.148926e-04
7.830240e-02 -3.332086e-05 2.104786e-04
7.857321e-02 1.459904e-04 2.123539e-04
7.884403e-02 6.194040e-05 2.128915e-04
7.911484e-02 -1.803003e-04 2.115471e-04
7.938565e-02 -2.310891e-04 2.138556e-04
7.965647e-02 -2.763700e-04 2.098750e-04
7.992728e-02 4.589930e-05 2.106109e-04
8.019809e-02 -2.034102e-04 2.100325e-04
8.046892e-02 9.179115e-06 2.092286e-04
8.073973e-02 6.042048e-05 2.110847e-04
8.101054e-02 1.829118e-06 2.092726e-04
8.128136e-02 -2.400596e-04 2.067855e-04
8.155217e-02 3.595687e-04 2.084074e-04
8.182298e-02 6.560981e-05 2.084948e-04
8.209380e-02 -3.870577e-06 2.077663e-04
8.236461e-02 3.209095e-04 2.083506e-04
8.263543e-02 7.802993e-05 2.073540e-04
8.290624e-02 2.174899e-04 2.079708e-04
8.317705e-02 1.230314e-04 2.059130e-04
8.344787e-02 3.315508e-04 2.085120e-04
8.371869e-02 -2.087392e-04 2.081726e-04
8.398950e-02 1.756102e-05 2.056914e-04
8.426031e-02 1.929607e-04 2.055042e-04
8.453113e-02 -5.581975e-05 2.053121e-04
8.480194e-02 -4.023872e-05 2.062986e-04
8.507276e-02 5.314127e-05 2.058608e-04
8.534357e-02 -2.416205e-04 2.046459e-04
8.561438e-02 5.050804e-04 2.027576e-04
8.588520e-02 -1.541302e-04 2.024209e-04
8.615601e-02 2.748594e-04 2.036147e-04
8.642682e-02 4.650205e-04 2.046406e-04
8.669765e-02 9.523146e-05 2.021635e-04
8.696846e-02 3.604032e-05 2.023671e-04
8.723927e-02 9.961054e-05 2.005815e-04
8.751009e-02 6.467104e-05 2.022899e-04
8.778090e-02 1.789071e-05 1.998373e-04
8.805171e-02 -1.208596e-04 2.009321e-04
8.832253e-02 1.155995e-04 2.019676e-04
8.859334e-02 6.063841e-05 2.022145e-04
8.886416e-02 7.726066e-05 2.020837e-04
8.913497e-02 1.106039e-05 2.006065e-04
8.940578e-02 -3.170297e-04 2.009568e-04
8.967660e-02 -4.855897e-04 2.004371e-04
8.994742e-02 3.314484e-04 2.007094e-04
9.021823e-02 -2.048910e-04 1.984711e-04
9.048904e-02 3.271289e-04 2.006619e-04
9.075986e-02 -6.953999e-05 2.007089e-04
9.103067e-02 2.726410e-04 1.994818e-04
9.130149e-02 -4.217029e-05 2.001343e-04
9.157230e-02 2.760608e-04 1.971430e-04
9.184311e-02 -2.139695e-04 2.014576e-04
9.211393e-02 -1.969207e-04 1.971515e-04
9.238474e-02 4.127063e-05 1.966943e-04
9.265555e-02 -2.076086e-04 1.988716e-04
9.292637e-02 6.292947e-05 1.967757e-04
9.319719e-02 2.225786e-04 1.980129e-04
9.346800e-02 7.515959e-05 1.973834e-04
9.373882e-02 3.745016e-04 1.961315e-04
9.400963e-02 -3.889017e-05 1.977091e-04
9.428044e-02 7.841922e-05 1.981615e-04
9.455126e-02 1.291204e-04 1.970266e-04
9.482207e-02 1.151804e-04 1.956245e-04
9.509289e-02 1.812708e-04 1.963687e-04
9.536370e-02 1.826007e-04 1.965169e-04
9.563451e-02 -1.448803e-04 1.944254e-04
9.590533e-02 1.190696e-04 1.962963e-04
9.617615e-02 2.410095e-04 1.940912e-04
9.644696e-02 1.296699e-04 1.949080e-04
9.671777e-02 3.638510e-04 1.947314e-04
9.698859e-02 1.327787e-04 1.926329e-04
9.725940e-02 1.921896e-04 1.942309e-04
9.753022e-02 1.516193e-04 1.939369e-04
9.780103e-02 1.144689e-04 1.936148e-04
9.807184e-02 -5.752034e-05 1.934285e-04
9.834266e-02 1.466293e-04 1.928358e-04
9.861347e-02 3.006104e-04 1.945004e-04
9.888428e-02 1.281500e-04 1.918964e-04
9.915510e-02 4.006010e-04 1.922117e-04
9.942592e-02 -1.498498e-04 1.910980e-04
9.969673e-02 -3.158003e-04 1.913958e-04
9.996755e-02 1.574885e-04 1.920692e-04
1.002384e-01 1.155399e-04 1.911177e-04
1.005092e-01 1.185201e-04 1.913758e-04
1.007800e-01 1.001507e-04 1.903708e-04
1.010508e-01 1.167003e-04 1.917970e-04
1.013216e-01 -5.489513e-04 1.915239e-04
1.015924e-01 1.080316e-04 1.900302e-04
1.018632e-01 -8.881092e-05 1.909666e-04
1.021341e-01 1.484584e-04 1.901567e-04
1.024049e-01 2.314392e-04 1.903228e-04
1.026757e-01 1.847297e-04 1.876821e-04
1.029465e-01 1.651887e-04 1.893254e-04
1.032173e-01 3.122799e-04 1.880612e-04
1.034881e-01 -2.384894e-04 1.886099e-04
1.037589e-01 1.528393e-04 1.881591e-04
1.040298e-01 2.794899e-05 1.881064e-04
1.043006e-01 3.477614e-04 1.888518e-04
1.045714e-01 -1.925901e-04 1.879506e-04
1.048422e-01 2.355110e-04 1.877246e-04
1.051130e-01 -1.269709e-04 1.874372e-04
1.053838e-01 1.850408e-04 1.867280e-04
1.056546e-01 2.167709e-04 1.876365e-04
1.059255e-01 2.184007e-04 1.860455e-04
1.061963e-01 2.656598e-04 1.863881e-04
1.064671e-01 -1.438297e-04 1.869179e-04
1.067379e-01 1.347996e-05 1.863421e-04
1.070087e-01 -8.939020e-05 1.867054e-04
1.072795e-01 1.690499e-04 1.850984e-04
1.075503e-01 1.411904e-04 1.855498e-04
1.078212e-01 1.817942e-05 1.862993e-04
1.080920e-01 1.219194e-04 1.850352e-04
1.083628e-01 -9.627081e-05 1.859550e-04
1.086336e-01 3.228784e-04 1.850016e-04
1.089044e-01 6.007031e-05 1.858130e-04
1.091752e-01 2.027806e-04 1.858174e-04
1.094460e-01 3.394801e-04 1.827513e-04
1.097169e-01 4.331507e-04 1.858746e-04
1.099877e-01 1.826491e-04 1.837966e-04
1.102585e-01 1.278296e-04 1.834295e-04
1.105293e-01 1.480002e-04 1.861602e-04
1.108001e-01 -6.519072e-05 1.884071e-04
1.110709e-01 2.790298e-04 1.904188e-04
1.113417e-01 7.849932e-05 1.889640e-04
1.116126e-01 1.044404e-04 1.915761e-04
1.118834e-01 4.111603e-04 1.912194e-04
1.121542e-01 -8.046068e-05 1.928047e-04
1.124250e-01 2.463702e-04 1.944802e-04
1.126958e-01 7.613003e-05 1.961859e-04
1.129666e-01 9.152107e-05 1.950538e-04
1.132374e-01 3.889408e-04 1.990753e-04
1.135083e-01 -3.224984e-05 2.010413e-04
1.137791e-01 2.579205e-04 2.006680e-04
1.140499e-01 -1.254100e-04 2.003648e-04
1.143207e-01 2.596006e-04 2.034837e-04
1.145915e-01 1.993608e-04 2.047662e-04
1.148623e-01 -3.904104e-04 2.073828e-04
1.151332e-01 1.728497e-04 2.053487e-04
1.154040e-01 2.699289e-04 2.100321e-04
1.156748e-01 -1.198612e-04 2.091007e-04
1.159456e-01 3.011506e-04 2.098054e-04
1.162164e-01 -4.846044e-05 2.113438e-04
1.164872e-01 -3.590994e-05 2.105131e-04
1.167580e-01 -4.114024e-05 2.139418e-04
1.170288e-01 -4.339814e-04 2.151177e-04
1.172997e-01 -3.387034e-05 2.168294e-04
1.175705e-01 -7.672049e-05 2.159599e-04
1.178413e-01 1.776963e-05 2.165002e-04
1.181121e-01 2.916902e-04 2.136886e-04
1.183829e-01 3.224593e-04 2.111102e-04
1.186537e-01 -9.300001e-05 2.107231e-04
1.189246e-01 -2.289191e-06 2.105754e-04
1.191954e-01 -3.363397e-04 2.090576e-04
1.194662e-01 -7.919967e-05 2.095349e-04
1.197370e-01 -1.815204e-04 2.076262e-04
1.200078e-01 -1.834147e-05 2.088001e-04
1.202786e-01 9.067915e-05 2.067574e-04
1.205494e-01 -5.197898e-05 2.079941e-04
1.208202e-01 1.287293e-04 2.080230e-04
1.210911e-01 3.846399e-04 2.069216e-04
1.213619e-01 3.048703e-04 2.078354e-04
1.216327e-01 3.146008e-05 2.072554e-04
1.219035e-01 -1.689103e-04 2.082469e-04
1.221743e-01 3.262982e-05 2.070299e-04
1.224451e-01 3.100690e-04 2.074202e-04
1.227160e-01 1.311004e-04 2.095039e-04
1.229868e-01 -9.834953e-05 2.048868e-04
1.232576e-01 5.674921e-05 2.082812e-04
1.235284e-01 3.061108e-04 2.085482e-04
1.237992e-01 1.912303e-04 2.075845e-04
1.240700e-01 1.381412e-04 2.095212e-04
1.243408e-01 7.876009e-05 2.069094e-04
1.246117e-01 2.990104e-04 2.079222e-04
1.248825e-01 -5.996972e-05 2.082179e-04
1.251533e-01 1.823157e-05 2.065657e-04
1.254241e-01 4.447997e-05 2.076370e-04
1.256949e-01 4.273504e-04 2.058034e-04
1.259657e-01 -8.667074e-05 2.056312e-04
1.262365e-01 -8.686073e-05 2.035892e-04
1.265074e-01 2.960395e-04 2.045714e-04
1.267782e-01 3.941488e-04 2.061153e-04
1.270490e-01 2.052393e-04 2.036510e-04
1.273198e-01 1.013186e-04 2.034821e-04
1.275906e-01 -1.343917e-04 2.036864e-04
1.278614e-01 9.411015e-05 2.026967e-04
1.281322e-01 2.907496e-04 2.025931e-04
1.284031e-01 1.037400e-04 2.023888e-04
1.286739e-01 -4.309285e-04 2.030191e-04
1.289447e-01 6.524697e-04 2.017348e-04
1.292155e-01 9.150989e-05 2.040733e-04
1.294863e-01 6.999820e-06 2.020279e-04
1.297571e-01 4.018508e-04 2.019186e-04
1.300279e-01 1.582112e-04 2.019840e-04
1.302988e-01 2.782978e-05 2.022335e-04
1.305696e-01 -4.379079e-06 2.014301e-04
1.308404e-01 6.745942e-05 2.010921e-04
1.311112e-01 -2.947506e-04 2.038531e-04
1.313820e-01 -2.231989e-04 2.008389e-04
1.316528e-01 -1.129396e-04 2.024887e-04
1.319236e-01 -1.656692e-04 2.006505e-04
1.321945e-01 3.050100e-04 1.998924e-04
1.324653e-01 -1.555122e-05 2.007784e-04
1.327361e-01 -5.474873e-05 2.014592e-04
1.330069e-01 9.701028e-05 2.017305e-04
1.332777e-01 3.242120e-05 1.991705e-04
1.335485e-01 1.680814e-04 2.002722e-04
1.338193e-01 8.836947e-05 2.025541e-04
1.340902e-01 -7.907115e-05 1.994484e-04
1.343610e-01 -2.065506e-04 1.997062e-04
1.346318e-01 2.490301e-04 2.003246e-04
1.349026e-01 -7.288903e-05 1.995743e-04
1.351734e-01 -1.519304e-04 1.997474e-04
1.354442e-01 8.879043e-05 1.994911e-04
1.357151e-01 -1.457613e-04 2.001656e-04
1.359859e-01 1.977943e-05 1.983047e-04
1.362567e-01 4.725009e-04 1.976797e-04
1.365275e-01 2.892185e-04 1.979062e-04
1.367983e-01 9.470992e-05 1.967387e-04
1.370691e-01 2.725907e-04 1.998912e-04
1.373399e-01 4.897602e-04 2.015200e-04
1.376107e-01 3.096089e-05 2.022317e-04
1.378816e-01 -4.054401e-04 2.059975e-04
1.381524e-01 1.837201e-04 2.048607e-04
1.384232e-01 -1.265015e-04 2.093426e-04
1.386940e-01 7.647090e-05 2.088173e-04
1.389648e-01 1.012497e-04 2.096712e-04
1.392356e-01 -5.088001e-05 2.127524e-04
1.395064e-01 1.469105e-04 2.102175e-04
1.397773e-01 -1.739711e-06 2.126042e-04
1.400481e-01 7.121507e-04 2.127476e-04
1.403189e-01 3.852397e-04 2.138870e-04
1.405897e-01 4.282705e-04 2.143249e-04
1.408605e-01 4.013702e-04 2.147797e-04
1.411313e-01 4.222058e-05 2.169271e-04
1.414021e-01 2.416968e-05 2.146515e-04
1.416730e-01 6.894954e-05 2.194239e-04
1.419438e-01 1.745485e-04 2.177423e-04
1.422146e-01 3.122613e-04 2.199236e-04
1.424854e-01 7.127039e-05 2.172446e-04
1.427562e-01 3.662892e-05 2.183750e-04
1.430270e-01 1.505800e-04 2.179447e-04
1.432979e-01 4.244503e-04 2.201617e-04
1.435687e-01 1.678895e-04 2.201701e-04
1.438395e-01 -4.206095e-04 2.207017e-04
1.441103e-01 1.134202e-04 2.221073e-04
1.443811e-01 -1.130700e-04 2.228207e-04
1.446519e-01 4.353300e-04 2.230166e-04
1.449227e-01 3.610291e-04 2.250495e-04
1.451935e-01 1.517702e-04 2.220465e-04
1.454644e-01 -1.082905e-04 2.235531e-04
1.457352e-01 -9.587035e-05 2.256095e-04
1.460060e-01 3.409702e-04 2.259316e-04
1.462768e-01 2.810787e-04 2.267883e-04
1.465476e-01 -3.161505e-04 2.258101e-04
1.468184e-01 1.992285e-04 2.290390e-04
1.470892e-01 -3.434159e-05 2.268414e-04
1.473601e-01 -8.123927e-05 2.287292e-04
1.476309e-01 1.260005e-04 2.274805e-04
1.479017e-01 -9.169988e-05 2.272915e-04
1.481725e-01 6.571971e-05 2.295448e-04
1.484433e-01 1.411997e-04 2.268155e-04
1.487141e-01 -1.504291e-04 2.275324e-04
1.489850e-01 -2.013594e-04 2.267118e-04
1.492558e-01 2.617408e-04 2.262523e-04
1.495266e-01 3.652405e-04 2.271655e-04
1.497974e-01 3.066994e-04 2.246428e-04
1.500682e-01 -1.939312e-04 2.283729e-04
1.503390e-01 3.626086e-04 2.265153e-04
1.506098e-01 -1.780298e-04 2.260900e-04
1.508806e-01 4.042313e-04 2.266112e-04
1.511515e-01 3.251992e-05 2.242259e-04
1.514223e-01 4.181098e-04 2.272422e-04
1.516931e-01 1.013689e-04 2.255315e-04
1.519639e-01 -1.423210e-04 2.252079e-04
1.522347e-01 7.673912e-05 2.281587e-04
1.525055e-01 4.849955e-05 2.247095e-04
1.527763e-01 4.564002e-04 2.269671e-04
1.530472e-01 2.042893e-04 2.251760e-04
1.533180e-01 1.567006e-04 2.267441e-04
1.535888e-01 2.277102e-04 2.263499e-04
1.538596e-01 1.027789e-04 2.263486e-04
1.541304e-01 5.221199e-04 2.271466e-04
1.544012e-01 9.983033e-05 2.252488e-04
1.546721e-01 2.328809e-04 2.287188e-04
1.549429e-01 4.412495e-04 2.288585e-04
1.552137e-01 7.069111e-05 2.276742e-04
1.554845e-01 -2.767611e-04 2.282548e-04
1.557553e-01 -4.903283e-04 2.289058e-04
1.560261e-01 8.093938e-05 2.279370e-04
1.562969e-01 3.426801e-04 2.259876e-04
1.565678e-01 3.012307e-04 2.265685e-04
1.568386e-01 1.151506e-04 2.285260e-04
1.571094e-01 4.051998e-04 2.296156e-04
1.573802e-01 4.307926e-05 2.280254e-04
1.576510e-01 4.979111e-04 2.280858e-04
1.579218e-01 4.070997e-05 2.281643e-04
1.581926e-01 1.480188e-04 2.285232e-04
1.584634e-01 1.132116e-05 2.277371e-04
1.587343e-01 1.567304e-04 2.257999e-04
1.590051e-01 -2.544895e-04 2.269395e-04
1.592759e-01 1.668707e-04 2.280806e-04
1.595467e-01 1.871008e-04 2.261404e-04
1.598175e-01 -3.441982e-05 2.265076e-04
1.600883e-01 -1.951102e-04 2.254009e-04
1.603591e-01 5.738810e-06 2.271950e-04
1.606300e-01 3.049299e-04 2.272198e-04
1.609008e-01 -1.544710e-04 2.247646e-04
1.611716e-01 1.324005e-04 2.265274e-04
1.614424e-01 1.125596e-04 2.251776e-04
1.617132e-01 -2.571009e-05 2.276020e-04
1.619840e-01 -5.738996e-05 2.250746e-04
1.622549e-01 -1.499187e-04 2.248945e-04
1.625257e-01 -8.886121e-05 2.246859e-04
1.627965e-01 -1.143496e-04 2.251251e-04
1.630673e-01 3.583897e-04 2.250394e-04
1.633381e-01 5.245022e-05 2.256414e-04
1.636089e-01 1.919195e-04 2.251916e-04
1.638797e-01 1.136996e-04 2.258751e-04
1.641506e-01 1.053698e-04 2.257988e-04
1.644214e-01 4.762039e-05 2.252460e-04
1.646922e-01 -4.749745e-06 2.242446e-04
1.649630e-01 -1.159105e-04 2.241534e-04
1.652338e-01 1.792796e-04 2.275848e-04
1.655046e-01 -1.304969e-05 2.261610e-04
1.657754e-01 6.900188e-04 2.247322e-04
1.660462e-01 -1.209993e-04 2.266352e-04
1.663171e-01 1.986716e-04 2.243909e-04
1.665879e-01 3.234390e-04 2.268175e-04
1.668587e-01 -4.876964e-05 2.259334e-04
1.671295e-01 2.717394e-04 2.291473e-04
1.674003e-01 -4.240498e-04 2.253801e-04
1.676711e-01 4.914906e-04 2.342599e-04
1.679420e-01 -1.258310e-04 2.377107e-04
1.682128e-01 2.680998e-04 2.389200e-04
1.684836e-01 2.493300e-04 2.444439e-04
1.687544e-01 -1.242608e-04 2.455362e-04
1.690252e-01 -2.671964e-05 2.487167e-04
1.692960e-01 -2.746396e-04 2.471802e-04
1.695668e-01 3.492199e-04 2.513365e-04
1.698377e-01 6.761029e-05 2.519857e-04
1.701085e-01 -4.665498e-04 2.534161e-04
1.703793e-01 2.346504e-04 2.558033e-04
1.706501e-01 -8.587912e-05 2.570541e-04
1.709209e-01 -1.169741e-06 2.623766e-04
1.711917e-01 2.785102e-04 2.592535e-04
1.714625e-01 -1.890715e-04 2.646037e-04
1.717333e-01 9.579957e-05 2.673825e-04
1.720042e-01 -5.840100e-04 2.689754e-04
1.722750e-01 1.088213e-04 2.685894e-04
1.725458e-01 3.775097e-04 2.683784e-04
1.728166e-01 -2.417006e-04 2.722544e-04
1.730874e-01 -1.622699e-04 2.749559e-04
1.733582e-01 3.207698e-04 2.739964e-04
1.736291e-01 6.091800e-04 2.793251e-04
1.738999e-01 -1.247004e-04 2.775952e-04
1.741707e-01 -4.465207e-04 2.838001e-04
1.744415e-01 -4.809797e-04 2.843557e-04
1.747123e-01 1.833793e-04 2.839079e-04
1.749831e-01 5.217306e-04 2.739214e-04
1.752539e-01 2.140496e-04 2.645691e-04
1.755248e-01 -1.857057e-05 2.693295e-04
1.757956e-01 5.811807e-04 2.630942e-04
1.760664e-01 1.064688e-04 2.657933e-04
1.763372e-01 8.727983e-05 2.628794e-04
1.766080e-01 -2.590399e-04 2.627117e-04
1.768788e-01 2.618693e-04 2.614991e-04
1.771496e-01 7.100012e-04 2.546716e-04
1.774205e-01 -4.438683e-06 2.573136e-04
1.776913e-01 3.316011e-04 2.562897e-04
1.779621e-01 4.955940e-05 2.561034e-04
1.782329e-01 1.795031e-05 2.544955e-04
1.785037e-01 2.238192e-04 2.497814e-04
1.787745e-01 -2.437402e-04 2.542535e-04
1.790453e-01 -1.978502e-04 2.515807e-04
1.793161e-01 -3.480297e-04 2.505917e-04
1.795870e-01 2.351291e-04 2.502519e-04
1.798578e-01 1.113601e-04 2.485117e-04
1.801286e-01 1.373105e-04 2.537559e-04
1.803994e-01 -4.662909e-04 2.477984e-04
1.806702e-01 2.028048e-05 2.459069e-04
1.809410e-01 -2.062190e-04 2.492864e-04
1.812119e-01 1.488198e-04 2.450428e-04
1.814827e-01 -2.951398e-04 2.474641e-04
1.817535e-01 1.924392e-04 2.434652e-04
1.820243e-01 -2.599899e-04 2.460003e-04
1.822951e-01 -7.838011e-05 2.473188e-04
1.825659e-01 2.323892e-04 2.443637e-04
1.828367e-01 -1.366306e-04 2.469631e-04
1.831076e-01 -4.736613e-04 2.434748e-04
1.833784e-01 1.890305e-04 2.459634e-04
1.836492e-01 3.998913e-05 2.446095e-04
1.839200e-01 1.104195e-04 2.436522e-04
1.841908e-01 -2.981815e-04 2.438136e-04
1.844616e-01 4.406292e-04 2.426624e-04
1.847324e-01 1.206994e-05 2.451916e-04
1.850033e-01 2.594609e-04 2.411389e-04
1.852741e-01 1.183711e-04 2.438205e-04
1.855449e-01 1.296103e-04 2.437379e-04
1.858157e-01 1.989398e-04 2.453523e-04
1.860865e-01 -1.109410e-04 2.442685e-04
1.863573e-01 -2.494305e-04 2.417268e-04
1.866281e-01 8.753128e-05 2.433045e-04
1.868990e-01 1.750402e-04 2.415274e-04
1.871698e-01 -1.071952e-05 2.439504e-04
1.874406e-01 1.177490e-04 2.439795e-04
1.877114e-01 -2.581701e-04 2.420042e-04
1.879822e-01 1.646597e-04 2.450050e-04
1.882530e-01 1.025591e-04 2.407889e-04
1.885238e-01 -1.279712e-04 2.438414e-04
1.887947e-01 -2.213940e-05 2.424899e-04
1.890655e-01 1.579486e-04 2.421130e-04
1.893363e-01 5.559996e-05 2.441032e-04
1.896071e-01 -1.517199e-04 2.398529e-04
1.898779e-01 1.046713e-04 2.430061e-04
1.901487e-01 1.662783e-04 2.417207e-04
1.904195e-01 -3.466010e-05 2.429162e-04
1.906904e-01 4.802812e-04 2.448113e-04
1.909612e-01 -3.349800e-04 2.386982e-04
1.912320e-01 1.629516e-04 2.412224e-04
1.915028e-01 2.330597e-04 2.403779e-04
1.917736e-01 4.387889e-04 2.413696e-04
1.920444e-01 3.156997e-05 2.431679e-04
1.923153e-01 -4.500151e-05 2.403735e-04
1.925861e-01 -6.773882e-05 2.419970e-04
1.928569e-01 -3.130101e-04 2.411218e-04
1.931277e-01 4.732907e-04 2.410368e-04
1.933985e-01 -4.562400e-04 2.420945e-04
1.936693e-01 2.965089e-04 2.409897e-04
1.939401e-01 9.637140e-05 2.416615e-04
1.942109e-01 -5.642883e-05 2.403801e-04
1.944818e-01 2.216306e-04 2.409363e-04
1.947526e-01 5.302206e-04 2.426263e-04
1.950234e-01 2.948008e-05 2.412720e-04
1.952942e-01 1.296792e-04 2.418262e-04
1.955650e-01 -6.964058e-05 2.402663e-04
1.958358e-01 -1.470000e-05 2.411901e-04
1.961066e-01 1.161918e-04 2.414763e-04
1.963775e-01 4.865974e-05 2.390278e-04
1.966483e-01 -3.540590e-04 2.401244e-04
1.969191e-01 -1.375396e-04 2.402988e-04
1.971899e-01 -3.387593e-04 2.426856e-04
1.974607e-01 2.688915e-05 2.418725e-04
1.977315e-01 -7.674098e-05 2.422271e-04
1.980023e-01 1.907796e-04 2.379883e-04
1.982732e-01 -1.648404e-04 2.411241e-04
1.985440e-01 1.039915e-04 2.422723e-04
1.988148e-01 5.485192e-04 2.417170e-04
1.990856e-01 1.618899e-04 2.410780e-04
1.993564e-01 3.161393e-04 2.421582e-04
1.996272e-01 1.190901e-04 2.410674e-04
1.998980e-01 4.623104e-04 2.392275e-04
2.001689e-01 -7.723086e-05 2.377219e-04
2.004397e-01 1.174025e-05 2.354315e-04
2.007105e-01 2.720114e-04 2.373827e-04
2.009813e-01 4.083291e-04 2.383966e-04
2.012521e-01 2.420004e-04 2.387035e-04
2.015229e-01 6.079860e-05 2.376078e-04
2.017937e-01 6.994978e-05 2.394086e-04
2.020646e-01 3.793612e-04 2.369417e-04
2.023354e-01 2.330504e-04 2.389122e-04
2.026062e-01 3.250595e-04 2.371788e-04
2.028770e-01 2.322905e-04 2.394154e-04
2.031478e-01 9.978004e-05 2.376466e-04
2.034186e-01 3.624894e-05 2.367164e-04
2.036894e-01 -2.071112e-04 2.355258e-04
2.039603e-01 -1.256000e-04 2.367061e-04
2.042311e-01 -3.555212e-04 2.369330e-04
2.045019e-01 2.826937e-05 2.367612e-04
2.047727e-01 -1.201704e-04 2.368162e-04
2.050435e-01 5.057510e-04 2.358368e-04
2.053143e-01 -2.095103e-05 2.373302e-04
2.055852e-01 3.749598e-04 2.369379e-04
2.058560e-01 -7.402897e-05 2.335090e-04
2.061268e-01 1.778789e-04 2.334222e-04
2.063976e-01 -3.003497e-04 2.347397e-04
2.066684e-01 6.051492e-04 2.351138e-04
2.069392e-01 2.112295e-04 2.333386e-04
2.072100e-01 4.228707e-04 2.348879e-04
2.074808e-01 7.750466e-06 2.339351e-04
2.077517e-01 3.091898e-04 2.339716e-04
2.080225e-01 5.776994e-05 2.337258e-04
2.082933e-01 2.655610e-04 2.309336e-04
2.085641e-01 -1.327116e-04 2.318551e-04
2.088349e-01 -2.270993e-04 2.359955e-04
2.091057e-01 7.716939e-05 2.337845e-04
2.093765e-01 2.370104e-04 2.335419e-04
2.096474e-01 -1.159683e-04 2.336304e-04
2.099182e-01 1.518801e-04 2.356992e-04
2.101890e-01 -8.418970e-05 2.321492e-04
2.104598e-01 1.796987e-04 2.320711e-04
2.107306e-01 -2.154894e-05 2.331362e-04
2.110014e-01 1.342390e-04 2.344224e-04
2.112723e-01 7.252023e-05 2.328603e-04
2.115431e-01 9.810925e-05 2.330494e-04
2.118139e-01 -2.927016e-04 2.328323e-04
2.120847e-01 -9.708107e-05 2.351331e-04
2.123555e-01 -1.989100e-04 2.343556e-04
2.126263e-01 -7.513911e-05 2.328206e-04
2.128971e-01 3.753603e-04 2.335495e-04
2.131680e-01 -4.102103e-05 2.321107e-04
2.134388e-01 -5.224161e-05 2.334358e-04
2.137096e-01 -1.206212e-04 2.317092e-04
2.139804e-01 -2.939254e-06 2.320135e-04
2.142512e-01 2.267305e-04 2.314271e-04
2.145220e-01 -9.986944e-05 2.334488e-04
2.147928e-01 1.603998e-04 2.338796e-04
2.150636e-01 -1.432691e-04 2.314281e-04
2.153345e-01 -3.181007e-04 2.335023e-04
2.156053e-01 -1.627952e-05 2.331753e-04
2.158761e-01 -2.005398e-04 2.349233e-04
2.161469e-01 -1.557916e-05 2.325168e-04
2.164177e-01 -7.671118e-05 2.341799e-04
2.166885e-01 4.133303e-04 2.341469e-04
2.169593e-01 -9.108335e-07 2.335350e-04
2.172302e-01 3.500804e-04 2.351696e-04
2.175010e-01 2.196301e-04 2.325829e-04
2.177718e-01 -2.871398e-04 2.339141e-04
2.180426e-01 1.416113e-04 2.334681e-04
2.183134e-01 -1.275297e-04 2.312670e-04
2.185842e-01 1.347903e-04 2.334694e-04
2.188551e-01 1.708996e-04 2.321436e-04
2.191259e-01 1.560897e-06 2.321872e-04
2.193967e-01 1.041703e-04 2.313071e-04
2.196675e-01 -1.797099e-04 2.309151e-04
2.199383e-01 2.069902e-04 2.315131e-04
2.202091e-01 1.847930e-05 2.306010e-04
2.204799e-01 -1.456514e-04 2.295359e-04
2.207507e-01 -5.576946e-05 2.302604e-04
2.210216e-01 -1.946911e-04 2.300030e-04
2.212924e-01 1.503807e-04 2.309436e-04
2.215632e-01 -2.616700e-04 2.297987e-04
2.218340e-01 3.911015e-04 2.311429e-04
2.221048e-01 1.467206e-04 2.290780e-04
2.223756e-01 -4.903115e-04 2.296181e-04
2.226464e-01 -2.932902e-04 2.285056e-04
2.229173e-01 -2.606101e-04 2.261933e-04
2.231881e-01 -2.020970e-06 2.276308e-04
2.234589e-01 -2.073310e-04 2.263454e-04
2.237297e-01 -4.885159e-05 2.271674e-04
2.240005e-01 2.603997e-04 2.270533e-04
2.242713e-01 2.030488e-04 2.267617e-04
2.245422e-01 -2.589691e-04 2.286718e-04
2.248130e-01 -4.844293e-04 2.288143e-04
2.250838e-01 -4.648808e-04 2.269144e-04
2.253546e-01 6.588921e-05 2.280955e-04
2.256254e-01 1.978595e-04 2.288466e-04
2.258962e-01 7.141009e-05 2.294468e-04
2.261670e-01 -4.462153e-05 2.378448e-04
2.264379e-01 -1.137294e-04 2.414708e-04
2.267087e-01 3.512595e-04 2.448825e-04
2.269795e-01 -8.689053e-05 2.473511e-04
2.272503e-01 4.196204e-04 2.504129e-04
2.275211e-01 2.533700e-04 2.560684e-04
2.277919e-01 4.276689e-04 2.538583e-04
2.280627e-01 5.253032e-05 2.610435e-04
2.283335e-01 -2.597887e-04 2.623269e-04
2.286044e-01 -3.069509e-04 2.641937e-04
2.288752e-01 -3.375616e-04 2.678579e-04
2.291460e-01 -7.119961e-05 2.683449e-04
2.294168e-01 5.389899e-04 2.712854e-04
2.296876e-01 6.973296e-04 2.739014e-04
2.299584e-01 2.011694e-04 2.734034e-04
2.302293e-01 -5.150009e-04 2.749511e-04
2.305001e-01 -4.597697e-04 2.825093e-04
2.307709e-01 -4.134700e-04 2.850632e-04
2.310417e-01 1.967140e-05 2.847543e-04
2.313125e-01 2.188608e-06 2.890081e-04
2.315833e-01 6.976686e-04 2.898932e-04
2.318541e-01 3.757495e-04 2.934621e-04
2.321250e-01 -5.312804e-04 2.958916e-04
2.323958e-01 1.466200e-04 2.977327e-04
2.326666e-01 4.451908e-05 2.980823e-04
2.329374e-01 -9.172037e-05 3.051317e-04
2.332082e-01 4.455075e-05 3.047603e-04
2.334790e-01 -4.425105e-04 3.048378e-04
2.337498e-01 1.319703e-04 3.136057e-04
2.340207e-01 1.873206e-04 3.145315e-04
2.342915e-01 -4.861802e-04 3.138714e-04
2.345623e-01 3.871303e-04 3.118441e-04
2.348331e-01 9.219907e-05 3.203266e-04
2.351039e-01 -3.561415e-04 3.218112e-04
2.353747e-01 -3.657788e-04 3.260551e-04
2.356455e-01 -7.098541e-06 3.266949e-04
2.359163e-01 1.490004e-04 3.287428e-04
2.361872e-01 3.059488e-04 3.341322e-04
2.364580e-01 -5.656201e-04 3.378214e-04
2.367288e-01 -2.789702e-04 3.375540e-04
2.369996e-01 5.280301e-04 3.360420e-04
2.372704e-01 7.457100e-05 3.503257e-04
2.375412e-01 3.997311e-04 3.416336e-04
2.378121e-01 -9.730086e-05 3.531689e-04
2.380829e-01 -4.003011e-05 3.493097e-04
2.383537e-01 -5.782899e-04 3.578639e-04
2.386245e-01 -2.923701e-04 3.666919e-04
2.388953e-01 -1.875199e-04 3.588787e-04
2.391661e-01 3.180616e-04 3.658910e-04
2.394369e-01 -3.495384e-04 3.686802e-04
2.397078e-01 -3.630295e-06 3.758318e-04
2.399786e-01 5.357806e-04 3.797214e-04
2.402494e-01 -4.329998e-04 3.804681e-04
2.405202e-01 -8.078907e-04 3.796713e-04
2.407910e-01 -2.700295e-04 3.941401e-04
2.410618e-01 4.952401e-04 3.928045e-04
2.413326e-01 3.072396e-04 3.954711e-04
2.416034e-01 2.734698e-04 3.939611e-04
2.418743e-01 9.987131e-05 4.084437e-04
2.421451e-01 2.839044e-05 4.091616e-04
2.424159e-01 -6.565899e-04 4.131322e-04
2.426867e-01 3.197007e-04 4.176059e-04
2.429575e-01 -2.392810e-04 4.244774e-04
2.432283e-01 1.052096e-04 4.349929e-04
2.434992e-01 1.371298e-04 4.320606e-04
2.437700e-01 5.439110e-05 4.311545e-04
2.440408e-01 -1.040213e-04 4.515582e-04
2.443116e-01 2.609901e-04 4.562440e-04
2.445824e-01 -3.292393e-04 4.525763e-04
2.448532e-01 8.006021e-05 4.498985e-04
2.451240e-01 -5.595591e-04 4.643051e-04
2.453949e-01 -3.874898e-04 4.782660e-04
2.456657e-01 -6.189104e-04 4.802153e-04
2.459365e-01 -8.063000e-04 4.862407e-04
2.462073e-01 4.858803e-04 4.937045e-04
2.464781e-01 -1.947209e-04 5.138133e-04
2.467489e-01 -1.052301e-04 5.154497e-04
2.470197e-01 -1.679696e-04 5.072978e-04
2.472906e-01 6.324910e-04 5.283410e-04
2.475614e-01 3.768001e-04 5.408123e-04
2.478322e-01 5.723704e-04 5.592209e-04
2.481030e-01 2.960805e-04 5.418929e-04
2.483738e-01 8.100700e-04 5.510716e-04
2.486446e-01 5.431008e-04 5.874394e-04
2.489154e-01 2.635214e-04 6.009746e-04
2.491863e-01 -3.739502e-04 5.985418e-04
2.494571e-01 -4.146062e-05 6.007146e-04
2.497279e-01 3.300980e-05 6.201081e-04
2.499987e-01 4.261695e-04 6.599347e-04
2.502695e-01 -5.550589e-04 6.497155e-04
2.505403e-01 9.993203e-04 6.801775e-04
2.508111e-01 -6.650500e-04 6.773705e-04
2.510819e-01 -1.275297e-04 7.186003e-04
2.513528e-01 -1.334310e-03 7.012066e-04
2.516236e-01 -4.723109e-05 7.389144e-04
2.518944e-01 8.830056e-05 7.913339e-04
2.521652e-01 -2.465993e-04 8.321656e-04
2.524360e-01 1.222640e-03 8.143956e-04
2.527068e-01 -6.161202e-04 8.065917e-04
2.529776e-01 8.905604e-04 8.689656e-04
2.532485e-01 1.543580e-03 8.978069e-04
2.535193e-01 -8.526687e-04 8.949303e-04
2.537901e-01 -6.411001e-04 8.935508e-04
2.540609e-01 -3.880691e-04 8.997399e-04
2.543317e-01 -2.818704e-04 1.000432e-03
2.546025e-01 1.142871e-03 1.037503e-03
2.548733e-01 -1.000550e-03 1.043966e-03
2.551441e-01 1.187140e-03 1.093643e-03
2.554150e-01 -1.914700e-03 1.145852e-03
2.556858e-01 -1.432139e-03 1.130658e-03
2.559566e-01 1.720004e-04 1.239904e-03
2.562274e-01 7.713214e-04 1.353691e-03
2.564982e-01 1.481891e-03 1.430777e-03
2.567690e-01 2.369098e-05 1.596950e-03
2.570398e-01 -8.805394e-04 1.836736e-03
2.573107e-01 1.539070e-03 1.977676e-03
2.575815e-01 -2.075741e-03 2.521252e-03
2.578523e-01 9.957105e-04 3.223246e-03
2.581231e-01 -6.101159e-03 5.337631e-03
