3.286826e-03 7.685603e+02 0.000000e+00
3.557641e-03 9.157535e+02 1.496674e+01
3.828455e-03 8.250144e+02 8.841726e+00
4.099269e-03 7.318775e+02 6.817766e+00
4.370084e-03 6.567320e+02 5.590968e+00
4.640898e-03 5.879120e+02 4.191628e+00
4.911712e-03 5.249409e+02 3.777799e+00
5.182527e-03 4.763705e+02 3.014960e+00
5.453341e-03 4.352853e+02 2.844517e+00
5.724155e-03 3.978804e+02 2.256253e+00
5.994970e-03 3.695610e+02 2.191762e+00
6.265784e-03 3.401960e+02 1.959381e+00
6.536598e-03 3.160484e+02 1.581310e+00
6.807412e-03 2.918154e+02 1.501312e+00
7.078227e-03 2.722870e+02 1.346965e+00
7.349041e-03 2.544936e+02 1.230764e+00
7.619855e-03 2.379510e+02 1.147048e+00
7.890671e-03 2.240840e+02 1.038721e+00
8.161485e-03 2.081418e+02 9.433061e-01
8.432299e-03 1.960636e+02 9.055569e-01
8.703114e-03 1.857316e+02 8.385153e-01
8.973928e-03 1.755766e+02 7.856567e-01
9.244742e-03 1.651308e+02 7.573457e-01
9.515557e-03 1.561659e+02 6.850838e-01
9.786371e-03 1.486171e+02 6.485668e-01
1.005718e-02 1.408212e+02 6.188650e-01
1.032800e-02 1.336381e+02 5.697208e-01
1.059881e-02 1.267209e+02 5.498431e-01
1.086963e-02 1.203236e+02 5.049471e-01
1.114044e-02 1.146698e+02 4.996061e-01
1.141126e-02 1.096783e+02 4.615620e-01
1.168207e-02 1.045574e+02 4.442970e-01
1.195289e-02 1.001883e+02 4.152147e-01
1.222370e-02 9.459483e+01 3.979487e-01
1.249451e-02 9.124158e+01 3.872114e-01
1.276533e-02 8.815050e+01 3.666969e-01
1.303614e-02 8.398111e+01 3.510222e-01
1.330696e-02 8.002836e+01 3.331889e-01
1.357777e-02 7.644997e+01 3.183165e-01
1.384859e-02 7.447117e+01 3.177482e-01
1.411940e-02 7.072993e+01 2.904434e-01
1.439021e-02 6.788869e+01 2.724713e-01
1.466103e-02 6.554399e+01 2.666653e-01
1.493184e-02 6.265426e+01 2.646037e-01
1.520266e-02 6.047422e+01 2.444477e-01
1.547347e-02 5.813670e+01 2.401182e-01
1.574429e-02 5.638246e+01 2.253125e-01
1.601510e-02 5.422285e+01 2.230691e-01
1.628591e-02 5.186861e+01 2.178645e-01
1.655673e-02 5.006177e+01 2.028073e-01
1.682754e-02 4.783926e+01 2.021336e-01
1.709836e-02 4.658844e+01 1.979987e-01
1.736917e-02 4.458876e+01 1.882783e-01
1.763999e-02 4.279151e+01 1.785636e-01
1.791080e-02 4.131404e+01 1.764218e-01
1.818161e-02 3.986586e+01 1.704032e-01
1.845243e-02 3.840244e+01 1.722824e-01
1.872324e-02 3.677549e+01 1.617695e-01
1.899406e-02 3.562777e+01 1.574651e-01
1.926487e-02 3.417704e+01 1.569657e-01
1.953569e-02 3.299359e+01 1.484788e-01
1.980650e-02 3.177576e+01 1.454615e-01
2.007731e-02 3.081378e+01 1.412633e-01
2.034813e-02 2.949773e+01 1.402735e-01
2.061894e-02 2.855621e+01 1.362697e-01
2.088976e-02 2.789694e+01 1.355131e-01
2.116057e-02 2.654287e+01 1.288827e-01
2.143139e-02 2.569448e+01 1.295495e-01
2.170220e-02 2.507163e+01 1.274822e-01
2.197302e-02 2.431555e+01 1.246599e-01
2.224383e-02 2.332697e+01 1.214306e-01
2.251465e-02 2.285505e+01 1.186580e-01
2.278546e-02 2.196146e+01 1.159798e-01
2.305627e-02 2.153322e+01 1.120368e-01
2.332709e-02 2.070474e+01 1.107835e-01
2.359790e-02 2.022658e+01 1.046390e-01
2.386872e-02 1.964475e+01 1.017932e-01
2.413953e-02 1.899997e+01 9.893798e-02
2.441034e-02 1.836935e+01 9.621197e-02
2.468116e-02 1.768578e+01 9.447426e-02
2.495197e-02 1.723236e+01 9.001178e-02
2.522279e-02 1.662936e+01 9.100205e-02
2.549360e-02 1.618361e+01 8.845493e-02
2.576442e-02 1.571152e+01 8.451910e-02
2.603523e-02 1.525615e+01 8.364438e-02
2.630604e-02 1.468315e+01 8.121631e-02
2.657686e-02 1.429144e+01 7.925241e-02
2.684767e-02 1.373673e+01 7.697358e-02
2.711849e-02 1.332524e+01 7.704597e-02
2.738930e-02 1.298046e+01 7.470541e-02
2.766012e-02 1.244424e+01 7.241433e-02
2.793093e-02 1.208929e+01 6.943949e-02
2.820175e-02 1.188383e+01 6.895167e-02
2.847256e-02 1.155997e+01 6.784742e-02
2.874337e-02 1.119260e+01 6.720332e-02
2.901419e-02 1.080912e+01 6.409735e-02
2.928500e-02 1.042808e+01 6.135031e-02
2.955582e-02 1.016094e+01 6.100268e-02
2.982663e-02 9.782711e+00 6.090574e-02
3.009745e-02 9.547008e+00 5.982689e-02
3.036826e-02 9.272609e+00 5.796843e-02
3.063907e-02 9.042580e+00 5.514083e-02
3.090989e-02 8.655573e+00 5.487923e-02
3.118070e-02 8.521016e+00 5.522155e-02
3.145152e-02 8.220081e+00 5.386320e-02
3.172233e-02 7.967535e+00 5.304295e-02
3.199315e-02 7.747010e+00 5.270658e-02
3.226396e-02 7.488136e+00 5.113470e-02
3.253478e-02 7.277396e+00 4.975935e-02
3.280559e-02 7.083264e+00 4.975923e-02
3.307641e-02 6.932566e+00 4.854707e-02
3.334722e-02 6.683760e+00 4.719425e-02
3.361803e-02 6.517064e+00 4.816372e-02
3.388885e-02 6.381786e+00 4.676160e-02
3.415966e-02 6.168933e+00 4.509984e-02
3.443048e-02 6.049045e+00 4.568242e-02
3.470129e-02 5.844342e+00 4.395572e-02
3.497211e-02 5.649532e+00 4.369155e-02
3.524292e-02 5.507092e+00 4.361147e-02
3.551374e-02 5.390505e+00 4.245481e-02
3.578455e-02 5.270685e+00 4.276840e-02
3.605536e-02 5.109487e+00 4.118621e-02
3.632618e-02 4.902410e+00 4.028637e-02
3.659699e-02 4.812006e+00 3.973623e-02
3.686780e-02 4.722160e+00 3.995581e-02
3.713862e-02 4.546016e+00 3.907148e-02
3.740944e-02 4.411270e+00 3.812887e-02
3.768025e-02 4.311297e+00 3.761473e-02
3.795106e-02 4.288839e+00 3.712636e-02
3.822188e-02 4.238681e+00 3.714662e-02
3.849269e-02 4.021224e+00 3.597045e-02
3.876351e-02 3.969131e+00 3.567327e-02
3.903432e-02 3.771418e+00 3.550643e-02
3.930514e-02 3.691023e+00 3.468226e-02
3.957595e-02 3.657281e+00 3.494653e-02
3.984676e-02 3.521770e+00 3.426413e-02
4.011758e-02 3.443433e+00 3.404918e-02
4.038839e-02 3.378175e+00 3.336843e-02
4.065921e-02 3.317859e+00 3.377045e-02
4.093002e-02 3.277885e+00 3.268358e-02
4.120084e-02 3.115034e+00 3.268497e-02
4.147165e-02 3.129566e+00 3.283601e-02
4.174246e-02 3.001534e+00 3.188615e-02
4.201328e-02 2.937162e+00 3.143574e-02
4.228409e-02 2.859701e+00 3.172101e-02
4.255491e-02 2.828667e+00 3.057802e-02
4.282572e-02 2.729918e+00 3.072515e-02
4.309653e-02 2.732795e+00 3.017307e-02
4.336735e-02 2.620857e+00 2.982065e-02
4.363817e-02 2.575753e+00 2.987361e-02
4.390898e-02 2.561455e+00 2.960201e-02
4.417979e-02 2.496474e+00 2.912677e-02
4.445061e-02 2.488270e+00 2.894692e-02
4.472142e-02 2.362270e+00 2.832820e-02
4.499224e-02 2.326605e+00 2.877789e-02
4.526305e-02 2.276247e+00 2.782451e-02
4.553387e-02 2.202215e+00 2.783200e-02
4.580468e-02 2.165170e+00 2.745152e-02
4.607549e-02 2.166120e+00 2.744552e-02
4.634631e-02 2.153748e+00 2.753868e-02
4.661712e-02 2.068440e+00 2.696421e-02
4.688794e-02 2.022758e+00 2.668644e-02
4.715875e-02 1.994113e+00 2.650146e-02
4.742957e-02 1.951813e+00 2.626163e-02
4.770038e-02 1.899856e+00 2.593890e-02
4.797119e-02 1.879247e+00 2.601694e-02
4.824201e-02 1.818579e+00 2.568640e-02
4.851282e-02 1.833222e+00 2.606997e-02
4.878364e-02 1.807375e+00 2.551508e-02
4.905445e-02 1.767133e+00 2.520031e-02
4.932526e-02 1.691215e+00 2.478322e-02
4.959608e-02 1.722240e+00 2.478176e-02
4.986690e-02 1.693285e+00 2.477872e-02
5.013771e-02 1.641436e+00 2.478203e-02
5.040852e-02 1.582548e+00 2.445897e-02
5.067934e-02 1.553962e+00 2.441163e-02
5.095015e-02 1.590512e+00 2.400667e-02
5.122096e-02 1.506754e+00 2.385293e-02
5.149178e-02 1.519866e+00 2.426190e-02
5.176260e-02 1.505532e+00 2.367492e-02
5.203341e-02 1.510052e+00 2.360595e-02
5.230422e-02 1.392874e+00 2.315312e-02
5.257504e-02 1.423943e+00 2.366682e-02
5.284585e-02 1.419511e+00 2.317398e-02
5.311667e-02 1.361495e+00 2.307353e-02
5.338748e-02 1.368043e+00 2.344564e-02
5.365830e-02 1.350969e+00 2.304865e-02
5.392911e-02 1.299351e+00 2.325968e-02
5.419992e-02 1.273245e+00 2.292933e-02
5.447074e-02 1.263508e+00 2.293475e-02
5.474155e-02 1.256669e+00 2.348083e-02
5.501237e-02 1.200892e+00 2.367147e-02
5.528318e-02 1.248712e+00 2.339125e-02
5.555400e-02 1.206632e+00 2.410612e-02
5.582481e-02 1.214086e+00 2.451070e-02
5.609563e-02 1.198494e+00 2.420359e-02
5.636644e-02 1.141694e+00 2.371072e-02
5.663725e-02 1.135527e+00 2.391612e-02
5.690807e-02 1.101120e+00 2.428883e-02
5.717888e-02 1.097306e+00 2.393446e-02
5.744969e-02 1.126737e+00 2.415214e-02
5.772051e-02 1.088469e+00 2.436061e-02
5.799133e-02 1.083910e+00 2.381972e-02
5.826214e-02 1.007413e+00 2.399763e-02
5.853295e-02 1.015666e+00 2.399356e-02
5.880377e-02 1.026911e+00 2.419452e-02
5.907458e-02 1.000512e+00 2.391044e-02
5.934540e-02 9.690840e-01 2.364160e-02
5.961621e-02 9.824109e-01 2.419683e-02
5.988703e-02 9.516921e-01 2.415671e-02
6.015784e-02 9.841490e-01 2.402448e-02
6.042865e-02 9.630930e-01 2.389846e-02
6.069947e-02 9.333980e-01 2.338461e-02
6.097028e-02 9.136629e-01 2.345294e-02
6.124110e-02 9.034591e-01 2.285567e-02
6.151191e-02 9.267371e-01 2.283391e-02
6.178273e-02 8.990101e-01 2.291158e-02
6.205354e-02 8.521079e-01 2.224064e-02
6.232436e-02 8.630331e-01 2.305602e-02
6.259517e-02 8.393871e-01 2.258637e-02
6.286598e-02 8.239949e-01 2.205313e-02
6.313679e-02 7.814720e-01 2.246591e-02
6.340761e-02 8.163280e-01 2.220289e-02
6.367842e-02 8.065339e-01 2.214044e-02
6.394923e-02 8.294899e-01 2.187274e-02
6.422005e-02 8.051111e-01 2.177077e-02
6.449086e-02 8.358240e-01 2.203626e-02
6.476168e-02 7.521031e-01 2.153120e-02
6.503250e-02 7.574880e-01 2.192961e-02
6.530331e-02 7.193720e-01 2.172655e-02
6.557412e-02 7.388400e-01 2.180243e-02
6.584494e-02 7.475959e-01 2.181779e-02
6.611575e-02 7.535881e-01 2.134608e-02
6.638657e-02 7.259680e-01 2.158700e-02
6.665738e-02 6.807499e-01 2.160279e-02
6.692819e-02 6.836460e-01 2.126787e-02
6.719901e-02 6.486181e-01 2.138451e-02
6.746982e-02 6.994840e-01 2.106860e-02
6.774063e-02 6.910630e-01 2.129098e-02
6.801146e-02 6.878999e-01 2.100314e-02
6.828227e-02 6.360260e-01 2.106030e-02
6.855308e-02 6.359191e-01 2.100404e-02
6.882390e-02 6.040090e-01 2.076583e-02
6.909471e-02 6.179221e-01 2.087741e-02
6.936552e-02 6.336731e-01 2.071777e-02
6.963634e-02 6.250679e-01 2.075950e-02
6.990715e-02 6.082590e-01 2.059154e-02
7.017796e-02 6.141310e-01 2.059927e-02
7.044878e-02 5.873880e-01 2.046064e-02
7.071959e-02 5.616580e-01 2.032761e-02
7.099041e-02 5.696839e-01 2.040291e-02
7.126123e-02 5.930221e-01 2.048480e-02
7.153204e-02 5.620729e-01 2.015496e-02
7.180285e-02 5.857469e-01 2.044351e-02
7.207367e-02 5.689812e-01 2.020050e-02
7.234448e-02 5.491589e-01 2.017500e-02
7.261530e-02 5.627168e-01 2.011364e-02
7.288611e-02 5.161730e-01 1.973940e-02
7.315692e-02 5.128479e-01 2.007617e-02
7.342774e-02 5.042490e-01 1.993171e-02
7.369855e-02 5.289658e-01 1.991433e-02
7.396936e-02 5.012569e-01 2.028314e-02
7.424019e-02 5.019070e-01 1.973674e-02
7.451100e-02 5.094770e-01 1.985088e-02
7.478181e-02 4.804610e-01 1.956829e-02
7.505263e-02 4.828899e-01 1.961676e-02
7.532344e-02 4.820080e-01 1.963837e-02
7.559425e-02 4.526941e-01 1.943073e-02
7.586507e-02 4.611740e-01 1.955840e-02
7.613588e-02 4.755820e-01 1.944347e-02
7.640669e-02 4.655329e-01 1.932534e-02
7.667751e-02 4.601979e-01 1.939898e-02
7.694832e-02 4.648600e-01 1.946681e-02
7.721914e-02 4.337699e-01 1.937996e-02
7.748996e-02 4.508160e-01 1.965621e-02
7.776077e-02 4.271650e-01 1.918679e-02
7.803158e-02 4.074570e-01 1.916350e-02
7.830240e-02 4.514630e-01 1.908005e-02
7.857321e-02 4.310731e-01 1.905412e-02
7.884403e-02 4.139270e-01 1.916309e-02
7.911484e-02 4.525169e-01 1.923193e-02
7.938565e-02 4.147129e-01 1.909990e-02
7.965647e-02 4.221400e-01 1.858573e-02
7.992728e-02 4.202640e-01 1.887584e-02
8.019809e-02 3.775491e-01 1.882387e-02
8.046892e-02 4.491581e-01 1.891277e-02
8.073973e-02 4.275970e-01 1.905930e-02
8.101054e-02 4.107051e-01 1.868091e-02
8.128136e-02 4.079189e-01 1.874723e-02
8.155217e-02 3.832201e-01 1.879505e-02
8.182298e-02 4.008751e-01 1.856093e-02
8.209380e-02 3.893330e-01 1.870232e-02
8.236461e-02 3.734590e-01 1.867718e-02
8.263543e-02 4.031681e-01 1.848810e-02
8.290624e-02 3.686180e-01 1.859106e-02
8.317705e-02 3.623190e-01 1.827737e-02
8.344787e-02 3.944169e-01 1.863516e-02
8.371869e-02 3.741800e-01 1.864669e-02
8.398950e-02 3.844850e-01 1.845958e-02
8.426031e-02 3.785191e-01 1.842533e-02
8.453113e-02 3.719970e-01 1.826271e-02
8.480194e-02 3.595901e-01 1.847527e-02
8.507276e-02 3.722839e-01 1.837168e-02
8.534357e-02 3.511140e-01 1.816139e-02
8.561438e-02 3.652910e-01 1.806435e-02
8.588520e-02 3.526660e-01 1.797173e-02
8.615601e-02 3.692220e-01 1.818571e-02
8.642682e-02 3.721390e-01 1.816039e-02
8.669765e-02 3.593659e-01 1.798025e-02
8.696846e-02 3.553180e-01 1.805063e-02
8.723927e-02 3.239660e-01 1.790658e-02
8.751009e-02 3.532931e-01 1.788252e-02
8.778090e-02 3.474180e-01 1.817842e-02
8.805171e-02 3.503900e-01 1.795454e-02
8.832253e-02 3.493060e-01 1.798669e-02
8.859334e-02 3.397760e-01 1.799358e-02
8.886416e-02 3.090510e-01 1.786409e-02
8.913497e-02 3.310720e-01 1.781737e-02
8.940578e-02 3.416910e-01 1.777083e-02
8.967660e-02 3.212080e-01 1.771123e-02
8.994742e-02 3.447630e-01 1.799469e-02
9.021823e-02 3.353510e-01 1.786291e-02
9.048904e-02 2.992270e-01 1.755441e-02
9.075986e-02 3.173159e-01 1.799445e-02
9.103067e-02 3.535610e-01 1.777926e-02
9.130149e-02 3.270810e-01 1.774979e-02
9.157230e-02 3.074770e-01 1.749707e-02
9.184311e-02 3.025570e-01 1.768246e-02
9.211393e-02 3.127171e-01 1.748662e-02
9.238474e-02 3.404889e-01 1.760037e-02
9.265555e-02 3.113000e-01 1.750336e-02
9.292637e-02 3.361300e-01 1.741153e-02
9.319719e-02 3.209281e-01 1.751930e-02
9.346800e-02 3.029990e-01 1.741660e-02
9.373882e-02 3.414799e-01 1.727029e-02
9.400963e-02 3.198969e-01 1.730877e-02
9.428044e-02 3.148600e-01 1.758698e-02
9.455126e-02 3.070741e-01 1.737733e-02
9.482207e-02 2.835159e-01 1.731933e-02
9.509289e-02 2.959909e-01 1.724892e-02
9.536370e-02 2.776670e-01 1.731958e-02
9.563451e-02 2.983010e-01 1.715171e-02
9.590533e-02 3.466210e-01 1.742095e-02
9.617615e-02 3.025970e-01 1.701459e-02
9.644696e-02 3.377841e-01 1.729893e-02
9.671777e-02 3.272600e-01 1.731126e-02
9.698859e-02 2.712519e-01 1.697126e-02
9.725940e-02 3.132710e-01 1.722520e-02
9.753022e-02 3.071181e-01 1.715119e-02
9.780103e-02 3.049990e-01 1.707327e-02
9.807184e-02 3.165710e-01 1.710348e-02
9.834266e-02 3.088031e-01 1.715849e-02
9.861347e-02 3.231480e-01 1.717420e-02
9.888428e-02 2.655970e-01 1.690471e-02
9.915510e-02 2.831100e-01 1.685372e-02
9.942592e-02 3.116130e-01 1.688356e-02
9.969673e-02 3.260840e-01 1.703121e-02
9.996755e-02 2.532060e-01 1.677567e-02
1.002384e-01 3.194630e-01 1.685525e-02
1.005092e-01 2.656530e-01 1.667305e-02
1.007800e-01 3.053460e-01 1.677196e-02
1.010508e-01 2.844800e-01 1.706990e-02
1.013216e-01 2.402990e-01 1.677505e-02
1.015924e-01 3.098990e-01 1.666828e-02
1.018632e-01 2.664911e-01 1.693655e-02
1.021341e-01 2.925539e-01 1.651866e-02
1.024049e-01 2.763680e-01 1.667848e-02
1.026757e-01 2.878730e-01 1.669188e-02
1.029465e-01 2.753240e-01 1.664049e-02
1.032173e-01 2.663610e-01 1.659684e-02
1.034881e-01 2.789100e-01 1.670705e-02
1.037589e-01 2.606640e-01 1.645094e-02
1.040298e-01 2.667700e-01 1.646326e-02
1.043006e-01 2.810889e-01 1.646756e-02
1.045714e-01 2.920010e-01 1.651520e-02
1.048422e-01 2.563529e-01 1.645636e-02
1.051130e-01 2.756720e-01 1.647748e-02
1.053838e-01 2.847160e-01 1.658210e-02
1.056546e-01 2.953700e-01 1.665006e-02
1.059255e-01 2.871760e-01 1.649918e-02
1.061963e-01 2.653650e-01 1.636558e-02
1.064671e-01 2.467510e-01 1.619576e-02
1.067379e-01 2.714380e-01 1.626942e-02
1.070087e-01 2.791870e-01 1.637452e-02
1.072795e-01 2.546170e-01 1.627804e-02
1.075503e-01 2.785820e-01 1.626875e-02
1.078212e-01 2.870301e-01 1.633666e-02
1.080920e-01 2.750300e-01 1.629606e-02
1.083628e-01 2.676990e-01 1.615482e-02
1.086336e-01 2.686540e-01 1.625775e-02
1.089044e-01 2.713720e-01 1.620440e-02
1.091752e-01 2.523160e-01 1.614260e-02
1.094460e-01 2.743011e-01 1.609936e-02
1.097169e-01 2.431120e-01 1.616644e-02
1.099877e-01 2.773890e-01 1.620917e-02
1.102585e-01 2.223310e-01 1.599164e-02
1.105293e-01 2.529050e-01 1.647768e-02
1.108001e-01 2.713970e-01 1.659067e-02
1.110709e-01 2.767830e-01 1.680526e-02
1.113417e-01 2.340690e-01 1.650372e-02
1.116126e-01 2.503951e-01 1.682214e-02
1.118834e-01 2.502500e-01 1.677664e-02
1.121542e-01 2.712010e-01 1.680019e-02
1.124250e-01 2.379770e-01 1.707453e-02
1.126958e-01 2.526890e-01 1.705396e-02
1.129666e-01 2.764200e-01 1.731414e-02
1.132374e-01 2.254010e-01 1.727944e-02
1.135083e-01 2.176880e-01 1.743915e-02
1.137791e-01 2.510149e-01 1.778810e-02
1.140499e-01 2.045950e-01 1.743120e-02
1.143207e-01 2.372949e-01 1.768083e-02
1.145915e-01 2.670670e-01 1.791186e-02
1.148623e-01 2.411619e-01 1.795231e-02
1.151332e-01 2.631190e-01 1.793996e-02
1.154040e-01 2.500780e-01 1.836427e-02
1.156748e-01 2.336110e-01 1.834228e-02
1.159456e-01 2.054460e-01 1.826044e-02
1.162164e-01 2.439390e-01 1.838587e-02
1.164872e-01 2.572371e-01 1.859049e-02
1.167580e-01 2.524900e-01 1.875584e-02
1.170288e-01 2.901890e-01 1.869107e-02
1.172997e-01 2.294700e-01 1.873811e-02
1.175705e-01 2.206970e-01 1.881319e-02
1.178413e-01 2.139541e-01 1.903145e-02
1.181121e-01 2.405419e-01 1.883007e-02
1.183829e-01 2.259290e-01 1.840243e-02
1.186537e-01 2.144539e-01 1.841203e-02
1.189246e-01 2.038890e-01 1.815520e-02
1.191954e-01 2.210490e-01 1.802234e-02
1.194662e-01 2.192011e-01 1.830817e-02
1.197370e-01 2.207619e-01 1.824083e-02
1.200078e-01 1.902660e-01 1.818007e-02
1.202786e-01 2.165120e-01 1.804389e-02
1.205494e-01 2.090670e-01 1.800964e-02
1.208202e-01 2.143880e-01 1.815153e-02
1.210911e-01 2.351390e-01 1.817080e-02
1.213619e-01 2.396029e-01 1.807115e-02
1.216327e-01 2.073290e-01 1.814615e-02
1.219035e-01 2.047551e-01 1.807140e-02
1.221743e-01 2.152680e-01 1.794293e-02
1.224451e-01 1.935260e-01 1.786235e-02
1.227160e-01 2.518129e-01 1.832777e-02
1.229868e-01 2.432250e-01 1.792866e-02
1.232576e-01 2.008110e-01 1.808114e-02
1.235284e-01 2.252610e-01 1.820623e-02
1.237992e-01 1.955230e-01 1.811864e-02
1.240700e-01 1.948431e-01 1.791392e-02
1.243408e-01 2.270651e-01 1.824316e-02
1.246117e-01 1.935670e-01 1.796957e-02
1.248825e-01 1.807910e-01 1.787413e-02
1.251533e-01 2.174300e-01 1.820262e-02
1.254241e-01 1.940271e-01 1.795171e-02
1.256949e-01 2.070230e-01 1.777940e-02
1.259657e-01 2.137270e-01 1.767318e-02
1.262365e-01 1.949271e-01 1.796763e-02
1.265074e-01 2.257030e-01 1.764811e-02
1.267782e-01 1.713710e-01 1.768407e-02
1.270490e-01 1.732810e-01 1.758457e-02
1.273198e-01 1.903689e-01 1.769124e-02
1.275906e-01 1.820071e-01 1.741396e-02
1.278614e-01 1.609540e-01 1.768511e-02
1.281322e-01 2.006490e-01 1.748933e-02
1.284031e-01 2.134950e-01 1.743895e-02
1.286739e-01 1.776780e-01 1.760979e-02
1.289447e-01 1.715040e-01 1.748077e-02
1.292155e-01 1.806901e-01 1.749094e-02
1.294863e-01 1.829530e-01 1.758304e-02
1.297571e-01 1.969560e-01 1.733821e-02
1.300279e-01 1.727110e-01 1.770225e-02
1.302988e-01 1.989621e-01 1.740552e-02
1.305696e-01 2.202719e-01 1.755100e-02
1.308404e-01 1.737380e-01 1.728082e-02
1.311112e-01 1.872029e-01 1.752494e-02
1.313820e-01 1.784949e-01 1.724086e-02
1.316528e-01 1.599959e-01 1.759596e-02
1.319236e-01 1.525450e-01 1.730974e-02
1.321945e-01 1.744260e-01 1.726198e-02
1.324653e-01 2.062961e-01 1.746713e-02
1.327361e-01 1.907771e-01 1.717764e-02
1.330069e-01 1.765270e-01 1.740308e-02
1.332777e-01 1.508449e-01 1.726737e-02
1.335485e-01 1.585079e-01 1.720538e-02
1.338193e-01 1.655010e-01 1.726488e-02
1.340902e-01 1.593319e-01 1.721187e-02
1.343610e-01 1.678410e-01 1.721270e-02
1.346318e-01 2.105550e-01 1.729279e-02
1.349026e-01 1.862769e-01 1.715792e-02
1.351734e-01 1.754839e-01 1.725099e-02
1.354442e-01 1.889529e-01 1.732590e-02
1.357151e-01 1.831250e-01 1.710375e-02
1.359859e-01 1.639869e-01 1.725996e-02
1.362567e-01 1.816671e-01 1.704956e-02
1.365275e-01 1.569901e-01 1.715857e-02
1.367983e-01 1.498600e-01 1.707635e-02
1.370691e-01 1.675670e-01 1.729886e-02
1.373399e-01 1.936890e-01 1.728160e-02
1.376107e-01 1.856190e-01 1.748930e-02
1.378816e-01 1.452800e-01 1.750536e-02
1.381524e-01 1.881120e-01 1.767124e-02
1.384232e-01 1.626619e-01 1.787816e-02
1.386940e-01 1.740440e-01 1.787289e-02
1.389648e-01 1.847360e-01 1.811655e-02
1.392356e-01 1.690450e-01 1.822077e-02
1.395064e-01 1.589099e-01 1.794271e-02
1.397773e-01 1.796861e-01 1.822045e-02
1.400481e-01 1.938139e-01 1.852047e-02
1.403189e-01 1.810451e-01 1.838140e-02
1.405897e-01 1.563859e-01 1.836631e-02
1.408605e-01 1.191261e-01 1.837255e-02
1.411313e-01 1.155499e-01 1.860482e-02
1.414021e-01 1.232170e-01 1.859590e-02
1.416730e-01 1.271521e-01 1.851636e-02
1.419438e-01 1.493250e-01 1.842780e-02
1.422146e-01 1.329240e-01 1.852840e-02
1.424854e-01 1.124171e-01 1.868482e-02
1.427562e-01 1.417210e-01 1.873193e-02
1.430270e-01 1.452041e-01 1.852274e-02
1.432979e-01 1.426359e-01 1.873085e-02
1.435687e-01 1.140230e-01 1.889496e-02
1.438395e-01 1.350371e-01 1.895668e-02
1.441103e-01 1.228050e-01 1.861751e-02
1.443811e-01 1.498849e-01 1.899276e-02
1.446519e-01 1.650101e-01 1.902749e-02
1.449227e-01 1.541290e-01 1.923116e-02
1.451935e-01 1.489120e-01 1.920242e-02
1.454644e-01 1.658740e-01 1.935201e-02
1.457352e-01 1.471640e-01 1.928961e-02
1.460060e-01 1.441380e-01 1.952824e-02
1.462768e-01 1.274120e-01 1.931224e-02
1.465476e-01 1.395121e-01 1.923670e-02
1.468184e-01 1.143790e-01 1.952335e-02
1.470892e-01 1.396950e-01 1.955037e-02
1.473601e-01 1.410340e-01 1.941231e-02
1.476309e-01 1.332171e-01 1.956031e-02
1.479017e-01 1.507140e-01 1.930233e-02
1.481725e-01 1.435610e-01 1.974471e-02
1.484433e-01 1.425149e-01 1.952566e-02
1.487141e-01 1.869150e-01 1.938141e-02
1.489850e-01 1.288821e-01 1.921519e-02
1.492558e-01 1.287560e-01 1.944435e-02
1.495266e-01 1.086141e-01 1.950134e-02
1.497974e-01 1.305990e-01 1.911061e-02
1.500682e-01 8.393204e-02 1.917086e-02
1.503390e-01 1.712509e-01 1.954176e-02
1.506098e-01 1.192080e-01 1.909821e-02
1.508806e-01 1.227200e-01 1.918047e-02
1.511515e-01 1.048900e-01 1.939748e-02
1.514223e-01 1.151879e-01 1.960849e-02
1.516931e-01 8.759499e-02 1.933744e-02
1.519639e-01 1.176990e-01 1.909366e-02
1.522347e-01 1.049720e-01 1.930925e-02
1.525055e-01 1.292100e-01 1.941114e-02
1.527763e-01 8.877099e-02 1.963310e-02
1.530472e-01 9.418499e-02 1.911240e-02
1.533180e-01 1.644280e-01 1.957322e-02
1.535888e-01 1.346260e-01 1.941939e-02
1.538596e-01 1.263270e-01 1.936339e-02
1.541304e-01 1.096160e-01 1.954255e-02
1.544012e-01 1.275409e-01 1.926131e-02
1.546721e-01 1.208531e-01 1.952568e-02
1.549429e-01 1.187459e-01 1.949692e-02
1.552137e-01 9.246099e-02 1.937515e-02
1.554845e-01 1.264150e-01 1.942949e-02
1.557553e-01 8.337796e-02 1.936855e-02
1.560261e-01 1.422269e-01 1.935534e-02
1.562969e-01 1.103820e-01 1.927714e-02
1.565678e-01 1.129799e-01 1.944061e-02
1.568386e-01 1.256900e-01 1.936207e-02
1.571094e-01 1.216451e-01 1.955074e-02
1.573802e-01 1.075830e-01 1.917044e-02
1.576510e-01 1.148580e-01 1.931616e-02
1.579218e-01 9.744298e-02 1.936609e-02
1.581926e-01 1.443330e-01 1.975180e-02
1.584634e-01 9.595501e-02 1.946176e-02
1.587343e-01 8.208597e-02 1.936322e-02
1.590051e-01 1.298331e-01 1.925974e-02
1.592759e-01 1.483849e-01 1.936474e-02
1.595467e-01 1.423271e-01 1.956477e-02
1.598175e-01 1.509250e-01 1.933067e-02
1.600883e-01 1.071820e-01 1.908564e-02
1.603591e-01 1.167250e-01 1.922963e-02
1.606300e-01 1.231800e-01 1.922037e-02
1.609008e-01 1.078169e-01 1.921644e-02
1.611716e-01 8.411992e-02 1.920899e-02
1.614424e-01 1.108550e-01 1.893619e-02
1.617132e-01 8.386898e-02 1.910971e-02
1.619840e-01 1.188600e-01 1.938067e-02
1.622549e-01 1.096320e-01 1.921949e-02
1.625257e-01 1.090180e-01 1.934862e-02
1.627965e-01 6.383705e-02 1.893060e-02
1.630673e-01 1.108290e-01 1.899288e-02
1.633381e-01 1.061671e-01 1.909445e-02
1.636089e-01 1.207889e-01 1.922121e-02
1.638797e-01 1.003380e-01 1.937793e-02
1.641506e-01 1.266580e-01 1.912999e-02
1.644214e-01 1.055880e-01 1.904295e-02
1.646922e-01 1.227630e-01 1.920358e-02
1.649630e-01 1.299080e-01 1.919190e-02
1.652338e-01 1.182411e-01 1.892026e-02
1.655046e-01 8.195102e-02 1.921855e-02
1.657754e-01 1.108880e-01 1.931919e-02
1.660462e-01 9.432900e-02 1.920998e-02
1.663171e-01 1.087310e-01 1.908200e-02
1.665879e-01 1.193460e-01 1.929835e-02
1.668587e-01 1.153820e-01 1.944183e-02
1.671295e-01 1.209350e-01 1.942570e-02
1.674003e-01 1.047580e-01 1.928471e-02
1.676711e-01 1.184940e-01 1.999763e-02
1.679420e-01 1.195600e-01 2.006191e-02
1.682128e-01 1.228420e-01 2.054136e-02
1.684836e-01 8.642399e-02 2.087379e-02
1.687544e-01 1.198580e-01 2.069660e-02
1.690252e-01 1.103461e-01 2.072929e-02
1.692960e-01 8.856106e-02 2.049061e-02
1.695668e-01 1.091751e-01 2.151546e-02
1.698377e-01 1.241239e-01 2.130500e-02
1.701085e-01 8.517802e-02 2.158260e-02
1.703793e-01 1.072580e-01 2.177569e-02
1.706501e-01 1.047889e-01 2.179560e-02
1.709209e-01 1.024650e-01 2.184514e-02
1.711917e-01 5.744004e-02 2.184571e-02
1.714625e-01 1.279089e-01 2.239804e-02
1.717333e-01 1.068859e-01 2.296180e-02
1.720042e-01 1.419560e-01 2.295659e-02
1.722750e-01 1.199050e-01 2.309004e-02
1.725458e-01 1.067791e-01 2.330246e-02
1.728166e-01 1.107559e-01 2.285846e-02
1.730874e-01 8.373201e-02 2.345109e-02
1.733582e-01 9.245098e-02 2.322432e-02
1.736291e-01 8.759403e-02 2.365576e-02
1.738999e-01 1.128240e-01 2.332903e-02
1.741707e-01 8.321893e-02 2.405634e-02
1.744415e-01 1.030980e-01 2.396103e-02
1.747123e-01 9.734201e-02 2.402124e-02
1.749831e-01 9.076607e-02 2.289053e-02
1.752539e-01 7.799101e-02 2.274834e-02
1.755248e-01 1.083380e-01 2.284611e-02
1.757956e-01 1.064020e-01 2.232268e-02
1.760664e-01 9.950602e-02 2.228667e-02
1.763372e-01 6.472802e-02 2.208445e-02
1.766080e-01 1.139370e-01 2.207479e-02
1.768788e-01 7.079804e-02 2.245314e-02
1.771496e-01 8.681190e-02 2.169420e-02
1.774205e-01 1.205610e-01 2.193462e-02
1.776913e-01 8.191407e-02 2.184556e-02
1.779621e-01 7.493901e-02 2.134987e-02
1.782329e-01 1.156709e-01 2.181393e-02
1.785037e-01 1.321709e-01 2.132767e-02
1.787745e-01 1.364349e-01 2.191155e-02
1.790453e-01 7.438600e-02 2.149956e-02
1.793161e-01 1.391780e-01 2.138365e-02
1.795870e-01 1.008290e-01 2.153054e-02
1.798578e-01 1.052351e-01 2.118033e-02
1.801286e-01 7.561803e-02 2.132644e-02
1.803994e-01 9.388101e-02 2.085587e-02
1.806702e-01 1.193360e-01 2.122180e-02
1.809410e-01 1.181170e-01 2.101653e-02
1.812119e-01 1.190339e-01 2.090666e-02
1.814827e-01 1.197740e-01 2.086626e-02
1.817535e-01 1.270881e-01 2.049822e-02
1.820243e-01 9.824395e-02 2.079605e-02
1.822951e-01 1.243110e-01 2.064665e-02
1.825659e-01 1.242990e-01 2.095050e-02
1.828367e-01 1.231619e-01 2.108604e-02
1.831076e-01 6.227505e-02 2.060935e-02
1.833784e-01 1.148690e-01 2.078011e-02
1.836492e-01 1.106300e-01 2.128660e-02
1.839200e-01 1.105200e-01 2.086284e-02
1.841908e-01 7.314503e-02 2.045775e-02
1.844616e-01 1.278709e-01 2.069594e-02
1.847324e-01 1.012810e-01 2.103752e-02
1.850033e-01 1.053760e-01 2.047690e-02
1.852741e-01 1.163161e-01 2.057729e-02
1.855449e-01 1.073070e-01 2.079067e-02
1.858157e-01 1.160450e-01 2.069644e-02
1.860865e-01 1.104809e-01 2.052407e-02
1.863573e-01 7.839704e-02 2.047787e-02
1.866281e-01 1.125410e-01 2.057579e-02
1.868990e-01 1.011090e-01 2.058838e-02
1.871698e-01 1.026810e-01 2.038095e-02
1.874406e-01 1.102470e-01 2.072218e-02
1.877114e-01 6.321299e-02 2.053814e-02
1.879822e-01 1.255809e-01 2.069437e-02
1.882530e-01 1.042931e-01 2.007005e-02
1.885238e-01 1.145619e-01 2.089402e-02
1.887947e-01 1.199510e-01 2.065533e-02
1.890655e-01 1.316500e-01 2.051369e-02
1.893363e-01 9.462297e-02 2.040415e-02
1.896071e-01 1.305211e-01 2.062606e-02
1.898779e-01 9.358799e-02 2.061943e-02
1.901487e-01 8.587503e-02 2.026512e-02
1.904195e-01 1.154580e-01 2.066113e-02
1.906904e-01 9.321296e-02 2.096857e-02
1.909612e-01 9.894896e-02 2.040306e-02
1.912320e-01 8.747196e-02 2.036085e-02
1.915028e-01 9.870398e-02 2.039232e-02
1.917736e-01 7.285798e-02 2.064448e-02
1.920444e-01 9.958994e-02 2.046159e-02
1.923153e-01 1.023520e-01 2.034196e-02
1.925861e-01 1.323780e-01 2.054444e-02
1.928569e-01 1.026530e-01 2.038630e-02
1.931277e-01 1.157711e-01 2.057501e-02
1.933985e-01 9.431291e-02 2.070058e-02
1.936693e-01 1.301011e-01 2.056196e-02
1.939401e-01 1.232700e-01 2.077439e-02
1.942109e-01 7.086003e-02 2.037811e-02
1.944818e-01 1.064270e-01 2.048185e-02
1.947526e-01 1.230190e-01 2.041893e-02
1.950234e-01 5.105996e-02 2.011163e-02
1.952942e-01 1.135600e-01 2.035073e-02
1.955650e-01 1.090890e-01 2.058739e-02
1.958358e-01 6.393909e-02 1.999279e-02
1.961066e-01 5.472004e-02 2.027519e-02
1.963775e-01 1.148400e-01 2.054110e-02
1.966483e-01 1.098650e-01 2.027335e-02
1.969191e-01 1.208551e-01 2.015000e-02
1.971899e-01 9.973693e-02 2.073861e-02
1.974607e-01 1.201769e-01 2.013722e-02
1.977315e-01 9.464407e-02 2.025657e-02
1.980023e-01 6.589198e-02 2.004547e-02
1.982732e-01 9.554303e-02 2.008500e-02
1.985440e-01 7.134390e-02 2.029573e-02
1.988148e-01 1.359531e-01 2.073761e-02
1.990856e-01 8.972001e-02 2.025279e-02
1.993564e-01 1.182470e-01 2.047903e-02
1.996272e-01 1.318610e-01 2.078624e-02
1.998980e-01 1.314560e-01 2.044815e-02
2.001689e-01 1.323860e-01 2.028746e-02
2.004397e-01 1.600671e-01 2.038288e-02
2.007105e-01 9.231997e-02 2.027583e-02
2.009813e-01 1.153851e-01 2.035993e-02
2.012521e-01 1.038010e-01 2.031034e-02
2.015229e-01 9.272897e-02 2.023972e-02
2.017937e-01 9.063900e-02 2.045409e-02
2.020646e-01 1.315750e-01 2.034312e-02
2.023354e-01 1.017849e-01 2.031335e-02
2.026062e-01 9.945107e-02 2.017671e-02
2.028770e-01 1.089770e-01 2.026085e-02
2.031478e-01 1.211561e-01 2.026897e-02
2.034186e-01 1.188830e-01 2.006862e-02
2.036894e-01 9.969604e-02 1.998827e-02
2.039603e-01 1.345700e-01 2.030967e-02
2.042311e-01 1.422240e-01 1.992769e-02
2.045019e-01 9.899998e-02 2.025184e-02
2.047727e-01 1.345781e-01 2.012690e-02
2.050435e-01 1.247810e-01 2.003716e-02
2.053143e-01 1.288091e-01 2.038055e-02
2.055852e-01 1.072230e-01 1.996769e-02
2.058560e-01 1.672261e-01 2.004237e-02
2.061268e-01 1.221941e-01 1.995861e-02
2.063976e-01 1.694549e-01 2.029321e-02
2.066684e-01 1.295080e-01 2.003889e-02
2.069392e-01 1.597570e-01 2.011098e-02
2.072100e-01 1.501200e-01 2.003184e-02
2.074808e-01 1.276680e-01 1.997237e-02
2.077517e-01 1.191410e-01 1.993563e-02
2.080225e-01 8.957601e-02 1.958894e-02
2.082933e-01 9.696102e-02 1.980870e-02
2.085641e-01 1.027840e-01 1.944598e-02
2.088349e-01 1.211530e-01 2.025978e-02
2.091057e-01 9.061599e-02 1.978755e-02
2.093765e-01 1.052439e-01 1.991462e-02
2.096474e-01 7.884300e-02 1.977291e-02
2.099182e-01 1.155000e-01 2.024566e-02
2.101890e-01 9.912097e-02 1.988342e-02
2.104598e-01 1.392640e-01 1.999738e-02
2.107306e-01 1.350061e-01 2.001272e-02
2.110014e-01 1.255480e-01 1.997993e-02
2.112723e-01 1.142451e-01 1.978107e-02
2.115431e-01 9.318805e-02 1.963707e-02
2.118139e-01 1.055329e-01 2.001761e-02
2.120847e-01 9.853005e-02 1.993172e-02
2.123555e-01 1.616529e-01 2.018981e-02
2.126263e-01 1.236559e-01 1.965519e-02
2.128971e-01 1.523930e-01 2.015793e-02
2.131680e-01 1.201540e-01 1.935762e-02
2.134388e-01 8.614600e-02 1.987914e-02
2.137096e-01 1.117339e-01 1.978242e-02
2.139804e-01 8.840799e-02 2.011181e-02
2.142512e-01 1.181940e-01 1.960716e-02
2.145220e-01 1.458960e-01 2.004584e-02
2.147928e-01 1.031320e-01 1.984665e-02
2.150636e-01 1.463720e-01 1.986610e-02
2.153345e-01 1.117080e-01 1.983534e-02
2.156053e-01 1.273650e-01 1.997711e-02
2.158761e-01 1.236000e-01 1.994014e-02
2.161469e-01 1.475799e-01 2.022810e-02
2.164177e-01 1.360730e-01 1.982140e-02
2.166885e-01 1.068110e-01 2.015213e-02
2.169593e-01 1.366531e-01 1.970745e-02
2.172302e-01 1.328310e-01 1.991888e-02
2.175010e-01 1.708010e-01 1.992823e-02
2.177718e-01 1.126990e-01 1.984522e-02
2.180426e-01 1.034839e-01 1.951979e-02
2.183134e-01 1.021050e-01 1.962989e-02
2.185842e-01 1.235241e-01 1.989368e-02
2.188551e-01 1.339650e-01 1.960644e-02
2.191259e-01 1.336520e-01 2.004758e-02
2.193967e-01 1.544930e-01 1.965783e-02
2.196675e-01 1.141009e-01 1.989078e-02
2.199383e-01 1.036440e-01 2.003156e-02
2.202091e-01 1.532251e-01 1.972297e-02
2.204799e-01 1.494820e-01 1.976358e-02
2.207507e-01 1.537650e-01 1.989032e-02
2.210216e-01 1.010331e-01 1.960521e-02
2.212924e-01 1.533411e-01 1.987949e-02
2.215632e-01 1.451631e-01 1.949397e-02
2.218340e-01 1.564829e-01 1.980858e-02
2.221048e-01 1.497650e-01 1.962137e-02
2.223756e-01 1.505520e-01 1.977066e-02
2.226464e-01 1.391510e-01 1.974114e-02
2.229173e-01 1.318690e-01 1.962289e-02
2.231881e-01 1.325541e-01 1.965758e-02
2.234589e-01 1.388710e-01 1.925222e-02
2.237297e-01 1.573230e-01 1.955365e-02
2.240005e-01 1.739200e-01 1.943611e-02
2.242713e-01 1.801050e-01 1.935619e-02
2.245422e-01 1.197960e-01 1.977246e-02
2.248130e-01 1.435900e-01 1.959503e-02
2.250838e-01 1.283410e-01 1.943173e-02
2.253546e-01 1.623501e-01 1.998947e-02
2.256254e-01 1.273140e-01 1.955363e-02
2.258962e-01 1.248740e-01 1.940393e-02
2.261670e-01 1.422570e-01 2.038502e-02
2.264379e-01 1.763389e-01 2.077420e-02
2.267087e-01 1.135271e-01 2.086074e-02
2.269795e-01 1.334150e-01 2.128830e-02
2.272503e-01 1.619570e-01 2.185086e-02
2.275211e-01 1.063310e-01 2.174722e-02
2.277919e-01 1.231180e-01 2.190871e-02
2.280627e-01 1.586540e-01 2.253544e-02
2.283335e-01 1.545330e-01 2.239924e-02
2.286044e-01 1.526580e-01 2.269082e-02
2.288752e-01 1.204090e-01 2.278258e-02
2.291460e-01 1.043320e-01 2.301878e-02
2.294168e-01 1.423210e-01 2.351739e-02
2.296876e-01 1.515970e-01 2.326872e-02
2.299584e-01 1.497231e-01 2.370656e-02
2.302293e-01 1.145841e-01 2.377970e-02
2.305001e-01 1.610680e-01 2.408456e-02
2.307709e-01 1.366781e-01 2.445144e-02
2.310417e-01 1.729060e-01 2.454387e-02
2.313125e-01 1.811160e-01 2.548055e-02
2.315833e-01 1.439140e-01 2.497005e-02
2.318541e-01 1.155970e-01 2.539910e-02
2.321250e-01 1.241750e-01 2.555574e-02
2.323958e-01 1.964849e-01 2.569382e-02
2.326666e-01 1.665870e-01 2.581742e-02
2.329374e-01 1.066769e-01 2.553629e-02
2.332082e-01 8.404303e-02 2.586799e-02
2.334790e-01 1.584710e-01 2.609867e-02
2.337498e-01 1.640950e-01 2.672508e-02
2.340207e-01 1.689550e-01 2.674996e-02
2.342915e-01 1.475000e-01 2.727628e-02
2.345623e-01 1.351500e-01 2.681167e-02
2.348331e-01 1.286540e-01 2.754306e-02
2.351039e-01 1.223539e-01 2.743972e-02
2.353747e-01 1.575401e-01 2.793827e-02
2.356455e-01 1.429800e-01 2.777254e-02
2.359163e-01 1.576600e-01 2.805571e-02
2.361872e-01 1.387820e-01 2.857056e-02
2.364580e-01 8.513391e-02 2.850195e-02
2.367288e-01 1.286740e-01 2.894770e-02
2.369996e-01 1.221350e-01 2.857902e-02
2.372704e-01 1.180481e-01 2.986595e-02
2.375412e-01 6.877792e-02 2.913107e-02
2.378121e-01 1.133881e-01 2.997449e-02
2.380829e-01 8.469200e-02 2.995390e-02
2.383537e-01 1.272980e-01 3.036627e-02
2.386245e-01 1.052771e-01 3.101417e-02
2.388953e-01 9.912300e-02 3.079777e-02
2.391661e-01 1.035340e-01 3.148746e-02
2.394369e-01 1.880330e-01 3.152643e-02
2.397078e-01 9.184396e-02 3.194016e-02
2.399786e-01 6.424499e-02 3.182741e-02
2.402494e-01 5.035889e-02 3.214582e-02
2.405202e-01 1.287711e-01 3.260419e-02
2.407910e-01 1.154240e-01 3.347039e-02
2.410618e-01 8.902001e-02 3.378343e-02
2.413326e-01 1.197730e-01 3.423307e-02
2.416034e-01 1.479540e-01 3.454841e-02
2.418743e-01 1.965799e-01 3.536886e-02
2.421451e-01 9.761500e-02 3.434834e-02
2.424159e-01 5.226994e-02 3.484025e-02
2.426867e-01 9.816897e-02 3.566369e-02
2.429575e-01 1.200730e-01 3.692055e-02
2.432283e-01 7.711792e-02 3.649936e-02
2.434992e-01 8.533597e-02 3.611278e-02
2.437700e-01 1.072700e-01 3.749950e-02
2.440408e-01 1.628721e-01 3.793260e-02
2.443116e-01 1.175100e-01 3.801215e-02
2.445824e-01 1.122540e-01 3.880401e-02
2.448532e-01 1.508090e-01 3.895479e-02
2.451240e-01 1.662951e-01 4.076040e-02
2.453949e-01 1.229529e-01 4.105646e-02
2.456657e-01 1.014650e-01 4.088934e-02
2.459365e-01 1.001149e-01 4.099690e-02
2.462073e-01 1.121000e-01 4.248588e-02
2.464781e-01 9.909606e-02 4.341450e-02
2.467489e-01 9.078002e-02 4.339968e-02
2.470197e-01 2.129400e-01 4.383012e-02
2.472906e-01 8.805096e-02 4.492212e-02
2.475614e-01 8.207202e-02 4.515161e-02
2.478322e-01 9.666204e-02 4.614768e-02
2.481030e-01 1.490051e-01 4.658577e-02
2.483738e-01 1.133740e-01 4.781456e-02
2.486446e-01 1.443870e-01 5.019779e-02
2.489154e-01 7.693791e-02 5.148349e-02
2.491863e-01 9.939706e-02 5.099734e-02
2.494571e-01 1.424071e-01 5.221316e-02
2.497279e-01 1.369190e-01 5.392775e-02
2.499987e-01 -1.734102e-02 5.345941e-02
2.502695e-01 5.696201e-02 5.523000e-02
2.505403e-01 2.907491e-02 5.535371e-02
2.508111e-01 1.813240e-01 5.884734e-02
2.510819e-01 5.963194e-02 6.167433e-02
2.513528e-01 5.342102e-02 6.296128e-02
2.516236e-01 1.154240e-01 6.549800e-02
2.518944e-01 5.965602e-02 6.573686e-02
2.521652e-01 1.363630e-01 7.139322e-02
2.524360e-01 1.239480e-01 6.776152e-02
2.527068e-01 8.874810e-02 6.833979e-02
2.529776e-01 -1.413310e-02 7.314594e-02
2.532485e-01 9.070992e-03 7.404489e-02
2.535193e-01 4.545498e-02 7.496695e-02
2.537901e-01 3.165805e-02 7.750315e-02
2.540609e-01 4.153597e-02 7.597100e-02
2.543317e-01 -1.072040e-01 7.802477e-02
2.546025e-01 1.875759e-01 8.527077e-02
2.548733e-01 8.720493e-02 8.875057e-02
2.551441e-01 2.325590e-01 8.929911e-02
2.554150e-01 2.005581e-01 9.465231e-02
2.556858e-01 3.332973e-03 9.571081e-02
2.559566e-01 7.561100e-02 1.087536e-01
2.562274e-01 9.632099e-02 1.075488e-01
2.564982e-01 1.212204e-02 1.222577e-01
2.567690e-01 -8.863592e-02 1.315756e-01
2.570398e-01 4.323230e-01 1.646624e-01
2.573107e-01 -1.136360e-01 1.736976e-01
2.575815e-01 4.466990e-01 1.743858e-01
2.578523e-01 2.878780e-01 2.727357e-01
2.581231e-01 -6.818180e-01 3.689635e-01
