3.286826e-03 1.125435e+01 0.000000e+00
3.557641e-03 1.410917e+01 1.489598e-01
3.828455e-03 1.370174e+01 8.370487e-02
4.099269e-03 1.311959e+01 6.273783e-02
4.370084e-03 1.248107e+01 5.281632e-02
4.640898e-03 1.191547e+01 3.879155e-02
4.911712e-03 1.137460e+01 3.653808e-02
5.182527e-03 1.091146e+01 2.961473e-02
5.453341e-03 1.047749e+01 2.774604e-02
5.724155e-03 1.003689e+01 2.276869e-02
5.994970e-03 9.703337e+00 2.061712e-02
6.265784e-03 9.310784e+00 1.894552e-02
6.536598e-03 8.941033e+00 1.670960e-02
6.807412e-03 8.566892e+00 1.658271e-02
7.078227e-03 8.212741e+00 1.519543e-02
7.349041e-03 7.899457e+00 1.406598e-02
7.619855e-03 7.559458e+00 1.328001e-02
7.890671e-03 7.219826e+00 1.185240e-02
8.161485e-03 6.861465e+00 1.192796e-02
8.432299e-03 6.565893e+00 1.126975e-02
8.703114e-03 6.257996e+00 1.083363e-02
8.973928e-03 5.914017e+00 1.004774e-02
9.244742e-03 5.624835e+00 9.726576e-03
9.515557e-03 5.319948e+00 9.497362e-03
9.786371e-03 5.043889e+00 8.577150e-03
1.005718e-02 4.752716e+00 8.467807e-03
1.032800e-02 4.468836e+00 7.775275e-03
1.059881e-02 4.219249e+00 7.298615e-03
1.086963e-02 3.955964e+00 7.069482e-03
1.114044e-02 3.714177e+00 6.642376e-03
1.141126e-02 3.468241e+00 6.430699e-03
1.168207e-02 3.245500e+00 6.024066e-03
1.195289e-02 3.031604e+00 5.642435e-03
1.222370e-02 2.813153e+00 5.473864e-03
1.249451e-02 2.616956e+00 5.106670e-03
1.276533e-02 2.433997e+00 4.900662e-03
1.303614e-02 2.251134e+00 4.591281e-03
1.330696e-02 2.083014e+00 4.332991e-03
1.357777e-02 1.926023e+00 4.217343e-03
1.384859e-02 1.774780e+00 3.824267e-03
1.411940e-02 1.627670e+00 3.575916e-03
1.439021e-02 1.488059e+00 3.371214e-03
1.466103e-02 1.366790e+00 3.218596e-03
1.493184e-02 1.254242e+00 3.010395e-03
1.520266e-02 1.143565e+00 2.859925e-03
1.547347e-02 1.038670e+00 2.662679e-03
1.574429e-02 9.474601e-01 2.471842e-03
1.601510e-02 8.553683e-01 2.375308e-03
1.628591e-02 7.787600e-01 2.251733e-03
1.655673e-02 7.007472e-01 2.094346e-03
1.682754e-02 6.331388e-01 1.975445e-03
1.709836e-02 5.669903e-01 1.887608e-03
1.736917e-02 5.063695e-01 1.748052e-03
1.763999e-02 4.563522e-01 1.653583e-03
1.791080e-02 4.082173e-01 1.525287e-03
1.818161e-02 3.618471e-01 1.466726e-03
1.845243e-02 3.257479e-01 1.411115e-03
1.872324e-02 2.874427e-01 1.304894e-03
1.899406e-02 2.575436e-01 1.247946e-03
1.926487e-02 2.289296e-01 1.182098e-03
1.953569e-02 2.045209e-01 1.132611e-03
1.980650e-02 1.812228e-01 1.075919e-03
2.007731e-02 1.591498e-01 1.003921e-03
2.034813e-02 1.429263e-01 9.648702e-04
2.061894e-02 1.279426e-01 9.345766e-04
2.088976e-02 1.156416e-01 8.912101e-04
2.116057e-02 1.036823e-01 8.615160e-04
2.143139e-02 9.361137e-02 8.274226e-04
2.170220e-02 8.649050e-02 8.175402e-04
2.197302e-02 7.881022e-02 7.814950e-04
2.224383e-02 7.225183e-02 7.623644e-04
2.251465e-02 6.717181e-02 7.128629e-04
2.278546e-02 6.496128e-02 7.038625e-04
2.305627e-02 6.006134e-02 6.946524e-04
2.332709e-02 5.829926e-02 6.747384e-04
2.359790e-02 5.781759e-02 6.649705e-04
2.386872e-02 5.549704e-02 6.502345e-04
2.413953e-02 5.522159e-02 6.326543e-04
2.441034e-02 5.352085e-02 6.204769e-04
2.468116e-02 5.283811e-02 6.163559e-04
2.495197e-02 5.404981e-02 6.107904e-04
2.522279e-02 5.345359e-02 6.156326e-04
2.549360e-02 5.307592e-02 6.063243e-04
2.576442e-02 5.408833e-02 5.877602e-04
2.603523e-02 5.401275e-02 6.034103e-04
2.630604e-02 5.365377e-02 5.845984e-04
2.657686e-02 5.361273e-02 5.934362e-04
2.684767e-02 5.405126e-02 5.709472e-04
2.711849e-02 5.427233e-02 5.675609e-04
2.738930e-02 5.278633e-02 5.756448e-04
2.766012e-02 5.245112e-02 5.654456e-04
2.793093e-02 5.192264e-02 5.550610e-04
2.820175e-02 5.241447e-02 5.403103e-04
2.847256e-02 5.142868e-02 5.330750e-04
2.874337e-02 5.035459e-02 5.368879e-04
2.901419e-02 5.060199e-02 5.276438e-04
2.928500e-02 4.765328e-02 5.175105e-04
2.955582e-02 4.832666e-02 5.119620e-04
2.982663e-02 4.650381e-02 5.120616e-04
3.009745e-02 4.402817e-02 5.012040e-04
3.036826e-02 4.389103e-02 4.956586e-04
3.063907e-02 4.373657e-02 4.941678e-04
3.090989e-02 4.166003e-02 4.794366e-04
3.118070e-02 4.038416e-02 4.839547e-04
3.145152e-02 3.921595e-02 4.724024e-04
3.172233e-02 3.647035e-02 4.685032e-04
3.199315e-02 3.627829e-02 4.602873e-04
3.226396e-02 3.444910e-02 4.531260e-04
3.253478e-02 3.310494e-02 4.510174e-04
3.280559e-02 3.161707e-02 4.382150e-04
3.307641e-02 3.077811e-02 4.381082e-04
3.334722e-02 2.918940e-02 4.305305e-04
3.361803e-02 2.844037e-02 4.239375e-04
3.388885e-02 2.704998e-02 4.183314e-04
3.415966e-02 2.632797e-02 4.159996e-04
3.443048e-02 2.429913e-02 4.152856e-04
3.470129e-02 2.312454e-02 4.032456e-04
3.497211e-02 2.209141e-02 4.002875e-04
3.524292e-02 2.107494e-02 3.905185e-04
3.551374e-02 1.994269e-02 3.896275e-04
3.578455e-02 1.870687e-02 3.848356e-04
3.605536e-02 1.860828e-02 3.829699e-04
3.632618e-02 1.805502e-02 3.794458e-04
3.659699e-02 1.671198e-02 3.729640e-04
3.686780e-02 1.666870e-02 3.687416e-04
3.713862e-02 1.552009e-02 3.651373e-04
3.740944e-02 1.439329e-02 3.612185e-04
3.768025e-02 1.444535e-02 3.569204e-04
3.795106e-02 1.367760e-02 3.553101e-04
3.822188e-02 1.365346e-02 3.535205e-04
3.849269e-02 1.271214e-02 3.474448e-04
3.876351e-02 1.248036e-02 3.496884e-04
3.903432e-02 1.155076e-02 3.452316e-04
3.930514e-02 1.203211e-02 3.424016e-04
3.957595e-02 1.149218e-02 3.385194e-04
3.984676e-02 1.115297e-02 3.347773e-04
4.011758e-02 1.096604e-02 3.345354e-04
4.038839e-02 1.090742e-02 3.333305e-04
4.065921e-02 1.102794e-02 3.314285e-04
4.093002e-02 1.063439e-02 3.299606e-04
4.120084e-02 1.060176e-02 3.269117e-04
4.147165e-02 1.060786e-02 3.294245e-04
4.174246e-02 1.005947e-02 3.274554e-04
4.201328e-02 9.662401e-03 3.211742e-04
4.228409e-02 9.155471e-03 3.224659e-04
4.255491e-02 9.144720e-03 3.181610e-04
4.282572e-02 9.609640e-03 3.206159e-04
4.309653e-02 9.320581e-03 3.140918e-04
4.336735e-02 8.746032e-03 3.163882e-04
4.363817e-02 9.247368e-03 3.148166e-04
4.390898e-02 8.903900e-03 3.103905e-04
4.417979e-02 8.779960e-03 3.112469e-04
4.445061e-02 8.460689e-03 3.083326e-04
4.472142e-02 8.819338e-03 3.037779e-04
4.499224e-02 8.439319e-03 3.065453e-04
4.526305e-02 8.477490e-03 3.053925e-04
4.553387e-02 7.874310e-03 3.002680e-04
4.580468e-02 8.629099e-03 3.023121e-04
4.607549e-02 7.487869e-03 2.981245e-04
4.634631e-02 7.678339e-03 2.966884e-04
4.661712e-02 7.337309e-03 3.002460e-04
4.688794e-02 7.568378e-03 2.976326e-04
4.715875e-02 7.268952e-03 2.931231e-04
4.742957e-02 7.920889e-03 2.922397e-04
4.770038e-02 7.403448e-03 2.895189e-04
4.797119e-02 6.665761e-03 2.879835e-04
4.824201e-02 6.547980e-03 2.883384e-04
4.851282e-02 6.224209e-03 2.893954e-04
4.878364e-02 6.366320e-03 2.853028e-04
4.905445e-02 6.279850e-03 2.850090e-04
4.932526e-02 5.907550e-03 2.853628e-04
4.959608e-02 6.033681e-03 2.827699e-04
4.986690e-02 5.608849e-03 2.817365e-04
5.013771e-02 5.525472e-03 2.798562e-04
5.040852e-02 5.555281e-03 2.776621e-04
5.067934e-02 5.564522e-03 2.792283e-04
5.095015e-02 5.083729e-03 2.761944e-04
5.122096e-02 5.214069e-03 2.755029e-04
5.149178e-02 4.609160e-03 2.725264e-04
5.176260e-02 5.375691e-03 2.768171e-04
5.203341e-02 4.959321e-03 2.716539e-04
5.230422e-02 4.877489e-03 2.690066e-04
5.257504e-02 4.844949e-03 2.700732e-04
5.284585e-02 5.205041e-03 2.681867e-04
5.311667e-02 4.648231e-03 2.689640e-04
5.338748e-02 3.884219e-03 2.725931e-04
5.365830e-02 4.193729e-03 2.680162e-04
5.392911e-02 3.874289e-03 2.703398e-04
5.419992e-02 3.884250e-03 2.699613e-04
5.447074e-02 3.906630e-03 2.693678e-04
5.474155e-02 4.085058e-03 2.755487e-04
5.501237e-02 3.526330e-03 2.794367e-04
5.528318e-02 3.509350e-03 2.786694e-04
5.555400e-02 3.892438e-03 2.814431e-04
5.582481e-02 2.984388e-03 2.806113e-04
5.609563e-02 3.397020e-03 2.851749e-04
5.636644e-02 3.491860e-03 2.843056e-04
5.663725e-02 3.362240e-03 2.864145e-04
5.690807e-02 3.798861e-03 2.896832e-04
5.717888e-02 3.132541e-03 2.843646e-04
5.744969e-02 3.106391e-03 2.845404e-04
5.772051e-02 3.092809e-03 2.864381e-04
5.799133e-02 2.906289e-03 2.878015e-04
5.826214e-02 3.127852e-03 2.925631e-04
5.853295e-02 2.725391e-03 2.867664e-04
5.880377e-02 3.102468e-03 2.873467e-04
5.907458e-02 3.172139e-03 2.866446e-04
5.934540e-02 2.954619e-03 2.862288e-04
5.961621e-02 2.586437e-03 2.921994e-04
5.988703e-02 3.064310e-03 2.892316e-04
6.015784e-02 3.447838e-03 2.916914e-04
6.042865e-02 2.762672e-03 2.895837e-04
6.069947e-02 2.686931e-03 2.844005e-04
6.097028e-02 3.350871e-03 2.843039e-04
6.124110e-02 2.954021e-03 2.792777e-04
6.151191e-02 2.375951e-03 2.782027e-04
6.178273e-02 2.776349e-03 2.796383e-04
6.205354e-02 2.535470e-03 2.780796e-04
6.232436e-02 2.287511e-03 2.780801e-04
6.259517e-02 2.439681e-03 2.748403e-04
6.286598e-02 2.236811e-03 2.756060e-04
6.313679e-02 2.362082e-03 2.754665e-04
6.340761e-02 2.529450e-03 2.745783e-04
6.367842e-02 2.755240e-03 2.708501e-04
6.394923e-02 2.309078e-03 2.712897e-04
6.422005e-02 2.247740e-03 2.723743e-04
6.449086e-02 2.605990e-03 2.722783e-04
6.476168e-02 2.629060e-03 2.690360e-04
6.503250e-02 2.143741e-03 2.729880e-04
6.530331e-02 1.916070e-03 2.695633e-04
6.557412e-02 1.793491e-03 2.703351e-04
6.584494e-02 2.260881e-03 2.699635e-04
6.611575e-02 2.195541e-03 2.698841e-04
6.638657e-02 1.809219e-03 2.660951e-04
6.665738e-02 1.809949e-03 2.668988e-04
6.692819e-02 2.185190e-03 2.668386e-04
6.719901e-02 2.062520e-03 2.661846e-04
6.746982e-02 2.022119e-03 2.666079e-04
6.774063e-02 2.167420e-03 2.668004e-04
6.801146e-02 2.020000e-03 2.635037e-04
6.828227e-02 1.782082e-03 2.639404e-04
6.855308e-02 1.783362e-03 2.655060e-04
6.882390e-02 1.650929e-03 2.672889e-04
6.909471e-02 1.916062e-03 2.645297e-04
6.936552e-02 2.201881e-03 2.600063e-04
6.963634e-02 1.458911e-03 2.610235e-04
6.990715e-02 9.421706e-04 2.609874e-04
7.017796e-02 1.623770e-03 2.570836e-04
7.044878e-02 1.838110e-03 2.603248e-04
7.071959e-02 1.719411e-03 2.596108e-04
7.099041e-02 1.415670e-03 2.581430e-04
7.126123e-02 1.976799e-03 2.574637e-04
7.153204e-02 1.882320e-03 2.558667e-04
7.180285e-02 1.474500e-03 2.551070e-04
7.207367e-02 1.400629e-03 2.555309e-04
7.234448e-02 1.384418e-03 2.566704e-04
7.261530e-02 1.421399e-03 2.557011e-04
7.288611e-02 1.366451e-03 2.541473e-04
7.315692e-02 1.366269e-03 2.553232e-04
7.342774e-02 1.875050e-03 2.565461e-04
7.369855e-02 2.114581e-03 2.561957e-04
7.396936e-02 1.563821e-03 2.548459e-04
7.424019e-02 9.294096e-04 2.533490e-04
7.451100e-02 8.488297e-04 2.529136e-04
7.478181e-02 1.046479e-03 2.517212e-04
7.505263e-02 1.108751e-03 2.508252e-04
7.532344e-02 1.476260e-03 2.571145e-04
7.559425e-02 1.823150e-03 2.500153e-04
7.586507e-02 1.289610e-03 2.526466e-04
7.613588e-02 1.592999e-03 2.522129e-04
7.640669e-02 1.812600e-03 2.509514e-04
7.667751e-02 1.396760e-03 2.492990e-04
7.694832e-02 1.487669e-03 2.520583e-04
7.721914e-02 1.268100e-03 2.502480e-04
7.748996e-02 1.326950e-03 2.495477e-04
7.776077e-02 1.063440e-03 2.475616e-04
7.803158e-02 7.293485e-04 2.497921e-04
7.830240e-02 8.476805e-04 2.460494e-04
7.857321e-02 9.082612e-04 2.496931e-04
7.884403e-02 9.017289e-04 2.487598e-04
7.911484e-02 1.378030e-03 2.446255e-04
7.938565e-02 9.583998e-04 2.471203e-04
7.965647e-02 9.533409e-04 2.454269e-04
7.992728e-02 1.572080e-03 2.475958e-04
8.019809e-02 1.289211e-03 2.429915e-04
8.046892e-02 1.335550e-03 2.436518e-04
8.073973e-02 1.834961e-03 2.470732e-04
8.101054e-02 8.179005e-04 2.423119e-04
8.128136e-02 1.335869e-03 2.449041e-04
8.155217e-02 1.225451e-03 2.448677e-04
8.182298e-02 1.179829e-03 2.428960e-04
8.209380e-02 9.968895e-04 2.409796e-04
8.236461e-02 6.693806e-04 2.455362e-04
8.263543e-02 5.974788e-04 2.421574e-04
8.290624e-02 7.184502e-04 2.423781e-04
8.317705e-02 1.003372e-03 2.406058e-04
8.344787e-02 8.854400e-04 2.412433e-04
8.371869e-02 9.774491e-04 2.416168e-04
8.398950e-02 8.470099e-04 2.395630e-04
8.426031e-02 7.148106e-04 2.428639e-04
8.453113e-02 1.079680e-03 2.381561e-04
8.480194e-02 6.994195e-04 2.390060e-04
8.507276e-02 1.481282e-03 2.393424e-04
8.534357e-02 1.099462e-03 2.380560e-04
8.561438e-02 1.040099e-03 2.369612e-04
8.588520e-02 1.038030e-03 2.361507e-04
8.615601e-02 1.211479e-03 2.392584e-04
8.642682e-02 1.070650e-03 2.369527e-04
8.669765e-02 5.050302e-04 2.364731e-04
8.696846e-02 7.942598e-04 2.366705e-04
8.723927e-02 5.278103e-04 2.342720e-04
8.751009e-02 8.579101e-04 2.353428e-04
8.778090e-02 7.253103e-04 2.340010e-04
8.805171e-02 9.897090e-04 2.357966e-04
8.832253e-02 9.531993e-04 2.361979e-04
8.859334e-02 7.970203e-04 2.347396e-04
8.886416e-02 4.341695e-04 2.335294e-04
8.913497e-02 7.365309e-04 2.339120e-04
8.940578e-02 8.900408e-04 2.333248e-04
8.967660e-02 1.253581e-03 2.331888e-04
8.994742e-02 7.260013e-04 2.332214e-04
9.021823e-02 1.223650e-03 2.346298e-04
9.048904e-02 7.531215e-04 2.331267e-04
9.075986e-02 8.751210e-04 2.324988e-04
9.103067e-02 4.414599e-04 2.339720e-04
9.130149e-02 9.288397e-04 2.319356e-04
9.157230e-02 7.729996e-04 2.323605e-04
9.184311e-02 8.803979e-05 2.319621e-04
9.211393e-02 9.467304e-04 2.314394e-04
9.238474e-02 9.698793e-04 2.293051e-04
9.265555e-02 8.669198e-04 2.321177e-04
9.292637e-02 7.803403e-04 2.292908e-04
9.319719e-02 4.530288e-04 2.313245e-04
9.346800e-02 3.389809e-04 2.280919e-04
9.373882e-02 6.343387e-04 2.271612e-04
9.400963e-02 2.646502e-04 2.279848e-04
9.428044e-02 4.780199e-04 2.288503e-04
9.455126e-02 3.809594e-04 2.291382e-04
9.482207e-02 5.458705e-04 2.274883e-04
9.509289e-02 7.232688e-04 2.283249e-04
9.536370e-02 6.809402e-04 2.283016e-04
9.563451e-02 9.352602e-04 2.249921e-04
9.590533e-02 5.348194e-04 2.281159e-04
9.617615e-02 7.991493e-04 2.251835e-04
9.644696e-02 9.094514e-04 2.251373e-04
9.671777e-02 9.151902e-04 2.255098e-04
9.698859e-02 7.249098e-04 2.240497e-04
9.725940e-02 8.132290e-04 2.254243e-04
9.753022e-02 1.127599e-03 2.241937e-04
9.780103e-02 7.071104e-04 2.256208e-04
9.807184e-02 3.798008e-04 2.231427e-04
9.834266e-02 4.952494e-04 2.243920e-04
9.861347e-02 4.081205e-04 2.248035e-04
9.888428e-02 2.606306e-04 2.213571e-04
9.915510e-02 -2.759881e-05 2.245346e-04
9.942592e-02 9.530503e-04 2.243060e-04
9.969673e-02 8.906294e-04 2.235968e-04
9.996755e-02 7.050093e-04 2.230047e-04
1.002384e-01 6.556697e-04 2.198223e-04
1.005092e-01 8.923598e-04 2.226200e-04
1.007800e-01 4.914701e-04 2.201700e-04
1.010508e-01 2.768692e-04 2.226396e-04
1.013216e-01 -6.406941e-05 2.203170e-04
1.015924e-01 6.534997e-04 2.223419e-04
1.018632e-01 6.623939e-05 2.192708e-04
1.021341e-01 6.229095e-04 2.197072e-04
1.024049e-01 2.685916e-04 2.211096e-04
1.026757e-01 8.582715e-04 2.185191e-04
1.029465e-01 6.100908e-04 2.207339e-04
1.032173e-01 2.478994e-04 2.195443e-04
1.034881e-01 9.320900e-04 2.196178e-04
1.037589e-01 3.641099e-04 2.182724e-04
1.040298e-01 3.271904e-04 2.159234e-04
1.043006e-01 3.567915e-04 2.186410e-04
1.045714e-01 3.683995e-04 2.167507e-04
1.048422e-01 8.532964e-05 2.160655e-04
1.051130e-01 4.646592e-04 2.192676e-04
1.053838e-01 8.717608e-04 2.180082e-04
1.056546e-01 4.615504e-04 2.156615e-04
1.059255e-01 6.465297e-04 2.162693e-04
1.061963e-01 1.848396e-04 2.163132e-04
1.064671e-01 2.890304e-04 2.148296e-04
1.067379e-01 3.702305e-04 2.181457e-04
1.070087e-01 6.965492e-04 2.163301e-04
1.072795e-01 4.286896e-04 2.141467e-04
1.075503e-01 5.725008e-04 2.149436e-04
1.078212e-01 5.394202e-04 2.149556e-04
1.080920e-01 5.922094e-04 2.139493e-04
1.083628e-01 2.598800e-04 2.148860e-04
1.086336e-01 4.279111e-04 2.136557e-04
1.089044e-01 1.793988e-04 2.137757e-04
1.091752e-01 3.761686e-04 2.158473e-04
1.094460e-01 9.490009e-04 2.153500e-04
1.097169e-01 6.396789e-04 2.147495e-04
1.099877e-01 3.012996e-04 2.116065e-04
1.102585e-01 1.613814e-04 2.133656e-04
1.105293e-01 2.071094e-04 2.165699e-04
1.108001e-01 1.391489e-04 2.187559e-04
1.110709e-01 3.311392e-04 2.209738e-04
1.113417e-01 5.610790e-04 2.201967e-04
1.116126e-01 4.505012e-04 2.203419e-04
1.118834e-01 5.896799e-04 2.227869e-04
1.121542e-01 3.801212e-04 2.222387e-04
1.124250e-01 -1.747496e-04 2.249196e-04
1.126958e-01 3.238209e-04 2.258570e-04
1.129666e-01 2.980903e-04 2.260591e-04
1.132374e-01 5.151499e-04 2.293772e-04
1.135083e-01 5.043410e-04 2.338329e-04
1.137791e-01 6.001592e-04 2.338477e-04
1.140499e-01 3.913287e-04 2.311297e-04
1.143207e-01 4.402511e-04 2.366994e-04
1.145915e-01 4.231390e-04 2.367029e-04
1.148623e-01 2.031513e-04 2.383332e-04
1.151332e-01 2.789591e-04 2.389105e-04
1.154040e-01 3.467295e-04 2.409618e-04
1.156748e-01 4.222598e-04 2.407800e-04
1.159456e-01 5.212612e-04 2.446775e-04
1.162164e-01 3.150590e-04 2.443869e-04
1.164872e-01 -1.168288e-04 2.437430e-04
1.167580e-01 3.257003e-04 2.489796e-04
1.170288e-01 -1.453497e-04 2.470048e-04
1.172997e-01 9.686872e-05 2.494293e-04
1.175705e-01 1.245905e-04 2.499036e-04
1.178413e-01 6.157905e-04 2.524743e-04
1.181121e-01 -1.712143e-05 2.488013e-04
1.183829e-01 5.905610e-04 2.449488e-04
1.186537e-01 3.951099e-04 2.481409e-04
1.189246e-01 4.965998e-05 2.423303e-04
1.191954e-01 -4.230067e-06 2.427533e-04
1.194662e-01 6.367303e-04 2.437709e-04
1.197370e-01 5.986206e-04 2.403026e-04
1.200078e-01 2.960507e-04 2.417153e-04
1.202786e-01 3.611110e-04 2.394924e-04
1.205494e-01 4.375596e-04 2.389843e-04
1.208202e-01 1.147110e-04 2.405316e-04
1.210911e-01 4.064012e-04 2.385126e-04
1.213619e-01 7.204097e-04 2.431525e-04
1.216327e-01 3.751796e-04 2.393427e-04
1.219035e-01 1.300704e-04 2.390006e-04
1.221743e-01 9.102002e-05 2.400115e-04
1.224451e-01 2.235398e-04 2.403711e-04
1.227160e-01 4.639104e-04 2.426948e-04
1.229868e-01 3.561098e-04 2.399234e-04
1.232576e-01 -1.564063e-05 2.402284e-04
1.235284e-01 3.320705e-04 2.413540e-04
1.237992e-01 -1.422483e-04 2.402996e-04
1.240700e-01 3.160592e-04 2.386631e-04
1.243408e-01 5.702488e-04 2.391234e-04
1.246117e-01 4.118104e-04 2.415744e-04
1.248825e-01 4.526973e-05 2.392076e-04
1.251533e-01 2.727285e-04 2.374234e-04
1.254241e-01 4.204698e-04 2.403661e-04
1.256949e-01 4.208796e-04 2.348742e-04
1.259657e-01 9.752065e-05 2.390492e-04
1.262365e-01 2.247598e-04 2.381452e-04
1.265074e-01 3.262814e-04 2.380881e-04
1.267782e-01 6.093215e-04 2.388875e-04
1.270490e-01 5.610213e-04 2.346378e-04
1.273198e-01 1.433007e-04 2.375292e-04
1.275906e-01 7.117987e-04 2.353817e-04
1.278614e-01 3.297683e-04 2.366012e-04
1.281322e-01 6.395411e-04 2.357680e-04
1.284031e-01 1.095887e-04 2.337365e-04
1.286739e-01 3.073998e-04 2.343721e-04
1.289447e-01 1.712795e-04 2.350077e-04
1.292155e-01 4.641153e-05 2.347964e-04
1.294863e-01 2.942048e-05 2.311929e-04
1.297571e-01 2.784096e-04 2.342692e-04
1.300279e-01 1.302920e-05 2.319419e-04
1.302988e-01 8.892491e-04 2.350425e-04
1.305696e-01 1.860969e-05 2.316494e-04
1.308404e-01 4.324298e-04 2.306535e-04
1.311112e-01 3.546886e-04 2.336363e-04
1.313820e-01 3.956407e-04 2.316204e-04
1.316528e-01 2.122503e-04 2.344543e-04
1.319236e-01 2.844501e-04 2.323355e-04
1.321945e-01 4.706699e-04 2.322487e-04
1.324653e-01 1.434293e-04 2.329057e-04
1.327361e-01 3.731698e-04 2.310358e-04
1.330069e-01 7.806905e-05 2.336344e-04
1.332777e-01 2.518110e-04 2.333011e-04
1.335485e-01 1.989305e-04 2.316836e-04
1.338193e-01 4.175603e-04 2.339175e-04
1.340902e-01 4.440993e-04 2.296425e-04
1.343610e-01 -2.394803e-04 2.307753e-04
1.346318e-01 3.501195e-04 2.295467e-04
1.349026e-01 1.666993e-04 2.293685e-04
1.351734e-01 -2.539903e-05 2.309972e-04
1.354442e-01 1.525711e-04 2.292605e-04
1.357151e-01 -1.046490e-04 2.325872e-04
1.359859e-01 1.776908e-04 2.292728e-04
1.362567e-01 4.029907e-04 2.270306e-04
1.365275e-01 7.013492e-04 2.301298e-04
1.367983e-01 6.047692e-04 2.275686e-04
1.370691e-01 2.541896e-04 2.300117e-04
1.373399e-01 4.902501e-04 2.302117e-04
1.376107e-01 2.482887e-04 2.349143e-04
1.378816e-01 -5.280599e-06 2.410489e-04
1.381524e-01 -9.208918e-05 2.359366e-04
1.384232e-01 -1.450069e-05 2.412095e-04
1.386940e-01 1.268908e-04 2.398876e-04
1.389648e-01 5.983207e-04 2.412308e-04
1.392356e-01 6.598998e-04 2.454768e-04
1.395064e-01 3.336705e-04 2.434500e-04
1.397773e-01 -3.165007e-05 2.442068e-04
1.400481e-01 -2.855714e-04 2.453265e-04
1.403189e-01 1.230910e-04 2.483881e-04
1.405897e-01 1.782309e-04 2.462084e-04
1.408605e-01 6.406512e-04 2.495689e-04
1.411313e-01 1.641698e-04 2.500663e-04
1.414021e-01 1.896601e-04 2.474132e-04
1.416730e-01 7.284991e-05 2.515252e-04
1.419438e-01 2.686214e-04 2.505690e-04
1.422146e-01 1.008492e-04 2.541430e-04
1.424854e-01 -9.324029e-05 2.523436e-04
1.427562e-01 4.379191e-04 2.539063e-04
1.430270e-01 6.860122e-06 2.501638e-04
1.432979e-01 3.206115e-04 2.520415e-04
1.435687e-01 -7.901900e-05 2.543251e-04
1.438395e-01 5.733203e-04 2.551211e-04
1.441103e-01 3.066100e-04 2.542187e-04
1.443811e-01 2.336409e-04 2.562229e-04
1.446519e-01 3.720801e-04 2.563565e-04
1.449227e-01 3.062207e-04 2.599158e-04
1.451935e-01 2.393406e-04 2.588602e-04
1.454644e-01 9.772927e-05 2.605189e-04
1.457352e-01 1.519602e-04 2.606752e-04
1.460060e-01 1.385007e-04 2.592715e-04
1.462768e-01 -1.870804e-04 2.614262e-04
1.465476e-01 -1.979191e-04 2.626149e-04
1.468184e-01 2.084188e-04 2.631008e-04
1.470892e-01 9.818934e-05 2.627112e-04
1.473601e-01 3.864989e-05 2.628510e-04
1.476309e-01 2.198704e-04 2.641303e-04
1.479017e-01 5.589798e-06 2.625782e-04
1.481725e-01 2.826005e-05 2.635737e-04
1.484433e-01 -1.962110e-05 2.602976e-04
1.487141e-01 6.815046e-05 2.626916e-04
1.489850e-01 1.370795e-04 2.632757e-04
1.492558e-01 2.148300e-04 2.621488e-04
1.495266e-01 6.170496e-04 2.649272e-04
1.497974e-01 -3.637113e-04 2.606288e-04
1.500682e-01 1.704805e-04 2.608416e-04
1.503390e-01 -2.059303e-04 2.618432e-04
1.506098e-01 -3.653020e-05 2.608042e-04
1.508806e-01 8.330867e-05 2.582318e-04
1.511515e-01 2.323203e-04 2.618864e-04
1.514223e-01 2.238806e-04 2.618160e-04
1.516931e-01 -1.642108e-05 2.628217e-04
1.519639e-01 -1.891796e-04 2.617319e-04
1.522347e-01 -9.513088e-05 2.622672e-04
1.525055e-01 1.915917e-05 2.607346e-04
1.527763e-01 -9.083003e-05 2.633293e-04
1.530472e-01 1.643002e-04 2.630678e-04
1.533180e-01 -1.127794e-04 2.629732e-04
1.535888e-01 3.119800e-04 2.646239e-04
1.538596e-01 7.160008e-05 2.620585e-04
1.541304e-01 1.882948e-05 2.636171e-04
1.544012e-01 3.181696e-04 2.619250e-04
1.546721e-01 -1.891591e-04 2.641184e-04
1.549429e-01 -6.549060e-05 2.647433e-04
1.552137e-01 -2.814401e-04 2.644667e-04
1.554845e-01 3.236011e-04 2.641013e-04
1.557553e-01 3.480893e-04 2.647742e-04
1.560261e-01 3.348403e-04 2.633638e-04
1.562969e-01 3.288984e-04 2.627517e-04
1.565678e-01 3.584698e-04 2.618695e-04
1.568386e-01 1.015104e-04 2.649392e-04
1.571094e-01 5.505383e-04 2.634419e-04
1.573802e-01 1.320206e-04 2.654801e-04
1.576510e-01 1.158901e-04 2.626498e-04
1.579218e-01 6.657597e-04 2.625885e-04
1.581926e-01 1.145601e-04 2.628369e-04
1.584634e-01 -2.997499e-04 2.629838e-04
1.587343e-01 1.180209e-04 2.617566e-04
1.590051e-01 3.203936e-05 2.612098e-04
1.592759e-01 3.529806e-04 2.632475e-04
1.595467e-01 1.228899e-04 2.641834e-04
1.598175e-01 -3.067963e-05 2.616833e-04
1.600883e-01 2.540089e-04 2.597412e-04
1.603591e-01 -2.194010e-04 2.614373e-04
1.606300e-01 3.461298e-04 2.609120e-04
1.609008e-01 3.113896e-04 2.612465e-04
1.611716e-01 -1.621600e-04 2.603865e-04
1.614424e-01 3.231503e-04 2.594233e-04
1.617132e-01 1.201499e-04 2.594691e-04
1.619840e-01 3.863703e-04 2.600073e-04
1.622549e-01 -2.003089e-04 2.591479e-04
1.625257e-01 3.776494e-04 2.610785e-04
1.627965e-01 -2.827402e-04 2.607176e-04
1.630673e-01 2.368800e-04 2.584412e-04
1.633381e-01 3.284905e-04 2.616919e-04
1.636089e-01 -1.649894e-04 2.578584e-04
1.638797e-01 8.117035e-05 2.611077e-04
1.641506e-01 -2.745315e-04 2.609045e-04
1.644214e-01 1.426805e-04 2.594471e-04
1.646922e-01 -7.751025e-05 2.592522e-04
1.649630e-01 -2.741497e-04 2.593003e-04
1.652338e-01 -4.521012e-05 2.614523e-04
1.655046e-01 -9.291060e-05 2.601321e-04
1.657754e-01 4.150309e-04 2.609660e-04
1.660462e-01 4.174709e-04 2.634165e-04
1.663171e-01 -2.411492e-04 2.626698e-04
1.665879e-01 -1.334790e-04 2.612264e-04
1.668587e-01 2.461206e-04 2.605550e-04
1.671295e-01 3.494602e-04 2.619943e-04
1.674003e-01 -4.247949e-05 2.619643e-04
1.676711e-01 2.539903e-04 2.697347e-04
1.679420e-01 8.877795e-04 2.733088e-04
1.682128e-01 4.321206e-04 2.763269e-04
1.684836e-01 -1.648404e-04 2.817139e-04
1.687544e-01 -2.781283e-04 2.814969e-04
1.690252e-01 8.786097e-05 2.837431e-04
1.692960e-01 3.027301e-04 2.838100e-04
1.695668e-01 1.489501e-04 2.898628e-04
1.698377e-01 -2.177991e-04 2.905965e-04
1.701085e-01 1.064800e-04 2.929286e-04
1.703793e-01 6.909296e-04 2.977865e-04
1.706501e-01 5.457010e-04 2.971423e-04
1.709209e-01 -3.485195e-04 3.003855e-04
1.711917e-01 -2.794694e-04 2.991533e-04
1.714625e-01 7.754937e-05 3.073903e-04
1.717333e-01 -2.429802e-04 3.085627e-04
1.720042e-01 -2.164021e-05 3.048958e-04
1.722750e-01 4.763901e-04 3.133781e-04
1.725458e-01 -1.351293e-04 3.099858e-04
1.728166e-01 1.755599e-04 3.131436e-04
1.730874e-01 2.724305e-04 3.162661e-04
1.733582e-01 2.133418e-04 3.189112e-04
1.736291e-01 -1.782198e-04 3.206194e-04
1.738999e-01 3.413912e-04 3.179823e-04
1.741707e-01 7.311068e-05 3.288786e-04
1.744415e-01 4.606992e-04 3.274042e-04
1.747123e-01 -6.301906e-04 3.277663e-04
1.749831e-01 3.378838e-06 3.143315e-04
1.752539e-01 1.075305e-04 3.076412e-04
1.755248e-01 2.540201e-04 3.060831e-04
1.757956e-01 2.374295e-04 3.012071e-04
1.760664e-01 8.569844e-05 3.050310e-04
1.763372e-01 -1.022890e-04 3.035415e-04
1.766080e-01 -3.906805e-04 2.990078e-04
1.768788e-01 7.843040e-05 3.061026e-04
1.771496e-01 -2.785306e-04 2.954174e-04
1.774205e-01 2.312101e-04 3.009238e-04
1.776913e-01 4.529953e-06 2.952298e-04
1.779621e-01 -9.796023e-05 2.940624e-04
1.782329e-01 -4.850887e-05 2.978229e-04
1.785037e-01 -1.170598e-04 2.879482e-04
1.787745e-01 5.345196e-04 2.930594e-04
1.790453e-01 8.649938e-05 2.913248e-04
1.793161e-01 2.975296e-04 2.877824e-04
1.795870e-01 1.225900e-04 2.897987e-04
1.798578e-01 1.261495e-04 2.865984e-04
1.801286e-01 1.299288e-04 2.897531e-04
1.803994e-01 -2.158508e-04 2.854260e-04
1.806702e-01 -3.842209e-04 2.863806e-04
1.809410e-01 2.499614e-04 2.877199e-04
1.812119e-01 1.712199e-04 2.861472e-04
1.814827e-01 6.071106e-04 2.890506e-04
1.817535e-01 1.297146e-05 2.821222e-04
1.820243e-01 4.574601e-04 2.857959e-04
1.822951e-01 6.135106e-04 2.850460e-04
1.825659e-01 4.729200e-04 2.827056e-04
1.828367e-01 -3.020801e-04 2.822481e-04
1.831076e-01 -2.970584e-04 2.788051e-04
1.833784e-01 4.956126e-05 2.853825e-04
1.836492e-01 1.007896e-04 2.826117e-04
1.839200e-01 1.705512e-04 2.827447e-04
1.841908e-01 6.214399e-04 2.822006e-04
1.844616e-01 5.565025e-05 2.828963e-04
1.847324e-01 -1.667906e-04 2.820372e-04
1.850033e-01 -2.262685e-04 2.812040e-04
1.852741e-01 -1.557916e-05 2.784961e-04
1.855449e-01 3.041998e-04 2.833396e-04
1.858157e-01 2.136286e-04 2.832480e-04
1.860865e-01 8.780137e-05 2.814839e-04
1.863573e-01 -1.990013e-04 2.801320e-04
1.866281e-01 -3.080498e-04 2.785909e-04
1.868990e-01 -2.403092e-04 2.818035e-04
1.871698e-01 6.034710e-04 2.817387e-04
1.874406e-01 4.171301e-04 2.830109e-04
1.877114e-01 -7.892959e-05 2.796991e-04
1.879822e-01 -2.991967e-05 2.831197e-04
1.882530e-01 1.548491e-04 2.785314e-04
1.885238e-01 3.219955e-05 2.811179e-04
1.887947e-01 5.166046e-05 2.807117e-04
1.890655e-01 4.734509e-04 2.795198e-04
1.893363e-01 -1.466516e-04 2.810944e-04
1.896071e-01 3.951099e-04 2.755265e-04
1.898779e-01 2.014115e-04 2.814248e-04
1.901487e-01 -4.639998e-04 2.762101e-04
1.904195e-01 8.383952e-05 2.798555e-04
1.906904e-01 3.605504e-04 2.814605e-04
1.909612e-01 -1.279209e-04 2.782070e-04
1.912320e-01 -1.400094e-04 2.794686e-04
1.915028e-01 4.324205e-04 2.797562e-04
1.917736e-01 2.817605e-04 2.798225e-04
1.920444e-01 -2.187695e-04 2.800518e-04
1.923153e-01 -4.497692e-04 2.771716e-04
1.925861e-01 -1.967996e-04 2.789381e-04
1.928569e-01 3.451295e-04 2.783011e-04
1.931277e-01 -1.261085e-04 2.758898e-04
1.933985e-01 -2.060086e-06 2.778494e-04
1.936693e-01 -3.277510e-04 2.797081e-04
1.939401e-01 2.496205e-04 2.800110e-04
1.942109e-01 5.484000e-05 2.775574e-04
1.944818e-01 -1.243595e-04 2.801404e-04
1.947526e-01 -3.934186e-04 2.773710e-04
1.950234e-01 3.932994e-04 2.774660e-04
1.952942e-01 4.236028e-05 2.811959e-04
1.955650e-01 1.818705e-04 2.813781e-04
1.958358e-01 -5.249865e-05 2.789297e-04
1.961066e-01 -2.111699e-04 2.767574e-04
1.963775e-01 2.391301e-04 2.771286e-04
1.966483e-01 1.019202e-04 2.778008e-04
1.969191e-01 2.851505e-04 2.795001e-04
1.971899e-01 -2.534315e-04 2.766722e-04
1.974607e-01 2.757907e-04 2.791903e-04
1.977315e-01 6.489512e-04 2.795453e-04
1.980023e-01 1.515076e-05 2.752836e-04
1.982732e-01 -1.632906e-04 2.790572e-04
1.985440e-01 1.964308e-04 2.793058e-04
1.988148e-01 -3.108010e-05 2.779428e-04
1.990856e-01 3.633387e-04 2.764790e-04
1.993564e-01 -7.192045e-05 2.786762e-04
1.996272e-01 6.582960e-05 2.806581e-04
1.998980e-01 6.711110e-04 2.802488e-04
2.001689e-01 1.869500e-04 2.750008e-04
2.004397e-01 1.715217e-04 2.709077e-04
2.007105e-01 1.809206e-04 2.749734e-04
2.009813e-01 1.461208e-04 2.749360e-04
2.012521e-01 -1.812391e-04 2.747783e-04
2.015229e-01 2.116691e-04 2.770530e-04
2.017937e-01 3.430899e-04 2.745502e-04
2.020646e-01 -3.760681e-06 2.725495e-04
2.023354e-01 -4.371069e-05 2.757072e-04
2.026062e-01 -4.132092e-05 2.736250e-04
2.028770e-01 3.900100e-04 2.773756e-04
2.031478e-01 2.335701e-04 2.724225e-04
2.034186e-01 -1.664404e-04 2.752407e-04
2.036894e-01 -3.449991e-04 2.722189e-04
2.039603e-01 -3.305003e-04 2.769574e-04
2.042311e-01 -3.876910e-05 2.738259e-04
2.045019e-01 3.225505e-04 2.724043e-04
2.047727e-01 3.289599e-04 2.722984e-04
2.050435e-01 -3.118999e-05 2.706458e-04
2.053143e-01 3.826190e-04 2.732773e-04
2.055852e-01 -5.303137e-05 2.716599e-04
2.058560e-01 1.676697e-04 2.714870e-04
2.061268e-01 1.018997e-04 2.722388e-04
2.063976e-01 -1.516994e-04 2.728114e-04
2.066684e-01 -3.711283e-04 2.724301e-04
2.069392e-01 -4.746020e-05 2.717922e-04
2.072100e-01 6.071292e-04 2.712668e-04
2.074808e-01 5.556401e-04 2.702765e-04
2.077517e-01 4.794206e-04 2.697323e-04
2.080225e-01 -2.470501e-04 2.680816e-04
2.082933e-01 -2.870336e-06 2.701513e-04
2.085641e-01 1.299996e-04 2.706048e-04
2.088349e-01 1.762696e-04 2.717350e-04
2.091057e-01 3.738105e-04 2.697358e-04
2.093765e-01 7.608887e-04 2.700177e-04
2.096474e-01 5.822089e-04 2.697575e-04
2.099182e-01 9.371154e-05 2.700861e-04
2.101890e-01 -1.531690e-04 2.653863e-04
2.104598e-01 2.483893e-04 2.707521e-04
2.107306e-01 -1.386385e-04 2.689034e-04
2.110014e-01 4.881695e-04 2.688823e-04
2.112723e-01 2.905391e-04 2.692630e-04
2.115431e-01 2.268497e-04 2.674532e-04
2.118139e-01 2.326295e-04 2.690973e-04
2.120847e-01 3.493000e-04 2.695271e-04
2.123555e-01 5.467888e-04 2.708777e-04
2.126263e-01 3.875606e-04 2.681651e-04
2.128971e-01 6.565824e-05 2.695006e-04
2.131680e-01 3.534891e-04 2.706888e-04
2.134388e-01 -4.295073e-05 2.669251e-04
2.137096e-01 -4.293956e-05 2.673006e-04
2.139804e-01 4.369766e-06 2.701610e-04
2.142512e-01 -1.330208e-04 2.681960e-04
2.145220e-01 2.780482e-04 2.715762e-04
2.147928e-01 3.967416e-04 2.686400e-04
2.150636e-01 2.710391e-04 2.658829e-04
2.153345e-01 2.818797e-04 2.688508e-04
2.156053e-01 6.758105e-04 2.684701e-04
2.158761e-01 -1.896415e-04 2.681706e-04
2.161469e-01 2.888311e-04 2.717536e-04
2.164177e-01 -1.661498e-04 2.687124e-04
2.166885e-01 4.257113e-04 2.735441e-04
2.169593e-01 1.170691e-04 2.688433e-04
2.172302e-01 1.075193e-04 2.706354e-04
2.175010e-01 1.770109e-04 2.693238e-04
2.177718e-01 2.893992e-04 2.688433e-04
2.180426e-01 5.809497e-04 2.681224e-04
2.183134e-01 3.016181e-05 2.691904e-04
2.185842e-01 1.742113e-04 2.680674e-04
2.188551e-01 3.525056e-05 2.681943e-04
2.191259e-01 2.515502e-04 2.690133e-04
2.193967e-01 3.581606e-04 2.643457e-04
2.196675e-01 3.264509e-04 2.657409e-04
2.199383e-01 2.889801e-04 2.663076e-04
2.202091e-01 -8.109026e-05 2.661878e-04
2.204799e-01 6.643105e-04 2.661391e-04
2.207507e-01 3.563911e-04 2.656054e-04
2.210216e-01 4.600789e-04 2.652239e-04
2.212924e-01 -7.813051e-05 2.667204e-04
2.215632e-01 3.538411e-04 2.661592e-04
2.218340e-01 1.238883e-04 2.661671e-04
2.221048e-01 -1.501106e-04 2.636953e-04
2.223756e-01 2.299603e-04 2.636922e-04
2.226464e-01 2.955608e-04 2.636631e-04
2.229173e-01 6.073713e-04 2.653943e-04
2.231881e-01 5.941708e-04 2.627495e-04
2.234589e-01 1.478400e-04 2.643232e-04
2.237297e-01 6.839074e-05 2.646079e-04
2.240005e-01 4.393198e-04 2.633967e-04
2.242713e-01 3.172699e-04 2.641803e-04
2.245422e-01 8.764584e-04 2.641324e-04
2.248130e-01 2.549812e-04 2.645700e-04
2.250838e-01 4.476812e-04 2.636984e-04
2.253546e-01 5.005002e-04 2.660362e-04
2.256254e-01 4.496388e-04 2.634979e-04
2.258962e-01 9.837002e-04 2.672515e-04
2.261670e-01 1.715999e-04 2.758632e-04
2.264379e-01 1.145190e-03 2.823116e-04
2.267087e-01 8.869786e-04 2.863456e-04
2.269795e-01 7.202309e-04 2.885173e-04
2.272503e-01 4.130192e-04 2.933615e-04
2.275211e-01 8.372404e-04 2.968307e-04
2.277919e-01 1.032891e-03 2.929281e-04
2.280627e-01 1.271589e-03 3.015999e-04
2.283335e-01 8.588992e-04 3.070469e-04
2.286044e-01 7.876605e-04 3.052078e-04
2.288752e-01 5.005691e-04 3.118309e-04
2.291460e-01 2.437998e-04 3.095298e-04
2.294168e-01 1.685899e-04 3.140044e-04
2.296876e-01 7.953513e-04 3.204464e-04
2.299584e-01 5.447902e-04 3.174410e-04
2.302293e-01 6.016605e-04 3.249765e-04
2.305001e-01 1.192560e-03 3.279204e-04
2.307709e-01 1.112519e-03 3.317798e-04
2.310417e-01 8.122195e-04 3.318717e-04
2.313125e-01 8.306298e-04 3.390971e-04
2.315833e-01 9.746701e-04 3.433252e-04
2.318541e-01 4.136302e-04 3.403909e-04
2.321250e-01 9.878706e-04 3.495674e-04
2.323958e-01 1.492739e-03 3.483357e-04
2.326666e-01 5.991496e-04 3.458556e-04
2.329374e-01 1.115611e-03 3.577886e-04
2.332082e-01 1.247661e-03 3.568442e-04
2.334790e-01 7.313602e-04 3.559279e-04
2.337498e-01 9.094086e-04 3.650023e-04
2.340207e-01 1.120910e-03 3.651459e-04
2.342915e-01 7.492602e-04 3.684097e-04
2.345623e-01 1.170410e-03 3.664717e-04
2.348331e-01 1.710271e-03 3.782868e-04
2.351039e-01 1.771431e-03 3.792965e-04
2.353747e-01 2.375931e-03 3.750647e-04
2.356455e-01 1.621310e-03 3.872182e-04
2.359163e-01 1.414329e-03 3.856431e-04
2.361872e-01 1.878470e-03 3.905802e-04
2.364580e-01 1.917850e-03 3.964375e-04
2.367288e-01 2.395630e-03 3.983779e-04
2.369996e-01 1.950691e-03 4.008470e-04
2.372704e-01 2.020830e-03 4.087786e-04
2.375412e-01 2.602190e-03 4.052736e-04
2.378121e-01 2.888851e-03 4.185114e-04
2.380829e-01 2.517700e-03 4.162270e-04
2.383537e-01 2.038339e-03 4.207004e-04
2.386245e-01 2.750929e-03 4.354948e-04
2.388953e-01 2.323741e-03 4.276627e-04
2.391661e-01 2.782810e-03 4.333784e-04
2.394369e-01 1.819391e-03 4.411108e-04
2.397078e-01 1.870790e-03 4.461701e-04
2.399786e-01 1.457691e-03 4.371427e-04
2.402494e-01 2.150679e-03 4.482411e-04
2.405202e-01 1.567280e-03 4.513271e-04
2.407910e-01 8.850507e-04 4.555044e-04
2.410618e-01 1.847848e-03 4.634430e-04
2.413326e-01 2.033100e-03 4.645670e-04
2.416034e-01 1.094079e-03 4.627061e-04
2.418743e-01 8.956213e-04 4.805760e-04
2.421451e-01 1.288900e-03 4.851700e-04
2.424159e-01 1.902640e-03 4.886521e-04
2.426867e-01 1.770930e-03 4.870903e-04
2.429575e-01 1.273710e-03 4.997746e-04
2.432283e-01 1.347521e-03 5.109657e-04
2.434992e-01 9.274501e-04 4.968845e-04
2.437700e-01 7.438399e-04 5.097970e-04
2.440408e-01 9.080302e-04 5.240386e-04
2.443116e-01 1.748290e-03 5.310285e-04
2.445824e-01 8.065496e-04 5.353275e-04
2.448532e-01 9.131096e-04 5.367863e-04
2.451240e-01 1.492549e-03 5.426506e-04
2.453949e-01 1.369100e-03 5.462947e-04
2.456657e-01 1.517680e-03 5.714027e-04
2.459365e-01 -8.375011e-05 5.673030e-04
2.462073e-01 1.908187e-04 5.652205e-04
2.464781e-01 -4.920010e-04 5.824823e-04
2.467489e-01 1.016349e-03 6.080744e-04
2.470197e-01 9.350609e-04 5.998000e-04
2.472906e-01 7.782802e-04 6.312739e-04
2.475614e-01 1.906391e-03 6.246926e-04
2.478322e-01 1.025312e-03 6.516478e-04
2.481030e-01 6.557107e-04 6.348195e-04
2.483738e-01 6.360002e-04 6.580581e-04
2.486446e-01 4.746895e-04 6.932411e-04
2.489154e-01 5.089398e-04 6.956188e-04
2.491863e-01 1.195859e-03 7.051270e-04
2.494571e-01 -9.519048e-05 6.974182e-04
2.497279e-01 8.338597e-04 7.344199e-04
2.499987e-01 -6.182790e-04 7.567207e-04
2.502695e-01 1.183951e-03 7.741947e-04
2.505403e-01 1.151562e-03 7.963864e-04
2.508111e-01 6.294008e-04 7.995653e-04
2.510819e-01 1.230700e-03 8.395192e-04
2.513528e-01 6.263014e-04 8.400020e-04
2.516236e-01 -9.455699e-04 8.855921e-04
2.518944e-01 -1.173262e-03 8.960930e-04
2.521652e-01 6.665103e-05 9.622953e-04
2.524360e-01 6.687790e-04 9.703603e-04
2.527068e-01 3.541075e-05 9.455506e-04
2.529776e-01 6.897990e-04 1.013905e-03
2.532485e-01 -1.629040e-03 1.013870e-03
2.535193e-01 8.540042e-05 1.081926e-03
2.537901e-01 1.223169e-03 1.068001e-03
2.540609e-01 -6.129798e-04 1.046095e-03
2.543317e-01 -2.134498e-04 1.110254e-03
2.546025e-01 1.032300e-03 1.171051e-03
2.548733e-01 3.676694e-04 1.188123e-03
2.551441e-01 4.792288e-04 1.223694e-03
2.554150e-01 6.904099e-04 1.303928e-03
2.556858e-01 7.095709e-04 1.310657e-03
2.559566e-01 1.386829e-03 1.519474e-03
2.562274e-01 1.605472e-03 1.555229e-03
2.564982e-01 -6.098300e-04 1.705200e-03
2.567690e-01 1.099460e-03 1.953305e-03
2.570398e-01 -2.309250e-03 2.023829e-03
2.573107e-01 4.517306e-04 2.058030e-03
2.575815e-01 2.070107e-04 2.796392e-03
2.578523e-01 -6.569998e-03 3.880407e-03
2.581231e-01 6.811351e-03 4.994967e-03
