3.286826e-03 5.335379e-02 0.000000e+00
3.557641e-03 -1.516180e-01 9.189121e-02
3.828455e-03 -1.562467e-01 5.658876e-02
4.099269e-03 -7.756996e-02 4.338832e-02
4.370084e-03 -8.380103e-02 3.275456e-02
4.640898e-03 -6.039500e-02 2.250202e-02
4.911712e-03 -2.833009e-02 1.882459e-02
5.182527e-03 -2.878594e-02 1.469215e-02
5.453341e-03 -6.214976e-03 1.329613e-02
5.724155e-03 -1.347709e-02 1.012628e-02
5.994970e-03 -1.124704e-02 8.801370e-03
6.265784e-03 -1.182365e-02 7.646945e-03
6.536598e-03 -5.144298e-03 6.020904e-03
6.807412e-03 -4.442990e-03 5.577261e-03
7.078227e-03 -8.198857e-03 4.856509e-03
7.349041e-03 -9.884536e-03 4.238134e-03
7.619855e-03 -2.368987e-04 3.661212e-03
7.890671e-03 -2.889901e-03 3.195745e-03
8.161485e-03 -3.088504e-03 2.949572e-03
8.432299e-03 2.361000e-03 2.704990e-03
8.703114e-03 -2.058089e-03 2.466067e-03
8.973928e-03 -6.037056e-04 2.273690e-03
9.244742e-03 3.218949e-04 2.079076e-03
9.515557e-03 8.399040e-04 1.993423e-03
9.786371e-03 -2.949610e-03 1.838419e-03
1.005718e-02 -9.635985e-04 1.747604e-03
1.032800e-02 -2.396107e-04 1.557732e-03
1.059881e-02 -1.345396e-03 1.509656e-03
1.086963e-02 1.885504e-03 1.427709e-03
1.114044e-02 2.568960e-04 1.338612e-03
1.141126e-02 1.665056e-04 1.279389e-03
1.168207e-02 -7.251054e-04 1.217678e-03
1.195289e-02 -9.602904e-04 1.166931e-03
1.222370e-02 -6.706044e-04 1.110157e-03
1.249451e-02 -5.693063e-04 1.047578e-03
1.276533e-02 -5.666018e-04 1.037693e-03
1.303614e-02 -9.948686e-04 9.670667e-04
1.330696e-02 1.543760e-04 9.192455e-04
1.357777e-02 -5.519912e-04 9.094113e-04
1.384859e-02 -5.435348e-04 8.706378e-04
1.411940e-02 -1.032166e-03 8.285299e-04
1.439021e-02 -6.448030e-04 7.959816e-04
1.466103e-02 3.352225e-03 7.814403e-04
1.493184e-02 6.537065e-04 7.716360e-04
1.520266e-02 6.541610e-05 7.389862e-04
1.547347e-02 -9.520128e-04 7.136309e-04
1.574429e-02 3.007799e-04 6.918385e-04
1.601510e-02 4.604384e-04 6.744168e-04
1.628591e-02 3.658272e-04 6.583457e-04
1.655673e-02 9.036511e-04 6.445179e-04
1.682754e-02 4.736707e-04 6.277685e-04
1.709836e-02 -5.631484e-04 6.200992e-04
1.736917e-02 4.705116e-04 5.979193e-04
1.763999e-02 4.066788e-04 5.992239e-04
1.791080e-02 -5.067885e-05 5.751217e-04
1.818161e-02 1.333330e-03 5.768892e-04
1.845243e-02 -1.161508e-04 5.711914e-04
1.872324e-02 1.306649e-03 5.613889e-04
1.899406e-02 7.018968e-04 5.596662e-04
1.926487e-02 8.189380e-04 5.543494e-04
1.953569e-02 -4.063919e-04 5.458778e-04
1.980650e-02 6.246977e-04 5.459948e-04
2.007731e-02 3.980584e-04 5.378439e-04
2.034813e-02 3.349297e-04 5.318582e-04
2.061894e-02 4.947595e-04 5.246747e-04
2.088976e-02 -2.996698e-04 5.203664e-04
2.116057e-02 -3.055893e-04 5.227680e-04
2.143139e-02 2.410412e-04 5.026380e-04
2.170220e-02 1.453310e-04 5.080487e-04
2.197302e-02 8.123703e-04 5.078619e-04
2.224383e-02 2.339892e-04 4.913659e-04
2.251465e-02 1.342658e-03 4.824872e-04
2.278546e-02 7.461905e-04 4.718674e-04
2.305627e-02 5.957708e-04 4.730035e-04
2.332709e-02 7.626042e-05 4.679958e-04
2.359790e-02 3.905110e-04 4.553312e-04
2.386872e-02 9.143613e-04 4.489227e-04
2.413953e-02 -7.954203e-04 4.416054e-04
2.441034e-02 -4.224852e-05 4.326599e-04
2.468116e-02 5.052388e-04 4.349295e-04
2.495197e-02 -5.950294e-04 4.266214e-04
2.522279e-02 -2.583116e-05 4.237770e-04
2.549360e-02 4.130788e-04 4.122752e-04
2.576442e-02 3.106892e-04 4.068850e-04
2.603523e-02 1.074784e-04 4.090308e-04
2.630604e-02 6.740689e-04 4.049804e-04
2.657686e-02 2.902113e-04 3.987727e-04
2.684767e-02 3.726296e-04 3.906579e-04
2.711849e-02 -5.132891e-04 3.947755e-04
2.738930e-02 -4.094839e-05 3.947269e-04
2.766012e-02 -7.604808e-05 3.857957e-04
2.793093e-02 3.983304e-04 3.810920e-04
2.820175e-02 2.250411e-04 3.695706e-04
2.847256e-02 -3.648177e-05 3.734497e-04
2.874337e-02 4.508309e-04 3.650913e-04
2.901419e-02 -2.417006e-04 3.622443e-04
2.928500e-02 -2.326295e-04 3.618391e-04
2.955582e-02 -7.475913e-05 3.587434e-04
2.982663e-02 4.405901e-04 3.575250e-04
3.009745e-02 4.311390e-04 3.573372e-04
3.036826e-02 2.051815e-04 3.526943e-04
3.063907e-02 -3.296882e-05 3.514996e-04
3.090989e-02 -1.156703e-04 3.448537e-04
3.118070e-02 -1.370683e-04 3.471846e-04
3.145152e-02 -3.459714e-04 3.406002e-04
3.172233e-02 -2.147481e-04 3.420301e-04
3.199315e-02 -2.024807e-04 3.422512e-04
3.226396e-02 -2.840012e-04 3.396162e-04
3.253478e-02 -3.286786e-04 3.398497e-04
3.280559e-02 9.367913e-04 3.288583e-04
3.307641e-02 -1.449808e-04 3.298062e-04
3.334722e-02 -2.838597e-04 3.310078e-04
3.361803e-02 -2.237782e-04 3.276201e-04
3.388885e-02 -2.750233e-04 3.244714e-04
3.415966e-02 2.485104e-04 3.241510e-04
3.443048e-02 6.779283e-04 3.208391e-04
3.470129e-02 4.888810e-04 3.206701e-04
3.497211e-02 -2.973117e-04 3.203861e-04
3.524292e-02 -1.646988e-04 3.146834e-04
3.551374e-02 -5.839765e-05 3.177223e-04
3.578455e-02 7.018298e-04 3.137534e-04
3.605536e-02 -9.883940e-05 3.126058e-04
3.632618e-02 3.203750e-07 3.118458e-04
3.659699e-02 -5.621836e-05 3.101292e-04
3.686780e-02 6.376803e-04 3.057198e-04
3.713862e-02 1.949407e-04 3.055656e-04
3.740944e-02 1.237504e-04 3.047754e-04
3.768025e-02 3.707297e-04 3.022301e-04
3.795106e-02 4.501604e-04 2.985549e-04
3.822188e-02 -4.543401e-04 3.012683e-04
3.849269e-02 -2.175942e-05 2.984599e-04
3.876351e-02 4.084706e-04 2.978629e-04
3.903432e-02 -3.983416e-04 2.996397e-04
3.930514e-02 3.967807e-05 2.960625e-04
3.957595e-02 2.897494e-04 2.917558e-04
3.984676e-02 -1.105480e-04 2.901245e-04
4.011758e-02 -2.312995e-04 2.922425e-04
4.038839e-02 2.659000e-04 2.884774e-04
4.065921e-02 -1.023300e-04 2.865903e-04
4.093002e-02 5.697701e-04 2.850954e-04
4.120084e-02 8.917972e-05 2.842677e-04
4.147165e-02 -2.861880e-04 2.865967e-04
4.174246e-02 2.893005e-04 2.840509e-04
4.201328e-02 4.666094e-04 2.801740e-04
4.228409e-02 -1.474582e-04 2.834908e-04
4.255491e-02 2.979673e-04 2.803679e-04
4.282572e-02 4.286915e-04 2.819091e-04
4.309653e-02 -3.786813e-04 2.761272e-04
4.336735e-02 3.432389e-04 2.746962e-04
4.363817e-02 -4.995689e-04 2.775656e-04
4.390898e-02 9.933114e-05 2.752192e-04
4.417979e-02 -2.056286e-04 2.732984e-04
4.445061e-02 -4.667975e-05 2.703602e-04
4.472142e-02 2.379399e-04 2.696041e-04
4.499224e-02 -3.060102e-04 2.741351e-04
4.526305e-02 4.813075e-05 2.680724e-04
4.553387e-02 -3.499594e-04 2.673064e-04
4.580468e-02 3.435388e-04 2.684507e-04
4.607549e-02 -4.736595e-04 2.684424e-04
4.634631e-02 -3.418792e-04 2.661025e-04
4.661712e-02 -2.893098e-04 2.669704e-04
4.688794e-02 1.757685e-04 2.645271e-04
4.715875e-02 -5.602799e-04 2.629228e-04
4.742957e-02 2.058968e-05 2.589072e-04
4.770038e-02 4.073996e-04 2.591877e-04
4.797119e-02 1.760200e-06 2.579294e-04
4.824201e-02 5.874969e-05 2.568980e-04
4.851282e-02 -6.077066e-05 2.600515e-04
4.878364e-02 4.929863e-05 2.568085e-04
4.905445e-02 -3.430005e-04 2.567481e-04
4.932526e-02 1.203399e-04 2.560488e-04
4.959608e-02 -6.007962e-05 2.543502e-04
4.986690e-02 1.430400e-04 2.528062e-04
5.013771e-02 -1.436900e-04 2.526794e-04
5.040852e-02 -9.562075e-05 2.529698e-04
5.067934e-02 8.642115e-05 2.542682e-04
5.095015e-02 2.614316e-04 2.496718e-04
5.122096e-02 -2.653394e-04 2.504163e-04
5.149178e-02 1.401082e-05 2.495450e-04
5.176260e-02 -1.875404e-04 2.504340e-04
5.203341e-02 -2.233610e-04 2.487760e-04
5.230422e-02 1.825299e-04 2.436529e-04
5.257504e-02 1.326203e-04 2.472349e-04
5.284585e-02 1.617800e-04 2.452922e-04
5.311667e-02 2.296306e-04 2.425965e-04
5.338748e-02 -2.860501e-04 2.488565e-04
5.365830e-02 2.650209e-04 2.472549e-04
5.392911e-02 9.849668e-06 2.507536e-04
5.419992e-02 4.882291e-04 2.490035e-04
5.447074e-02 1.044702e-04 2.485165e-04
5.474155e-02 -4.105903e-04 2.533739e-04
5.501237e-02 -1.317915e-04 2.563439e-04
5.528318e-02 -2.518594e-04 2.586605e-04
5.555400e-02 -3.901869e-05 2.602631e-04
5.582481e-02 -5.493909e-04 2.622044e-04
5.609563e-02 9.330921e-05 2.619777e-04
5.636644e-02 1.754053e-05 2.651175e-04
5.663725e-02 2.640598e-04 2.637952e-04
5.690807e-02 -1.276899e-04 2.655498e-04
5.717888e-02 6.913021e-05 2.630854e-04
5.744969e-02 1.128204e-04 2.638858e-04
5.772051e-02 1.455098e-05 2.667269e-04
5.799133e-02 1.125969e-05 2.655083e-04
5.826214e-02 -1.153015e-04 2.681120e-04
5.853295e-02 1.163315e-04 2.667144e-04
5.880377e-02 5.095080e-05 2.665399e-04
5.907458e-02 -8.854084e-05 2.647462e-04
5.934540e-02 1.387112e-04 2.667496e-04
5.961621e-02 -1.740512e-04 2.686704e-04
5.988703e-02 -2.497509e-04 2.723111e-04
6.015784e-02 1.577493e-04 2.694590e-04
6.042865e-02 2.602302e-04 2.695662e-04
6.069947e-02 1.468398e-04 2.628342e-04
6.097028e-02 1.607295e-04 2.646860e-04
6.124110e-02 1.692027e-05 2.591670e-04
6.151191e-02 1.117308e-04 2.609886e-04
6.178273e-02 -4.039593e-04 2.595771e-04
6.205354e-02 -2.570301e-04 2.565706e-04
6.232436e-02 6.315000e-04 2.554450e-04
6.259517e-02 -3.936198e-04 2.555526e-04
6.286598e-02 -9.278953e-05 2.556139e-04
6.313679e-02 -3.069006e-04 2.547979e-04
6.340761e-02 2.156794e-04 2.545075e-04
6.367842e-02 3.018305e-04 2.529057e-04
6.394923e-02 -4.716292e-04 2.528760e-04
6.422005e-02 2.815016e-05 2.556607e-04
6.449086e-02 -2.928805e-04 2.558422e-04
6.476168e-02 -3.107600e-04 2.519114e-04
6.503250e-02 1.152102e-04 2.533900e-04
6.530331e-02 -2.563000e-05 2.533727e-04
6.557412e-02 -1.078602e-04 2.494292e-04
6.584494e-02 -4.313309e-04 2.538442e-04
6.611575e-02 -3.463197e-04 2.522131e-04
6.638657e-02 1.402907e-04 2.518850e-04
6.665738e-02 -8.101948e-05 2.480304e-04
6.692819e-02 3.915094e-05 2.501586e-04
6.719901e-02 -1.952294e-04 2.484538e-04
6.746982e-02 -3.176313e-04 2.502219e-04
6.774063e-02 8.432940e-05 2.490506e-04
6.801146e-02 -2.465025e-05 2.482539e-04
6.828227e-02 -1.747198e-04 2.453234e-04
6.855308e-02 -2.589077e-07 2.491516e-04
6.882390e-02 2.336390e-04 2.488050e-04
6.909471e-02 7.849932e-05 2.488482e-04
6.936552e-02 3.107116e-04 2.425049e-04
6.963634e-02 -1.064688e-04 2.471086e-04
6.990715e-02 -1.443718e-04 2.466254e-04
7.017796e-02 2.381951e-05 2.429529e-04
7.044878e-02 -1.723506e-04 2.424874e-04
7.071959e-02 3.522895e-04 2.419300e-04
7.099041e-02 -5.400199e-04 2.440405e-04
7.126123e-02 7.468089e-05 2.414261e-04
7.153204e-02 -1.930986e-04 2.410037e-04
7.180285e-02 -3.389791e-04 2.440546e-04
7.207367e-02 7.865950e-05 2.407665e-04
7.234448e-02 1.065098e-04 2.410425e-04
7.261530e-02 3.305487e-04 2.407668e-04
7.288611e-02 -3.470853e-05 2.400763e-04
7.315692e-02 1.114085e-04 2.411611e-04
7.342774e-02 -1.617298e-04 2.411407e-04
7.369855e-02 -2.529211e-04 2.397167e-04
7.396936e-02 -3.073700e-04 2.399880e-04
7.424019e-02 2.520382e-04 2.403852e-04
7.451100e-02 8.496083e-05 2.385952e-04
7.478181e-02 -2.757013e-04 2.391259e-04
7.505263e-02 1.246501e-04 2.363794e-04
7.532344e-02 6.926209e-04 2.410062e-04
7.559425e-02 -2.671033e-06 2.366678e-04
7.586507e-02 -1.520403e-04 2.366853e-04
7.613588e-02 1.425818e-04 2.363258e-04
7.640669e-02 3.501792e-04 2.347706e-04
7.667751e-02 -2.353787e-04 2.376339e-04
7.694832e-02 5.284138e-05 2.368496e-04
7.721914e-02 -4.531108e-04 2.344264e-04
7.748996e-02 4.102997e-04 2.354031e-04
7.776077e-02 -1.048893e-04 2.346122e-04
7.803158e-02 -1.272913e-04 2.362958e-04
7.830240e-02 2.086107e-04 2.340223e-04
7.857321e-02 5.158484e-04 2.346158e-04
7.884403e-02 -4.436001e-04 2.346164e-04
7.911484e-02 3.656503e-04 2.320138e-04
7.938565e-02 3.769808e-04 2.337505e-04
7.965647e-02 -3.186204e-04 2.330390e-04
7.992728e-02 4.353095e-04 2.324613e-04
8.019809e-02 4.036501e-04 2.304873e-04
8.046892e-02 1.535602e-04 2.311349e-04
8.073973e-02 -2.610385e-04 2.325948e-04
8.101054e-02 -1.699105e-04 2.307291e-04
8.128136e-02 -1.755208e-04 2.313224e-04
8.155217e-02 9.731948e-05 2.312143e-04
8.182298e-02 -3.736913e-04 2.312336e-04
8.209380e-02 -1.223404e-04 2.280237e-04
8.236461e-02 -5.459003e-04 2.315081e-04
8.263543e-02 5.542412e-04 2.295369e-04
8.290624e-02 6.106868e-05 2.290149e-04
8.317705e-02 -3.354400e-04 2.275369e-04
8.344787e-02 -2.503116e-04 2.280276e-04
8.371869e-02 -2.749078e-05 2.304333e-04
8.398950e-02 -3.154911e-04 2.278010e-04
8.426031e-02 1.020208e-04 2.280314e-04
8.453113e-02 1.231804e-04 2.263932e-04
8.480194e-02 6.309897e-05 2.269654e-04
8.507276e-02 3.262907e-04 2.249602e-04
8.534357e-02 -2.382807e-04 2.259131e-04
8.561438e-02 -2.391115e-04 2.259364e-04
8.588520e-02 2.484899e-04 2.236788e-04
8.615601e-02 2.292097e-04 2.246264e-04
8.642682e-02 -1.149084e-04 2.255803e-04
8.669765e-02 -1.530796e-04 2.232284e-04
8.696846e-02 -5.401671e-07 2.244147e-04
8.723927e-02 4.101191e-04 2.240001e-04
8.751009e-02 -1.388509e-04 2.236098e-04
8.778090e-02 4.144944e-05 2.221154e-04
8.805171e-02 -1.674499e-04 2.245333e-04
8.832253e-02 4.063584e-04 2.228436e-04
8.859334e-02 -9.746850e-05 2.208503e-04
8.886416e-02 2.633967e-05 2.232415e-04
8.913497e-02 9.069964e-05 2.217722e-04
8.940578e-02 9.983033e-05 2.223478e-04
8.967660e-02 1.424700e-04 2.228395e-04
8.994742e-02 -1.054071e-05 2.203816e-04
9.021823e-02 2.287310e-04 2.201912e-04
9.048904e-02 1.366995e-05 2.215239e-04
9.075986e-02 3.090296e-04 2.208896e-04
9.103067e-02 1.433603e-04 2.214171e-04
9.130149e-02 -1.656599e-04 2.198563e-04
9.157230e-02 4.984997e-05 2.195272e-04
9.184311e-02 -9.215064e-05 2.220300e-04
9.211393e-02 -5.145930e-05 2.194727e-04
9.238474e-02 4.028697e-04 2.192391e-04
9.265555e-02 -2.647936e-05 2.207085e-04
9.292637e-02 1.431201e-04 2.167119e-04
9.319719e-02 9.188987e-05 2.193258e-04
9.346800e-02 -8.385070e-05 2.183246e-04
9.373882e-02 2.173893e-05 2.164840e-04
9.400963e-02 -1.165196e-04 2.176502e-04
9.428044e-02 -4.141796e-04 2.198938e-04
9.455126e-02 9.564124e-05 2.169690e-04
9.482207e-02 6.875023e-05 2.160563e-04
9.509289e-02 2.447888e-05 2.173957e-04
9.536370e-02 -4.533865e-05 2.179887e-04
9.563451e-02 1.368895e-04 2.159204e-04
9.590533e-02 -2.097394e-04 2.184644e-04
9.617615e-02 -1.036506e-04 2.144148e-04
9.644696e-02 2.690032e-05 2.165420e-04
9.671777e-02 2.557039e-05 2.157515e-04
9.698859e-02 -3.728792e-04 2.127030e-04
9.725940e-02 -3.039204e-04 2.147290e-04
9.753022e-02 -3.799293e-04 2.140548e-04
9.780103e-02 2.317000e-04 2.144817e-04
9.807184e-02 8.802116e-05 2.129253e-04
9.834266e-02 -1.763199e-04 2.132676e-04
9.861347e-02 -2.459791e-04 2.136401e-04
9.888428e-02 1.893900e-04 2.110082e-04
9.915510e-02 1.322813e-04 2.135682e-04
9.942592e-02 -9.550154e-05 2.114958e-04
9.969673e-02 2.321713e-04 2.137306e-04
9.996755e-02 3.285613e-04 2.121532e-04
1.002384e-01 3.240705e-04 2.094475e-04
1.005092e-01 6.067939e-05 2.131526e-04
1.007800e-01 1.657195e-04 2.111395e-04
1.010508e-01 -6.414019e-05 2.120069e-04
1.013216e-01 -2.122801e-04 2.119178e-04
1.015924e-01 -5.025975e-05 2.117148e-04
1.018632e-01 -4.903972e-05 2.124637e-04
1.021341e-01 6.251968e-05 2.118166e-04
1.024049e-01 1.506694e-04 2.107836e-04
1.026757e-01 -1.995098e-04 2.101071e-04
1.029465e-01 3.885515e-04 2.095671e-04
1.032173e-01 5.621463e-06 2.096199e-04
1.034881e-01 -3.148895e-04 2.088733e-04
1.037589e-01 -1.128018e-05 2.079896e-04
1.040298e-01 -3.976803e-04 2.085283e-04
1.043006e-01 1.369789e-04 2.094016e-04
1.045714e-01 -4.414394e-04 2.073034e-04
1.048422e-01 -1.789611e-04 2.074468e-04
1.051130e-01 -2.708901e-04 2.079408e-04
1.053838e-01 1.187064e-05 2.072369e-04
1.056546e-01 -9.620935e-05 2.072666e-04
1.059255e-01 -1.216512e-04 2.068343e-04
1.061963e-01 2.398901e-04 2.061847e-04
1.064671e-01 -2.423003e-04 2.054711e-04
1.067379e-01 5.535707e-04 2.060352e-04
1.070087e-01 1.189113e-05 2.075443e-04
1.072795e-01 -5.588122e-05 2.060308e-04
1.075503e-01 1.331102e-04 2.062696e-04
1.078212e-01 -2.645906e-04 2.067467e-04
1.080920e-01 -2.130996e-04 2.047780e-04
1.083628e-01 2.585296e-04 2.053136e-04
1.086336e-01 -3.869515e-04 2.051606e-04
1.089044e-01 -3.120117e-05 2.062533e-04
1.091752e-01 2.528392e-04 2.038905e-04
1.094460e-01 2.210513e-04 2.027912e-04
1.097169e-01 5.132407e-04 2.066067e-04
1.099877e-01 2.411008e-05 2.040097e-04
1.102585e-01 1.236498e-04 2.041820e-04
1.105293e-01 2.907962e-05 2.069946e-04
1.108001e-01 -1.283400e-04 2.096092e-04
1.110709e-01 1.003109e-04 2.111423e-04
1.113417e-01 1.221802e-04 2.087824e-04
1.116126e-01 -1.134500e-04 2.114677e-04
1.118834e-01 2.745409e-04 2.106981e-04
1.121542e-01 -7.268041e-05 2.143684e-04
1.124250e-01 -9.324960e-05 2.149458e-04
1.126958e-01 3.391299e-04 2.166108e-04
1.129666e-01 2.996400e-04 2.152880e-04
1.132374e-01 -7.135049e-05 2.202974e-04
1.135083e-01 -8.135103e-05 2.240588e-04
1.137791e-01 -9.215064e-05 2.233609e-04
1.140499e-01 1.938995e-04 2.224892e-04
1.143207e-01 -2.201088e-05 2.270536e-04
1.145915e-01 -3.772005e-04 2.264929e-04
1.148623e-01 2.310202e-04 2.290567e-04
1.151332e-01 -5.898997e-06 2.275713e-04
1.154040e-01 3.933404e-04 2.302810e-04
1.156748e-01 -2.813805e-04 2.324792e-04
1.159456e-01 3.976002e-05 2.335925e-04
1.162164e-01 2.735909e-04 2.343630e-04
1.164872e-01 1.357701e-04 2.344538e-04
1.167580e-01 1.184400e-04 2.395785e-04
1.170288e-01 -1.419317e-04 2.385325e-04
1.172997e-01 4.854985e-05 2.366452e-04
1.175705e-01 4.541297e-04 2.380878e-04
1.178413e-01 -1.455788e-04 2.403716e-04
1.181121e-01 -2.741888e-04 2.374780e-04
1.183829e-01 2.663508e-04 2.309569e-04
1.186537e-01 -1.722910e-04 2.323446e-04
1.189246e-01 -1.328308e-04 2.316891e-04
1.191954e-01 -1.589954e-05 2.343165e-04
1.194662e-01 2.503023e-05 2.325117e-04
1.197370e-01 3.958195e-04 2.309056e-04
1.200078e-01 -4.263390e-04 2.317337e-04
1.202786e-01 -2.846587e-04 2.303361e-04
1.205494e-01 -2.837386e-04 2.301347e-04
1.208202e-01 -1.741312e-04 2.328705e-04
1.210911e-01 1.963601e-04 2.299786e-04
1.213619e-01 6.098114e-05 2.305460e-04
1.216327e-01 4.730001e-05 2.304748e-04
1.219035e-01 -2.101809e-04 2.314562e-04
1.221743e-01 -6.567873e-05 2.303418e-04
1.224451e-01 3.076494e-04 2.303304e-04
1.227160e-01 -1.034103e-04 2.328469e-04
1.229868e-01 2.031699e-04 2.282323e-04
1.232576e-01 1.599416e-04 2.306801e-04
1.235284e-01 5.360693e-06 2.296970e-04
1.237992e-01 4.770234e-06 2.297557e-04
1.240700e-01 6.094947e-05 2.317100e-04
1.243408e-01 -3.263913e-05 2.293667e-04
1.246117e-01 -4.499909e-04 2.317301e-04
1.248825e-01 -3.667921e-05 2.292203e-04
1.251533e-01 -2.253801e-04 2.284507e-04
1.254241e-01 -3.899895e-04 2.302521e-04
1.256949e-01 1.504607e-04 2.271149e-04
1.259657e-01 -4.941039e-05 2.293677e-04
1.262365e-01 3.410503e-04 2.263200e-04
1.265074e-01 8.243881e-05 2.279886e-04
1.267782e-01 8.763000e-05 2.269853e-04
1.270490e-01 3.671404e-04 2.276558e-04
1.273198e-01 -1.943503e-04 2.261985e-04
1.275906e-01 -9.891018e-05 2.252965e-04
1.278614e-01 -3.382415e-04 2.268797e-04
1.281322e-01 2.599787e-04 2.252158e-04
1.284031e-01 -2.632998e-04 2.254199e-04
1.286739e-01 -4.436709e-04 2.269000e-04
1.289447e-01 -4.507974e-05 2.245988e-04
1.292155e-01 3.274195e-04 2.246241e-04
1.294863e-01 1.485813e-04 2.234095e-04
1.297571e-01 -5.131308e-04 2.251593e-04
1.300279e-01 -1.329929e-06 2.234978e-04
1.302988e-01 2.026297e-04 2.245216e-04
1.305696e-01 1.801495e-04 2.257621e-04
1.308404e-01 -2.727099e-05 2.224778e-04
1.311112e-01 -1.615100e-05 2.253564e-04
1.313820e-01 -2.904497e-04 2.225350e-04
1.316528e-01 5.747937e-05 2.245780e-04
1.319236e-01 2.705511e-04 2.230608e-04
1.321945e-01 -1.936909e-04 2.233791e-04
1.324653e-01 -5.977042e-05 2.226621e-04
1.327361e-01 1.472998e-04 2.212567e-04
1.330069e-01 -4.870817e-06 2.234609e-04
1.332777e-01 -1.932289e-04 2.229298e-04
1.335485e-01 -2.373904e-04 2.209540e-04
1.338193e-01 5.524047e-05 2.232780e-04
1.340902e-01 1.295097e-04 2.203513e-04
1.343610e-01 1.521967e-05 2.236544e-04
1.346318e-01 -1.175199e-04 2.210309e-04
1.349026e-01 1.703184e-04 2.194757e-04
1.351734e-01 6.296858e-05 2.219031e-04
1.354442e-01 8.539110e-05 2.209562e-04
1.357151e-01 1.154989e-04 2.232171e-04
1.359859e-01 2.505071e-05 2.202872e-04
1.362567e-01 5.243104e-04 2.192593e-04
1.365275e-01 -1.907907e-04 2.207158e-04
1.367983e-01 4.205704e-04 2.171754e-04
1.370691e-01 1.777150e-05 2.223985e-04
1.373399e-01 -1.094192e-04 2.230880e-04
1.376107e-01 -1.177713e-04 2.243333e-04
1.378816e-01 -1.915805e-04 2.290758e-04
1.381524e-01 1.532026e-05 2.274481e-04
1.384232e-01 -2.140198e-04 2.313826e-04
1.386940e-01 -3.561378e-06 2.302826e-04
1.389648e-01 -1.441110e-04 2.320625e-04
1.392356e-01 -9.948947e-05 2.329191e-04
1.395064e-01 2.706796e-04 2.319935e-04
1.397773e-01 1.416411e-04 2.347829e-04
1.400481e-01 1.382995e-04 2.351738e-04
1.403189e-01 1.785792e-04 2.367270e-04
1.405897e-01 -6.913021e-05 2.372825e-04
1.408605e-01 -1.378898e-04 2.370986e-04
1.411313e-01 -3.192890e-04 2.418791e-04
1.414021e-01 2.458505e-04 2.401386e-04
1.416730e-01 -3.921390e-04 2.430809e-04
1.419438e-01 -3.138594e-04 2.411841e-04
1.422146e-01 -4.624017e-05 2.431900e-04
1.424854e-01 -2.577808e-04 2.423761e-04
1.427562e-01 1.862496e-04 2.434983e-04
1.430270e-01 2.505500e-04 2.427493e-04
1.432979e-01 -1.902301e-04 2.443840e-04
1.435687e-01 -1.473892e-04 2.452263e-04
1.438395e-01 1.436193e-04 2.459680e-04
1.441103e-01 1.909211e-06 2.478920e-04
1.443811e-01 3.522616e-04 2.468177e-04
1.446519e-01 2.546050e-05 2.458013e-04
1.449227e-01 -7.311068e-05 2.490781e-04
1.451935e-01 -1.606904e-04 2.465464e-04
1.454644e-01 1.498405e-04 2.482149e-04
1.457352e-01 -2.352595e-04 2.508934e-04
1.460060e-01 7.897057e-05 2.515425e-04
1.462768e-01 2.398100e-04 2.523154e-04
1.465476e-01 3.709085e-05 2.505243e-04
1.468184e-01 3.427006e-04 2.532668e-04
1.470892e-01 1.352094e-04 2.530169e-04
1.473601e-01 -5.621687e-04 2.537524e-04
1.476309e-01 6.293133e-05 2.531247e-04
1.479017e-01 -4.499294e-04 2.531383e-04
1.481725e-01 -2.582092e-04 2.543026e-04
1.484433e-01 2.254602e-04 2.495842e-04
1.487141e-01 -6.679408e-04 2.543693e-04
1.489850e-01 7.248856e-05 2.508175e-04
1.492558e-01 -1.410786e-04 2.511951e-04
1.495266e-01 -1.499988e-05 2.530247e-04
1.497974e-01 4.049893e-04 2.490446e-04
1.500682e-01 -1.278203e-04 2.521183e-04
1.503390e-01 2.999213e-04 2.516759e-04
1.506098e-01 3.866311e-04 2.491516e-04
1.508806e-01 -7.640570e-06 2.509763e-04
1.511515e-01 -6.633066e-05 2.510706e-04
1.514223e-01 4.663877e-05 2.520277e-04
1.516931e-01 2.907962e-05 2.527608e-04
1.519639e-01 3.429186e-04 2.485861e-04
1.522347e-01 7.435121e-05 2.557185e-04
1.525055e-01 1.170002e-04 2.505054e-04
1.527763e-01 -4.445799e-04 2.534008e-04
1.530472e-01 -2.943203e-04 2.532173e-04
1.533180e-01 -1.125894e-04 2.527502e-04
1.535888e-01 1.247041e-05 2.539883e-04
1.538596e-01 -1.011901e-04 2.530952e-04
1.541304e-01 -3.845990e-05 2.534633e-04
1.544012e-01 -1.906790e-04 2.528186e-04
1.546721e-01 -4.144013e-05 2.560404e-04
1.549429e-01 -1.436416e-04 2.535928e-04
1.552137e-01 -5.025044e-05 2.519130e-04
1.554845e-01 -2.466403e-04 2.523861e-04
1.557553e-01 -2.961010e-04 2.546006e-04
1.560261e-01 2.906602e-04 2.549490e-04
1.562969e-01 2.416596e-04 2.526313e-04
1.565678e-01 4.174802e-04 2.523819e-04
1.568386e-01 -1.567304e-04 2.523646e-04
1.571094e-01 4.061796e-04 2.552068e-04
1.573802e-01 2.388898e-04 2.522322e-04
1.576510e-01 5.836040e-05 2.516508e-04
1.579218e-01 -2.630055e-06 2.530915e-04
1.581926e-01 5.031936e-05 2.530813e-04
1.584634e-01 -4.582107e-07 2.527511e-04
1.587343e-01 4.881695e-04 2.511083e-04
1.590051e-01 -2.738498e-04 2.517753e-04
1.592759e-01 1.473501e-04 2.524775e-04
1.595467e-01 2.069492e-04 2.496427e-04
1.598175e-01 -2.133194e-04 2.517228e-04
1.600883e-01 2.237000e-04 2.496039e-04
1.603591e-01 -9.729899e-05 2.518050e-04
1.606300e-01 1.828801e-04 2.535694e-04
1.609008e-01 2.153106e-04 2.525043e-04
1.611716e-01 1.270790e-04 2.520983e-04
1.614424e-01 7.632002e-05 2.494108e-04
1.617132e-01 -2.112091e-04 2.519613e-04
1.619840e-01 1.299903e-04 2.499101e-04
1.622549e-01 1.907907e-04 2.496853e-04
1.625257e-01 2.544913e-04 2.496794e-04
1.627965e-01 -6.086938e-05 2.505972e-04
1.630673e-01 4.390497e-04 2.481303e-04
1.633381e-01 2.502613e-04 2.509254e-04
1.636089e-01 -1.087114e-04 2.497600e-04
1.638797e-01 9.591300e-04 2.506095e-04
1.641506e-01 1.367014e-04 2.502347e-04
1.644214e-01 -1.112502e-04 2.508195e-04
1.646922e-01 1.445301e-04 2.492442e-04
1.649630e-01 3.371201e-04 2.475262e-04
1.652338e-01 4.016701e-04 2.527674e-04
1.655046e-01 -9.275973e-05 2.518204e-04
1.657754e-01 3.440119e-05 2.503918e-04
1.660462e-01 2.179295e-06 2.517748e-04
1.663171e-01 5.580857e-05 2.516230e-04
1.665879e-01 7.277913e-05 2.530207e-04
1.668587e-01 -7.833168e-05 2.516259e-04
1.671295e-01 -2.199598e-04 2.520328e-04
1.674003e-01 3.408697e-04 2.514730e-04
1.676711e-01 -3.931113e-05 2.593340e-04
1.679420e-01 3.946014e-05 2.636424e-04
1.682128e-01 -4.244968e-05 2.680283e-04
1.684836e-01 1.408197e-04 2.731627e-04
1.687544e-01 -7.954054e-05 2.702603e-04
1.690252e-01 1.727100e-04 2.765843e-04
1.692960e-01 -1.189001e-04 2.722121e-04
1.695668e-01 -2.118014e-05 2.791158e-04
1.698377e-01 1.419894e-04 2.795595e-04
1.701085e-01 5.146116e-05 2.851624e-04
1.703793e-01 1.486018e-05 2.888277e-04
1.706501e-01 -2.293400e-04 2.851795e-04
1.709209e-01 2.151318e-04 2.883431e-04
1.711917e-01 4.061814e-04 2.895722e-04
1.714625e-01 4.252102e-04 2.899326e-04
1.717333e-01 7.454865e-05 2.990788e-04
1.720042e-01 2.535395e-04 2.968131e-04
1.722750e-01 7.742699e-04 3.015365e-04
1.725458e-01 3.147107e-04 3.015457e-04
1.728166e-01 3.110487e-04 3.023541e-04
1.730874e-01 1.997501e-04 3.035805e-04
1.733582e-01 1.513995e-04 3.074763e-04
1.736291e-01 1.838990e-04 3.109247e-04
1.738999e-01 4.538298e-04 3.029578e-04
1.741707e-01 3.642961e-05 3.165575e-04
1.744415e-01 -5.253498e-04 3.127598e-04
1.747123e-01 1.014899e-04 3.176061e-04
1.749831e-01 5.401205e-04 3.037465e-04
1.752539e-01 4.974995e-04 2.911519e-04
1.755248e-01 -1.257099e-04 2.966141e-04
1.757956e-01 -2.301708e-04 2.923659e-04
1.760664e-01 3.646202e-04 2.937799e-04
1.763372e-01 -1.603384e-04 2.936138e-04
1.766080e-01 -2.555810e-04 2.954937e-04
1.768788e-01 4.771594e-04 2.919301e-04
1.771496e-01 -5.136002e-04 2.854921e-04
1.774205e-01 7.261913e-04 2.862105e-04
1.776913e-01 1.098029e-05 2.851910e-04
1.779621e-01 4.607197e-04 2.857567e-04
1.782329e-01 -4.434958e-05 2.842850e-04
1.785037e-01 -1.367200e-04 2.803483e-04
1.787745e-01 -2.633892e-04 2.845579e-04
1.790453e-01 6.623007e-05 2.816866e-04
1.793161e-01 -9.240024e-05 2.797683e-04
1.795870e-01 5.565304e-04 2.796029e-04
1.798578e-01 3.802404e-04 2.755142e-04
1.801286e-01 2.186000e-05 2.779566e-04
1.803994e-01 1.071896e-04 2.747733e-04
1.806702e-01 -1.806766e-07 2.744076e-04
1.809410e-01 -3.829040e-05 2.742199e-04
1.812119e-01 -2.280995e-05 2.742112e-04
1.814827e-01 2.314094e-04 2.736807e-04
1.817535e-01 -2.776999e-04 2.719292e-04
1.820243e-01 -2.463907e-05 2.748991e-04
1.822951e-01 -2.199598e-04 2.743858e-04
1.825659e-01 1.818407e-04 2.710851e-04
1.828367e-01 -1.509301e-04 2.764306e-04
1.831076e-01 -6.164983e-05 2.687153e-04
1.833784e-01 -2.686288e-04 2.738506e-04
1.836492e-01 2.513807e-04 2.693892e-04
1.839200e-01 -9.416975e-05 2.720998e-04
1.841908e-01 -1.593493e-04 2.716339e-04
1.844616e-01 2.911612e-04 2.708514e-04
1.847324e-01 1.880992e-04 2.730836e-04
1.850033e-01 -2.169088e-04 2.698819e-04
1.852741e-01 -3.851093e-04 2.712807e-04
1.855449e-01 2.443809e-04 2.702554e-04
1.858157e-01 -7.299148e-05 2.711983e-04
1.860865e-01 -5.438924e-05 2.705687e-04
1.863573e-01 3.123004e-04 2.704027e-04
1.866281e-01 4.187897e-04 2.714847e-04
1.868990e-01 1.044795e-04 2.689166e-04
1.871698e-01 2.126507e-04 2.718983e-04
1.874406e-01 -4.706215e-04 2.721540e-04
1.877114e-01 5.133003e-04 2.673725e-04
1.879822e-01 1.656003e-04 2.711583e-04
1.882530e-01 -1.433697e-04 2.689625e-04
1.885238e-01 6.223843e-05 2.713917e-04
1.887947e-01 1.903605e-04 2.691215e-04
1.890655e-01 -4.458986e-05 2.707800e-04
1.893363e-01 3.326125e-05 2.718386e-04
1.896071e-01 3.388394e-04 2.675440e-04
1.898779e-01 5.502068e-05 2.717621e-04
1.901487e-01 1.960099e-04 2.710004e-04
1.904195e-01 -1.102127e-05 2.680624e-04
1.906904e-01 -3.464501e-04 2.713315e-04
1.909612e-01 -1.331996e-04 2.640771e-04
1.912320e-01 -8.604862e-05 2.715059e-04
1.915028e-01 5.931966e-05 2.647214e-04
1.917736e-01 -9.189919e-05 2.702910e-04
1.920444e-01 3.080089e-04 2.687813e-04
1.923153e-01 -4.173983e-04 2.688320e-04
1.925861e-01 4.970804e-04 2.691360e-04
1.928569e-01 3.829002e-04 2.674799e-04
1.931277e-01 8.289311e-04 2.660036e-04
1.933985e-01 3.238004e-04 2.678680e-04
1.936693e-01 1.499988e-05 2.705376e-04
1.939401e-01 6.786287e-04 2.683390e-04
1.942109e-01 3.051013e-05 2.654764e-04
1.944818e-01 7.265992e-05 2.693597e-04
1.947526e-01 -9.649061e-05 2.668202e-04
1.950234e-01 -2.839305e-04 2.690332e-04
1.952942e-01 1.036301e-04 2.689025e-04
1.955650e-01 -2.337098e-04 2.687031e-04
1.958358e-01 -4.867390e-04 2.691051e-04
1.961066e-01 6.035902e-04 2.689070e-04
1.963775e-01 -4.759915e-04 2.697265e-04
1.966483e-01 1.475196e-04 2.670746e-04
1.969191e-01 3.820304e-04 2.667969e-04
1.971899e-01 -1.527984e-04 2.686252e-04
1.974607e-01 4.108995e-05 2.692038e-04
1.977315e-01 2.562590e-04 2.668219e-04
1.980023e-01 -1.683701e-04 2.673415e-04
1.982732e-01 1.510512e-04 2.672883e-04
1.985440e-01 -3.868900e-04 2.703389e-04
1.988148e-01 6.039068e-05 2.661754e-04
1.990856e-01 -5.940795e-04 2.672977e-04
1.993564e-01 -2.800506e-04 2.673922e-04
1.996272e-01 -2.014078e-05 2.680892e-04
1.998980e-01 -5.342066e-05 2.675263e-04
2.001689e-01 1.424812e-04 2.663963e-04
2.004397e-01 9.578094e-05 2.667612e-04
2.007105e-01 1.362599e-04 2.641295e-04
2.009813e-01 2.452414e-04 2.629441e-04
2.012521e-01 4.341081e-05 2.648596e-04
2.015229e-01 -9.796023e-05 2.661046e-04
2.017937e-01 1.886189e-04 2.634193e-04
2.020646e-01 2.539158e-05 2.638358e-04
2.023354e-01 -3.618002e-05 2.651903e-04
2.026062e-01 7.106178e-05 2.631052e-04
2.028770e-01 3.395304e-04 2.657538e-04
2.031478e-01 7.155910e-05 2.622442e-04
2.034186e-01 1.212005e-04 2.649888e-04
2.036894e-01 1.165792e-04 2.627989e-04
2.039603e-01 -4.122294e-04 2.637068e-04
2.042311e-01 -4.376713e-04 2.646464e-04
2.045019e-01 -1.824498e-04 2.648689e-04
2.047727e-01 -6.431397e-04 2.624231e-04
2.050435e-01 -6.237067e-05 2.609582e-04
2.053143e-01 -3.218092e-05 2.644036e-04
2.055852e-01 -1.368299e-04 2.633206e-04
2.058560e-01 -1.995079e-05 2.618007e-04
2.061268e-01 5.309694e-04 2.602367e-04
2.063976e-01 -3.314912e-04 2.627311e-04
2.066684e-01 4.014000e-05 2.612552e-04
2.069392e-01 8.113123e-05 2.599894e-04
2.072100e-01 -3.232993e-05 2.617318e-04
2.074808e-01 -2.297107e-04 2.592662e-04
2.077517e-01 -2.671201e-04 2.589531e-04
2.080225e-01 4.155003e-05 2.589062e-04
2.082933e-01 6.077997e-05 2.568208e-04
2.085641e-01 -5.794130e-05 2.587898e-04
2.088349e-01 -9.732880e-05 2.615218e-04
2.091057e-01 -1.758393e-04 2.585371e-04
2.093765e-01 -7.942133e-05 2.576568e-04
2.096474e-01 1.844894e-04 2.594584e-04
2.099182e-01 -4.794076e-05 2.605540e-04
2.101890e-01 -3.098715e-04 2.601312e-04
2.104598e-01 -8.003972e-05 2.591986e-04
2.107306e-01 5.793944e-05 2.584445e-04
2.110014e-01 1.289696e-04 2.601828e-04
2.112723e-01 -2.100784e-04 2.606208e-04
2.115431e-01 -1.259595e-04 2.582686e-04
2.118139e-01 -2.730601e-04 2.604386e-04
2.120847e-01 -5.163066e-05 2.601309e-04
2.123555e-01 2.616011e-04 2.634909e-04
2.126263e-01 3.523696e-04 2.573123e-04
2.128971e-01 3.605112e-04 2.599734e-04
2.131680e-01 5.477108e-05 2.600810e-04
2.134388e-01 -2.012961e-05 2.592079e-04
2.137096e-01 -2.176389e-04 2.592078e-04
2.139804e-01 -1.727045e-05 2.615695e-04
2.142512e-01 8.616038e-05 2.588502e-04
2.145220e-01 9.300001e-05 2.610630e-04
2.147928e-01 5.477108e-05 2.624105e-04
2.150636e-01 -2.274700e-04 2.579171e-04
2.153345e-01 1.193900e-04 2.600928e-04
2.156053e-01 3.440864e-05 2.591540e-04
2.158761e-01 -1.009889e-04 2.601813e-04
2.161469e-01 1.322404e-04 2.601310e-04
2.164177e-01 -2.479907e-04 2.580654e-04
2.166885e-01 4.047006e-04 2.588911e-04
2.169593e-01 2.808403e-04 2.587188e-04
2.172302e-01 -4.962608e-04 2.599294e-04
2.175010e-01 -5.060993e-05 2.592099e-04
2.177718e-01 -3.170967e-05 2.623408e-04
2.180426e-01 -3.107693e-04 2.609625e-04
2.183134e-01 -3.089402e-04 2.595184e-04
2.185842e-01 7.800944e-05 2.593897e-04
2.188551e-01 3.889017e-05 2.582259e-04
2.191259e-01 6.313063e-05 2.597258e-04
2.193967e-01 4.527401e-04 2.570415e-04
2.196675e-01 -6.379504e-04 2.570067e-04
2.199383e-01 2.338607e-04 2.571048e-04
2.202091e-01 7.571839e-05 2.554194e-04
2.204799e-01 1.147389e-04 2.552381e-04
2.207507e-01 -3.495067e-05 2.576449e-04
2.210216e-01 1.745485e-04 2.564409e-04
2.212924e-01 3.414005e-04 2.557100e-04
2.215632e-01 -2.395399e-04 2.545720e-04
2.218340e-01 -2.839901e-04 2.568893e-04
2.221048e-01 -1.862217e-04 2.544981e-04
2.223756e-01 -8.243136e-05 2.544135e-04
2.226464e-01 2.039298e-04 2.535918e-04
2.229173e-01 1.665018e-05 2.529146e-04
2.231881e-01 9.210035e-05 2.549231e-04
2.234589e-01 -2.322607e-04 2.530401e-04
2.237297e-01 1.617000e-04 2.542098e-04
2.240005e-01 -4.261900e-04 2.552769e-04
2.242713e-01 -1.620706e-04 2.518035e-04
2.245422e-01 5.478039e-05 2.525805e-04
2.248130e-01 2.988912e-04 2.553093e-04
2.250838e-01 9.034947e-05 2.542718e-04
2.253546e-01 -1.842398e-04 2.532482e-04
2.256254e-01 -2.031587e-04 2.537374e-04
2.258962e-01 -2.717040e-05 2.543673e-04
2.261670e-01 -3.045052e-05 2.643585e-04
2.264379e-01 1.344997e-04 2.702398e-04
2.267087e-01 -1.134183e-04 2.737984e-04
2.269795e-01 1.789089e-04 2.767360e-04
2.272503e-01 -4.956815e-04 2.787384e-04
2.275211e-01 2.417304e-04 2.812819e-04
2.277919e-01 5.758703e-04 2.875811e-04
2.280627e-01 7.399917e-05 2.859074e-04
2.283335e-01 -5.164929e-05 2.930147e-04
2.286044e-01 -2.815295e-04 2.914880e-04
2.288752e-01 4.711207e-04 2.982215e-04
2.291460e-01 4.904103e-04 2.989648e-04
2.294168e-01 -3.306996e-04 3.028849e-04
2.296876e-01 2.560001e-04 3.036233e-04
2.299584e-01 -9.348802e-04 3.040658e-04
2.302293e-01 -2.314597e-04 3.093742e-04
2.305001e-01 1.206715e-04 3.148602e-04
2.307709e-01 -1.674704e-04 3.156316e-04
2.310417e-01 -1.149010e-04 3.151511e-04
2.313125e-01 -7.126313e-04 3.189085e-04
2.315833e-01 1.168493e-04 3.234746e-04
2.318541e-01 2.013315e-04 3.262370e-04
2.321250e-01 5.245022e-05 3.315998e-04
2.323958e-01 2.694596e-04 3.308493e-04
2.326666e-01 1.192298e-04 3.344757e-04
2.329374e-01 -2.801698e-04 3.383289e-04
2.332082e-01 5.382113e-05 3.408298e-04
2.334790e-01 -3.640410e-04 3.420338e-04
2.337498e-01 2.876110e-05 3.469580e-04
2.340207e-01 6.989948e-05 3.463478e-04
2.342915e-01 -3.788099e-04 3.497844e-04
2.345623e-01 6.832797e-04 3.499490e-04
2.348331e-01 1.535416e-04 3.553524e-04
2.351039e-01 4.735030e-05 3.571067e-04
2.353747e-01 8.284189e-04 3.598432e-04
2.356455e-01 4.087016e-05 3.669099e-04
2.359163e-01 6.936118e-05 3.652300e-04
2.361872e-01 5.572010e-04 3.700023e-04
2.364580e-01 9.178929e-05 3.747176e-04
2.367288e-01 9.770133e-05 3.820276e-04
2.369996e-01 4.328694e-04 3.801084e-04
2.372704e-01 -4.450809e-04 3.855215e-04
2.375412e-01 -1.436491e-04 3.863588e-04
2.378121e-01 3.692135e-05 3.943320e-04
2.380829e-01 8.720905e-06 3.898083e-04
2.383537e-01 8.944813e-04 4.006545e-04
2.386245e-01 2.283696e-04 4.089640e-04
2.388953e-01 9.961985e-05 4.066670e-04
2.391661e-01 -2.846904e-04 4.061341e-04
2.394369e-01 -2.731010e-04 4.080360e-04
2.397078e-01 -2.606958e-05 4.103171e-04
2.399786e-01 3.310405e-04 4.195546e-04
2.402494e-01 4.461296e-04 4.209718e-04
2.405202e-01 -5.458388e-04 4.247894e-04
2.407910e-01 -1.001693e-04 4.349369e-04
2.410618e-01 -2.564806e-04 4.401376e-04
2.413326e-01 -8.313209e-04 4.417567e-04
2.416034e-01 1.989305e-06 4.385018e-04
2.418743e-01 5.662888e-04 4.592130e-04
2.421451e-01 -3.156904e-04 4.618063e-04
2.424159e-01 -3.297403e-04 4.673413e-04
2.426867e-01 7.055104e-04 4.617021e-04
2.429575e-01 6.855596e-04 4.787855e-04
2.432283e-01 -4.673004e-05 4.832522e-04
2.434992e-01 9.200405e-04 4.706877e-04
2.437700e-01 -9.729899e-05 4.844082e-04
2.440408e-01 -5.089510e-04 4.980256e-04
2.443116e-01 1.619402e-04 5.029549e-04
2.445824e-01 -6.050058e-05 5.064054e-04
2.448532e-01 -9.247307e-04 5.090194e-04
2.451240e-01 2.752189e-04 5.200085e-04
2.453949e-01 -3.615022e-05 5.314112e-04
2.456657e-01 5.644001e-04 5.334062e-04
2.459365e-01 -2.364106e-04 5.441503e-04
2.462073e-01 -6.835107e-04 5.506749e-04
2.464781e-01 5.307104e-04 5.624706e-04
2.467489e-01 -3.847592e-04 5.809106e-04
2.470197e-01 3.217794e-04 5.696077e-04
2.472906e-01 3.833808e-04 5.841368e-04
2.475614e-01 -1.456402e-04 5.989650e-04
2.478322e-01 2.766605e-04 6.153420e-04
2.481030e-01 -4.306491e-04 6.159734e-04
2.483738e-01 1.597891e-03 6.203614e-04
2.486446e-01 3.552604e-04 6.463746e-04
2.489154e-01 7.556397e-04 6.674592e-04
2.491863e-01 -6.593298e-04 6.670555e-04
2.494571e-01 -3.621895e-04 6.725954e-04
2.497279e-01 6.960612e-04 7.071267e-04
2.499987e-01 -2.108170e-03 7.277879e-04
2.502695e-01 4.956797e-04 7.208594e-04
2.505403e-01 1.612440e-03 7.474210e-04
2.508111e-01 -3.337301e-04 7.915430e-04
2.510819e-01 -6.300490e-04 8.271459e-04
2.513528e-01 5.580392e-04 7.805532e-04
2.516236e-01 -4.199706e-04 8.261446e-04
2.518944e-01 1.377771e-03 8.405552e-04
2.521652e-01 6.220192e-04 9.061264e-04
2.524360e-01 -9.858198e-04 9.374884e-04
2.527068e-01 -7.731300e-04 8.990833e-04
2.529776e-01 -2.805497e-04 9.651973e-04
2.532485e-01 7.480383e-06 1.006998e-03
2.535193e-01 1.558039e-03 1.005912e-03
2.537901e-01 1.233686e-04 1.034680e-03
2.540609e-01 -2.548695e-04 1.032573e-03
2.543317e-01 -8.960813e-04 1.089853e-03
2.546025e-01 1.434581e-03 1.101140e-03
2.548733e-01 5.794298e-04 1.210024e-03
2.551441e-01 2.045341e-03 1.185109e-03
2.554150e-01 -2.763871e-03 1.217955e-03
2.556858e-01 -2.319919e-03 1.289855e-03
2.559566e-01 1.600970e-03 1.499032e-03
2.562274e-01 3.334800e-03 1.429947e-03
2.564982e-01 -8.332413e-04 1.562322e-03
2.567690e-01 -1.178198e-04 1.751242e-03
2.570398e-01 1.268540e-03 2.020544e-03
2.573107e-01 2.391599e-04 2.058828e-03
2.575815e-01 -3.060261e-03 2.776939e-03
2.578523e-01 -7.901713e-04 3.572912e-03
2.581231e-01 2.920359e-03 5.635786e-03
