3.286826e-03 4.833252e+00 0.000000e+00
3.557641e-03 5.585434e+00 1.071845e-01
3.828455e-03 5.343113e+00 6.662159e-02
4.099269e-03 5.017016e+00 5.090051e-02
4.370084e-03 4.661157e+00 3.905676e-02
4.640898e-03 4.349322e+00 2.663703e-02
4.911712e-03 4.110753e+00 2.369713e-02
5.182527e-03 3.871972e+00 1.925965e-02
5.453341e-03 3.667630e+00 1.728788e-02
5.724155e-03 3.472961e+00 1.422984e-02
5.994970e-03 3.302535e+00 1.279510e-02
6.265784e-03 3.129752e+00 1.138249e-02
6.536598e-03 2.988744e+00 9.583174e-03
6.807412e-03 2.839927e+00 9.142436e-03
7.078227e-03 2.716961e+00 8.114608e-03
7.349041e-03 2.592103e+00 7.547536e-03
7.619855e-03 2.489112e+00 6.802056e-03
7.890671e-03 2.383460e+00 6.255513e-03
8.161485e-03 2.280224e+00 5.937578e-03
8.432299e-03 2.187466e+00 5.465347e-03
8.703114e-03 2.109292e+00 5.129619e-03
8.973928e-03 2.014205e+00 4.778095e-03
9.244742e-03 1.942772e+00 4.642952e-03
9.515557e-03 1.872411e+00 4.428233e-03
9.786371e-03 1.799322e+00 4.211733e-03
1.005718e-02 1.730986e+00 4.011419e-03
1.032800e-02 1.665066e+00 3.766256e-03
1.059881e-02 1.607248e+00 3.562339e-03
1.086963e-02 1.546625e+00 3.437297e-03
1.114044e-02 1.493416e+00 3.432774e-03
1.141126e-02 1.439657e+00 3.231544e-03
1.168207e-02 1.387278e+00 3.076714e-03
1.195289e-02 1.343425e+00 2.974020e-03
1.222370e-02 1.291176e+00 2.896704e-03
1.249451e-02 1.244977e+00 2.755164e-03
1.276533e-02 1.208072e+00 2.727745e-03
1.303614e-02 1.163180e+00 2.561041e-03
1.330696e-02 1.125635e+00 2.478709e-03
1.357777e-02 1.091382e+00 2.416002e-03
1.384859e-02 1.050531e+00 2.376949e-03
1.411940e-02 1.009485e+00 2.236043e-03
1.439021e-02 9.726384e-01 2.134930e-03
1.466103e-02 9.424654e-01 2.103588e-03
1.493184e-02 9.105033e-01 2.086380e-03
1.520266e-02 8.807144e-01 1.988042e-03
1.547347e-02 8.483459e-01 1.952375e-03
1.574429e-02 8.206271e-01 1.906213e-03
1.601510e-02 7.949235e-01 1.842968e-03
1.628591e-02 7.679214e-01 1.842466e-03
1.655673e-02 7.427979e-01 1.716102e-03
1.682754e-02 7.145795e-01 1.698309e-03
1.709836e-02 6.936527e-01 1.656733e-03
1.736917e-02 6.677709e-01 1.605947e-03
1.763999e-02 6.434031e-01 1.567911e-03
1.791080e-02 6.226921e-01 1.523299e-03
1.818161e-02 6.012081e-01 1.496900e-03
1.845243e-02 5.810523e-01 1.506113e-03
1.872324e-02 5.604065e-01 1.430169e-03
1.899406e-02 5.429723e-01 1.433122e-03
1.926487e-02 5.224376e-01 1.396453e-03
1.953569e-02 5.046283e-01 1.371383e-03
1.980650e-02 4.861300e-01 1.364412e-03
2.007731e-02 4.695514e-01 1.331423e-03
2.034813e-02 4.522585e-01 1.321491e-03
2.061894e-02 4.361334e-01 1.298200e-03
2.088976e-02 4.210146e-01 1.262033e-03
2.116057e-02 4.081415e-01 1.229522e-03
2.143139e-02 3.916825e-01 1.222322e-03
2.170220e-02 3.777963e-01 1.204790e-03
2.197302e-02 3.648863e-01 1.172381e-03
2.224383e-02 3.513903e-01 1.122889e-03
2.251465e-02 3.407676e-01 1.109074e-03
2.278546e-02 3.270916e-01 1.069486e-03
2.305627e-02 3.150491e-01 1.055688e-03
2.332709e-02 3.028614e-01 1.003498e-03
2.359790e-02 2.924431e-01 9.831156e-04
2.386872e-02 2.795159e-01 9.712287e-04
2.413953e-02 2.714120e-01 9.352773e-04
2.441034e-02 2.609425e-01 9.158160e-04
2.468116e-02 2.510482e-01 8.957412e-04
2.495197e-02 2.405538e-01 8.732872e-04
2.522279e-02 2.300515e-01 8.709694e-04
2.549360e-02 2.242258e-01 8.380107e-04
2.576442e-02 2.145743e-01 8.066821e-04
2.603523e-02 2.045772e-01 8.091200e-04
2.630604e-02 1.982424e-01 7.900007e-04
2.657686e-02 1.897595e-01 7.588777e-04
2.684767e-02 1.821895e-01 7.406233e-04
2.711849e-02 1.744322e-01 7.359370e-04
2.738930e-02 1.691508e-01 7.136949e-04
2.766012e-02 1.619364e-01 7.011530e-04
2.793093e-02 1.540394e-01 6.838321e-04
2.820175e-02 1.480746e-01 6.556636e-04
2.847256e-02 1.420463e-01 6.484281e-04
2.874337e-02 1.366002e-01 6.308221e-04
2.901419e-02 1.306512e-01 6.133635e-04
2.928500e-02 1.243804e-01 6.122903e-04
2.955582e-02 1.203751e-01 5.918566e-04
2.982663e-02 1.152748e-01 5.785389e-04
3.009745e-02 1.108952e-01 5.713820e-04
3.036826e-02 1.064249e-01 5.642520e-04
3.063907e-02 1.012891e-01 5.504176e-04
3.090989e-02 9.678374e-02 5.355630e-04
3.118070e-02 9.181829e-02 5.341726e-04
3.145152e-02 8.817419e-02 5.267947e-04
3.172233e-02 8.405744e-02 5.098653e-04
3.199315e-02 8.119582e-02 5.061414e-04
3.226396e-02 7.775029e-02 4.948121e-04
3.253478e-02 7.371075e-02 4.892349e-04
3.280559e-02 7.048484e-02 4.781510e-04
3.307641e-02 6.739888e-02 4.682516e-04
3.334722e-02 6.412473e-02 4.613716e-04
3.361803e-02 6.113810e-02 4.627216e-04
3.388885e-02 5.826784e-02 4.491098e-04
3.415966e-02 5.614357e-02 4.452705e-04
3.443048e-02 5.337664e-02 4.332082e-04
3.470129e-02 5.100460e-02 4.311329e-04
3.497211e-02 4.867359e-02 4.244573e-04
3.524292e-02 4.662730e-02 4.153640e-04
3.551374e-02 4.443923e-02 4.135584e-04
3.578455e-02 4.182679e-02 4.051816e-04
3.605536e-02 4.021144e-02 3.926997e-04
3.632618e-02 3.820781e-02 3.918229e-04
3.659699e-02 3.598944e-02 3.835434e-04
3.686780e-02 3.483690e-02 3.838062e-04
3.713862e-02 3.245505e-02 3.761776e-04
3.740944e-02 3.162086e-02 3.696870e-04
3.768025e-02 2.932112e-02 3.642534e-04
3.795106e-02 2.842369e-02 3.618152e-04
3.822188e-02 2.714662e-02 3.608763e-04
3.849269e-02 2.540753e-02 3.538141e-04
3.876351e-02 2.462554e-02 3.513447e-04
3.903432e-02 2.337340e-02 3.445856e-04
3.930514e-02 2.220582e-02 3.426404e-04
3.957595e-02 2.066352e-02 3.359461e-04
3.984676e-02 2.010199e-02 3.302026e-04
4.011758e-02 1.965854e-02 3.326591e-04
4.038839e-02 1.874844e-02 3.302306e-04
4.065921e-02 1.788602e-02 3.245407e-04
4.093002e-02 1.606730e-02 3.235083e-04
4.120084e-02 1.584487e-02 3.182904e-04
4.147165e-02 1.522825e-02 3.146026e-04
4.174246e-02 1.450438e-02 3.130206e-04
4.201328e-02 1.367790e-02 3.132017e-04
4.228409e-02 1.325883e-02 3.088772e-04
4.255491e-02 1.246603e-02 3.049503e-04
4.282572e-02 1.179959e-02 3.056083e-04
4.309653e-02 1.172544e-02 2.991068e-04
4.336735e-02 1.068205e-02 2.993248e-04
4.363817e-02 1.070835e-02 2.981699e-04
4.390898e-02 1.116199e-02 2.968319e-04
4.417979e-02 9.667160e-03 2.942158e-04
4.445061e-02 9.152031e-03 2.899296e-04
4.472142e-02 8.626608e-03 2.884502e-04
4.499224e-02 8.939421e-03 2.895703e-04
4.526305e-02 7.943269e-03 2.872045e-04
4.553387e-02 7.950779e-03 2.839349e-04
4.580468e-02 8.038109e-03 2.810351e-04
4.607549e-02 7.316599e-03 2.835107e-04
4.634631e-02 7.078199e-03 2.785335e-04
4.661712e-02 7.044800e-03 2.804408e-04
4.688794e-02 6.890791e-03 2.759333e-04
4.715875e-02 7.097142e-03 2.752517e-04
4.742957e-02 6.649310e-03 2.731011e-04
4.770038e-02 6.589770e-03 2.682029e-04
4.797119e-02 6.502790e-03 2.724943e-04
4.824201e-02 6.619841e-03 2.704207e-04
4.851282e-02 6.459860e-03 2.703817e-04
4.878364e-02 5.737718e-03 2.674850e-04
4.905445e-02 5.858298e-03 2.676871e-04
4.932526e-02 5.788680e-03 2.657043e-04
4.959608e-02 6.348552e-03 2.638978e-04
4.986690e-02 5.822157e-03 2.648841e-04
5.013771e-02 5.582590e-03 2.628077e-04
5.040852e-02 5.377760e-03 2.615585e-04
5.067934e-02 5.443802e-03 2.610728e-04
5.095015e-02 5.627900e-03 2.569328e-04
5.122096e-02 5.487600e-03 2.607529e-04
5.149178e-02 5.633578e-03 2.587517e-04
5.176260e-02 5.288001e-03 2.594953e-04
5.203341e-02 5.666701e-03 2.586017e-04
5.230422e-02 5.921341e-03 2.552524e-04
5.257504e-02 5.771069e-03 2.578193e-04
5.284585e-02 5.595170e-03 2.552517e-04
5.311667e-02 5.602160e-03 2.536519e-04
5.338748e-02 4.623318e-03 2.599794e-04
5.365830e-02 5.441399e-03 2.570621e-04
5.392911e-02 5.291861e-03 2.586716e-04
5.419992e-02 5.777862e-03 2.597371e-04
5.447074e-02 5.691539e-03 2.574583e-04
5.474155e-02 5.478021e-03 2.607095e-04
5.501237e-02 5.381061e-03 2.657325e-04
5.528318e-02 5.851218e-03 2.698015e-04
5.555400e-02 5.030138e-03 2.697605e-04
5.582481e-02 5.311649e-03 2.701234e-04
5.609563e-02 5.575098e-03 2.740116e-04
5.636644e-02 5.936949e-03 2.742953e-04
5.663725e-02 5.524339e-03 2.759228e-04
5.690807e-02 5.689502e-03 2.779800e-04
5.717888e-02 6.099349e-03 2.740450e-04
5.744969e-02 6.169330e-03 2.763481e-04
5.772051e-02 5.360981e-03 2.774711e-04
5.799133e-02 5.938912e-03 2.763228e-04
5.826214e-02 5.575599e-03 2.791872e-04
5.853295e-02 5.884191e-03 2.805629e-04
5.880377e-02 6.097991e-03 2.776151e-04
5.907458e-02 6.014589e-03 2.767073e-04
5.934540e-02 6.259909e-03 2.784373e-04
5.961621e-02 5.986610e-03 2.806241e-04
5.988703e-02 5.468398e-03 2.800710e-04
6.015784e-02 6.021041e-03 2.825027e-04
6.042865e-02 5.693778e-03 2.794755e-04
6.069947e-02 5.422670e-03 2.747838e-04
6.097028e-02 6.093219e-03 2.734460e-04
6.124110e-02 5.383201e-03 2.729316e-04
6.151191e-02 5.699530e-03 2.710758e-04
6.178273e-02 5.425250e-03 2.697751e-04
6.205354e-02 5.632190e-03 2.676192e-04
6.232436e-02 5.766880e-03 2.709597e-04
6.259517e-02 5.338879e-03 2.659492e-04
6.286598e-02 5.404850e-03 2.662108e-04
6.313679e-02 5.363548e-03 2.689764e-04
6.340761e-02 5.626790e-03 2.643700e-04
6.367842e-02 5.304329e-03 2.649733e-04
6.394923e-02 4.911512e-03 2.627296e-04
6.422005e-02 5.228132e-03 2.639209e-04
6.449086e-02 5.021969e-03 2.636479e-04
6.476168e-02 5.166648e-03 2.624007e-04
6.503250e-02 5.317492e-03 2.643492e-04
6.530331e-02 5.153442e-03 2.604484e-04
6.557412e-02 4.926130e-03 2.595766e-04
6.584494e-02 5.053252e-03 2.592677e-04
6.611575e-02 4.996501e-03 2.600970e-04
6.638657e-02 5.008440e-03 2.620958e-04
6.665738e-02 4.805550e-03 2.574639e-04
6.692819e-02 4.839988e-03 2.599277e-04
6.719901e-02 5.286060e-03 2.596468e-04
6.746982e-02 5.394209e-03 2.587280e-04
6.774063e-02 4.449081e-03 2.580322e-04
6.801146e-02 4.809830e-03 2.551173e-04
6.828227e-02 4.770432e-03 2.554374e-04
6.855308e-02 5.068451e-03 2.567124e-04
6.882390e-02 4.908010e-03 2.566411e-04
6.909471e-02 4.566759e-03 2.561982e-04
6.936552e-02 4.291242e-03 2.542200e-04
6.963634e-02 4.606720e-03 2.538935e-04
6.990715e-02 4.536660e-03 2.553275e-04
7.017796e-02 4.572110e-03 2.507777e-04
7.044878e-02 4.362890e-03 2.522370e-04
7.071959e-02 4.334629e-03 2.485268e-04
7.099041e-02 3.959648e-03 2.516082e-04
7.126123e-02 3.845369e-03 2.513230e-04
7.153204e-02 4.186140e-03 2.486670e-04
7.180285e-02 4.044719e-03 2.499877e-04
7.207367e-02 4.160238e-03 2.482227e-04
7.234448e-02 4.030230e-03 2.491956e-04
7.261530e-02 3.963931e-03 2.485775e-04
7.288611e-02 3.820891e-03 2.455229e-04
7.315692e-02 3.777042e-03 2.475466e-04
7.342774e-02 3.999341e-03 2.466020e-04
7.369855e-02 3.498079e-03 2.458293e-04
7.396936e-02 3.933281e-03 2.460828e-04
7.424019e-02 3.635138e-03 2.451580e-04
7.451100e-02 3.129702e-03 2.451915e-04
7.478181e-02 3.585059e-03 2.444552e-04
7.505263e-02 3.142331e-03 2.433585e-04
7.532344e-02 3.402101e-03 2.465232e-04
7.559425e-02 3.383581e-03 2.424757e-04
7.586507e-02 3.028711e-03 2.438623e-04
7.613588e-02 3.097910e-03 2.423226e-04
7.640669e-02 2.929179e-03 2.387244e-04
7.667751e-02 2.838559e-03 2.426521e-04
7.694832e-02 2.996121e-03 2.427279e-04
7.721914e-02 2.810141e-03 2.397026e-04
7.748996e-02 2.744630e-03 2.385119e-04
7.776077e-02 3.029469e-03 2.398230e-04
7.803158e-02 3.526460e-03 2.424535e-04
7.830240e-02 2.913939e-03 2.393346e-04
7.857321e-02 2.701579e-03 2.395645e-04
7.884403e-02 2.518037e-03 2.384792e-04
7.911484e-02 2.488850e-03 2.378667e-04
7.938565e-02 2.357289e-03 2.395970e-04
7.965647e-02 2.677400e-03 2.364649e-04
7.992728e-02 3.020210e-03 2.359723e-04
8.019809e-02 2.804279e-03 2.359677e-04
8.046892e-02 2.193041e-03 2.359844e-04
8.073973e-02 2.398560e-03 2.364842e-04
8.101054e-02 2.586301e-03 2.346707e-04
8.128136e-02 2.850030e-03 2.343602e-04
8.155217e-02 2.216591e-03 2.343061e-04
8.182298e-02 2.376100e-03 2.343549e-04
8.209380e-02 2.462210e-03 2.311265e-04
8.236461e-02 1.876621e-03 2.347351e-04
8.263543e-02 1.909280e-03 2.316893e-04
8.290624e-02 2.529409e-03 2.337233e-04
8.317705e-02 2.619348e-03 2.312132e-04
8.344787e-02 2.303721e-03 2.326392e-04
8.371869e-02 2.506379e-03 2.341023e-04
8.398950e-02 2.135171e-03 2.304902e-04
8.426031e-02 1.896499e-03 2.330729e-04
8.453113e-02 2.174290e-03 2.294746e-04
8.480194e-02 2.233298e-03 2.284186e-04
8.507276e-02 2.206741e-03 2.306200e-04
8.534357e-02 1.933649e-03 2.285968e-04
8.561438e-02 2.186880e-03 2.286201e-04
8.588520e-02 2.106311e-03 2.267618e-04
8.615601e-02 1.808111e-03 2.294454e-04
8.642682e-02 2.045330e-03 2.281773e-04
8.669765e-02 1.848791e-03 2.254611e-04
8.696846e-02 1.814570e-03 2.281948e-04
8.723927e-02 2.162939e-03 2.272432e-04
8.751009e-02 2.284640e-03 2.244609e-04
8.778090e-02 1.567470e-03 2.257117e-04
8.805171e-02 1.904320e-03 2.263318e-04
8.832253e-02 1.962099e-03 2.258546e-04
8.859334e-02 1.714649e-03 2.262780e-04
8.886416e-02 2.019439e-03 2.242674e-04
8.913497e-02 1.982650e-03 2.238934e-04
8.940578e-02 2.383100e-03 2.227504e-04
8.967660e-02 1.978800e-03 2.238339e-04
8.994742e-02 1.829799e-03 2.258486e-04
9.021823e-02 1.680730e-03 2.229691e-04
9.048904e-02 1.730690e-03 2.241616e-04
9.075986e-02 2.340971e-03 2.238753e-04
9.103067e-02 1.964960e-03 2.237994e-04
9.130149e-02 1.519350e-03 2.225164e-04
9.157230e-02 1.614351e-03 2.206101e-04
9.184311e-02 1.711421e-03 2.238682e-04
9.211393e-02 1.523530e-03 2.211682e-04
9.238474e-02 1.718769e-03 2.213381e-04
9.265555e-02 1.855182e-03 2.243029e-04
9.292637e-02 1.562960e-03 2.217683e-04
9.319719e-02 1.701100e-03 2.226274e-04
9.346800e-02 1.762880e-03 2.208609e-04
9.373882e-02 1.982950e-03 2.210377e-04
9.400963e-02 1.767669e-03 2.196574e-04
9.428044e-02 2.083661e-03 2.213469e-04
9.455126e-02 1.797050e-03 2.196570e-04
9.482207e-02 1.886120e-03 2.195236e-04
9.509289e-02 1.979930e-03 2.195879e-04
9.536370e-02 1.545610e-03 2.191920e-04
9.563451e-02 1.973249e-03 2.178677e-04
9.590533e-02 2.212660e-03 2.205135e-04
9.617615e-02 1.889611e-03 2.176232e-04
9.644696e-02 1.918849e-03 2.173857e-04
9.671777e-02 2.239551e-03 2.186317e-04
9.698859e-02 1.962101e-03 2.146782e-04
9.725940e-02 1.719341e-03 2.190095e-04
9.753022e-02 1.703709e-03 2.164868e-04
9.780103e-02 1.986081e-03 2.163139e-04
9.807184e-02 1.796821e-03 2.146417e-04
9.834266e-02 1.860850e-03 2.157157e-04
9.861347e-02 1.742659e-03 2.160853e-04
9.888428e-02 1.298020e-03 2.137969e-04
9.915510e-02 1.585411e-03 2.155345e-04
9.942592e-02 1.757780e-03 2.140027e-04
9.969673e-02 1.588719e-03 2.138274e-04
9.996755e-02 1.678130e-03 2.152232e-04
1.002384e-01 1.725871e-03 2.143874e-04
1.005092e-01 1.671949e-03 2.146107e-04
1.007800e-01 1.498051e-03 2.132952e-04
1.010508e-01 1.825040e-03 2.140700e-04
1.013216e-01 1.058800e-03 2.121423e-04
1.015924e-01 1.450390e-03 2.113798e-04
1.018632e-01 1.467129e-03 2.144837e-04
1.021341e-01 2.016811e-03 2.132859e-04
1.024049e-01 2.138671e-03 2.126391e-04
1.026757e-01 1.970839e-03 2.126858e-04
1.029465e-01 1.792690e-03 2.121832e-04
1.032173e-01 1.907190e-03 2.119784e-04
1.034881e-01 1.528820e-03 2.106305e-04
1.037589e-01 2.021460e-03 2.111437e-04
1.040298e-01 1.848631e-03 2.090281e-04
1.043006e-01 1.646319e-03 2.104249e-04
1.045714e-01 1.867719e-03 2.097322e-04
1.048422e-01 1.887720e-03 2.099067e-04
1.051130e-01 1.729751e-03 2.097682e-04
1.053838e-01 1.577189e-03 2.093034e-04
1.056546e-01 1.888501e-03 2.096759e-04
1.059255e-01 1.520200e-03 2.079924e-04
1.061963e-01 1.693461e-03 2.091597e-04
1.064671e-01 1.732280e-03 2.091462e-04
1.067379e-01 1.893241e-03 2.083715e-04
1.070087e-01 1.519831e-03 2.104715e-04
1.072795e-01 1.457050e-03 2.058613e-04
1.075503e-01 1.557931e-03 2.087870e-04
1.078212e-01 1.819260e-03 2.079393e-04
1.080920e-01 1.792520e-03 2.068429e-04
1.083628e-01 1.672080e-03 2.070441e-04
1.086336e-01 1.699381e-03 2.064492e-04
1.089044e-01 1.501491e-03 2.070030e-04
1.091752e-01 1.780231e-03 2.066529e-04
1.094460e-01 1.445780e-03 2.049071e-04
1.097169e-01 1.783969e-03 2.065122e-04
1.099877e-01 1.978269e-03 2.059242e-04
1.102585e-01 1.828939e-03 2.069788e-04
1.105293e-01 1.262808e-03 2.079545e-04
1.108001e-01 1.644149e-03 2.105834e-04
1.110709e-01 1.447359e-03 2.139485e-04
1.113417e-01 1.698500e-03 2.120260e-04
1.116126e-01 1.518590e-03 2.157579e-04
1.118834e-01 1.596831e-03 2.136660e-04
1.121542e-01 1.502579e-03 2.140177e-04
1.124250e-01 1.440130e-03 2.158406e-04
1.126958e-01 1.657631e-03 2.188822e-04
1.129666e-01 1.858560e-03 2.194966e-04
1.132374e-01 1.091821e-03 2.220684e-04
1.135083e-01 1.709621e-03 2.237041e-04
1.137791e-01 8.583292e-04 2.265585e-04
1.140499e-01 1.573490e-03 2.245663e-04
1.143207e-01 1.782000e-03 2.277457e-04
1.145915e-01 1.695879e-03 2.290571e-04
1.148623e-01 1.405539e-03 2.316095e-04
1.151332e-01 1.525469e-03 2.290534e-04
1.154040e-01 1.774160e-03 2.335162e-04
1.156748e-01 1.880631e-03 2.345345e-04
1.159456e-01 1.101959e-03 2.360915e-04
1.162164e-01 1.589350e-03 2.357253e-04
1.164872e-01 1.114020e-03 2.335961e-04
1.167580e-01 1.225060e-03 2.412606e-04
1.170288e-01 1.896109e-03 2.392888e-04
1.172997e-01 1.867419e-03 2.382721e-04
1.175705e-01 1.116430e-03 2.396944e-04
1.178413e-01 1.305008e-03 2.437763e-04
1.181121e-01 1.707029e-03 2.391540e-04
1.183829e-01 1.247181e-03 2.343642e-04
1.186537e-01 1.334120e-03 2.359602e-04
1.189246e-01 9.836797e-04 2.336681e-04
1.191954e-01 1.587911e-03 2.338712e-04
1.194662e-01 1.146160e-03 2.336749e-04
1.197370e-01 1.394071e-03 2.324521e-04
1.200078e-01 1.635309e-03 2.314763e-04
1.202786e-01 1.523610e-03 2.329636e-04
1.205494e-01 1.517970e-03 2.314268e-04
1.208202e-01 1.276819e-03 2.338704e-04
1.210911e-01 1.356969e-03 2.325662e-04
1.213619e-01 1.576141e-03 2.341928e-04
1.216327e-01 1.065250e-03 2.313483e-04
1.219035e-01 1.089850e-03 2.322959e-04
1.221743e-01 1.461089e-03 2.311894e-04
1.224451e-01 1.284460e-03 2.321616e-04
1.227160e-01 1.768781e-03 2.340335e-04
1.229868e-01 9.896103e-04 2.311992e-04
1.232576e-01 1.349360e-03 2.322993e-04
1.235284e-01 1.165189e-03 2.331556e-04
1.237992e-01 1.348419e-03 2.325511e-04
1.240700e-01 1.074210e-03 2.322964e-04
1.243408e-01 1.401551e-03 2.313796e-04
1.246117e-01 1.211610e-03 2.311142e-04
1.248825e-01 1.373060e-03 2.320324e-04
1.251533e-01 1.377989e-03 2.313908e-04
1.254241e-01 1.338940e-03 2.298247e-04
1.256949e-01 1.334300e-03 2.280336e-04
1.259657e-01 1.303930e-03 2.308907e-04
1.262365e-01 1.460930e-03 2.293647e-04
1.265074e-01 1.582140e-03 2.277083e-04
1.267782e-01 1.426481e-03 2.291118e-04
1.270490e-01 1.216481e-03 2.263148e-04
1.273198e-01 1.045540e-03 2.288908e-04
1.275906e-01 1.141641e-03 2.283949e-04
1.278614e-01 1.315461e-03 2.288028e-04
1.281322e-01 1.065431e-03 2.257094e-04
1.284031e-01 9.819400e-04 2.243350e-04
1.286739e-01 1.038190e-03 2.280840e-04
1.289447e-01 1.559058e-03 2.249714e-04
1.292155e-01 1.579911e-03 2.247834e-04
1.294863e-01 6.629489e-04 2.251853e-04
1.297571e-01 9.593815e-04 2.247480e-04
1.300279e-01 1.341339e-03 2.250795e-04
1.302988e-01 9.776205e-04 2.252513e-04
1.305696e-01 1.524929e-03 2.253117e-04
1.308404e-01 1.502831e-03 2.228159e-04
1.311112e-01 1.162460e-03 2.249355e-04
1.313820e-01 1.427049e-03 2.233677e-04
1.316528e-01 9.888988e-04 2.255026e-04
1.319236e-01 1.280570e-03 2.234523e-04
1.321945e-01 1.158640e-03 2.235236e-04
1.324653e-01 1.484210e-03 2.241297e-04
1.327361e-01 9.336509e-04 2.234048e-04
1.330069e-01 1.646781e-03 2.257264e-04
1.332777e-01 1.532450e-03 2.244410e-04
1.335485e-01 1.322621e-03 2.220475e-04
1.338193e-01 1.383470e-03 2.248178e-04
1.340902e-01 1.660410e-03 2.207575e-04
1.343610e-01 1.092480e-03 2.229562e-04
1.346318e-01 1.173100e-03 2.214610e-04
1.349026e-01 1.518629e-03 2.207262e-04
1.351734e-01 1.220230e-03 2.236124e-04
1.354442e-01 1.195561e-03 2.213636e-04
1.357151e-01 9.447690e-04 2.228047e-04
1.359859e-01 1.157211e-03 2.216225e-04
1.362567e-01 1.302060e-03 2.204423e-04
1.365275e-01 9.538606e-04 2.211954e-04
1.367983e-01 8.726399e-04 2.187917e-04
1.370691e-01 1.407560e-03 2.221838e-04
1.373399e-01 9.719785e-04 2.238384e-04
1.376107e-01 1.218108e-03 2.286466e-04
1.378816e-01 9.736698e-04 2.291984e-04
1.381524e-01 1.714280e-03 2.284948e-04
1.384232e-01 1.152050e-03 2.318376e-04
1.386940e-01 1.534730e-03 2.319030e-04
1.389648e-01 9.329189e-04 2.347743e-04
1.392356e-01 1.073901e-03 2.366085e-04
1.395064e-01 1.101701e-03 2.364662e-04
1.397773e-01 9.795092e-04 2.355811e-04
1.400481e-01 1.055090e-03 2.355486e-04
1.403189e-01 1.469281e-03 2.393266e-04
1.405897e-01 7.607993e-04 2.396838e-04
1.408605e-01 1.143420e-03 2.393734e-04
1.411313e-01 8.501392e-04 2.413574e-04
1.414021e-01 8.520503e-04 2.400597e-04
1.416730e-01 1.465850e-03 2.434999e-04
1.419438e-01 1.296040e-03 2.423809e-04
1.422146e-01 7.252395e-04 2.423967e-04
1.424854e-01 1.080960e-03 2.436743e-04
1.427562e-01 9.356812e-04 2.422234e-04
1.430270e-01 1.050470e-03 2.438601e-04
1.432979e-01 1.480950e-03 2.446419e-04
1.435687e-01 1.717219e-03 2.442099e-04
1.438395e-01 9.904299e-04 2.470197e-04
1.441103e-01 7.117614e-04 2.480636e-04
1.443811e-01 1.008429e-03 2.476736e-04
1.446519e-01 1.011930e-03 2.491784e-04
1.449227e-01 9.208210e-04 2.502075e-04
1.451935e-01 1.115490e-03 2.483034e-04
1.454644e-01 1.138560e-03 2.503953e-04
1.457352e-01 1.236720e-03 2.499502e-04
1.460060e-01 1.167500e-03 2.513675e-04
1.462768e-01 1.129242e-03 2.520496e-04
1.465476e-01 1.359081e-03 2.520827e-04
1.468184e-01 1.029979e-03 2.567789e-04
1.470892e-01 9.380393e-04 2.546794e-04
1.473601e-01 6.547589e-04 2.534078e-04
1.476309e-01 1.305910e-03 2.561806e-04
1.479017e-01 1.253521e-03 2.512819e-04
1.481725e-01 1.059812e-03 2.539989e-04
1.484433e-01 1.283780e-03 2.513353e-04
1.487141e-01 9.914692e-04 2.525443e-04
1.489850e-01 8.316506e-04 2.528418e-04
1.492558e-01 1.187101e-03 2.535561e-04
1.495266e-01 9.289198e-04 2.551852e-04
1.497974e-01 1.027292e-03 2.512675e-04
1.500682e-01 8.641910e-04 2.537774e-04
1.503390e-01 1.414530e-03 2.556609e-04
1.506098e-01 1.354272e-03 2.498436e-04
1.508806e-01 9.984486e-04 2.521853e-04
1.511515e-01 1.332760e-03 2.533257e-04
1.514223e-01 7.642694e-04 2.545546e-04
1.516931e-01 1.098748e-03 2.507022e-04
1.519639e-01 1.146492e-03 2.506391e-04
1.522347e-01 9.201504e-04 2.524136e-04
1.525055e-01 1.101989e-03 2.508921e-04
1.527763e-01 1.228461e-03 2.546458e-04
1.530472e-01 6.895307e-04 2.505940e-04
1.533180e-01 5.328208e-04 2.537850e-04
1.535888e-01 1.018161e-03 2.524100e-04
1.538596e-01 8.030515e-04 2.518924e-04
1.541304e-01 5.486999e-04 2.544360e-04
1.544012e-01 8.518603e-04 2.527028e-04
1.546721e-01 8.503404e-04 2.542665e-04
1.549429e-01 7.173307e-04 2.545190e-04
1.552137e-01 8.572098e-04 2.529728e-04
1.554845e-01 1.090689e-03 2.527634e-04
1.557553e-01 7.244106e-04 2.536484e-04
1.560261e-01 1.424659e-03 2.561884e-04
1.562969e-01 6.546695e-04 2.526549e-04
1.565678e-01 7.901806e-04 2.533451e-04
1.568386e-01 7.691812e-04 2.547289e-04
1.571094e-01 7.972494e-04 2.574998e-04
1.573802e-01 7.996615e-04 2.540375e-04
1.576510e-01 5.921312e-04 2.515317e-04
1.579218e-01 1.029659e-03 2.541696e-04
1.581926e-01 7.587187e-04 2.534833e-04
1.584634e-01 7.634386e-04 2.536776e-04
1.587343e-01 9.738300e-04 2.553737e-04
1.590051e-01 9.094495e-04 2.534610e-04
1.592759e-01 7.198993e-04 2.537377e-04
1.595467e-01 8.238815e-04 2.532721e-04
1.598175e-01 1.012739e-03 2.542668e-04
1.600883e-01 6.889701e-04 2.535296e-04
1.603591e-01 8.361302e-04 2.521360e-04
1.606300e-01 1.069270e-03 2.517695e-04
1.609008e-01 9.116996e-04 2.523062e-04
1.611716e-01 7.204004e-04 2.500240e-04
1.614424e-01 1.189379e-03 2.499559e-04
1.617132e-01 9.947810e-04 2.527119e-04
1.619840e-01 7.958394e-04 2.527298e-04
1.622549e-01 6.287508e-04 2.482918e-04
1.625257e-01 8.823499e-04 2.523267e-04
1.627965e-01 9.632204e-04 2.504790e-04
1.630673e-01 1.146371e-03 2.521599e-04
1.633381e-01 6.771311e-04 2.529169e-04
1.636089e-01 1.239609e-03 2.511694e-04
1.638797e-01 1.129150e-03 2.539064e-04
1.641506e-01 8.583311e-04 2.520057e-04
1.644214e-01 7.660203e-04 2.524153e-04
1.646922e-01 1.323920e-03 2.499302e-04
1.649630e-01 1.416739e-03 2.506135e-04
1.652338e-01 1.131471e-03 2.531833e-04
1.655046e-01 1.199851e-03 2.517585e-04
1.657754e-01 1.308490e-03 2.523094e-04
1.660462e-01 1.029590e-03 2.513860e-04
1.663171e-01 1.313200e-03 2.513199e-04
1.665879e-01 9.499993e-04 2.529927e-04
1.668587e-01 8.183401e-04 2.530074e-04
1.671295e-01 9.046700e-04 2.528034e-04
1.674003e-01 1.010960e-03 2.520954e-04
1.676711e-01 1.429791e-03 2.587844e-04
1.679420e-01 5.673096e-04 2.659251e-04
1.682128e-01 1.166381e-03 2.669029e-04
1.684836e-01 9.206999e-04 2.718885e-04
1.687544e-01 1.264500e-03 2.742612e-04
1.690252e-01 7.504392e-04 2.745532e-04
1.692960e-01 6.429199e-04 2.735360e-04
1.695668e-01 9.724014e-04 2.838231e-04
1.698377e-01 1.399182e-03 2.772934e-04
1.701085e-01 1.545470e-03 2.845486e-04
1.703793e-01 4.925895e-04 2.869091e-04
1.706501e-01 1.042631e-03 2.856416e-04
1.709209e-01 9.612609e-04 2.915379e-04
1.711917e-01 9.207297e-04 2.913841e-04
1.714625e-01 6.530713e-04 2.922596e-04
1.717333e-01 1.131950e-03 3.016155e-04
1.720042e-01 1.109069e-03 2.965601e-04
1.722750e-01 8.688290e-04 3.022875e-04
1.725458e-01 1.150349e-03 3.007294e-04
1.728166e-01 1.374511e-03 3.044491e-04
1.730874e-01 1.112279e-03 3.077165e-04
1.733582e-01 7.797405e-04 3.062031e-04
1.736291e-01 1.021119e-03 3.115701e-04
1.738999e-01 1.035390e-03 3.050965e-04
1.741707e-01 8.954201e-04 3.165597e-04
1.744415e-01 5.084109e-04 3.142075e-04
1.747123e-01 1.344500e-03 3.137398e-04
1.749831e-01 1.264500e-03 3.073643e-04
1.752539e-01 1.298351e-03 2.969059e-04
1.755248e-01 6.550997e-04 2.978424e-04
1.757956e-01 1.113750e-03 2.935677e-04
1.760664e-01 1.353050e-03 2.961802e-04
1.763372e-01 1.441158e-03 2.942928e-04
1.766080e-01 1.156610e-03 2.926122e-04
1.768788e-01 4.647598e-04 2.925850e-04
1.771496e-01 1.114430e-03 2.870488e-04
1.774205e-01 6.277096e-04 2.879051e-04
1.776913e-01 1.524139e-03 2.863329e-04
1.779621e-01 1.253981e-03 2.834503e-04
1.782329e-01 1.188269e-03 2.853888e-04
1.785037e-01 1.184169e-03 2.806878e-04
1.787745e-01 6.816108e-04 2.846995e-04
1.790453e-01 9.491704e-04 2.808539e-04
1.793161e-01 1.421239e-03 2.804721e-04
1.795870e-01 7.578898e-04 2.819781e-04
1.798578e-01 9.480491e-04 2.789945e-04
1.801286e-01 7.253289e-04 2.822349e-04
1.803994e-01 1.027979e-03 2.747174e-04
1.806702e-01 1.056420e-03 2.745152e-04
1.809410e-01 8.420311e-04 2.759852e-04
1.812119e-01 1.467278e-03 2.749537e-04
1.814827e-01 1.037840e-03 2.739767e-04
1.817535e-01 4.561413e-04 2.729732e-04
1.820243e-01 1.204720e-03 2.741606e-04
1.822951e-01 1.056850e-03 2.740511e-04
1.825659e-01 7.446706e-04 2.729091e-04
1.828367e-01 9.459909e-04 2.759574e-04
1.831076e-01 1.117282e-03 2.727301e-04
1.833784e-01 9.763595e-04 2.757940e-04
1.836492e-01 3.115702e-04 2.716494e-04
1.839200e-01 1.058390e-03 2.736864e-04
1.841908e-01 1.139071e-03 2.731493e-04
1.844616e-01 9.532701e-04 2.742128e-04
1.847324e-01 3.206488e-04 2.753605e-04
1.850033e-01 6.287694e-04 2.712982e-04
1.852741e-01 1.087550e-03 2.705616e-04
1.855449e-01 7.639397e-04 2.735100e-04
1.858157e-01 9.356905e-04 2.741823e-04
1.860865e-01 1.083551e-03 2.745486e-04
1.863573e-01 8.680690e-04 2.703922e-04
1.866281e-01 9.613093e-04 2.719968e-04
1.868990e-01 1.330100e-03 2.710437e-04
1.871698e-01 5.941708e-04 2.747122e-04
1.874406e-01 1.098920e-03 2.724683e-04
1.877114e-01 6.862301e-04 2.688237e-04
1.879822e-01 8.461904e-04 2.724661e-04
1.882530e-01 1.069210e-03 2.690774e-04
1.885238e-01 8.754302e-04 2.705875e-04
1.887947e-01 4.699808e-04 2.726892e-04
1.890655e-01 8.921586e-04 2.721757e-04
1.893363e-01 1.126250e-03 2.721686e-04
1.896071e-01 1.020260e-03 2.688298e-04
1.898779e-01 8.942001e-04 2.716232e-04
1.901487e-01 1.196139e-03 2.704288e-04
1.904195e-01 6.322917e-04 2.694553e-04
1.906904e-01 1.168432e-03 2.719107e-04
1.909612e-01 1.074631e-03 2.654375e-04
1.912320e-01 1.024049e-03 2.720833e-04
1.915028e-01 1.222979e-03 2.677221e-04
1.917736e-01 9.254497e-04 2.709997e-04
1.920444e-01 1.128310e-03 2.713142e-04
1.923153e-01 7.165391e-04 2.666337e-04
1.925861e-01 9.744205e-04 2.696574e-04
1.928569e-01 9.397995e-04 2.696266e-04
1.931277e-01 9.470601e-04 2.688322e-04
1.933985e-01 7.074196e-04 2.708035e-04
1.936693e-01 1.359671e-03 2.688250e-04
1.939401e-01 1.012420e-03 2.735667e-04
1.942109e-01 8.916110e-04 2.705108e-04
1.944818e-01 7.126816e-04 2.694452e-04
1.947526e-01 8.447785e-04 2.699621e-04
1.950234e-01 1.154929e-03 2.681790e-04
1.952942e-01 1.076931e-03 2.708361e-04
1.955650e-01 1.013951e-03 2.717824e-04
1.958358e-01 1.461821e-03 2.673301e-04
1.961066e-01 1.070490e-03 2.706770e-04
1.963775e-01 8.978304e-04 2.671268e-04
1.966483e-01 1.633352e-03 2.676193e-04
1.969191e-01 1.258681e-03 2.678424e-04
1.971899e-01 1.159340e-03 2.698903e-04
1.974607e-01 8.993987e-04 2.701209e-04
1.977315e-01 1.348021e-03 2.689341e-04
1.980023e-01 4.782509e-04 2.669056e-04
1.982732e-01 7.652696e-04 2.683749e-04
1.985440e-01 1.527959e-03 2.716692e-04
1.988148e-01 1.230478e-03 2.670617e-04
1.990856e-01 1.075311e-03 2.681326e-04
1.993564e-01 9.691305e-04 2.667898e-04
1.996272e-01 1.015959e-03 2.704613e-04
1.998980e-01 1.363311e-03 2.667684e-04
2.001689e-01 1.435889e-03 2.652613e-04
2.004397e-01 1.026269e-03 2.652466e-04
2.007105e-01 1.212491e-03 2.652407e-04
2.009813e-01 1.150100e-03 2.659907e-04
2.012521e-01 1.735570e-03 2.654222e-04
2.015229e-01 1.149470e-03 2.660779e-04
2.017937e-01 1.218019e-03 2.684859e-04
2.020646e-01 1.443431e-03 2.663396e-04
2.023354e-01 1.156569e-03 2.681691e-04
2.026062e-01 1.086609e-03 2.631740e-04
2.028770e-01 7.835999e-04 2.672713e-04
2.031478e-01 9.905007e-04 2.647851e-04
2.034186e-01 1.454290e-03 2.669292e-04
2.036894e-01 7.000007e-04 2.656176e-04
2.039603e-01 2.369098e-04 2.645464e-04
2.042311e-01 1.363350e-03 2.635108e-04
2.045019e-01 1.131620e-03 2.636732e-04
2.047727e-01 5.972516e-04 2.633357e-04
2.050435e-01 1.126630e-03 2.618729e-04
2.053143e-01 9.089597e-04 2.644253e-04
2.055852e-01 1.540100e-03 2.626186e-04
2.058560e-01 1.033990e-03 2.613378e-04
2.061268e-01 1.278112e-03 2.610323e-04
2.063976e-01 1.314411e-03 2.612508e-04
2.066684e-01 1.033520e-03 2.597329e-04
2.069392e-01 7.119887e-04 2.612330e-04
2.072100e-01 1.309790e-03 2.615545e-04
2.074808e-01 8.843485e-04 2.606938e-04
2.077517e-01 1.260519e-03 2.590933e-04
2.080225e-01 1.044210e-03 2.607719e-04
2.082933e-01 1.494261e-03 2.575564e-04
2.085641e-01 1.387581e-03 2.591373e-04
2.088349e-01 1.144771e-03 2.614715e-04
2.091057e-01 1.354199e-03 2.609282e-04
2.093765e-01 7.654112e-04 2.617996e-04
2.096474e-01 1.090609e-03 2.615206e-04
2.099182e-01 1.082139e-03 2.612454e-04
2.101890e-01 1.221750e-03 2.603152e-04
2.104598e-01 7.226299e-04 2.601903e-04
2.107306e-01 1.881560e-03 2.608581e-04
2.110014e-01 1.194960e-03 2.604422e-04
2.112723e-01 1.154110e-03 2.599663e-04
2.115431e-01 1.068890e-03 2.595410e-04
2.118139e-01 1.372099e-03 2.611253e-04
2.120847e-01 1.002129e-03 2.636385e-04
2.123555e-01 1.148259e-03 2.637992e-04
2.126263e-01 1.269029e-03 2.586056e-04
2.128971e-01 1.249341e-03 2.623134e-04
2.131680e-01 1.373809e-03 2.620328e-04
2.134388e-01 1.051219e-03 2.597785e-04
2.137096e-01 1.357140e-03 2.595500e-04
2.139804e-01 1.565158e-03 2.612200e-04
2.142512e-01 1.719831e-03 2.594996e-04
2.145220e-01 1.328601e-03 2.630523e-04
2.147928e-01 1.256000e-03 2.593597e-04
2.150636e-01 1.173301e-03 2.611888e-04
2.153345e-01 1.136469e-03 2.636231e-04
2.156053e-01 1.440790e-03 2.635185e-04
2.158761e-01 1.430729e-03 2.615724e-04
2.161469e-01 1.576740e-03 2.604081e-04
2.164177e-01 1.415741e-03 2.615484e-04
2.166885e-01 1.506370e-03 2.620178e-04
2.169593e-01 1.478780e-03 2.603016e-04
2.172302e-01 1.265010e-03 2.614858e-04
2.175010e-01 1.551041e-03 2.588292e-04
2.177718e-01 1.414809e-03 2.601724e-04
2.180426e-01 1.426531e-03 2.602220e-04
2.183134e-01 1.523159e-03 2.578699e-04
2.185842e-01 1.367390e-03 2.589730e-04
2.188551e-01 1.341179e-03 2.591207e-04
2.191259e-01 1.151551e-03 2.612201e-04
2.193967e-01 1.718050e-03 2.591028e-04
2.196675e-01 9.799395e-04 2.578955e-04
2.199383e-01 1.547851e-03 2.590783e-04
2.202091e-01 1.943210e-03 2.582814e-04
2.204799e-01 1.044510e-03 2.561446e-04
2.207507e-01 1.588110e-03 2.578805e-04
2.210216e-01 1.209291e-03 2.577246e-04
2.212924e-01 1.923541e-03 2.585209e-04
2.215632e-01 1.236292e-03 2.580462e-04
2.218340e-01 1.553049e-03 2.569137e-04
2.221048e-01 1.348769e-03 2.548562e-04
2.223756e-01 1.221791e-03 2.575298e-04
2.226464e-01 1.368850e-03 2.567850e-04
2.229173e-01 1.585420e-03 2.575715e-04
2.231881e-01 1.547700e-03 2.549120e-04
2.234589e-01 1.562810e-03 2.533157e-04
2.237297e-01 9.211488e-04 2.555311e-04
2.240005e-01 1.845799e-03 2.544467e-04
2.242713e-01 1.362409e-03 2.554693e-04
2.245422e-01 1.397960e-03 2.567622e-04
2.248130e-01 1.543701e-03 2.530409e-04
2.250838e-01 1.784731e-03 2.557318e-04
2.253546e-01 1.866080e-03 2.570959e-04
2.256254e-01 1.083640e-03 2.556671e-04
2.258962e-01 1.055241e-03 2.583829e-04
2.261670e-01 1.273640e-03 2.678321e-04
2.264379e-01 1.588302e-03 2.723539e-04
2.267087e-01 1.688259e-03 2.758591e-04
2.269795e-01 9.700414e-04 2.769928e-04
2.272503e-01 1.580929e-03 2.802399e-04
2.275211e-01 1.544330e-03 2.838754e-04
2.277919e-01 1.300460e-03 2.854734e-04
2.280627e-01 1.898458e-03 2.903561e-04
2.283335e-01 1.368050e-03 2.965503e-04
2.286044e-01 1.475850e-03 2.920101e-04
2.288752e-01 1.575349e-03 3.015704e-04
2.291460e-01 1.899200e-03 3.032062e-04
2.294168e-01 1.311431e-03 3.070754e-04
2.296876e-01 1.643680e-03 3.072827e-04
2.299584e-01 1.722360e-03 3.084668e-04
2.302293e-01 1.959110e-03 3.103377e-04
2.305001e-01 1.455661e-03 3.171552e-04
2.307709e-01 1.884950e-03 3.143304e-04
2.310417e-01 1.720712e-03 3.160365e-04
2.313125e-01 1.413450e-03 3.234251e-04
2.315833e-01 1.652580e-03 3.248332e-04
2.318541e-01 1.250949e-03 3.282024e-04
2.321250e-01 1.545900e-03 3.306878e-04
2.323958e-01 1.508499e-03 3.366141e-04
2.326666e-01 9.366702e-04 3.369264e-04
2.329374e-01 1.309130e-03 3.392453e-04
2.332082e-01 1.984570e-03 3.419153e-04
2.334790e-01 2.131211e-03 3.426266e-04
2.337498e-01 1.583679e-03 3.508584e-04
2.340207e-01 1.656730e-03 3.493682e-04
2.342915e-01 2.127849e-03 3.524760e-04
2.345623e-01 1.558939e-03 3.513670e-04
2.348331e-01 1.674021e-03 3.547390e-04
2.351039e-01 9.202510e-04 3.588740e-04
2.353747e-01 2.112430e-03 3.628821e-04
2.356455e-01 1.635620e-03 3.699807e-04
2.359163e-01 1.749320e-03 3.653886e-04
2.361872e-01 1.680370e-03 3.756850e-04
2.364580e-01 1.298351e-03 3.752367e-04
2.367288e-01 1.399470e-03 3.782551e-04
2.369996e-01 1.471721e-03 3.796740e-04
2.372704e-01 8.255504e-04 3.882725e-04
2.375412e-01 1.536401e-03 3.904133e-04
2.378121e-01 1.433330e-03 3.884046e-04
2.380829e-01 2.254661e-03 3.874942e-04
2.383537e-01 1.379700e-03 4.029747e-04
2.386245e-01 8.532610e-04 4.077360e-04
2.388953e-01 1.071310e-03 4.103457e-04
2.391661e-01 1.397591e-03 4.083367e-04
2.394369e-01 1.761261e-03 4.149172e-04
2.397078e-01 1.238810e-03 4.217511e-04
2.399786e-01 1.383599e-03 4.220048e-04
2.402494e-01 1.218641e-03 4.247676e-04
2.405202e-01 1.037341e-03 4.333632e-04
2.407910e-01 1.396289e-03 4.429755e-04
2.410618e-01 1.025539e-03 4.347393e-04
2.413326e-01 1.239091e-03 4.490738e-04
2.416034e-01 1.791731e-03 4.466197e-04
2.418743e-01 1.131099e-03 4.562802e-04
2.421451e-01 7.732287e-04 4.578722e-04
2.424159e-01 8.192211e-04 4.694529e-04
2.426867e-01 8.608401e-04 4.610263e-04
2.429575e-01 6.607100e-04 4.786866e-04
2.432283e-01 1.617081e-03 4.820619e-04
2.434992e-01 1.385311e-03 4.856804e-04
2.437700e-01 2.380589e-03 4.796071e-04
2.440408e-01 1.530221e-03 5.072709e-04
2.443116e-01 1.077781e-03 5.136581e-04
2.445824e-01 6.164704e-04 5.126655e-04
2.448532e-01 6.789900e-04 5.172246e-04
2.451240e-01 1.644742e-03 5.278693e-04
2.453949e-01 1.177160e-03 5.294936e-04
2.456657e-01 9.914897e-04 5.412877e-04
2.459365e-01 1.373431e-03 5.481081e-04
2.462073e-01 1.330100e-03 5.635670e-04
2.464781e-01 9.608492e-04 5.627508e-04
2.467489e-01 1.215629e-03 5.852374e-04
2.470197e-01 1.665801e-04 5.730696e-04
2.472906e-01 1.376621e-03 5.999478e-04
2.475614e-01 2.353700e-03 6.011334e-04
2.478322e-01 3.294814e-04 6.242800e-04
2.481030e-01 1.444271e-03 6.217845e-04
2.483738e-01 5.079992e-05 6.238489e-04
2.486446e-01 2.562199e-04 6.540925e-04
2.489154e-01 1.256179e-03 6.806787e-04
2.491863e-01 1.031110e-03 6.723897e-04
2.494571e-01 1.377510e-03 6.691285e-04
2.497279e-01 1.220921e-03 6.847182e-04
2.499987e-01 1.462840e-03 7.095095e-04
2.502695e-01 1.896439e-03 7.171445e-04
2.505403e-01 -7.502288e-04 7.517539e-04
2.508111e-01 -7.436797e-04 7.653387e-04
2.510819e-01 3.738403e-04 7.954711e-04
2.513528e-01 2.681591e-03 7.989408e-04
2.516236e-01 2.930941e-03 8.321474e-04
2.518944e-01 -9.708516e-04 8.540877e-04
2.521652e-01 5.894788e-04 9.442328e-04
2.524360e-01 -3.736094e-04 9.340034e-04
2.527068e-01 2.307530e-03 8.881959e-04
2.529776e-01 1.094729e-03 9.687949e-04
2.532485e-01 7.032808e-04 1.000817e-03
2.535193e-01 2.594732e-03 1.013394e-03
2.537901e-01 3.067795e-04 1.021324e-03
2.540609e-01 5.084798e-04 1.005073e-03
2.543317e-01 7.430203e-04 1.100948e-03
2.546025e-01 1.558879e-03 1.140193e-03
2.548733e-01 1.012590e-03 1.182687e-03
2.551441e-01 -5.925801e-04 1.174830e-03
2.554150e-01 6.932300e-04 1.306804e-03
2.556858e-01 3.785100e-04 1.255921e-03
2.559566e-01 1.462160e-03 1.387407e-03
2.562274e-01 1.703039e-03 1.490208e-03
2.564982e-01 -1.346730e-03 1.572361e-03
2.567690e-01 2.155989e-03 1.909308e-03
2.570398e-01 2.607260e-03 2.015607e-03
2.573107e-01 -1.733590e-03 2.137030e-03
2.575815e-01 -4.711369e-03 2.893432e-03
2.578523e-01 -2.138609e-03 3.550044e-03
2.581231e-01 -6.276313e-04 6.461660e-03
