3.286826e-03 -1.682820e-01 0.000000e+00
3.557641e-03 -9.731674e-02 7.973234e-02
3.828455e-03 -9.829998e-02 4.925808e-02
4.099269e-03 -9.844208e-02 3.731011e-02
4.370084e-03 -6.928205e-02 2.751189e-02
4.640898e-03 -5.722690e-02 1.960013e-02
4.911712e-03 -4.932404e-02 1.642388e-02
5.182527e-03 -4.433608e-02 1.272224e-02
5.453341e-03 -2.626002e-02 1.116194e-02
5.724155e-03 -2.552593e-02 8.850813e-03
5.994970e-03 -4.115093e-02 7.706391e-03
6.265784e-03 -2.605075e-02 6.510106e-03
6.536598e-03 -3.630346e-02 5.283326e-03
6.807412e-03 -2.466506e-02 4.792957e-03
7.078227e-03 -2.649039e-02 4.113585e-03
7.349041e-03 -2.488226e-02 3.673445e-03
7.619855e-03 -1.702020e-02 3.329037e-03
7.890671e-03 -1.953840e-02 2.942669e-03
8.161485e-03 -1.425511e-02 2.638393e-03
8.432299e-03 -1.520067e-02 2.419492e-03
8.703114e-03 -1.652962e-02 2.267077e-03
8.973928e-03 -1.296830e-02 2.028603e-03
9.244742e-03 -1.122631e-02 1.899996e-03
9.515557e-03 -9.703100e-03 1.765849e-03
9.786371e-03 -1.188651e-02 1.646165e-03
1.005718e-02 -1.018380e-02 1.587919e-03
1.032800e-02 -1.092820e-02 1.446455e-03
1.059881e-02 -9.507194e-03 1.408758e-03
1.086963e-02 -6.614700e-03 1.291480e-03
1.114044e-02 -1.009750e-02 1.191212e-03
1.141126e-02 -8.075193e-03 1.157842e-03
1.168207e-02 -8.116499e-03 1.102209e-03
1.195289e-02 -6.425701e-03 1.069846e-03
1.222370e-02 -5.961396e-03 9.943534e-04
1.249451e-02 -5.241901e-03 9.523715e-04
1.276533e-02 -7.452399e-03 8.970937e-04
1.303614e-02 -7.985421e-03 8.546323e-04
1.330696e-02 -4.965231e-03 8.180867e-04
1.357777e-02 -5.695298e-03 8.060011e-04
1.384859e-02 -5.897306e-03 7.623775e-04
1.411940e-02 -3.204040e-03 7.403700e-04
1.439021e-02 -5.767487e-03 6.978485e-04
1.466103e-02 -4.989274e-03 6.849113e-04
1.493184e-02 -5.532600e-03 6.739847e-04
1.520266e-02 -4.077941e-03 6.533050e-04
1.547347e-02 -3.884226e-03 6.306866e-04
1.574429e-02 -4.799332e-03 6.159013e-04
1.601510e-02 -3.702454e-03 6.156623e-04
1.628591e-02 -3.176790e-03 5.982983e-04
1.655673e-02 -3.212970e-03 5.755747e-04
1.682754e-02 -3.341831e-03 5.648256e-04
1.709836e-02 -2.891179e-03 5.517084e-04
1.736917e-02 -3.190331e-03 5.377793e-04
1.763999e-02 -2.773032e-03 5.304805e-04
1.791080e-02 -3.755730e-03 5.117622e-04
1.818161e-02 -3.375590e-03 5.218928e-04
1.845243e-02 -2.723981e-03 5.141860e-04
1.872324e-02 -2.807070e-03 5.035513e-04
1.899406e-02 -2.356991e-03 4.993956e-04
1.926487e-02 -3.084999e-03 4.919452e-04
1.953569e-02 -1.811299e-03 4.866234e-04
1.980650e-02 -2.289142e-03 4.858067e-04
2.007731e-02 -2.701979e-03 4.751416e-04
2.034813e-02 -2.953991e-03 4.774583e-04
2.061894e-02 -2.516411e-03 4.703599e-04
2.088976e-02 -1.719549e-03 4.612374e-04
2.116057e-02 -2.794169e-03 4.650114e-04
2.143139e-02 -1.972228e-03 4.597348e-04
2.170220e-02 -1.810960e-03 4.601643e-04
2.197302e-02 -1.901161e-03 4.515821e-04
2.224383e-02 -1.245469e-03 4.442803e-04
2.251465e-02 -1.190830e-03 4.344018e-04
2.278546e-02 -1.276229e-03 4.293479e-04
2.305627e-02 -3.717393e-04 4.247448e-04
2.332709e-02 -7.300228e-04 4.160254e-04
2.359790e-02 -1.131229e-03 4.031127e-04
2.386872e-02 -1.939170e-03 4.051284e-04
2.413953e-02 -1.395348e-03 3.977389e-04
2.441034e-02 -1.177128e-03 3.906977e-04
2.468116e-02 -1.785360e-03 3.926057e-04
2.495197e-02 -1.844607e-03 3.784493e-04
2.522279e-02 -1.515832e-03 3.848757e-04
2.549360e-02 -1.324371e-03 3.769939e-04
2.576442e-02 -7.748790e-04 3.689618e-04
2.603523e-02 -1.187000e-03 3.693975e-04
2.630604e-02 -1.152299e-03 3.626359e-04
2.657686e-02 -1.157269e-03 3.633482e-04
2.684767e-02 -1.001801e-03 3.569093e-04
2.711849e-02 -1.241609e-03 3.520976e-04
2.738930e-02 -7.305779e-04 3.581893e-04
2.766012e-02 -5.632602e-04 3.481195e-04
2.793093e-02 -6.004721e-04 3.452375e-04
2.820175e-02 -7.139482e-04 3.388999e-04
2.847256e-02 -9.307675e-04 3.353471e-04
2.874337e-02 -9.419695e-04 3.397415e-04
2.901419e-02 -9.649098e-04 3.288453e-04
2.928500e-02 -8.327402e-04 3.237334e-04
2.955582e-02 -5.161501e-04 3.250616e-04
2.982663e-02 -4.219785e-04 3.214903e-04
3.009745e-02 -3.367104e-04 3.199422e-04
3.036826e-02 -1.066104e-04 3.161544e-04
3.063907e-02 -3.158301e-04 3.197201e-04
3.090989e-02 -7.944591e-04 3.185706e-04
3.118070e-02 -1.305550e-03 3.106234e-04
3.145152e-02 -4.902296e-04 3.099173e-04
3.172233e-02 -9.409823e-04 3.096238e-04
3.199315e-02 3.377609e-04 3.066837e-04
3.226396e-02 7.360801e-05 3.065119e-04
3.253478e-02 -2.719574e-04 3.027654e-04
3.280559e-02 -6.712824e-04 3.026274e-04
3.307641e-02 -5.554110e-04 3.001041e-04
3.334722e-02 -3.912821e-04 2.982351e-04
3.361803e-02 -4.265904e-04 2.984212e-04
3.388885e-02 -1.079321e-03 2.960671e-04
3.415966e-02 -8.154511e-04 2.966187e-04
3.443048e-02 -4.316792e-04 2.914432e-04
3.470129e-02 -7.126331e-04 2.914429e-04
3.497211e-02 -1.987405e-04 2.896319e-04
3.524292e-02 -2.596900e-05 2.853118e-04
3.551374e-02 1.597293e-04 2.864743e-04
3.578455e-02 -3.218986e-04 2.849299e-04
3.605536e-02 -3.661476e-04 2.841053e-04
3.632618e-02 -2.505220e-04 2.857273e-04
3.659699e-02 -3.504008e-04 2.804737e-04
3.686780e-02 -6.934404e-04 2.786699e-04
3.713862e-02 -3.631040e-05 2.780689e-04
3.740944e-02 -6.390214e-04 2.777887e-04
3.768025e-02 -4.583597e-04 2.753825e-04
3.795106e-02 -2.515316e-04 2.721163e-04
3.822188e-02 -9.797886e-05 2.730990e-04
3.849269e-02 -1.507513e-04 2.691269e-04
3.876351e-02 -3.277212e-04 2.681399e-04
3.903432e-02 -6.649680e-04 2.671434e-04
3.930514e-02 -2.999492e-04 2.664580e-04
3.957595e-02 -5.844980e-04 2.682884e-04
3.984676e-02 -1.599118e-04 2.634329e-04
4.011758e-02 -1.408607e-04 2.635921e-04
4.038839e-02 -1.117475e-04 2.639629e-04
4.065921e-02 -8.316822e-04 2.632337e-04
4.093002e-02 -6.847009e-04 2.609330e-04
4.120084e-02 -2.024397e-04 2.575793e-04
4.147165e-02 -1.790598e-04 2.582208e-04
4.174246e-02 -1.119785e-04 2.577767e-04
4.201328e-02 -1.591779e-04 2.552662e-04
4.228409e-02 -4.075505e-04 2.554802e-04
4.255491e-02 1.046490e-04 2.521165e-04
4.282572e-02 -4.694983e-04 2.546784e-04
4.309653e-02 -4.702192e-04 2.513801e-04
4.336735e-02 -4.007015e-04 2.517279e-04
4.363817e-02 4.528109e-04 2.514581e-04
4.390898e-02 -5.028024e-05 2.504855e-04
4.417979e-02 -3.090985e-04 2.503621e-04
4.445061e-02 -6.024595e-04 2.456424e-04
4.472142e-02 -2.677497e-04 2.464493e-04
4.499224e-02 -6.165914e-05 2.473561e-04
4.526305e-02 -4.989989e-04 2.471533e-04
4.553387e-02 -1.523402e-04 2.433552e-04
4.580468e-02 -2.517924e-05 2.441091e-04
4.607549e-02 -1.200493e-04 2.439450e-04
4.634631e-02 -5.576685e-04 2.408202e-04
4.661712e-02 -8.926913e-05 2.417828e-04
4.688794e-02 -1.966506e-04 2.396347e-04
4.715875e-02 -3.662091e-04 2.372896e-04
4.742957e-02 2.495944e-07 2.364171e-04
4.770038e-02 -1.514386e-04 2.373424e-04
4.797119e-02 -1.836494e-04 2.345342e-04
4.824201e-02 -1.170412e-04 2.345787e-04
4.851282e-02 -4.766602e-04 2.364129e-04
4.878364e-02 -3.887787e-04 2.323774e-04
4.905445e-02 8.345023e-05 2.331923e-04
4.932526e-02 -1.482405e-04 2.320270e-04
4.959608e-02 -1.033898e-04 2.305621e-04
4.986690e-02 -2.552010e-04 2.318616e-04
5.013771e-02 -3.111102e-04 2.300803e-04
5.040852e-02 -3.713500e-04 2.282475e-04
5.067934e-02 -2.975706e-04 2.291100e-04
5.095015e-02 -1.211409e-04 2.258051e-04
5.122096e-02 -3.623385e-04 2.291253e-04
5.149178e-02 -5.555712e-04 2.288776e-04
5.176260e-02 5.327407e-04 2.259771e-04
5.203341e-02 5.748123e-05 2.249671e-04
5.230422e-02 -6.607920e-05 2.243754e-04
5.257504e-02 -2.568513e-04 2.251163e-04
5.284585e-02 5.549006e-05 2.236412e-04
5.311667e-02 -3.158115e-04 2.221222e-04
5.338748e-02 -3.937893e-04 2.268788e-04
5.365830e-02 2.176501e-04 2.230307e-04
5.392911e-02 -9.353831e-05 2.262242e-04
5.419992e-02 8.312054e-05 2.270533e-04
5.447074e-02 -5.812012e-05 2.262480e-04
5.474155e-02 -2.523195e-04 2.287956e-04
5.501237e-02 -5.823001e-05 2.315871e-04
5.528318e-02 1.258031e-05 2.361512e-04
5.555400e-02 -1.471210e-04 2.368886e-04
5.582481e-02 -2.906099e-04 2.356742e-04
5.609563e-02 -4.401989e-05 2.388017e-04
5.636644e-02 -2.611987e-04 2.384606e-04
5.663725e-02 1.651607e-04 2.399089e-04
5.690807e-02 1.057591e-04 2.414112e-04
5.717888e-02 -3.187917e-05 2.405357e-04
5.744969e-02 2.154112e-04 2.418851e-04
5.772051e-02 -1.061615e-04 2.437325e-04
5.799133e-02 -3.961790e-04 2.419217e-04
5.826214e-02 -3.328100e-04 2.446091e-04
5.853295e-02 -1.169797e-04 2.426897e-04
5.880377e-02 -3.483016e-04 2.412849e-04
5.907458e-02 -6.855205e-04 2.418415e-04
5.934540e-02 3.598295e-04 2.423576e-04
5.961621e-02 2.514794e-04 2.430087e-04
5.988703e-02 -3.273785e-04 2.457089e-04
6.015784e-02 -1.327116e-04 2.452906e-04
6.042865e-02 1.449604e-04 2.457266e-04
6.069947e-02 -1.975801e-04 2.384558e-04
6.097028e-02 -2.167188e-04 2.399157e-04
6.124110e-02 3.383867e-05 2.372194e-04
6.151191e-02 3.511589e-04 2.361933e-04
6.178273e-02 3.941692e-04 2.378332e-04
6.205354e-02 -4.923157e-05 2.342840e-04
6.232436e-02 -4.289113e-05 2.356105e-04
6.259517e-02 -1.288950e-05 2.339677e-04
6.286598e-02 1.073908e-04 2.321062e-04
6.313679e-02 -6.183200e-04 2.342277e-04
6.340761e-02 -8.563139e-05 2.296297e-04
6.367842e-02 -3.723502e-04 2.299180e-04
6.394923e-02 2.547912e-05 2.299287e-04
6.422005e-02 -2.191104e-04 2.304167e-04
6.449086e-02 -4.730094e-04 2.303531e-04
6.476168e-02 -1.651403e-04 2.270442e-04
6.503250e-02 -1.211390e-04 2.311781e-04
6.530331e-02 -1.854599e-04 2.293963e-04
6.557412e-02 1.887046e-05 2.292418e-04
6.584494e-02 -1.937784e-04 2.279568e-04
6.611575e-02 -5.994588e-04 2.269042e-04
6.638657e-02 -9.659119e-05 2.283533e-04
6.665738e-02 -1.999196e-04 2.252154e-04
6.692819e-02 -6.646309e-04 2.270877e-04
6.719901e-02 4.474074e-05 2.261395e-04
6.746982e-02 -5.755499e-04 2.271347e-04
6.774063e-02 4.477985e-05 2.257323e-04
6.801146e-02 3.978200e-04 2.269408e-04
6.828227e-02 2.802908e-05 2.247143e-04
6.855308e-02 -2.341345e-06 2.259128e-04
6.882390e-02 -1.231600e-04 2.254422e-04
6.909471e-02 -4.381686e-04 2.247388e-04
6.936552e-02 -6.290488e-04 2.223456e-04
6.963634e-02 2.029985e-04 2.251009e-04
6.990715e-02 -1.303609e-04 2.246970e-04
7.017796e-02 1.307800e-04 2.196557e-04
7.044878e-02 2.605803e-04 2.199904e-04
7.071959e-02 -3.235899e-04 2.212922e-04
7.099041e-02 -1.895111e-04 2.212752e-04
7.126123e-02 -4.434306e-04 2.198150e-04
7.153204e-02 -4.431996e-04 2.173484e-04
7.180285e-02 -1.543202e-04 2.202872e-04
7.207367e-02 1.270100e-04 2.210907e-04
7.234448e-02 -1.308396e-04 2.203342e-04
7.261530e-02 5.317107e-05 2.206921e-04
7.288611e-02 1.255609e-04 2.176769e-04
7.315692e-02 -4.419871e-05 2.202073e-04
7.342774e-02 -1.009498e-04 2.192789e-04
7.369855e-02 1.660995e-04 2.198123e-04
7.396936e-02 -9.215064e-05 2.182135e-04
7.424019e-02 2.629701e-04 2.186864e-04
7.451100e-02 9.658001e-05 2.173671e-04
7.478181e-02 9.167008e-05 2.166979e-04
7.505263e-02 2.092868e-05 2.157950e-04
7.532344e-02 -3.834069e-05 2.181409e-04
7.559425e-02 3.017504e-04 2.147919e-04
7.586507e-02 2.021994e-04 2.156375e-04
7.613588e-02 -1.914985e-05 2.161862e-04
7.640669e-02 -4.220512e-04 2.162948e-04
7.667751e-02 -4.011709e-04 2.165385e-04
7.694832e-02 1.000203e-04 2.133227e-04
7.721914e-02 -5.210005e-05 2.144473e-04
7.748996e-02 -4.799850e-05 2.140524e-04
7.776077e-02 1.653396e-04 2.137932e-04
7.803158e-02 -1.994893e-04 2.143041e-04
7.830240e-02 -4.626065e-05 2.123093e-04
7.857321e-02 1.706388e-04 2.127160e-04
7.884403e-02 -1.284201e-04 2.121032e-04
7.911484e-02 -2.874285e-04 2.111825e-04
7.938565e-02 -2.192110e-04 2.126762e-04
7.965647e-02 -2.945028e-05 2.097492e-04
7.992728e-02 -1.130905e-04 2.105229e-04
8.019809e-02 -6.147102e-05 2.115827e-04
8.046892e-02 -1.655705e-04 2.092832e-04
8.073973e-02 -8.846074e-05 2.084346e-04
8.101054e-02 3.039837e-06 2.089689e-04
8.128136e-02 8.020923e-05 2.089133e-04
8.155217e-02 4.209206e-04 2.082697e-04
8.182298e-02 9.083003e-05 2.086395e-04
8.209380e-02 -2.741497e-04 2.079660e-04
8.236461e-02 -6.004982e-05 2.093605e-04
8.263543e-02 -3.516693e-04 2.082419e-04
8.290624e-02 -5.032290e-04 2.088544e-04
8.317705e-02 -2.211798e-04 2.063118e-04
8.344787e-02 3.908947e-05 2.083754e-04
8.371869e-02 -6.773137e-05 2.071733e-04
8.398950e-02 1.274087e-04 2.066729e-04
8.426031e-02 4.853122e-05 2.073410e-04
8.453113e-02 -2.424195e-04 2.041224e-04
8.480194e-02 -5.040597e-04 2.076573e-04
8.507276e-02 -4.025176e-05 2.058022e-04
8.534357e-02 6.940030e-05 2.058910e-04
8.561438e-02 9.201467e-07 2.039492e-04
8.588520e-02 -1.313910e-04 2.030673e-04
8.615601e-02 4.293025e-05 2.028727e-04
8.642682e-02 1.434498e-04 2.052476e-04
8.669765e-02 3.005397e-04 2.037274e-04
8.696846e-02 -1.022704e-04 2.032538e-04
8.723927e-02 -1.031794e-04 2.024998e-04
8.751009e-02 -9.649992e-05 2.035027e-04
8.778090e-02 -6.018952e-05 2.013694e-04
8.805171e-02 -1.556296e-04 2.042646e-04
8.832253e-02 1.803041e-05 2.026690e-04
8.859334e-02 3.069304e-04 2.031957e-04
8.886416e-02 -5.330890e-05 2.017152e-04
8.913497e-02 -1.063105e-04 2.006583e-04
8.940578e-02 -1.863204e-04 2.015596e-04
8.967660e-02 1.320112e-04 2.006959e-04
8.994742e-02 -8.684956e-05 2.021952e-04
9.021823e-02 -2.534986e-04 2.002645e-04
9.048904e-02 -3.817696e-04 2.002693e-04
9.075986e-02 -4.467890e-04 2.008283e-04
9.103067e-02 -1.120903e-04 1.993759e-04
9.130149e-02 -2.179705e-04 1.982245e-04
9.157230e-02 -7.971935e-05 1.985887e-04
9.184311e-02 3.715977e-05 2.000947e-04
9.211393e-02 5.766004e-05 1.970508e-04
9.238474e-02 -1.894906e-04 1.974294e-04
9.265555e-02 -8.542091e-05 1.992690e-04
9.292637e-02 -6.012060e-05 1.968775e-04
9.319719e-02 -7.753074e-05 1.998080e-04
9.346800e-02 1.889095e-04 1.975739e-04
9.373882e-02 -7.462185e-04 1.970287e-04
9.400963e-02 -2.047308e-04 1.986670e-04
9.428044e-02 -1.776498e-04 1.971649e-04
9.455126e-02 7.727928e-05 1.956678e-04
9.482207e-02 -1.136493e-04 1.960035e-04
9.509289e-02 -2.964102e-04 1.961660e-04
9.536370e-02 -3.802013e-04 1.969850e-04
9.563451e-02 6.680004e-05 1.942490e-04
9.590533e-02 1.688991e-04 1.967731e-04
9.617615e-02 2.745502e-04 1.948838e-04
9.644696e-02 1.744814e-04 1.945152e-04
9.671777e-02 4.719011e-05 1.945421e-04
9.698859e-02 1.072101e-04 1.935543e-04
9.725940e-02 -3.390014e-07 1.949415e-04
9.753022e-02 -1.884997e-04 1.928684e-04
9.780103e-02 1.612492e-04 1.950175e-04
9.807184e-02 -3.320109e-04 1.929274e-04
9.834266e-02 -1.412705e-04 1.924999e-04
9.861347e-02 -2.757292e-04 1.938127e-04
9.888428e-02 8.667074e-05 1.927155e-04
9.915510e-02 -1.911111e-04 1.935919e-04
9.942592e-02 2.708398e-04 1.915479e-04
9.969673e-02 4.175194e-04 1.912405e-04
9.996755e-02 9.939820e-05 1.928086e-04
1.002384e-01 -3.469996e-04 1.911831e-04
1.005092e-01 2.670996e-04 1.932431e-04
1.007800e-01 -2.930798e-04 1.911809e-04
1.010508e-01 1.871511e-04 1.925554e-04
1.013216e-01 -2.140179e-06 1.905507e-04
1.015924e-01 7.609092e-05 1.897644e-04
1.018632e-01 1.786705e-04 1.911112e-04
1.021341e-01 2.722610e-04 1.903580e-04
1.024049e-01 -2.232399e-04 1.908360e-04
1.026757e-01 -2.098102e-04 1.893425e-04
1.029465e-01 -1.358800e-04 1.897914e-04
1.032173e-01 -3.961101e-05 1.891952e-04
1.034881e-01 -2.145600e-04 1.901441e-04
1.037589e-01 -9.785965e-05 1.889583e-04
1.040298e-01 -1.099799e-04 1.879472e-04
1.043006e-01 -6.606989e-05 1.894114e-04
1.045714e-01 -1.963601e-04 1.885166e-04
1.048422e-01 8.331053e-05 1.884706e-04
1.051130e-01 -3.446080e-05 1.879036e-04
1.053838e-01 -3.034901e-04 1.886240e-04
1.056546e-01 2.003592e-04 1.866266e-04
1.059255e-01 6.647967e-05 1.883410e-04
1.061963e-01 -9.781122e-05 1.870967e-04
1.064671e-01 5.119108e-05 1.872387e-04
1.067379e-01 -1.944304e-04 1.869333e-04
1.070087e-01 -1.932010e-04 1.876394e-04
1.072795e-01 -1.295190e-04 1.856828e-04
1.075503e-01 -1.221411e-04 1.859730e-04
1.078212e-01 -1.603924e-05 1.860058e-04
1.080920e-01 -9.532087e-05 1.868991e-04
1.083628e-01 -4.242193e-04 1.862311e-04
1.086336e-01 -4.197508e-04 1.849956e-04
1.089044e-01 -4.507042e-05 1.858486e-04
1.091752e-01 5.099922e-06 1.856609e-04
1.094460e-01 9.928830e-05 1.846453e-04
1.097169e-01 6.787106e-05 1.850437e-04
1.099877e-01 -4.957989e-05 1.838570e-04
1.102585e-01 -6.894022e-05 1.854829e-04
1.105293e-01 -4.111286e-04 1.868022e-04
1.108001e-01 9.628944e-05 1.912073e-04
1.110709e-01 -1.625102e-04 1.911925e-04
1.113417e-01 -3.149733e-06 1.898424e-04
1.116126e-01 -2.523139e-05 1.914506e-04
1.118834e-01 -6.820075e-05 1.907412e-04
1.121542e-01 -1.874007e-05 1.924722e-04
1.124250e-01 3.285110e-04 1.939817e-04
1.126958e-01 6.696954e-05 1.957152e-04
1.129666e-01 -3.833305e-04 1.961864e-04
1.132374e-01 2.487898e-04 2.005337e-04
1.135083e-01 1.353491e-04 2.006559e-04
1.137791e-01 2.732128e-05 2.012415e-04
1.140499e-01 7.828698e-06 2.008607e-04
1.143207e-01 1.277290e-04 2.050285e-04
1.145915e-01 -2.658200e-04 2.060270e-04
1.148623e-01 -1.948904e-04 2.075946e-04
1.151332e-01 1.220591e-04 2.059425e-04
1.154040e-01 -3.517587e-04 2.094525e-04
1.156748e-01 -3.913585e-04 2.119334e-04
1.159456e-01 1.894012e-04 2.107502e-04
1.162164e-01 7.981993e-05 2.108815e-04
1.164872e-01 3.721006e-05 2.107758e-04
1.167580e-01 -8.448008e-04 2.159103e-04
1.170288e-01 6.412901e-05 2.152134e-04
1.172997e-01 -7.534958e-05 2.151142e-04
1.175705e-01 3.372692e-04 2.176495e-04
1.178413e-01 -5.028192e-04 2.184119e-04
1.181121e-01 -4.311800e-04 2.161770e-04
1.183829e-01 -2.034083e-04 2.102272e-04
1.186537e-01 -3.750902e-04 2.118643e-04
1.189246e-01 -6.566010e-05 2.107083e-04
1.191954e-01 1.127012e-04 2.099008e-04
1.194662e-01 -2.472103e-04 2.108832e-04
1.197370e-01 8.617900e-05 2.091214e-04
1.200078e-01 1.915302e-04 2.083003e-04
1.202786e-01 -2.310406e-04 2.076650e-04
1.205494e-01 2.824143e-05 2.083165e-04
1.208202e-01 -7.990934e-05 2.094580e-04
1.210911e-01 -2.282690e-04 2.077693e-04
1.213619e-01 -1.920499e-04 2.087805e-04
1.216327e-01 2.492201e-04 2.072668e-04
1.219035e-01 -8.242019e-05 2.075768e-04
1.221743e-01 -2.774037e-05 2.094597e-04
1.224451e-01 1.289900e-04 2.062465e-04
1.227160e-01 1.557898e-04 2.090839e-04
1.229868e-01 -1.870506e-04 2.065923e-04
1.232576e-01 -2.654605e-04 2.077674e-04
1.235284e-01 -4.108902e-04 2.101631e-04
1.237992e-01 -1.605097e-04 2.080413e-04
1.240700e-01 1.476891e-05 2.100050e-04
1.243408e-01 8.364953e-05 2.079477e-04
1.246117e-01 -7.148832e-06 2.089288e-04
1.248825e-01 -2.328288e-04 2.072920e-04
1.251533e-01 -1.099147e-05 2.068955e-04
1.254241e-01 1.003891e-04 2.081486e-04
1.256949e-01 9.432994e-05 2.050197e-04
1.259657e-01 -1.993403e-04 2.044473e-04
1.262365e-01 2.491195e-04 2.049881e-04
1.265074e-01 -2.260190e-04 2.058739e-04
1.267782e-01 -3.448185e-04 2.051698e-04
1.270490e-01 1.179501e-04 2.033851e-04
1.273198e-01 -3.044810e-04 2.045494e-04
1.275906e-01 -2.115034e-05 2.052241e-04
1.278614e-01 1.488216e-04 2.037481e-04
1.281322e-01 2.260394e-04 2.029394e-04
1.284031e-01 -1.270585e-04 2.029699e-04
1.286739e-01 1.688711e-04 2.041533e-04
1.289447e-01 -8.567981e-05 2.037822e-04
1.292155e-01 1.031291e-04 2.043445e-04
1.294863e-01 4.978105e-05 2.029337e-04
1.297571e-01 -1.962297e-04 2.022033e-04
1.300279e-01 -1.959708e-04 2.023668e-04
1.302988e-01 2.905801e-04 2.034744e-04
1.305696e-01 4.409067e-05 2.018837e-04
1.308404e-01 7.108971e-05 2.011460e-04
1.311112e-01 3.897026e-05 2.045439e-04
1.313820e-01 -1.992695e-04 2.017909e-04
1.316528e-01 2.438948e-05 2.018932e-04
1.319236e-01 1.734309e-04 2.010046e-04
1.321945e-01 -1.413412e-04 2.013772e-04
1.324653e-01 -4.633144e-05 2.021165e-04
1.327361e-01 -3.532898e-04 2.016485e-04
1.330069e-01 9.310991e-05 2.024301e-04
1.332777e-01 5.216151e-05 2.000828e-04
1.335485e-01 1.504794e-04 2.000842e-04
1.338193e-01 -7.165968e-05 2.017745e-04
1.340902e-01 1.617502e-04 1.990109e-04
1.343610e-01 3.019348e-06 2.019139e-04
1.346318e-01 1.728889e-04 1.992295e-04
1.349026e-01 4.333071e-05 1.985697e-04
1.351734e-01 -1.273789e-04 2.016205e-04
1.354442e-01 -3.140047e-05 1.988178e-04
1.357151e-01 -2.255198e-04 2.008906e-04
1.359859e-01 -8.065999e-05 1.992760e-04
1.362567e-01 1.830794e-04 1.981004e-04
1.365275e-01 -1.024995e-04 1.986355e-04
1.367983e-01 -2.263859e-05 1.962105e-04
1.370691e-01 -4.344061e-05 1.996708e-04
1.373399e-01 -4.237499e-04 2.023807e-04
1.376107e-01 2.080500e-04 2.043190e-04
1.378816e-01 4.273299e-04 2.079945e-04
1.381524e-01 1.768488e-04 2.050846e-04
1.384232e-01 8.137152e-05 2.093392e-04
1.386940e-01 4.502404e-04 2.079198e-04
1.389648e-01 -6.216615e-04 2.108204e-04
1.392356e-01 2.665706e-04 2.121021e-04
1.395064e-01 -1.335889e-05 2.099749e-04
1.397773e-01 3.746152e-05 2.128083e-04
1.400481e-01 1.399703e-04 2.124737e-04
1.403189e-01 -1.175907e-04 2.134721e-04
1.405897e-01 2.264902e-04 2.153217e-04
1.408605e-01 -4.396029e-05 2.155817e-04
1.411313e-01 -3.232006e-04 2.169267e-04
1.414021e-01 -1.105890e-04 2.159476e-04
1.416730e-01 -9.529293e-06 2.179137e-04
1.419438e-01 7.470138e-05 2.182068e-04
1.422146e-01 -2.067909e-05 2.192575e-04
1.424854e-01 -3.148485e-04 2.181627e-04
1.427562e-01 2.690814e-04 2.178391e-04
1.430270e-01 -5.558394e-04 2.186449e-04
1.432979e-01 -2.583005e-04 2.200710e-04
1.435687e-01 -4.018508e-04 2.216112e-04
1.438395e-01 -2.021305e-04 2.211393e-04
1.441103e-01 -3.637001e-04 2.230085e-04
1.443811e-01 -1.690611e-04 2.244119e-04
1.446519e-01 -3.539026e-05 2.226878e-04
1.449227e-01 4.313886e-05 2.250891e-04
1.451935e-01 -2.592802e-04 2.210003e-04
1.454644e-01 -1.157802e-04 2.261169e-04
1.457352e-01 3.398918e-04 2.254631e-04
1.460060e-01 -1.389105e-04 2.251443e-04
1.462768e-01 -2.241209e-04 2.268590e-04
1.465476e-01 -1.738016e-04 2.261250e-04
1.468184e-01 7.193163e-05 2.291159e-04
1.470892e-01 -1.264196e-04 2.297003e-04
1.473601e-01 -6.079115e-05 2.271807e-04
1.476309e-01 1.724996e-05 2.288937e-04
1.479017e-01 -1.467783e-04 2.277587e-04
1.481725e-01 -3.672186e-04 2.298445e-04
1.484433e-01 3.465712e-04 2.265540e-04
1.487141e-01 -3.031809e-04 2.297178e-04
1.489850e-01 -2.240911e-04 2.267015e-04
1.492558e-01 -1.364797e-04 2.266375e-04
1.495266e-01 -4.620496e-04 2.289700e-04
1.497974e-01 3.241934e-05 2.258387e-04
1.500682e-01 1.097303e-04 2.286944e-04
1.503390e-01 1.654904e-04 2.272983e-04
1.506098e-01 9.994023e-05 2.275216e-04
1.508806e-01 3.750287e-04 2.264152e-04
1.511515e-01 -1.982301e-04 2.254570e-04
1.514223e-01 -2.892110e-04 2.287467e-04
1.516931e-01 -1.855902e-04 2.252309e-04
1.519639e-01 2.996307e-04 2.259648e-04
1.522347e-01 -3.317501e-04 2.273886e-04
1.525055e-01 6.867945e-05 2.263388e-04
1.527763e-01 2.086088e-04 2.282530e-04
1.530472e-01 -2.992190e-04 2.264470e-04
1.533180e-01 -1.121685e-04 2.274207e-04
1.535888e-01 1.913104e-04 2.275733e-04
1.538596e-01 3.176089e-04 2.276884e-04
1.541304e-01 -6.927922e-05 2.297710e-04
1.544012e-01 2.065394e-04 2.270266e-04
1.546721e-01 -3.448315e-04 2.297182e-04
1.549429e-01 1.935884e-04 2.295679e-04
1.552137e-01 -8.943118e-05 2.263898e-04
1.554845e-01 -7.061101e-05 2.292999e-04
1.557553e-01 -8.235127e-05 2.298435e-04
1.560261e-01 4.898999e-04 2.302578e-04
1.562969e-01 8.533895e-05 2.270448e-04
1.565678e-01 1.819804e-04 2.282150e-04
1.568386e-01 -3.031902e-04 2.298404e-04
1.571094e-01 1.139194e-04 2.305258e-04
1.573802e-01 -2.677292e-04 2.286020e-04
1.576510e-01 1.351293e-04 2.271401e-04
1.579218e-01 -1.844950e-05 2.279938e-04
1.581926e-01 1.217984e-05 2.287950e-04
1.584634e-01 1.357291e-04 2.282741e-04
1.587343e-01 1.946408e-04 2.286734e-04
1.590051e-01 -4.520826e-05 2.280511e-04
1.592759e-01 -2.678856e-05 2.280450e-04
1.595467e-01 -1.385491e-04 2.292149e-04
1.598175e-01 6.938186e-04 2.265458e-04
1.600883e-01 4.849955e-05 2.269627e-04
1.603591e-01 8.929893e-05 2.269341e-04
1.606300e-01 3.510714e-04 2.255134e-04
1.609008e-01 1.397002e-04 2.255141e-04
1.611716e-01 -2.725590e-04 2.263513e-04
1.614424e-01 -1.662001e-04 2.233528e-04
1.617132e-01 -1.959596e-04 2.257475e-04
1.619840e-01 1.017507e-04 2.255143e-04
1.622549e-01 1.521688e-04 2.259697e-04
1.625257e-01 -1.782700e-04 2.268454e-04
1.627965e-01 2.655406e-04 2.258114e-04
1.630673e-01 -2.654996e-04 2.277004e-04
1.633381e-01 1.778509e-04 2.262652e-04
1.636089e-01 1.189709e-04 2.259799e-04
1.638797e-01 3.335290e-04 2.297490e-04
1.641506e-01 4.511885e-05 2.249190e-04
1.644214e-01 3.040098e-04 2.259455e-04
1.646922e-01 2.332088e-04 2.261604e-04
1.649630e-01 -1.285970e-05 2.266806e-04
1.652338e-01 2.489705e-04 2.273213e-04
1.655046e-01 2.351590e-04 2.264144e-04
1.657754e-01 -1.798198e-04 2.257164e-04
1.660462e-01 9.262934e-05 2.268444e-04
1.663171e-01 -1.971088e-04 2.261239e-04
1.665879e-01 2.326500e-04 2.260116e-04
1.668587e-01 -2.027694e-04 2.265709e-04
1.671295e-01 -4.914030e-05 2.276112e-04
1.674003e-01 1.830496e-04 2.270580e-04
1.676711e-01 -7.657893e-05 2.335672e-04
1.679420e-01 -1.706295e-04 2.379544e-04
1.682128e-01 1.186095e-04 2.411666e-04
1.684836e-01 -2.383292e-04 2.446707e-04
1.687544e-01 2.207402e-04 2.454195e-04
1.690252e-01 9.920448e-06 2.482956e-04
1.692960e-01 -1.789499e-04 2.454443e-04
1.695668e-01 2.244208e-04 2.509546e-04
1.698377e-01 5.120039e-05 2.522900e-04
1.701085e-01 4.361942e-05 2.552334e-04
1.703793e-01 3.191996e-04 2.583098e-04
1.706501e-01 -6.631948e-05 2.602765e-04
1.709209e-01 1.825001e-04 2.655628e-04
1.711917e-01 3.989302e-04 2.622348e-04
1.714625e-01 1.847800e-04 2.655059e-04
1.717333e-01 1.169927e-05 2.684778e-04
1.720042e-01 -3.222004e-05 2.684862e-04
1.722750e-01 -9.983964e-05 2.731403e-04
1.725458e-01 1.790691e-04 2.704936e-04
1.728166e-01 2.208091e-04 2.722162e-04
1.730874e-01 -1.823585e-04 2.762619e-04
1.733582e-01 2.909806e-04 2.748649e-04
1.736291e-01 1.946893e-04 2.819907e-04
1.738999e-01 -1.207925e-05 2.737307e-04
1.741707e-01 5.454011e-05 2.833639e-04
1.744415e-01 -4.422795e-04 2.836483e-04
1.747123e-01 -3.662109e-04 2.843082e-04
1.749831e-01 -3.339797e-04 2.726824e-04
1.752539e-01 4.494004e-05 2.676624e-04
1.755248e-01 2.283975e-05 2.692393e-04
1.757956e-01 -8.293986e-05 2.619882e-04
1.760664e-01 -2.949983e-04 2.658818e-04
1.763372e-01 -6.939098e-05 2.615977e-04
1.766080e-01 2.115015e-04 2.631064e-04
1.768788e-01 -5.359817e-04 2.624731e-04
1.771496e-01 5.888008e-05 2.591828e-04
1.774205e-01 1.495499e-04 2.606363e-04
1.776913e-01 -2.713911e-04 2.575240e-04
1.779621e-01 -1.061000e-04 2.575087e-04
1.782329e-01 -8.785166e-05 2.588125e-04
1.785037e-01 9.950064e-05 2.515890e-04
1.787745e-01 -6.677024e-05 2.561337e-04
1.790453e-01 4.594028e-05 2.533813e-04
1.793161e-01 1.581386e-06 2.535510e-04
1.795870e-01 -1.277030e-05 2.511038e-04
1.798578e-01 -4.857294e-04 2.507278e-04
1.801286e-01 -6.093085e-05 2.511378e-04
1.803994e-01 7.910654e-06 2.472234e-04
1.806702e-01 -7.358938e-05 2.495907e-04
1.809410e-01 5.536899e-05 2.472078e-04
1.812119e-01 1.818594e-04 2.473835e-04
1.814827e-01 -7.756613e-04 2.479518e-04
1.817535e-01 4.437398e-04 2.458140e-04
1.820243e-01 -4.909001e-05 2.450552e-04
1.822951e-01 -3.720187e-04 2.458985e-04
1.825659e-01 -3.978889e-04 2.454841e-04
1.828367e-01 -4.457887e-04 2.458009e-04
1.831076e-01 3.165584e-04 2.435742e-04
1.833784e-01 -9.168871e-05 2.478057e-04
1.836492e-01 1.317505e-04 2.453720e-04
1.839200e-01 -2.351794e-04 2.466302e-04
1.841908e-01 -9.989925e-05 2.473927e-04
1.844616e-01 3.263894e-04 2.470941e-04
1.847324e-01 -1.041498e-04 2.457701e-04
1.850033e-01 2.087690e-04 2.421713e-04
1.852741e-01 -1.342595e-04 2.458078e-04
1.855449e-01 -3.769305e-04 2.435031e-04
1.858157e-01 -6.809831e-06 2.470716e-04
1.860865e-01 -5.363207e-04 2.457504e-04
1.863573e-01 1.295805e-04 2.423679e-04
1.866281e-01 1.369976e-05 2.449505e-04
1.868990e-01 1.081601e-04 2.434973e-04
1.871698e-01 1.345295e-04 2.463827e-04
1.874406e-01 1.588706e-04 2.479053e-04
1.877114e-01 9.588897e-06 2.426835e-04
1.879822e-01 -2.278499e-04 2.436663e-04
1.882530e-01 -4.021823e-05 2.423058e-04
1.885238e-01 -1.129992e-04 2.426916e-04
1.887947e-01 -1.413189e-04 2.435067e-04
1.890655e-01 -9.007007e-05 2.432330e-04
1.893363e-01 2.486389e-04 2.433467e-04
1.896071e-01 -4.159100e-04 2.409058e-04
1.898779e-01 -1.192000e-04 2.439924e-04
1.901487e-01 1.060497e-04 2.424509e-04
1.904195e-01 -8.508936e-05 2.423856e-04
1.906904e-01 3.227796e-04 2.443508e-04
1.909612e-01 -2.367981e-05 2.407254e-04
1.912320e-01 4.223101e-04 2.436297e-04
1.915028e-01 1.607500e-04 2.413621e-04
1.917736e-01 -5.732849e-05 2.406942e-04
1.920444e-01 -2.920069e-05 2.434159e-04
1.923153e-01 -1.884215e-04 2.403038e-04
1.925861e-01 -8.719973e-05 2.458417e-04
1.928569e-01 -5.952008e-04 2.430502e-04
1.931277e-01 -4.578512e-04 2.417763e-04
1.933985e-01 3.397092e-04 2.411246e-04
1.936693e-01 -2.926104e-04 2.409824e-04
1.939401e-01 2.424903e-04 2.428671e-04
1.942109e-01 2.405047e-05 2.416636e-04
1.944818e-01 1.327395e-04 2.439661e-04
1.947526e-01 -5.251914e-05 2.424332e-04
1.950234e-01 -4.288927e-05 2.419556e-04
1.952942e-01 -1.240000e-04 2.419675e-04
1.955650e-01 -1.609586e-04 2.399112e-04
1.958358e-01 -9.911135e-05 2.414493e-04
1.961066e-01 7.816963e-05 2.415779e-04
1.963775e-01 1.207814e-04 2.392373e-04
1.966483e-01 -1.400001e-04 2.422568e-04
1.969191e-01 6.384030e-05 2.427910e-04
1.971899e-01 3.856979e-05 2.414139e-04
1.974607e-01 8.394010e-05 2.409354e-04
1.977315e-01 -2.817493e-04 2.412654e-04
1.980023e-01 1.814906e-04 2.387892e-04
1.982732e-01 2.101213e-04 2.409736e-04
1.985440e-01 2.207290e-04 2.416720e-04
1.988148e-01 -9.500980e-05 2.420946e-04
1.990856e-01 1.589954e-05 2.408411e-04
1.993564e-01 5.749594e-04 2.435697e-04
1.996272e-01 -3.601816e-04 2.415781e-04
1.998980e-01 2.167001e-04 2.403846e-04
2.001689e-01 -6.970018e-06 2.371241e-04
2.004397e-01 -2.033301e-04 2.356777e-04
2.007105e-01 6.688014e-05 2.395465e-04
2.009813e-01 -1.677498e-04 2.389240e-04
2.012521e-01 2.616290e-04 2.395366e-04
2.015229e-01 1.412798e-04 2.396738e-04
2.017937e-01 -7.870048e-05 2.407540e-04
2.020646e-01 -1.055002e-05 2.393364e-04
2.023354e-01 -1.984704e-04 2.394544e-04
2.026062e-01 -1.330189e-04 2.359611e-04
2.028770e-01 2.859589e-04 2.410354e-04
2.031478e-01 4.101172e-05 2.386339e-04
2.034186e-01 1.865290e-04 2.387393e-04
2.036894e-01 -1.280941e-05 2.391437e-04
2.039603e-01 4.643388e-04 2.391507e-04
2.042311e-01 1.087990e-04 2.383644e-04
2.045019e-01 -1.767296e-04 2.365104e-04
2.047727e-01 -1.316294e-04 2.356531e-04
2.050435e-01 2.089906e-04 2.353410e-04
2.053143e-01 7.496029e-05 2.374263e-04
2.055852e-01 6.106403e-04 2.357356e-04
2.058560e-01 1.261495e-04 2.344763e-04
2.061268e-01 7.685088e-05 2.349017e-04
2.063976e-01 -1.621600e-04 2.353846e-04
2.066684e-01 -1.368206e-04 2.348631e-04
2.069392e-01 -1.035705e-04 2.334607e-04
2.072100e-01 1.944974e-05 2.350735e-04
2.074808e-01 -2.189912e-05 2.366510e-04
2.077517e-01 -1.977105e-04 2.319174e-04
2.080225e-01 -3.637206e-04 2.355802e-04
2.082933e-01 -3.386103e-05 2.344071e-04
2.085641e-01 1.096204e-04 2.330012e-04
2.088349e-01 -1.378190e-04 2.383148e-04
2.091057e-01 -1.508705e-04 2.341658e-04
2.093765e-01 1.187399e-04 2.323578e-04
2.096474e-01 -9.712018e-05 2.339992e-04
2.099182e-01 -8.477084e-05 2.343540e-04
2.101890e-01 2.054591e-04 2.325932e-04
2.104598e-01 -9.163097e-05 2.326737e-04
2.107306e-01 -5.530007e-05 2.333241e-04
2.110014e-01 -3.191698e-04 2.343560e-04
2.112723e-01 5.380306e-04 2.349623e-04
2.115431e-01 -4.288796e-04 2.318418e-04
2.118139e-01 -3.142394e-04 2.337834e-04
2.120847e-01 -2.093296e-04 2.345987e-04
2.123555e-01 -1.907200e-04 2.355100e-04
2.126263e-01 -1.591891e-04 2.327250e-04
2.128971e-01 2.619792e-04 2.332529e-04
2.131680e-01 7.846951e-05 2.314895e-04
2.134388e-01 2.068840e-05 2.351382e-04
2.137096e-01 -7.466041e-05 2.317655e-04
2.139804e-01 3.181603e-04 2.342009e-04
2.142512e-01 -1.801010e-04 2.337081e-04
2.145220e-01 -1.332797e-04 2.328270e-04
2.147928e-01 -5.616061e-05 2.342929e-04
2.150636e-01 -2.602302e-04 2.330046e-04
2.153345e-01 1.261905e-04 2.346776e-04
2.156053e-01 1.404807e-04 2.328926e-04
2.158761e-01 8.036941e-05 2.351951e-04
2.161469e-01 -1.506209e-04 2.348261e-04
2.164177e-01 -2.942812e-04 2.337585e-04
2.166885e-01 -2.267715e-04 2.346123e-04
2.169593e-01 2.551600e-04 2.341590e-04
2.172302e-01 -4.629977e-05 2.352683e-04
2.175010e-01 -9.547919e-05 2.337148e-04
2.177718e-01 9.240583e-06 2.336025e-04
2.180426e-01 1.558904e-04 2.341306e-04
2.183134e-01 3.026053e-05 2.329973e-04
2.185842e-01 -2.802908e-05 2.340882e-04
2.188551e-01 -2.808869e-06 2.330585e-04
2.191259e-01 5.015209e-04 2.339083e-04
2.193967e-01 1.572594e-04 2.326598e-04
2.196675e-01 -3.365409e-04 2.315052e-04
2.199383e-01 2.206098e-04 2.332168e-04
2.202091e-01 1.831707e-04 2.332012e-04
2.204799e-01 1.203306e-04 2.305701e-04
2.207507e-01 -1.833197e-04 2.331964e-04
2.210216e-01 -1.021605e-04 2.311629e-04
2.212924e-01 -6.012302e-04 2.308947e-04
2.215632e-01 2.028998e-04 2.308600e-04
2.218340e-01 4.986301e-04 2.301008e-04
2.221048e-01 -2.717208e-04 2.294964e-04
2.223756e-01 -2.190806e-04 2.303030e-04
2.226464e-01 -6.468035e-05 2.305349e-04
2.229173e-01 2.062004e-04 2.299795e-04
2.231881e-01 -5.064104e-04 2.284308e-04
2.234589e-01 -4.044101e-04 2.287834e-04
2.237297e-01 9.912997e-05 2.297504e-04
2.240005e-01 -2.658907e-04 2.280283e-04
2.242713e-01 -1.560599e-04 2.293795e-04
2.245422e-01 -2.036057e-05 2.299922e-04
2.248130e-01 -6.612949e-05 2.308656e-04
2.250838e-01 -1.648311e-04 2.284613e-04
2.253546e-01 -2.275817e-04 2.311395e-04
2.256254e-01 -2.313908e-04 2.311582e-04
2.258962e-01 -1.601391e-04 2.281955e-04
2.261670e-01 -1.311395e-04 2.365846e-04
2.264379e-01 2.653152e-05 2.423666e-04
2.267087e-01 1.034290e-04 2.465886e-04
2.269795e-01 -8.098036e-05 2.481123e-04
2.272503e-01 1.258701e-04 2.517432e-04
2.275211e-01 -4.326608e-04 2.555608e-04
2.277919e-01 4.086103e-04 2.548587e-04
2.280627e-01 -1.845304e-04 2.602015e-04
2.283335e-01 1.737699e-04 2.624628e-04
2.286044e-01 -1.635086e-04 2.624908e-04
2.288752e-01 3.180802e-04 2.684448e-04
2.291460e-01 -2.158098e-04 2.722790e-04
2.294168e-01 -1.579486e-04 2.743784e-04
2.296876e-01 2.044309e-04 2.760332e-04
2.299584e-01 -1.442898e-04 2.752889e-04
2.302293e-01 -8.705072e-05 2.790486e-04
2.305001e-01 -3.563408e-04 2.843550e-04
2.307709e-01 -3.355704e-04 2.851516e-04
2.310417e-01 -4.795007e-05 2.842587e-04
2.313125e-01 -2.571009e-05 2.903842e-04
2.315833e-01 -5.323067e-05 2.938774e-04
2.318541e-01 -2.337992e-04 2.917163e-04
2.321250e-01 -3.758408e-04 2.956599e-04
2.323958e-01 2.773888e-04 2.968017e-04
2.326666e-01 -7.751901e-04 3.000658e-04
2.329374e-01 2.331100e-05 3.038779e-04
2.332082e-01 -7.336959e-05 3.024545e-04
2.334790e-01 -3.102012e-04 3.089889e-04
2.337498e-01 3.803894e-05 3.095603e-04
2.340207e-01 -5.640090e-06 3.152369e-04
2.342915e-01 4.143082e-05 3.115554e-04
2.345623e-01 -3.272798e-04 3.189408e-04
2.348331e-01 -1.280811e-04 3.201298e-04
2.351039e-01 1.699906e-04 3.226651e-04
2.353747e-01 5.756896e-04 3.232742e-04
2.356455e-01 3.463905e-04 3.264541e-04
2.359163e-01 8.748006e-04 3.335539e-04
2.361872e-01 7.306971e-05 3.316580e-04
2.364580e-01 -1.164395e-04 3.362974e-04
2.367288e-01 4.513599e-04 3.377127e-04
2.369996e-01 4.072804e-04 3.378042e-04
2.372704e-01 -1.137890e-04 3.511173e-04
2.375412e-01 9.404123e-05 3.474374e-04
2.378121e-01 4.476495e-04 3.542951e-04
2.380829e-01 3.935099e-04 3.469262e-04
2.383537e-01 -3.667790e-04 3.559985e-04
2.386245e-01 -2.186000e-04 3.696523e-04
2.388953e-01 -1.916401e-04 3.600923e-04
2.391661e-01 -3.175493e-04 3.633878e-04
2.394369e-01 1.604911e-04 3.699864e-04
2.397078e-01 -4.113708e-04 3.765821e-04
2.399786e-01 -3.663506e-04 3.793648e-04
2.402494e-01 -1.580697e-04 3.814017e-04
2.405202e-01 -7.336717e-04 3.867220e-04
2.407910e-01 -4.730709e-04 3.893615e-04
2.410618e-01 -1.638997e-04 3.921057e-04
2.413326e-01 -3.507175e-05 3.993644e-04
2.416034e-01 -4.326906e-04 3.989841e-04
2.418743e-01 -5.888809e-04 4.066721e-04
2.421451e-01 4.702900e-04 4.150912e-04
2.424159e-01 -7.518101e-04 4.200205e-04
2.426867e-01 7.223003e-04 4.200086e-04
2.429575e-01 5.776994e-05 4.263391e-04
2.432283e-01 -2.398603e-04 4.427378e-04
2.434992e-01 -5.971305e-04 4.318106e-04
2.437700e-01 -4.025903e-04 4.390394e-04
2.440408e-01 3.874600e-04 4.483988e-04
2.443116e-01 -3.046300e-04 4.588428e-04
2.445824e-01 -1.320317e-04 4.538275e-04
2.448532e-01 5.772486e-04 4.577482e-04
2.451240e-01 -1.379140e-03 4.758958e-04
2.453949e-01 -1.794193e-04 4.801098e-04
2.456657e-01 -4.339498e-04 4.900672e-04
2.459365e-01 4.404597e-04 4.859480e-04
2.462073e-01 -3.065187e-04 4.893220e-04
2.464781e-01 -2.218038e-05 5.098294e-04
2.467489e-01 2.100002e-04 5.069810e-04
2.470197e-01 9.191204e-04 5.204877e-04
2.472906e-01 6.418116e-05 5.284213e-04
2.475614e-01 -3.060494e-04 5.425579e-04
2.478322e-01 -1.503807e-04 5.572584e-04
2.481030e-01 -4.279800e-04 5.479337e-04
2.483738e-01 -2.154913e-04 5.581097e-04
2.486446e-01 2.573095e-04 5.896104e-04
2.489154e-01 1.525220e-03 6.062270e-04
2.491863e-01 -5.504005e-04 5.927575e-04
2.494571e-01 -3.398955e-05 6.121571e-04
2.497279e-01 -2.905503e-04 6.322384e-04
2.499987e-01 9.058602e-04 6.638418e-04
2.502695e-01 -7.046014e-05 6.566170e-04
2.505403e-01 -1.663398e-04 6.785094e-04
2.508111e-01 -6.798096e-04 7.052949e-04
2.510819e-01 -5.530212e-04 7.351225e-04
2.513528e-01 -1.001170e-03 7.280815e-04
2.516236e-01 -2.678707e-04 7.519185e-04
2.518944e-01 1.215301e-04 7.704694e-04
2.521652e-01 -2.448708e-04 8.289127e-04
2.524360e-01 -1.906790e-04 8.256875e-04
2.527068e-01 1.716750e-03 8.006381e-04
2.529776e-01 2.741570e-03 8.857045e-04
2.532485e-01 -8.455403e-04 8.879032e-04
2.535193e-01 5.641393e-04 9.247075e-04
2.537901e-01 -7.839110e-04 9.336292e-04
2.540609e-01 -3.831089e-05 9.261218e-04
2.543317e-01 -7.838290e-04 9.746596e-04
2.546025e-01 -2.525330e-03 9.979619e-04
2.548733e-01 -1.228031e-03 1.077936e-03
2.551441e-01 1.216970e-03 1.085743e-03
2.554150e-01 9.045396e-04 1.139250e-03
2.556858e-01 -1.752140e-03 1.190063e-03
2.559566e-01 -4.531909e-04 1.227198e-03
2.562274e-01 1.394413e-04 1.397049e-03
2.564982e-01 -1.771208e-04 1.402839e-03
2.567690e-01 -2.335701e-04 1.599318e-03
2.570398e-01 -2.843199e-03 1.724691e-03
2.573107e-01 5.809292e-04 1.806653e-03
2.575815e-01 -9.061005e-04 2.788818e-03
2.578523e-01 -3.519598e-04 3.222233e-03
2.581231e-01 1.001232e-02 4.573620e-03
