3.286826e-03 1.593008e-01 0.000000e+00
3.557641e-03 1.870203e-02 7.863636e-02
3.828455e-03 4.461670e-02 4.822565e-02
4.099269e-03 6.680608e-02 3.720074e-02
4.370084e-03 3.897190e-02 2.718915e-02
4.640898e-03 1.915503e-02 1.895335e-02
4.911712e-03 3.291488e-02 1.590065e-02
5.182527e-03 4.185104e-02 1.225567e-02
5.453341e-03 3.561997e-02 1.127900e-02
5.724155e-03 3.131497e-02 8.710477e-03
5.994970e-03 2.884793e-02 7.775579e-03
6.265784e-03 2.881837e-02 6.455318e-03
6.536598e-03 2.557230e-02 5.293275e-03
6.807412e-03 3.144968e-02 4.919279e-03
7.078227e-03 3.450859e-02 4.059944e-03
7.349041e-03 2.506018e-02 3.635725e-03
7.619855e-03 2.770329e-02 3.259614e-03
7.890671e-03 2.811790e-02 2.889370e-03
8.161485e-03 2.579519e-02 2.722339e-03
8.432299e-03 2.180940e-02 2.450889e-03
8.703114e-03 2.138761e-02 2.246540e-03
8.973928e-03 2.869731e-02 1.998637e-03
9.244742e-03 2.420099e-02 1.893054e-03
9.515557e-03 2.576920e-02 1.775356e-03
9.786371e-03 2.502209e-02 1.633909e-03
1.005718e-02 2.431609e-02 1.555306e-03
1.032800e-02 2.454320e-02 1.462312e-03
1.059881e-02 2.403860e-02 1.380919e-03
1.086963e-02 2.400219e-02 1.305231e-03
1.114044e-02 2.239180e-02 1.254552e-03
1.141126e-02 2.048740e-02 1.198064e-03
1.168207e-02 2.200960e-02 1.138935e-03
1.195289e-02 2.292459e-02 1.088823e-03
1.222370e-02 2.180859e-02 1.026115e-03
1.249451e-02 2.189920e-02 9.765224e-04
1.276533e-02 2.126480e-02 9.532013e-04
1.303614e-02 2.053766e-02 9.029690e-04
1.330696e-02 2.104577e-02 8.656168e-04
1.357777e-02 2.222818e-02 8.534872e-04
1.384859e-02 1.999974e-02 7.996186e-04
1.411940e-02 2.091824e-02 7.675430e-04
1.439021e-02 2.016720e-02 7.465734e-04
1.466103e-02 1.930943e-02 7.252637e-04
1.493184e-02 2.053989e-02 7.112678e-04
1.520266e-02 2.021997e-02 6.929987e-04
1.547347e-02 1.981418e-02 6.709862e-04
1.574429e-02 1.962277e-02 6.497867e-04
1.601510e-02 1.933383e-02 6.398455e-04
1.628591e-02 1.844653e-02 6.329472e-04
1.655673e-02 1.874638e-02 6.130994e-04
1.682754e-02 1.817641e-02 5.911182e-04
1.709836e-02 1.822611e-02 5.877297e-04
1.736917e-02 1.849990e-02 5.724833e-04
1.763999e-02 1.726110e-02 5.630367e-04
1.791080e-02 1.737311e-02 5.475234e-04
1.818161e-02 1.773694e-02 5.527049e-04
1.845243e-02 1.752341e-02 5.561017e-04
1.872324e-02 1.689550e-02 5.372129e-04
1.899406e-02 1.647857e-02 5.358449e-04
1.926487e-02 1.702956e-02 5.339761e-04
1.953569e-02 1.557177e-02 5.209370e-04
1.980650e-02 1.539699e-02 5.325517e-04
2.007731e-02 1.564937e-02 5.144293e-04
2.034813e-02 1.529054e-02 5.163951e-04
2.061894e-02 1.592033e-02 5.096398e-04
2.088976e-02 1.569989e-02 5.029298e-04
2.116057e-02 1.434456e-02 4.947164e-04
2.143139e-02 1.547871e-02 4.927969e-04
2.170220e-02 1.495988e-02 5.001537e-04
2.197302e-02 1.459071e-02 4.823264e-04
2.224383e-02 1.483301e-02 4.731318e-04
2.251465e-02 1.391082e-02 4.711605e-04
2.278546e-02 1.431670e-02 4.625973e-04
2.305627e-02 1.357620e-02 4.624496e-04
2.332709e-02 1.356110e-02 4.481301e-04
2.359790e-02 1.430816e-02 4.423065e-04
2.386872e-02 1.308397e-02 4.357937e-04
2.413953e-02 1.377815e-02 4.314763e-04
2.441034e-02 1.237978e-02 4.211539e-04
2.468116e-02 1.386619e-02 4.191862e-04
2.495197e-02 1.292522e-02 4.112383e-04
2.522279e-02 1.312579e-02 4.150270e-04
2.549360e-02 1.281827e-02 4.068729e-04
2.576442e-02 1.309684e-02 4.013451e-04
2.603523e-02 1.357133e-02 4.007163e-04
2.630604e-02 1.240570e-02 3.909928e-04
2.657686e-02 1.238580e-02 3.941412e-04
2.684767e-02 1.205012e-02 3.855665e-04
2.711849e-02 1.206784e-02 3.852880e-04
2.738930e-02 1.164834e-02 3.851586e-04
2.766012e-02 1.165163e-02 3.767719e-04
2.793093e-02 1.180409e-02 3.700859e-04
2.820175e-02 1.200595e-02 3.659585e-04
2.847256e-02 1.069178e-02 3.622974e-04
2.874337e-02 1.110122e-02 3.604624e-04
2.901419e-02 1.095515e-02 3.545097e-04
2.928500e-02 1.089741e-02 3.516466e-04
2.955582e-02 1.164874e-02 3.467472e-04
2.982663e-02 1.088406e-02 3.491188e-04
3.009745e-02 1.058867e-02 3.499720e-04
3.036826e-02 1.056359e-02 3.411867e-04
3.063907e-02 1.091947e-02 3.436045e-04
3.090989e-02 1.033139e-02 3.374114e-04
3.118070e-02 9.541247e-03 3.354533e-04
3.145152e-02 1.004227e-02 3.333644e-04
3.172233e-02 1.028687e-02 3.320815e-04
3.199315e-02 1.017319e-02 3.314298e-04
3.226396e-02 1.034151e-02 3.274125e-04
3.253478e-02 9.695068e-03 3.266710e-04
3.280559e-02 1.003449e-02 3.259935e-04
3.307641e-02 9.915512e-03 3.192332e-04
3.334722e-02 9.680729e-03 3.182588e-04
3.361803e-02 9.498600e-03 3.203961e-04
3.388885e-02 9.577580e-03 3.128286e-04
3.415966e-02 9.294271e-03 3.200719e-04
3.443048e-02 9.221770e-03 3.111819e-04
3.470129e-02 9.190489e-03 3.118968e-04
3.497211e-02 9.145461e-03 3.102172e-04
3.524292e-02 9.599328e-03 3.064355e-04
3.551374e-02 9.174798e-03 3.091476e-04
3.578455e-02 8.805610e-03 3.063434e-04
3.605536e-02 8.770321e-03 3.040362e-04
3.632618e-02 8.900110e-03 2.999587e-04
3.659699e-02 9.275362e-03 2.996380e-04
3.686780e-02 8.741200e-03 2.993587e-04
3.713862e-02 8.163933e-03 2.956434e-04
3.740944e-02 8.832328e-03 2.946445e-04
3.768025e-02 8.035891e-03 2.938886e-04
3.795106e-02 8.382637e-03 2.877343e-04
3.822188e-02 8.251790e-03 2.890748e-04
3.849269e-02 8.330490e-03 2.871082e-04
3.876351e-02 7.995009e-03 2.851145e-04
3.903432e-02 8.004420e-03 2.859653e-04
3.930514e-02 8.675579e-03 2.858462e-04
3.957595e-02 7.973179e-03 2.816922e-04
3.984676e-02 7.506419e-03 2.797912e-04
4.011758e-02 7.880360e-03 2.791234e-04
4.038839e-02 8.009892e-03 2.801470e-04
4.065921e-02 7.682618e-03 2.751381e-04
4.093002e-02 7.653199e-03 2.767784e-04
4.120084e-02 7.394899e-03 2.745577e-04
4.147165e-02 7.493600e-03 2.727180e-04
4.174246e-02 7.485319e-03 2.733106e-04
4.201328e-02 7.697551e-03 2.705677e-04
4.228409e-02 7.347059e-03 2.719816e-04
4.255491e-02 6.710801e-03 2.689655e-04
4.282572e-02 7.647751e-03 2.677179e-04
4.309653e-02 7.210642e-03 2.650003e-04
4.336735e-02 7.191967e-03 2.662886e-04
4.363817e-02 7.343510e-03 2.657188e-04
4.390898e-02 6.550789e-03 2.654509e-04
4.417979e-02 6.891388e-03 2.622422e-04
4.445061e-02 6.882651e-03 2.607021e-04
4.472142e-02 6.912030e-03 2.583071e-04
4.499224e-02 6.284170e-03 2.613416e-04
4.526305e-02 6.504059e-03 2.592232e-04
4.553387e-02 6.704889e-03 2.577468e-04
4.580468e-02 6.199379e-03 2.586293e-04
4.607549e-02 6.015971e-03 2.573200e-04
4.634631e-02 7.083990e-03 2.532856e-04
4.661712e-02 6.408149e-03 2.536339e-04
4.688794e-02 6.254472e-03 2.536974e-04
4.715875e-02 6.601309e-03 2.513295e-04
4.742957e-02 6.263301e-03 2.479721e-04
4.770038e-02 6.250130e-03 2.477274e-04
4.797119e-02 6.302299e-03 2.480228e-04
4.824201e-02 6.405680e-03 2.464666e-04
4.851282e-02 6.548189e-03 2.499003e-04
4.878364e-02 6.493269e-03 2.431716e-04
4.905445e-02 6.184852e-03 2.441470e-04
4.932526e-02 5.915988e-03 2.437118e-04
4.959608e-02 5.741501e-03 2.420318e-04
4.986690e-02 5.974961e-03 2.409942e-04
5.013771e-02 5.851779e-03 2.402991e-04
5.040852e-02 6.216481e-03 2.394981e-04
5.067934e-02 5.792219e-03 2.398440e-04
5.095015e-02 5.908219e-03 2.368085e-04
5.122096e-02 5.804021e-03 2.365769e-04
5.149178e-02 5.890032e-03 2.361464e-04
5.176260e-02 5.983461e-03 2.363542e-04
5.203341e-02 5.841872e-03 2.368801e-04
5.230422e-02 5.771909e-03 2.332375e-04
5.257504e-02 5.415931e-03 2.349202e-04
5.284585e-02 5.677240e-03 2.336691e-04
5.311667e-02 5.094260e-03 2.308811e-04
5.338748e-02 5.559370e-03 2.387404e-04
5.365830e-02 5.721070e-03 2.343360e-04
5.392911e-02 5.337501e-03 2.357528e-04
5.419992e-02 5.763551e-03 2.358789e-04
5.447074e-02 5.509067e-03 2.363013e-04
5.474155e-02 5.125370e-03 2.402887e-04
5.501237e-02 5.043751e-03 2.413694e-04
5.528318e-02 5.006239e-03 2.449521e-04
5.555400e-02 5.676189e-03 2.441357e-04
5.582481e-02 5.330790e-03 2.469609e-04
5.609563e-02 5.073940e-03 2.470525e-04
5.636644e-02 5.179381e-03 2.510118e-04
5.663725e-02 4.766449e-03 2.520595e-04
5.690807e-02 4.866002e-03 2.534574e-04
5.717888e-02 5.072260e-03 2.494967e-04
5.744969e-02 4.917830e-03 2.511961e-04
5.772051e-02 5.171329e-03 2.530611e-04
5.799133e-02 4.671970e-03 2.507701e-04
5.826214e-02 4.719418e-03 2.561127e-04
5.853295e-02 5.007120e-03 2.526813e-04
5.880377e-02 4.887499e-03 2.530247e-04
5.907458e-02 4.995551e-03 2.509304e-04
5.934540e-02 4.618401e-03 2.530909e-04
5.961621e-02 4.949629e-03 2.529334e-04
5.988703e-02 4.332872e-03 2.535761e-04
6.015784e-02 4.640538e-03 2.539818e-04
6.042865e-02 4.536761e-03 2.533739e-04
6.069947e-02 4.861120e-03 2.480475e-04
6.097028e-02 4.575090e-03 2.508411e-04
6.124110e-02 4.260240e-03 2.457978e-04
6.151191e-02 4.333770e-03 2.463886e-04
6.178273e-02 4.560810e-03 2.465303e-04
6.205354e-02 4.588049e-03 2.435146e-04
6.232436e-02 4.214812e-03 2.439044e-04
6.259517e-02 4.672401e-03 2.400064e-04
6.286598e-02 4.314112e-03 2.393680e-04
6.313679e-02 4.593700e-03 2.413081e-04
6.340761e-02 3.936499e-03 2.389836e-04
6.367842e-02 4.009351e-03 2.391643e-04
6.394923e-02 4.443780e-03 2.376316e-04
6.422005e-02 4.027830e-03 2.404340e-04
6.449086e-02 3.900351e-03 2.390401e-04
6.476168e-02 4.218770e-03 2.356724e-04
6.503250e-02 4.239289e-03 2.408789e-04
6.530331e-02 3.736781e-03 2.363114e-04
6.557412e-02 4.270269e-03 2.358867e-04
6.584494e-02 3.833819e-03 2.355677e-04
6.611575e-02 3.958801e-03 2.366222e-04
6.638657e-02 3.981210e-03 2.372057e-04
6.665738e-02 3.878912e-03 2.345707e-04
6.692819e-02 4.090760e-03 2.340212e-04
6.719901e-02 3.885370e-03 2.342756e-04
6.746982e-02 3.852990e-03 2.330387e-04
6.774063e-02 4.394362e-03 2.362722e-04
6.801146e-02 3.898250e-03 2.335718e-04
6.828227e-02 3.816880e-03 2.317378e-04
6.855308e-02 3.455190e-03 2.329486e-04
6.882390e-02 3.969569e-03 2.319776e-04
6.909471e-02 4.280221e-03 2.324843e-04
6.936552e-02 3.483448e-03 2.293560e-04
6.963634e-02 3.581651e-03 2.308488e-04
6.990715e-02 4.066139e-03 2.307484e-04
7.017796e-02 3.729828e-03 2.264898e-04
7.044878e-02 3.616828e-03 2.280444e-04
7.071959e-02 3.715701e-03 2.263314e-04
7.099041e-02 3.591349e-03 2.291748e-04
7.126123e-02 3.851460e-03 2.262956e-04
7.153204e-02 3.267122e-03 2.261260e-04
7.180285e-02 3.342869e-03 2.262743e-04
7.207367e-02 3.890330e-03 2.262303e-04
7.234448e-02 4.144942e-03 2.259009e-04
7.261530e-02 4.164040e-03 2.282162e-04
7.288611e-02 3.550498e-03 2.235142e-04
7.315692e-02 3.884129e-03 2.264970e-04
7.342774e-02 3.980622e-03 2.252467e-04
7.369855e-02 3.074860e-03 2.241221e-04
7.396936e-02 3.379591e-03 2.220403e-04
7.424019e-02 3.459552e-03 2.245779e-04
7.451100e-02 3.717231e-03 2.221423e-04
7.478181e-02 3.386280e-03 2.226589e-04
7.505263e-02 3.352480e-03 2.208926e-04
7.532344e-02 3.538782e-03 2.251384e-04
7.559425e-02 3.615828e-03 2.209028e-04
7.586507e-02 3.591822e-03 2.229858e-04
7.613588e-02 3.244780e-03 2.212020e-04
7.640669e-02 3.394438e-03 2.205948e-04
7.667751e-02 3.726520e-03 2.219460e-04
7.694832e-02 3.217679e-03 2.211424e-04
7.721914e-02 3.007870e-03 2.200976e-04
7.748996e-02 3.128150e-03 2.196760e-04
7.776077e-02 3.476068e-03 2.174259e-04
7.803158e-02 3.191000e-03 2.199288e-04
7.830240e-02 2.863931e-03 2.196417e-04
7.857321e-02 3.322462e-03 2.187083e-04
7.884403e-02 3.476391e-03 2.173057e-04
7.911484e-02 3.242269e-03 2.172226e-04
7.938565e-02 3.209671e-03 2.200670e-04
7.965647e-02 2.991071e-03 2.166768e-04
7.992728e-02 2.995191e-03 2.145185e-04
8.019809e-02 3.048301e-03 2.162911e-04
8.046892e-02 3.068978e-03 2.154770e-04
8.073973e-02 2.993992e-03 2.170917e-04
8.101054e-02 2.976598e-03 2.157280e-04
8.128136e-02 2.995539e-03 2.147155e-04
8.155217e-02 2.341291e-03 2.144226e-04
8.182298e-02 2.992840e-03 2.146391e-04
8.209380e-02 2.903890e-03 2.145757e-04
8.236461e-02 2.828300e-03 2.135704e-04
8.263543e-02 3.153292e-03 2.132008e-04
8.290624e-02 2.940089e-03 2.134945e-04
8.317705e-02 2.832990e-03 2.111818e-04
8.344787e-02 3.177481e-03 2.133477e-04
8.371869e-02 2.785459e-03 2.131718e-04
8.398950e-02 3.133649e-03 2.116464e-04
8.426031e-02 2.593670e-03 2.116053e-04
8.453113e-02 2.421981e-03 2.097602e-04
8.480194e-02 3.072908e-03 2.120081e-04
8.507276e-02 2.285449e-03 2.116070e-04
8.534357e-02 2.510328e-03 2.096047e-04
8.561438e-02 2.580971e-03 2.084225e-04
8.588520e-02 2.605788e-03 2.077857e-04
8.615601e-02 2.716580e-03 2.093909e-04
8.642682e-02 3.110250e-03 2.092550e-04
8.669765e-02 2.683960e-03 2.080679e-04
8.696846e-02 2.733989e-03 2.085599e-04
8.723927e-02 2.645539e-03 2.052013e-04
8.751009e-02 2.221549e-03 2.064975e-04
8.778090e-02 3.110498e-03 2.064001e-04
8.805171e-02 2.345750e-03 2.070823e-04
8.832253e-02 2.882130e-03 2.072047e-04
8.859334e-02 2.649732e-03 2.069350e-04
8.886416e-02 2.574211e-03 2.064674e-04
8.913497e-02 2.530020e-03 2.070464e-04
8.940578e-02 2.523569e-03 2.056524e-04
8.967660e-02 2.933851e-03 2.064046e-04
8.994742e-02 2.311200e-03 2.064657e-04
9.021823e-02 2.447221e-03 2.048287e-04
9.048904e-02 2.413310e-03 2.045314e-04
9.075986e-02 2.553601e-03 2.040052e-04
9.103067e-02 2.393192e-03 2.030355e-04
9.130149e-02 2.530672e-03 2.025621e-04
9.157230e-02 2.271790e-03 2.040142e-04
9.184311e-02 2.205310e-03 2.043562e-04
9.211393e-02 2.281850e-03 2.029849e-04
9.238474e-02 2.385009e-03 2.015110e-04
9.265555e-02 2.377199e-03 2.043466e-04
9.292637e-02 2.379691e-03 2.014440e-04
9.319719e-02 2.089899e-03 2.039272e-04
9.346800e-02 2.337379e-03 2.026197e-04
9.373882e-02 2.674822e-03 1.997897e-04
9.400963e-02 2.495911e-03 2.012362e-04
9.428044e-02 2.755480e-03 2.019067e-04
9.455126e-02 2.147760e-03 1.995863e-04
9.482207e-02 2.325660e-03 2.004201e-04
9.509289e-02 1.974920e-03 1.993621e-04
9.536370e-02 2.229821e-03 2.019729e-04
9.563451e-02 2.370322e-03 1.985144e-04
9.590533e-02 1.942180e-03 2.002922e-04
9.617615e-02 2.214888e-03 1.985553e-04
9.644696e-02 2.236791e-03 1.981887e-04
9.671777e-02 2.199670e-03 1.985743e-04
9.698859e-02 2.129659e-03 1.964286e-04
9.725940e-02 2.276039e-03 1.986408e-04
9.753022e-02 2.108511e-03 1.971104e-04
9.780103e-02 2.234280e-03 1.994504e-04
9.807184e-02 2.421420e-03 1.969702e-04
9.834266e-02 2.021790e-03 1.977879e-04
9.861347e-02 2.111850e-03 1.975695e-04
9.888428e-02 2.196180e-03 1.936071e-04
9.915510e-02 2.163351e-03 1.965290e-04
9.942592e-02 2.339019e-03 1.961181e-04
9.969673e-02 2.294270e-03 1.971657e-04
9.996755e-02 2.075501e-03 1.962330e-04
1.002384e-01 2.446610e-03 1.940964e-04
1.005092e-01 2.067979e-03 1.950341e-04
1.007800e-01 1.888031e-03 1.955434e-04
1.010508e-01 1.954431e-03 1.950630e-04
1.013216e-01 1.826961e-03 1.942428e-04
1.015924e-01 2.194850e-03 1.938450e-04
1.018632e-01 1.746880e-03 1.954576e-04
1.021341e-01 2.133181e-03 1.931792e-04
1.024049e-01 2.124241e-03 1.949520e-04
1.026757e-01 1.953291e-03 1.923445e-04
1.029465e-01 2.172189e-03 1.938891e-04
1.032173e-01 1.732381e-03 1.923662e-04
1.034881e-01 1.947580e-03 1.922184e-04
1.037589e-01 2.040049e-03 1.917797e-04
1.040298e-01 1.709031e-03 1.906806e-04
1.043006e-01 1.768941e-03 1.927983e-04
1.045714e-01 2.147300e-03 1.924386e-04
1.048422e-01 2.304720e-03 1.919777e-04
1.051130e-01 2.028791e-03 1.914230e-04
1.053838e-01 1.882700e-03 1.926980e-04
1.056546e-01 1.687590e-03 1.908802e-04
1.059255e-01 1.778180e-03 1.909342e-04
1.061963e-01 1.790471e-03 1.900771e-04
1.064671e-01 1.893369e-03 1.901535e-04
1.067379e-01 1.836449e-03 1.903744e-04
1.070087e-01 1.836170e-03 1.910587e-04
1.072795e-01 1.613550e-03 1.891199e-04
1.075503e-01 1.724049e-03 1.901925e-04
1.078212e-01 1.665091e-03 1.886745e-04
1.080920e-01 2.162850e-03 1.880903e-04
1.083628e-01 1.871839e-03 1.887095e-04
1.086336e-01 1.785869e-03 1.884997e-04
1.089044e-01 1.946831e-03 1.896857e-04
1.091752e-01 1.931829e-03 1.887573e-04
1.094460e-01 1.606051e-03 1.868945e-04
1.097169e-01 1.538441e-03 1.887420e-04
1.099877e-01 2.040230e-03 1.873542e-04
1.102585e-01 1.269870e-03 1.886646e-04
1.105293e-01 1.866579e-03 1.902502e-04
1.108001e-01 1.802361e-03 1.928537e-04
1.110709e-01 1.661241e-03 1.936743e-04
1.113417e-01 1.592640e-03 1.923917e-04
1.116126e-01 1.699070e-03 1.944604e-04
1.118834e-01 1.688119e-03 1.939333e-04
1.121542e-01 2.033090e-03 1.963613e-04
1.124250e-01 1.499930e-03 1.980360e-04
1.126958e-01 1.247350e-03 1.980566e-04
1.129666e-01 1.765300e-03 2.008706e-04
1.132374e-01 1.759471e-03 2.010469e-04
1.135083e-01 1.463139e-03 2.061099e-04
1.137791e-01 1.904910e-03 2.057876e-04
1.140499e-01 1.715459e-03 2.043011e-04
1.143207e-01 1.825651e-03 2.073487e-04
1.145915e-01 1.429280e-03 2.080497e-04
1.148623e-01 1.799749e-03 2.098431e-04
1.151332e-01 1.573320e-03 2.091364e-04
1.154040e-01 1.421269e-03 2.121318e-04
1.156748e-01 1.340311e-03 2.131062e-04
1.159456e-01 1.580730e-03 2.148735e-04
1.162164e-01 1.618950e-03 2.151968e-04
1.164872e-01 1.804529e-03 2.143562e-04
1.167580e-01 1.357598e-03 2.179119e-04
1.170288e-01 1.397921e-03 2.193896e-04
1.172997e-01 1.529079e-03 2.190491e-04
1.175705e-01 1.688730e-03 2.194797e-04
1.178413e-01 1.076041e-03 2.208135e-04
1.181121e-01 1.751879e-03 2.174668e-04
1.183829e-01 1.527680e-03 2.129075e-04
1.186537e-01 1.384649e-03 2.146388e-04
1.189246e-01 1.326330e-03 2.131700e-04
1.191954e-01 8.914284e-04 2.108780e-04
1.194662e-01 1.567120e-03 2.130933e-04
1.197370e-01 1.854330e-03 2.117686e-04
1.200078e-01 1.531359e-03 2.126615e-04
1.202786e-01 1.379920e-03 2.101442e-04
1.205494e-01 7.180013e-04 2.105589e-04
1.208202e-01 1.600470e-03 2.116941e-04
1.210911e-01 1.396440e-03 2.098473e-04
1.213619e-01 1.267789e-03 2.126841e-04
1.216327e-01 1.303909e-03 2.101614e-04
1.219035e-01 1.542460e-03 2.114353e-04
1.221743e-01 1.512319e-03 2.108218e-04
1.224451e-01 1.487600e-03 2.121544e-04
1.227160e-01 1.653481e-03 2.130799e-04
1.229868e-01 1.224210e-03 2.095469e-04
1.232576e-01 1.574900e-03 2.116440e-04
1.235284e-01 1.229530e-03 2.127769e-04
1.237992e-01 1.504799e-03 2.099983e-04
1.240700e-01 1.621271e-03 2.119363e-04
1.243408e-01 1.469221e-03 2.104401e-04
1.246117e-01 1.394199e-03 2.100663e-04
1.248825e-01 1.386389e-03 2.097001e-04
1.251533e-01 1.297919e-03 2.077439e-04
1.254241e-01 1.033800e-03 2.097887e-04
1.256949e-01 1.243459e-03 2.067555e-04
1.259657e-01 1.324719e-03 2.081183e-04
1.262365e-01 1.195319e-03 2.086380e-04
1.265074e-01 1.253720e-03 2.062359e-04
1.267782e-01 1.292430e-03 2.078246e-04
1.270490e-01 1.295390e-03 2.051867e-04
1.273198e-01 9.618495e-04 2.068927e-04
1.275906e-01 1.461999e-03 2.058360e-04
1.278614e-01 1.168929e-03 2.055381e-04
1.281322e-01 1.053251e-03 2.063028e-04
1.284031e-01 9.869002e-04 2.037044e-04
1.286739e-01 1.108291e-03 2.056429e-04
1.289447e-01 1.170510e-03 2.050988e-04
1.292155e-01 1.089269e-03 2.061257e-04
1.294863e-01 1.081791e-03 2.052708e-04
1.297571e-01 1.482280e-03 2.044491e-04
1.300279e-01 1.285499e-03 2.047361e-04
1.302988e-01 1.293810e-03 2.045597e-04
1.305696e-01 9.521600e-04 2.028117e-04
1.308404e-01 1.118479e-03 2.012542e-04
1.311112e-01 1.367910e-03 2.047949e-04
1.313820e-01 1.047101e-03 2.018879e-04
1.316528e-01 1.118880e-03 2.055733e-04
1.319236e-01 1.169249e-03 2.044633e-04
1.321945e-01 1.263890e-03 2.028672e-04
1.324653e-01 1.313969e-03 2.059112e-04
1.327361e-01 1.002990e-03 2.030551e-04
1.330069e-01 1.124099e-03 2.032185e-04
1.332777e-01 1.169080e-03 2.033712e-04
1.335485e-01 1.091590e-03 2.015041e-04
1.338193e-01 8.223094e-04 2.037037e-04
1.340902e-01 1.050800e-03 2.013345e-04
1.343610e-01 1.039030e-03 2.030133e-04
1.346318e-01 8.852016e-04 2.024938e-04
1.349026e-01 9.404700e-04 2.011221e-04
1.351734e-01 8.351617e-04 2.007638e-04
1.354442e-01 1.049301e-03 2.004719e-04
1.357151e-01 9.836610e-04 2.022162e-04
1.359859e-01 9.764098e-04 2.003362e-04
1.362567e-01 5.733799e-04 1.997967e-04
1.365275e-01 7.981099e-04 1.999711e-04
1.367983e-01 9.867698e-04 1.977045e-04
1.370691e-01 1.277920e-03 2.025838e-04
1.373399e-01 9.304602e-04 2.026131e-04
1.376107e-01 7.612407e-04 2.061589e-04
1.378816e-01 1.108781e-03 2.080259e-04
1.381524e-01 4.920997e-04 2.083400e-04
1.384232e-01 1.092819e-03 2.100241e-04
1.386940e-01 1.191551e-03 2.093575e-04
1.389648e-01 9.400398e-04 2.107498e-04
1.392356e-01 7.594004e-04 2.143868e-04
1.395064e-01 1.049969e-03 2.126111e-04
1.397773e-01 9.875111e-04 2.131323e-04
1.400481e-01 1.043590e-03 2.143245e-04
1.403189e-01 1.266759e-03 2.173644e-04
1.405897e-01 8.485597e-04 2.166521e-04
1.408605e-01 8.983202e-04 2.168709e-04
1.411313e-01 9.652991e-04 2.187453e-04
1.414021e-01 1.110401e-03 2.163376e-04
1.416730e-01 9.713992e-04 2.207515e-04
1.419438e-01 1.139989e-03 2.197600e-04
1.422146e-01 1.029320e-03 2.220594e-04
1.424854e-01 8.090604e-04 2.205815e-04
1.427562e-01 6.354284e-04 2.195597e-04
1.430270e-01 9.583309e-04 2.186546e-04
1.432979e-01 6.650686e-04 2.198152e-04
1.435687e-01 4.542004e-04 2.218427e-04
1.438395e-01 9.624697e-04 2.228040e-04
1.441103e-01 8.732304e-04 2.236673e-04
1.443811e-01 1.290539e-03 2.253311e-04
1.446519e-01 1.106629e-03 2.238913e-04
1.449227e-01 6.705094e-04 2.253327e-04
1.451935e-01 7.599294e-04 2.245940e-04
1.454644e-01 1.173010e-03 2.269125e-04
1.457352e-01 3.731493e-04 2.276958e-04
1.460060e-01 7.654503e-04 2.259321e-04
1.462768e-01 9.703692e-04 2.289227e-04
1.465476e-01 6.542001e-04 2.280107e-04
1.468184e-01 9.740088e-04 2.323666e-04
1.470892e-01 4.722103e-04 2.287423e-04
1.473601e-01 9.027701e-04 2.288734e-04
1.476309e-01 5.556494e-04 2.305619e-04
1.479017e-01 9.838194e-04 2.282189e-04
1.481725e-01 4.146807e-04 2.301301e-04
1.484433e-01 1.013810e-03 2.290274e-04
1.487141e-01 9.877998e-04 2.270786e-04
1.489850e-01 9.685904e-04 2.275830e-04
1.492558e-01 1.085231e-03 2.290447e-04
1.495266e-01 7.979292e-04 2.304503e-04
1.497974e-01 8.135196e-04 2.263381e-04
1.500682e-01 1.023509e-03 2.302505e-04
1.503390e-01 8.024201e-04 2.286097e-04
1.506098e-01 5.704798e-04 2.265861e-04
1.508806e-01 7.923208e-04 2.269931e-04
1.511515e-01 7.928405e-04 2.274478e-04
1.514223e-01 1.200669e-03 2.308713e-04
1.516931e-01 6.668195e-04 2.286548e-04
1.519639e-01 4.611500e-04 2.260995e-04
1.522347e-01 9.009093e-04 2.280011e-04
1.525055e-01 7.234402e-04 2.269196e-04
1.527763e-01 8.417200e-04 2.301155e-04
1.530472e-01 6.603897e-04 2.272280e-04
1.533180e-01 6.994698e-04 2.293202e-04
1.535888e-01 8.304901e-04 2.289658e-04
1.538596e-01 7.541496e-04 2.283953e-04
1.541304e-01 3.712606e-04 2.300117e-04
1.544012e-01 4.585907e-04 2.274306e-04
1.546721e-01 4.867893e-04 2.298223e-04
1.549429e-01 4.832596e-04 2.310798e-04
1.552137e-01 7.253289e-04 2.298094e-04
1.554845e-01 1.204880e-03 2.289032e-04
1.557553e-01 6.941408e-04 2.297994e-04
1.560261e-01 9.830892e-04 2.291469e-04
1.562969e-01 2.160501e-04 2.276365e-04
1.565678e-01 2.429988e-04 2.272607e-04
1.568386e-01 4.798900e-04 2.294682e-04
1.571094e-01 4.776996e-04 2.312182e-04
1.573802e-01 6.742701e-04 2.311145e-04
1.576510e-01 7.024594e-04 2.295687e-04
1.579218e-01 5.231313e-04 2.285230e-04
1.581926e-01 4.393384e-04 2.276431e-04
1.584634e-01 7.106997e-04 2.279106e-04
1.587343e-01 4.916210e-04 2.303468e-04
1.590051e-01 7.482395e-04 2.291938e-04
1.592759e-01 1.032710e-03 2.286562e-04
1.595467e-01 9.500403e-04 2.284505e-04
1.598175e-01 4.585497e-04 2.283463e-04
1.600883e-01 5.761795e-04 2.275440e-04
1.603591e-01 4.426986e-04 2.276006e-04
1.606300e-01 5.995799e-04 2.272034e-04
1.609008e-01 -1.654811e-04 2.263738e-04
1.611716e-01 4.518386e-04 2.267880e-04
1.614424e-01 3.099404e-04 2.246504e-04
1.617132e-01 3.068913e-04 2.262635e-04
1.619840e-01 2.842303e-04 2.271810e-04
1.622549e-01 4.905313e-04 2.272181e-04
1.625257e-01 1.202803e-04 2.266533e-04
1.627965e-01 4.791096e-04 2.258034e-04
1.630673e-01 9.217598e-04 2.259727e-04
1.633381e-01 6.605890e-04 2.283672e-04
1.636089e-01 3.824811e-04 2.252931e-04
1.638797e-01 6.566290e-04 2.284453e-04
1.641506e-01 5.808305e-04 2.261927e-04
1.644214e-01 6.127302e-04 2.247473e-04
1.646922e-01 3.507510e-04 2.260971e-04
1.649630e-01 5.427897e-04 2.268390e-04
1.652338e-01 6.486401e-04 2.282067e-04
1.655046e-01 5.135387e-04 2.273852e-04
1.657754e-01 8.326899e-04 2.262096e-04
1.660462e-01 4.423298e-04 2.293416e-04
1.663171e-01 3.960300e-04 2.273557e-04
1.665879e-01 8.977503e-04 2.280793e-04
1.668587e-01 5.722307e-04 2.280980e-04
1.671295e-01 4.825294e-04 2.284727e-04
1.674003e-01 6.225985e-04 2.272443e-04
1.676711e-01 5.538110e-04 2.343982e-04
1.679420e-01 4.463810e-04 2.387791e-04
1.682128e-01 3.290903e-04 2.421166e-04
1.684836e-01 6.146394e-04 2.445573e-04
1.687544e-01 4.496500e-04 2.451517e-04
1.690252e-01 4.940610e-04 2.480537e-04
1.692960e-01 9.399205e-04 2.476711e-04
1.695668e-01 7.026698e-04 2.523397e-04
1.698377e-01 1.002919e-03 2.534925e-04
1.701085e-01 5.572699e-04 2.534860e-04
1.703793e-01 4.545096e-04 2.576465e-04
1.706501e-01 7.708892e-04 2.584264e-04
1.709209e-01 6.249398e-04 2.607207e-04
1.711917e-01 2.776496e-04 2.607462e-04
1.714625e-01 3.097504e-04 2.664814e-04
1.717333e-01 1.200400e-04 2.669378e-04
1.720042e-01 1.982711e-04 2.672713e-04
1.722750e-01 3.080200e-04 2.710806e-04
1.725458e-01 2.540499e-04 2.729583e-04
1.728166e-01 5.124994e-04 2.746625e-04
1.730874e-01 4.507005e-04 2.787105e-04
1.733582e-01 8.117184e-04 2.768587e-04
1.736291e-01 1.180712e-04 2.812424e-04
1.738999e-01 4.704185e-04 2.743471e-04
1.741707e-01 8.193105e-04 2.839414e-04
1.744415e-01 5.848203e-04 2.831568e-04
1.747123e-01 4.713405e-04 2.845297e-04
1.749831e-01 6.660894e-04 2.728015e-04
1.752539e-01 7.132404e-04 2.689460e-04
1.755248e-01 -3.675930e-05 2.681164e-04
1.757956e-01 4.703701e-04 2.641305e-04
1.760664e-01 7.090699e-04 2.633998e-04
1.763372e-01 2.381001e-04 2.648172e-04
1.766080e-01 7.433295e-04 2.644734e-04
1.768788e-01 1.490992e-04 2.616275e-04
1.771496e-01 8.327011e-04 2.601232e-04
1.774205e-01 1.393501e-04 2.613546e-04
1.776913e-01 7.370915e-04 2.567129e-04
1.779621e-01 4.760791e-04 2.574314e-04
1.782329e-01 2.304595e-04 2.572499e-04
1.785037e-01 4.885886e-04 2.500967e-04
1.787745e-01 1.049899e-04 2.542653e-04
1.790453e-01 -1.066197e-04 2.543737e-04
1.793161e-01 4.634298e-04 2.526099e-04
1.795870e-01 1.225900e-04 2.520611e-04
1.798578e-01 2.324488e-04 2.488265e-04
1.801286e-01 3.178101e-04 2.537689e-04
1.803994e-01 5.755406e-04 2.475066e-04
1.806702e-01 2.971999e-04 2.499209e-04
1.809410e-01 1.157299e-04 2.490895e-04
1.812119e-01 1.020003e-04 2.479007e-04
1.814827e-01 3.951695e-04 2.480310e-04
1.817535e-01 3.297105e-04 2.472962e-04
1.820243e-01 2.347007e-04 2.469748e-04
1.822951e-01 3.918093e-04 2.475297e-04
1.825659e-01 4.264899e-04 2.465160e-04
1.828367e-01 1.097694e-04 2.487389e-04
1.831076e-01 -1.401994e-04 2.440767e-04
1.833784e-01 3.541503e-04 2.483893e-04
1.836492e-01 5.492009e-05 2.449249e-04
1.839200e-01 2.074298e-04 2.457421e-04
1.841908e-01 -2.148002e-04 2.457182e-04
1.844616e-01 2.914909e-04 2.457091e-04
1.847324e-01 4.393887e-04 2.459480e-04
1.850033e-01 5.763508e-04 2.445108e-04
1.852741e-01 -1.323968e-05 2.461962e-04
1.855449e-01 4.279800e-04 2.448231e-04
1.858157e-01 5.790982e-04 2.463422e-04
1.860865e-01 -1.258962e-05 2.473974e-04
1.863573e-01 5.785488e-04 2.418156e-04
1.866281e-01 -8.389354e-06 2.465865e-04
1.868990e-01 3.480986e-04 2.438629e-04
1.871698e-01 2.771206e-04 2.453654e-04
1.874406e-01 1.352895e-04 2.447638e-04
1.877114e-01 6.221700e-04 2.430900e-04
1.879822e-01 7.463992e-05 2.450432e-04
1.882530e-01 7.347018e-05 2.417643e-04
1.885238e-01 -2.151914e-05 2.430662e-04
1.887947e-01 -9.191036e-05 2.438764e-04
1.890655e-01 3.880598e-04 2.434926e-04
1.893363e-01 3.881101e-04 2.470011e-04
1.896071e-01 6.825794e-04 2.401222e-04
1.898779e-01 5.913004e-04 2.444683e-04
1.901487e-01 9.385124e-05 2.424050e-04
1.904195e-01 6.130151e-05 2.430417e-04
1.906904e-01 2.918690e-04 2.461439e-04
1.909612e-01 3.767796e-04 2.399441e-04
1.912320e-01 6.184913e-05 2.436498e-04
1.915028e-01 3.925394e-04 2.413348e-04
1.917736e-01 4.713684e-04 2.416246e-04
1.920444e-01 3.528483e-04 2.423858e-04
1.923153e-01 3.266986e-04 2.439054e-04
1.925861e-01 3.666300e-04 2.441766e-04
1.928569e-01 1.241304e-04 2.421500e-04
1.931277e-01 5.490109e-04 2.406572e-04
1.933985e-01 9.576790e-04 2.428970e-04
1.936693e-01 8.367002e-05 2.433936e-04
1.939401e-01 1.836512e-04 2.427005e-04
1.942109e-01 6.446186e-04 2.418867e-04
1.944818e-01 3.268998e-04 2.416330e-04
1.947526e-01 3.653504e-04 2.407327e-04
1.950234e-01 3.650002e-04 2.421736e-04
1.952942e-01 1.884792e-04 2.412252e-04
1.955650e-01 -2.145022e-05 2.420116e-04
1.958358e-01 3.713295e-04 2.441209e-04
1.961066e-01 -1.067594e-04 2.407586e-04
1.963775e-01 6.241910e-05 2.428263e-04
1.966483e-01 1.238212e-04 2.402480e-04
1.969191e-01 8.114986e-05 2.414633e-04
1.971899e-01 2.430752e-06 2.412555e-04
1.974607e-01 -6.774999e-05 2.430983e-04
1.977315e-01 -6.213039e-05 2.413345e-04
1.980023e-01 5.728398e-04 2.405272e-04
1.982732e-01 3.129411e-04 2.406494e-04
1.985440e-01 3.423784e-04 2.419616e-04
1.988148e-01 3.935304e-04 2.417351e-04
1.990856e-01 5.131587e-04 2.424038e-04
1.993564e-01 2.963096e-05 2.388709e-04
1.996272e-01 -8.174032e-05 2.412480e-04
1.998980e-01 4.566815e-04 2.399283e-04
2.001689e-01 -8.139946e-05 2.393226e-04
2.004397e-01 8.107908e-05 2.380906e-04
2.007105e-01 -3.599785e-04 2.382650e-04
2.009813e-01 1.674499e-04 2.388261e-04
2.012521e-01 -1.318939e-05 2.383789e-04
2.015229e-01 3.727190e-04 2.382419e-04
2.017937e-01 2.152286e-04 2.399997e-04
2.020646e-01 1.220293e-04 2.408114e-04
2.023354e-01 4.383102e-04 2.397725e-04
2.026062e-01 4.447494e-04 2.364408e-04
2.028770e-01 4.560184e-04 2.384218e-04
2.031478e-01 5.852487e-04 2.374001e-04
2.034186e-01 8.970872e-05 2.386277e-04
2.036894e-01 2.119094e-04 2.355396e-04
2.039603e-01 2.683308e-04 2.382737e-04
2.042311e-01 7.837825e-05 2.377873e-04
2.045019e-01 4.831608e-04 2.371159e-04
2.047727e-01 3.634691e-04 2.349678e-04
2.050435e-01 1.132600e-04 2.363468e-04
2.053143e-01 1.454707e-04 2.363489e-04
2.055852e-01 -2.110116e-04 2.363778e-04
2.058560e-01 3.862791e-04 2.349704e-04
2.061268e-01 -2.312697e-04 2.326893e-04
2.063976e-01 2.011992e-04 2.363197e-04
2.066684e-01 5.323999e-04 2.342901e-04
2.069392e-01 2.348386e-04 2.350545e-04
2.072100e-01 1.701899e-04 2.351188e-04
2.074808e-01 -2.400596e-04 2.335748e-04
2.077517e-01 3.552195e-04 2.313132e-04
2.080225e-01 3.735796e-04 2.352212e-04
2.082933e-01 2.109110e-04 2.323641e-04
2.085641e-01 2.372600e-04 2.343755e-04
2.088349e-01 4.452597e-04 2.363454e-04
2.091057e-01 5.506296e-04 2.316698e-04
2.093765e-01 2.673902e-04 2.333603e-04
2.096474e-01 3.201310e-04 2.326278e-04
2.099182e-01 -3.146790e-04 2.351896e-04
2.101890e-01 -2.262797e-04 2.334095e-04
2.104598e-01 2.796948e-05 2.333049e-04
2.107306e-01 1.087394e-04 2.323164e-04
2.110014e-01 4.048385e-04 2.332690e-04
2.112723e-01 -1.506805e-04 2.354763e-04
2.115431e-01 1.342297e-04 2.340521e-04
2.118139e-01 -4.860014e-05 2.335520e-04
2.120847e-01 -2.541207e-04 2.350245e-04
2.123555e-01 -1.494400e-04 2.359602e-04
2.126263e-01 6.838702e-04 2.330929e-04
2.128971e-01 5.122796e-04 2.326945e-04
2.131680e-01 -8.139014e-05 2.355857e-04
2.134388e-01 6.363112e-04 2.332299e-04
2.137096e-01 5.129725e-06 2.316304e-04
2.139804e-01 1.530908e-05 2.348379e-04
2.142512e-01 6.242096e-05 2.327339e-04
2.145220e-01 -3.099069e-05 2.349388e-04
2.147928e-01 -1.093000e-05 2.341219e-04
2.150636e-01 2.069101e-04 2.351274e-04
2.153345e-01 3.368799e-04 2.342419e-04
2.156053e-01 7.162988e-05 2.332052e-04
2.158761e-01 1.836009e-05 2.356069e-04
2.161469e-01 -2.431497e-04 2.339316e-04
2.164177e-01 -4.642587e-04 2.322268e-04
2.166885e-01 3.471505e-04 2.320374e-04
2.169593e-01 3.696401e-04 2.342198e-04
2.172302e-01 4.803408e-04 2.369213e-04
2.175010e-01 5.106796e-04 2.337274e-04
2.177718e-01 1.078304e-04 2.332773e-04
2.180426e-01 1.088604e-04 2.340869e-04
2.183134e-01 2.664290e-04 2.333620e-04
2.185842e-01 -1.635030e-05 2.314758e-04
2.188551e-01 3.598109e-04 2.323924e-04
2.191259e-01 4.108194e-04 2.338719e-04
2.193967e-01 5.124994e-04 2.288419e-04
2.196675e-01 2.500303e-04 2.319171e-04
2.199383e-01 5.730987e-05 2.310306e-04
2.202091e-01 1.423713e-04 2.313008e-04
2.204799e-01 6.183051e-05 2.308006e-04
2.207507e-01 9.050593e-06 2.322590e-04
2.210216e-01 -1.197811e-04 2.312119e-04
2.212924e-01 -3.799796e-06 2.306077e-04
2.215632e-01 5.003996e-05 2.299573e-04
2.218340e-01 1.680087e-04 2.318316e-04
2.221048e-01 1.844019e-05 2.298107e-04
2.223756e-01 4.434101e-04 2.292310e-04
2.226464e-01 -7.291138e-05 2.292053e-04
2.229173e-01 -1.321491e-04 2.301801e-04
2.231881e-01 1.575984e-05 2.287869e-04
2.234589e-01 1.972206e-04 2.275245e-04
2.237297e-01 2.076104e-05 2.282138e-04
2.240005e-01 1.836307e-04 2.285635e-04
2.242713e-01 3.142841e-05 2.263412e-04
2.245422e-01 4.146118e-04 2.296166e-04
2.248130e-01 2.186801e-04 2.303227e-04
2.250838e-01 1.163185e-04 2.268230e-04
2.253546e-01 -7.979944e-05 2.288282e-04
2.256254e-01 4.494898e-04 2.294089e-04
2.258962e-01 -4.132837e-05 2.285018e-04
2.261670e-01 -2.520606e-04 2.381564e-04
2.264379e-01 2.220012e-04 2.427561e-04
2.267087e-01 -1.253784e-04 2.435743e-04
2.269795e-01 -2.182499e-04 2.479547e-04
2.272503e-01 -3.271494e-04 2.499844e-04
2.275211e-01 1.138300e-04 2.529593e-04
2.277919e-01 4.344303e-04 2.547745e-04
2.280627e-01 5.199704e-04 2.625803e-04
2.283335e-01 9.473041e-05 2.621529e-04
2.286044e-01 4.837811e-04 2.607711e-04
2.288752e-01 3.050398e-04 2.677064e-04
2.291460e-01 1.197867e-05 2.692954e-04
2.294168e-01 -3.247391e-04 2.737191e-04
2.296876e-01 2.359785e-04 2.736222e-04
2.299584e-01 1.726802e-04 2.738107e-04
2.302293e-01 -1.138598e-04 2.789438e-04
2.305001e-01 -2.257992e-04 2.823114e-04
2.307709e-01 3.954396e-04 2.840047e-04
2.310417e-01 -3.404804e-04 2.864781e-04
2.313125e-01 2.962891e-04 2.889660e-04
2.315833e-01 -8.348934e-05 2.909198e-04
2.318541e-01 3.418140e-05 2.949807e-04
2.321250e-01 2.133492e-04 2.958759e-04
2.323958e-01 -9.333901e-05 2.948033e-04
2.326666e-01 -1.825951e-05 2.998825e-04
2.329374e-01 2.149306e-04 3.049313e-04
2.332082e-01 2.099946e-05 3.048121e-04
2.334790e-01 -7.232092e-05 3.058149e-04
2.337498e-01 7.838011e-05 3.144018e-04
2.340207e-01 3.625099e-04 3.111311e-04
2.342915e-01 4.165806e-04 3.145157e-04
2.345623e-01 -5.878881e-05 3.148240e-04
2.348331e-01 -4.600901e-04 3.207261e-04
2.351039e-01 -5.852990e-05 3.230079e-04
2.353747e-01 -2.357922e-05 3.262538e-04
2.356455e-01 -1.556799e-04 3.277225e-04
2.359163e-01 -1.667198e-04 3.329759e-04
2.361872e-01 9.804964e-05 3.331852e-04
2.364580e-01 1.324303e-04 3.386606e-04
2.367288e-01 -1.357701e-04 3.400429e-04
2.369996e-01 1.977906e-04 3.386009e-04
2.372704e-01 -5.027000e-04 3.516134e-04
2.375412e-01 6.434210e-04 3.484257e-04
2.378121e-01 -4.371628e-06 3.559632e-04
2.380829e-01 -6.362889e-04 3.499428e-04
2.383537e-01 2.770796e-04 3.622096e-04
2.386245e-01 -1.985952e-05 3.629036e-04
2.388953e-01 3.268309e-04 3.564853e-04
2.391661e-01 2.149809e-04 3.670652e-04
2.394369e-01 -3.490001e-04 3.673637e-04
2.397078e-01 8.820929e-05 3.780140e-04
2.399786e-01 7.186085e-05 3.749126e-04
2.402494e-01 4.396793e-04 3.813733e-04
2.405202e-01 2.344195e-04 3.823661e-04
2.407910e-01 4.026908e-04 3.920021e-04
2.410618e-01 8.502416e-04 3.949966e-04
2.413326e-01 1.930501e-04 3.988907e-04
2.416034e-01 -2.110898e-04 3.960581e-04
2.418743e-01 4.558507e-04 4.112696e-04
2.421451e-01 5.429201e-04 4.118627e-04
2.424159e-01 1.341701e-04 4.203617e-04
2.426867e-01 3.511608e-04 4.219297e-04
2.429575e-01 2.742913e-04 4.278860e-04
2.432283e-01 -2.104286e-04 4.355055e-04
2.434992e-01 3.235508e-04 4.282949e-04
2.437700e-01 -3.305785e-04 4.425844e-04
2.440408e-01 4.002079e-05 4.506365e-04
2.443116e-01 -5.759709e-04 4.581688e-04
2.445824e-01 3.283005e-04 4.510996e-04
2.448532e-01 -6.985590e-04 4.539790e-04
2.451240e-01 -2.674907e-04 4.725136e-04
2.453949e-01 -2.098996e-04 4.795592e-04
2.456657e-01 3.523193e-04 4.887788e-04
2.459365e-01 -2.362914e-04 4.924805e-04
2.462073e-01 5.702861e-05 4.964432e-04
2.464781e-01 8.643698e-04 5.096820e-04
2.467489e-01 -2.760440e-06 5.223466e-04
2.470197e-01 5.523115e-05 5.212820e-04
2.472906e-01 -4.243106e-04 5.286470e-04
2.475614e-01 1.666695e-04 5.395016e-04
2.478322e-01 -2.627391e-04 5.498061e-04
2.481030e-01 8.553695e-04 5.585291e-04
2.483738e-01 -6.004702e-04 5.709160e-04
2.486446e-01 -7.404797e-04 5.964884e-04
2.489154e-01 -1.884997e-04 6.079376e-04
2.491863e-01 -1.630094e-04 5.992812e-04
2.494571e-01 -3.988594e-04 6.059636e-04
2.497279e-01 4.704501e-04 6.356176e-04
2.499987e-01 -6.937087e-04 6.457659e-04
2.502695e-01 1.176596e-04 6.665131e-04
2.505403e-01 -6.939787e-04 6.857793e-04
2.508111e-01 2.718288e-04 6.892632e-04
2.510819e-01 -5.845185e-04 7.319720e-04
2.513528e-01 1.107380e-03 7.176727e-04
2.516236e-01 4.322007e-04 7.557547e-04
2.518944e-01 -1.281640e-03 7.617746e-04
2.521652e-01 -1.355596e-04 8.422706e-04
2.524360e-01 1.391821e-03 8.339277e-04
2.527068e-01 -6.494001e-04 8.064455e-04
2.529776e-01 -7.976405e-04 8.544115e-04
2.532485e-01 -5.747937e-05 8.894466e-04
2.535193e-01 6.951708e-04 8.967163e-04
2.537901e-01 1.192080e-03 9.222720e-04
2.540609e-01 5.304068e-05 9.352010e-04
2.543317e-01 -2.894308e-04 9.986942e-04
2.546025e-01 -1.217699e-03 1.011123e-03
2.548733e-01 -1.888169e-03 1.067112e-03
2.551441e-01 6.244611e-04 1.102820e-03
2.554150e-01 -8.110385e-04 1.161860e-03
2.556858e-01 1.020100e-03 1.119663e-03
2.559566e-01 1.452351e-03 1.310664e-03
2.562274e-01 -1.063282e-03 1.353961e-03
2.564982e-01 1.784600e-04 1.398176e-03
2.567690e-01 7.038005e-04 1.582185e-03
2.570398e-01 -8.535814e-04 1.874100e-03
2.573107e-01 -1.640551e-03 1.864966e-03
2.575815e-01 -2.561193e-04 2.358062e-03
2.578523e-01 -3.620308e-03 3.250676e-03
2.581231e-01 6.644068e-03 5.319500e-03
