3.286826e-03 3.748289e+00 0.000000e+00
3.557641e-03 4.236021e+00 1.029585e-01
3.828455e-03 4.144195e+00 6.410176e-02
4.099269e-03 4.048109e+00 5.061428e-02
4.370084e-03 3.917618e+00 3.725211e-02
4.640898e-03 3.779351e+00 2.677898e-02
4.911712e-03 3.611166e+00 2.400870e-02
5.182527e-03 3.482930e+00 1.935054e-02
5.453341e-03 3.391094e+00 1.789637e-02
5.724155e-03 3.275383e+00 1.435212e-02
5.994970e-03 3.180453e+00 1.343069e-02
6.265784e-03 3.086649e+00 1.150864e-02
6.536598e-03 2.992750e+00 9.880003e-03
6.807412e-03 2.892639e+00 9.467939e-03
7.078227e-03 2.787178e+00 8.474947e-03
7.349041e-03 2.712598e+00 7.875641e-03
7.619855e-03 2.631074e+00 7.566414e-03
7.890671e-03 2.543331e+00 6.777187e-03
8.161485e-03 2.460427e+00 6.518434e-03
8.432299e-03 2.374983e+00 6.162194e-03
8.703114e-03 2.303572e+00 5.864381e-03
8.973928e-03 2.225168e+00 5.459880e-03
9.244742e-03 2.146966e+00 5.317513e-03
9.515557e-03 2.066491e+00 4.990899e-03
9.786371e-03 2.003783e+00 4.856136e-03
1.005718e-02 1.934589e+00 4.622802e-03
1.032800e-02 1.864921e+00 4.363857e-03
1.059881e-02 1.799263e+00 4.339645e-03
1.086963e-02 1.726595e+00 4.100508e-03
1.114044e-02 1.659370e+00 3.895358e-03
1.141126e-02 1.599264e+00 3.865250e-03
1.168207e-02 1.543243e+00 3.533623e-03
1.195289e-02 1.488734e+00 3.572713e-03
1.222370e-02 1.423772e+00 3.397626e-03
1.249451e-02 1.362098e+00 3.211013e-03
1.276533e-02 1.322053e+00 3.128449e-03
1.303614e-02 1.263409e+00 2.983081e-03
1.330696e-02 1.216164e+00 2.868127e-03
1.357777e-02 1.161219e+00 2.870788e-03
1.384859e-02 1.111648e+00 2.685726e-03
1.411940e-02 1.066700e+00 2.567131e-03
1.439021e-02 1.025609e+00 2.514965e-03
1.466103e-02 9.789591e-01 2.387009e-03
1.493184e-02 9.325898e-01 2.399746e-03
1.520266e-02 8.953680e-01 2.288378e-03
1.547347e-02 8.521817e-01 2.219682e-03
1.574429e-02 8.161312e-01 2.095272e-03
1.601510e-02 7.789652e-01 2.058194e-03
1.628591e-02 7.419045e-01 2.026482e-03
1.655673e-02 7.088866e-01 1.887662e-03
1.682754e-02 6.703782e-01 1.878366e-03
1.709836e-02 6.398229e-01 1.839351e-03
1.736917e-02 6.097533e-01 1.746095e-03
1.763999e-02 5.798097e-01 1.696842e-03
1.791080e-02 5.515209e-01 1.631146e-03
1.818161e-02 5.204320e-01 1.638621e-03
1.845243e-02 4.913332e-01 1.586268e-03
1.872324e-02 4.671164e-01 1.481802e-03
1.899406e-02 4.438916e-01 1.482014e-03
1.926487e-02 4.190130e-01 1.447706e-03
1.953569e-02 3.965250e-01 1.405373e-03
1.980650e-02 3.727016e-01 1.395259e-03
2.007731e-02 3.557818e-01 1.337504e-03
2.034813e-02 3.315030e-01 1.317642e-03
2.061894e-02 3.165689e-01 1.266743e-03
2.088976e-02 2.975745e-01 1.219742e-03
2.116057e-02 2.754998e-01 1.195170e-03
2.143139e-02 2.610384e-01 1.146739e-03
2.170220e-02 2.463045e-01 1.144811e-03
2.197302e-02 2.326694e-01 1.098320e-03
2.224383e-02 2.168498e-01 1.054493e-03
2.251465e-02 2.022429e-01 9.905662e-04
2.278546e-02 1.887013e-01 9.564566e-04
2.305627e-02 1.779833e-01 9.512078e-04
2.332709e-02 1.670779e-01 8.993040e-04
2.359790e-02 1.553392e-01 8.673220e-04
2.386872e-02 1.437928e-01 8.549906e-04
2.413953e-02 1.347566e-01 8.040572e-04
2.441034e-02 1.251609e-01 7.862473e-04
2.468116e-02 1.180591e-01 7.533738e-04
2.495197e-02 1.078046e-01 7.390056e-04
2.522279e-02 1.005774e-01 7.154863e-04
2.549360e-02 9.332965e-02 6.803052e-04
2.576442e-02 8.598176e-02 6.618791e-04
2.603523e-02 8.135425e-02 6.586818e-04
2.630604e-02 7.473832e-02 6.332043e-04
2.657686e-02 6.969810e-02 6.228833e-04
2.684767e-02 6.429198e-02 5.839044e-04
2.711849e-02 6.122862e-02 5.724097e-04
2.738930e-02 5.591217e-02 5.655762e-04
2.766012e-02 5.114979e-02 5.519661e-04
2.793093e-02 4.752864e-02 5.323080e-04
2.820175e-02 4.435062e-02 5.100785e-04
2.847256e-02 4.125426e-02 5.044098e-04
2.874337e-02 3.861689e-02 4.957785e-04
2.901419e-02 3.596499e-02 4.770574e-04
2.928500e-02 3.410428e-02 4.674137e-04
2.955582e-02 3.139807e-02 4.658272e-04
2.982663e-02 2.885337e-02 4.554082e-04
3.009745e-02 2.826842e-02 4.493031e-04
3.036826e-02 2.662235e-02 4.381968e-04
3.063907e-02 2.423861e-02 4.325370e-04
3.090989e-02 2.221995e-02 4.233784e-04
3.118070e-02 2.132365e-02 4.220864e-04
3.145152e-02 1.985576e-02 4.140654e-04
3.172233e-02 1.852243e-02 4.102479e-04
3.199315e-02 1.899068e-02 4.040987e-04
3.226396e-02 1.730585e-02 4.038552e-04
3.253478e-02 1.622065e-02 3.914554e-04
3.280559e-02 1.596112e-02 3.913400e-04
3.307641e-02 1.582097e-02 3.859183e-04
3.334722e-02 1.418124e-02 3.808846e-04
3.361803e-02 1.466822e-02 3.837608e-04
3.388885e-02 1.388320e-02 3.749817e-04
3.415966e-02 1.341866e-02 3.791707e-04
3.443048e-02 1.314763e-02 3.770478e-04
3.470129e-02 1.260422e-02 3.716437e-04
3.497211e-02 1.268777e-02 3.711684e-04
3.524292e-02 1.268819e-02 3.595360e-04
3.551374e-02 1.172988e-02 3.610148e-04
3.578455e-02 1.165909e-02 3.633526e-04
3.605536e-02 1.189327e-02 3.577971e-04
3.632618e-02 1.216734e-02 3.574850e-04
3.659699e-02 1.138900e-02 3.552330e-04
3.686780e-02 1.250818e-02 3.574142e-04
3.713862e-02 1.156467e-02 3.482845e-04
3.740944e-02 1.202461e-02 3.443790e-04
3.768025e-02 1.118733e-02 3.436408e-04
3.795106e-02 1.106596e-02 3.424366e-04
3.822188e-02 1.190704e-02 3.423058e-04
3.849269e-02 1.119564e-02 3.391032e-04
3.876351e-02 1.043915e-02 3.403884e-04
3.903432e-02 1.118502e-02 3.377133e-04
3.930514e-02 1.114420e-02 3.346585e-04
3.957595e-02 1.066360e-02 3.342221e-04
3.984676e-02 1.114286e-02 3.289254e-04
4.011758e-02 1.016781e-02 3.308054e-04
4.038839e-02 1.035999e-02 3.322594e-04
4.065921e-02 1.014441e-02 3.214217e-04
4.093002e-02 1.003733e-02 3.283029e-04
4.120084e-02 9.774260e-03 3.228979e-04
4.147165e-02 1.034949e-02 3.279577e-04
4.174246e-02 1.000201e-02 3.237479e-04
4.201328e-02 9.528741e-03 3.157519e-04
4.228409e-02 9.395620e-03 3.188957e-04
4.255491e-02 9.560831e-03 3.158887e-04
4.282572e-02 8.613719e-03 3.147453e-04
4.309653e-02 8.555438e-03 3.073336e-04
4.336735e-02 8.936839e-03 3.098866e-04
4.363817e-02 8.794822e-03 3.100882e-04
4.390898e-02 8.557802e-03 3.093784e-04
4.417979e-02 8.609939e-03 3.074314e-04
4.445061e-02 8.165048e-03 3.020441e-04
4.472142e-02 8.180162e-03 3.004539e-04
4.499224e-02 7.146440e-03 3.006758e-04
4.526305e-02 8.106560e-03 2.991488e-04
4.553387e-02 7.636020e-03 2.965937e-04
4.580468e-02 7.997561e-03 2.970505e-04
4.607549e-02 7.769341e-03 2.959943e-04
4.634631e-02 7.510269e-03 2.897604e-04
4.661712e-02 7.402241e-03 2.969401e-04
4.688794e-02 6.275199e-03 2.914859e-04
4.715875e-02 6.619599e-03 2.893161e-04
4.742957e-02 6.521011e-03 2.845021e-04
4.770038e-02 6.349860e-03 2.830099e-04
4.797119e-02 5.884830e-03 2.852022e-04
4.824201e-02 6.398479e-03 2.851412e-04
4.851282e-02 5.438821e-03 2.817582e-04
4.878364e-02 5.616188e-03 2.792594e-04
4.905445e-02 5.674539e-03 2.775431e-04
4.932526e-02 5.494609e-03 2.774625e-04
4.959608e-02 5.416518e-03 2.760209e-04
4.986690e-02 4.665559e-03 2.751669e-04
5.013771e-02 5.038448e-03 2.757871e-04
5.040852e-02 4.656749e-03 2.712437e-04
5.067934e-02 4.350109e-03 2.724159e-04
5.095015e-02 4.801771e-03 2.681667e-04
5.122096e-02 4.185151e-03 2.698715e-04
5.149178e-02 4.314627e-03 2.693442e-04
5.176260e-02 4.103469e-03 2.681790e-04
5.203341e-02 4.432712e-03 2.698706e-04
5.230422e-02 4.010752e-03 2.642288e-04
5.257504e-02 3.933690e-03 2.656324e-04
5.284585e-02 3.544070e-03 2.637348e-04
5.311667e-02 3.635371e-03 2.609445e-04
5.338748e-02 3.279161e-03 2.684961e-04
5.365830e-02 2.874650e-03 2.634035e-04
5.392911e-02 3.686849e-03 2.661975e-04
5.419992e-02 3.521400e-03 2.640236e-04
5.447074e-02 3.393561e-03 2.639126e-04
5.474155e-02 2.820609e-03 2.681404e-04
5.501237e-02 3.133440e-03 2.730580e-04
5.528318e-02 3.746241e-03 2.754339e-04
5.555400e-02 3.248101e-03 2.761199e-04
5.582481e-02 2.724200e-03 2.766528e-04
5.609563e-02 2.742790e-03 2.769673e-04
5.636644e-02 1.907550e-03 2.793049e-04
5.663725e-02 2.743518e-03 2.816910e-04
5.690807e-02 2.939800e-03 2.820684e-04
5.717888e-02 2.717089e-03 2.793883e-04
5.744969e-02 2.443252e-03 2.827372e-04
5.772051e-02 2.602249e-03 2.805133e-04
5.799133e-02 2.988869e-03 2.808070e-04
5.826214e-02 2.544418e-03 2.828514e-04
5.853295e-02 2.380412e-03 2.820733e-04
5.880377e-02 2.336390e-03 2.815586e-04
5.907458e-02 2.497910e-03 2.821515e-04
5.934540e-02 2.508601e-03 2.824255e-04
5.961621e-02 2.126699e-03 2.864048e-04
5.988703e-02 2.100552e-03 2.838996e-04
6.015784e-02 1.952030e-03 2.848688e-04
6.042865e-02 1.736552e-03 2.854890e-04
6.069947e-02 2.507700e-03 2.780243e-04
6.097028e-02 2.108371e-03 2.810880e-04
6.124110e-02 1.794418e-03 2.739684e-04
6.151191e-02 1.476010e-03 2.754009e-04
6.178273e-02 2.225861e-03 2.752856e-04
6.205354e-02 1.683071e-03 2.688725e-04
6.232436e-02 1.699841e-03 2.704092e-04
6.259517e-02 1.524670e-03 2.700380e-04
6.286598e-02 1.760280e-03 2.689375e-04
6.313679e-02 1.975402e-03 2.705298e-04
6.340761e-02 1.738520e-03 2.677562e-04
6.367842e-02 1.593599e-03 2.694727e-04
6.394923e-02 1.874669e-03 2.693085e-04
6.422005e-02 2.312982e-03 2.681396e-04
6.449086e-02 1.216479e-03 2.670987e-04
6.476168e-02 1.345711e-03 2.647727e-04
6.503250e-02 1.720989e-03 2.668685e-04
6.530331e-02 1.488201e-03 2.654487e-04
6.557412e-02 2.141399e-03 2.636555e-04
6.584494e-02 1.945870e-03 2.655902e-04
6.611575e-02 2.075221e-03 2.635635e-04
6.638657e-02 1.555940e-03 2.653329e-04
6.665738e-02 1.345480e-03 2.613608e-04
6.692819e-02 1.569880e-03 2.639837e-04
6.719901e-02 1.615150e-03 2.607145e-04
6.746982e-02 1.312040e-03 2.598776e-04
6.774063e-02 1.506710e-03 2.627510e-04
6.801146e-02 1.498191e-03 2.576994e-04
6.828227e-02 1.245089e-03 2.580579e-04
6.855308e-02 1.186211e-03 2.590001e-04
6.882390e-02 1.512630e-03 2.609603e-04
6.909471e-02 1.168981e-03 2.585220e-04
6.936552e-02 1.539260e-03 2.552611e-04
6.963634e-02 1.064701e-03 2.593734e-04
6.990715e-02 1.474250e-03 2.542866e-04
7.017796e-02 1.502801e-03 2.565544e-04
7.044878e-02 1.270991e-03 2.539144e-04
7.071959e-02 1.261171e-03 2.530366e-04
7.099041e-02 1.482360e-03 2.568736e-04
7.126123e-02 1.553649e-03 2.539957e-04
7.153204e-02 1.342488e-03 2.537041e-04
7.180285e-02 1.188481e-03 2.535356e-04
7.207367e-02 4.008915e-04 2.521374e-04
7.234448e-02 1.257639e-03 2.524552e-04
7.261530e-02 1.046350e-03 2.519993e-04
7.288611e-02 1.632670e-03 2.495941e-04
7.315692e-02 1.021652e-03 2.539759e-04
7.342774e-02 1.103729e-03 2.533483e-04
7.369855e-02 9.560194e-04 2.504018e-04
7.396936e-02 1.438070e-03 2.500578e-04
7.424019e-02 1.117161e-03 2.485857e-04
7.451100e-02 1.185879e-03 2.508045e-04
7.478181e-02 6.207097e-04 2.472568e-04
7.505263e-02 5.777515e-04 2.476277e-04
7.532344e-02 8.920506e-04 2.516387e-04
7.559425e-02 1.082100e-03 2.464421e-04
7.586507e-02 3.750715e-04 2.481633e-04
7.613588e-02 1.287511e-03 2.474863e-04
7.640669e-02 6.995294e-04 2.456755e-04
7.667751e-02 1.216050e-03 2.481487e-04
7.694832e-02 4.505999e-04 2.476464e-04
7.721914e-02 5.723592e-04 2.459767e-04
7.748996e-02 1.218539e-03 2.451888e-04
7.776077e-02 1.351461e-03 2.429969e-04
7.803158e-02 9.761192e-04 2.457525e-04
7.830240e-02 7.175189e-04 2.449838e-04
7.857321e-02 6.870516e-04 2.434910e-04
7.884403e-02 1.259791e-03 2.460359e-04
7.911484e-02 6.774403e-04 2.421540e-04
7.938565e-02 1.182459e-03 2.449368e-04
7.965647e-02 8.343197e-04 2.407543e-04
7.992728e-02 8.716900e-04 2.436853e-04
8.019809e-02 1.285860e-03 2.422404e-04
8.046892e-02 7.705409e-04 2.414578e-04
8.073973e-02 4.760902e-04 2.418092e-04
8.101054e-02 2.372395e-04 2.394375e-04
8.128136e-02 6.566290e-04 2.389035e-04
8.155217e-02 5.219392e-04 2.398803e-04
8.182298e-02 8.337386e-04 2.379854e-04
8.209380e-02 5.045496e-04 2.370509e-04
8.236461e-02 4.613698e-04 2.378885e-04
8.263543e-02 4.402194e-04 2.389858e-04
8.290624e-02 1.012061e-03 2.401842e-04
8.317705e-02 3.157910e-04 2.358385e-04
8.344787e-02 6.674994e-04 2.392029e-04
8.371869e-02 3.534108e-04 2.390410e-04
8.398950e-02 6.167497e-04 2.358919e-04
8.426031e-02 1.001339e-03 2.387997e-04
8.453113e-02 5.063806e-04 2.367781e-04
8.480194e-02 9.606704e-04 2.386351e-04
8.507276e-02 7.946994e-04 2.353257e-04
8.534357e-02 8.519497e-04 2.359878e-04
8.561438e-02 5.282592e-04 2.332059e-04
8.588520e-02 7.012095e-04 2.348681e-04
8.615601e-02 4.287101e-04 2.337519e-04
8.642682e-02 1.407830e-03 2.349967e-04
8.669765e-02 3.044587e-04 2.310309e-04
8.696846e-02 6.160401e-04 2.330075e-04
8.723927e-02 5.723406e-04 2.327176e-04
8.751009e-02 5.237609e-04 2.316329e-04
8.778090e-02 7.408410e-04 2.315435e-04
8.805171e-02 2.962090e-04 2.317980e-04
8.832253e-02 2.279896e-04 2.311921e-04
8.859334e-02 2.994798e-04 2.315258e-04
8.886416e-02 3.516302e-04 2.310919e-04
8.913497e-02 7.297900e-04 2.307315e-04
8.940578e-02 1.756102e-04 2.305579e-04
8.967660e-02 1.485404e-04 2.308847e-04
8.994742e-02 3.005303e-04 2.322588e-04
9.021823e-02 6.237607e-04 2.304368e-04
9.048904e-02 3.869198e-04 2.301791e-04
9.075986e-02 2.513397e-04 2.292248e-04
9.103067e-02 1.443494e-04 2.285538e-04
9.130149e-02 1.025591e-04 2.284120e-04
9.157230e-02 1.663305e-04 2.276438e-04
9.184311e-02 7.419400e-04 2.306089e-04
9.211393e-02 4.170109e-04 2.283099e-04
9.238474e-02 3.589801e-04 2.272830e-04
9.265555e-02 4.913695e-04 2.293535e-04
9.292637e-02 3.301203e-04 2.278098e-04
9.319719e-02 2.692603e-04 2.280335e-04
9.346800e-02 2.319403e-04 2.271470e-04
9.373882e-02 1.790095e-04 2.258585e-04
9.400963e-02 5.335212e-04 2.266059e-04
9.428044e-02 3.536791e-04 2.261244e-04
9.455126e-02 6.426796e-04 2.251291e-04
9.482207e-02 1.266804e-04 2.234497e-04
9.509289e-02 3.469810e-04 2.266426e-04
9.536370e-02 4.312694e-04 2.248154e-04
9.563451e-02 4.304498e-04 2.225386e-04
9.590533e-02 4.819613e-04 2.241984e-04
9.617615e-02 3.258400e-04 2.222088e-04
9.644696e-02 3.710091e-04 2.232461e-04
9.671777e-02 4.137196e-04 2.239265e-04
9.698859e-02 4.633702e-04 2.222154e-04
9.725940e-02 -7.379800e-06 2.235909e-04
9.753022e-02 -2.130195e-04 2.191153e-04
9.780103e-02 3.636107e-04 2.224184e-04
9.807184e-02 -4.214980e-05 2.222960e-04
9.834266e-02 3.891196e-04 2.202113e-04
9.861347e-02 1.105107e-04 2.233540e-04
9.888428e-02 6.523710e-04 2.197184e-04
9.915510e-02 6.873216e-04 2.207105e-04
9.942592e-02 6.191991e-05 2.186840e-04
9.969673e-02 2.038106e-04 2.210666e-04
9.996755e-02 3.526397e-04 2.217863e-04
1.002384e-01 4.418716e-04 2.209516e-04
1.005092e-01 -2.513696e-04 2.195062e-04
1.007800e-01 1.524799e-04 2.185547e-04
1.010508e-01 2.825800e-04 2.202943e-04
1.013216e-01 4.954897e-04 2.187492e-04
1.015924e-01 3.597103e-04 2.178993e-04
1.018632e-01 4.421510e-04 2.182168e-04
1.021341e-01 4.124306e-04 2.190549e-04
1.024049e-01 1.337212e-04 2.183830e-04
1.026757e-01 2.465304e-04 2.171825e-04
1.029465e-01 1.844410e-04 2.176027e-04
1.032173e-01 3.712792e-04 2.187621e-04
1.034881e-01 1.874398e-04 2.174192e-04
1.037589e-01 1.935698e-04 2.163541e-04
1.040298e-01 -1.062993e-04 2.164040e-04
1.043006e-01 1.046900e-04 2.166147e-04
1.045714e-01 2.026018e-04 2.140993e-04
1.048422e-01 -4.622098e-04 2.150595e-04
1.051130e-01 2.161302e-04 2.145236e-04
1.053838e-01 -2.848208e-04 2.158285e-04
1.056546e-01 6.014500e-04 2.142194e-04
1.059255e-01 -2.948809e-04 2.142137e-04
1.061963e-01 2.198499e-04 2.148984e-04
1.064671e-01 -2.942979e-05 2.137388e-04
1.067379e-01 1.493189e-04 2.139901e-04
1.070087e-01 -1.175888e-05 2.161134e-04
1.072795e-01 1.668110e-04 2.141915e-04
1.075503e-01 2.546608e-04 2.135744e-04
1.078212e-01 1.322385e-04 2.133280e-04
1.080920e-01 6.281957e-05 2.117789e-04
1.083628e-01 -5.258061e-05 2.134028e-04
1.086336e-01 2.633892e-04 2.127970e-04
1.089044e-01 2.098903e-04 2.127999e-04
1.091752e-01 1.918599e-04 2.123531e-04
1.094460e-01 1.118612e-04 2.092645e-04
1.097169e-01 8.508209e-04 2.142568e-04
1.099877e-01 1.345016e-05 2.104938e-04
1.102585e-01 -3.612973e-05 2.119380e-04
1.105293e-01 1.074094e-04 2.147017e-04
1.108001e-01 2.389401e-04 2.171237e-04
1.110709e-01 -6.161071e-05 2.189675e-04
1.113417e-01 3.404301e-04 2.165583e-04
1.116126e-01 4.293695e-04 2.206356e-04
1.118834e-01 1.291391e-04 2.199974e-04
1.121542e-01 2.516117e-04 2.202548e-04
1.124250e-01 -9.223074e-05 2.219567e-04
1.126958e-01 1.201034e-05 2.237900e-04
1.129666e-01 -1.624916e-04 2.238314e-04
1.132374e-01 3.550202e-06 2.277443e-04
1.135083e-01 6.968156e-05 2.316632e-04
1.137791e-01 3.861506e-04 2.314518e-04
1.140499e-01 7.234886e-05 2.320328e-04
1.143207e-01 2.939608e-04 2.342529e-04
1.145915e-01 -1.125298e-04 2.358024e-04
1.148623e-01 -1.296196e-04 2.376711e-04
1.151332e-01 1.378804e-04 2.372741e-04
1.154040e-01 -2.134908e-04 2.397504e-04
1.156748e-01 3.492292e-04 2.395262e-04
1.159456e-01 1.424104e-04 2.418992e-04
1.162164e-01 1.960900e-04 2.412626e-04
1.164872e-01 4.203990e-05 2.409976e-04
1.167580e-01 -2.298877e-05 2.452598e-04
1.170288e-01 1.754053e-05 2.461673e-04
1.172997e-01 -5.800799e-04 2.470397e-04
1.175705e-01 2.854895e-04 2.475151e-04
1.178413e-01 9.991042e-05 2.494403e-04
1.181121e-01 -3.218092e-05 2.470093e-04
1.183829e-01 5.096942e-05 2.399375e-04
1.186537e-01 -4.370809e-04 2.420824e-04
1.189246e-01 3.111921e-05 2.381363e-04
1.191954e-01 1.104418e-04 2.399244e-04
1.194662e-01 -1.306087e-05 2.417061e-04
1.197370e-01 -8.229166e-06 2.386897e-04
1.200078e-01 1.572389e-04 2.392250e-04
1.202786e-01 -1.183599e-04 2.379330e-04
1.205494e-01 -6.354973e-05 2.379819e-04
1.208202e-01 -3.499910e-06 2.396642e-04
1.210911e-01 3.711600e-04 2.399215e-04
1.213619e-01 2.573002e-04 2.388586e-04
1.216327e-01 -1.757313e-04 2.386069e-04
1.219035e-01 2.113301e-04 2.398936e-04
1.221743e-01 -7.949769e-06 2.391375e-04
1.224451e-01 -5.820952e-05 2.384682e-04
1.227160e-01 4.155934e-05 2.413461e-04
1.229868e-01 1.874790e-04 2.379881e-04
1.232576e-01 1.672897e-04 2.383693e-04
1.235284e-01 3.342200e-04 2.389987e-04
1.237992e-01 9.931065e-05 2.378886e-04
1.240700e-01 2.329312e-04 2.412537e-04
1.243408e-01 -1.751501e-04 2.379591e-04
1.246117e-01 -4.100055e-05 2.371388e-04
1.248825e-01 3.468990e-05 2.390920e-04
1.251533e-01 1.575593e-04 2.388704e-04
1.254241e-01 -3.479980e-05 2.364423e-04
1.256949e-01 -2.806801e-04 2.361976e-04
1.259657e-01 -5.409122e-06 2.360828e-04
1.262365e-01 4.982799e-04 2.349239e-04
1.265074e-01 -3.011599e-04 2.335862e-04
1.267782e-01 -1.980290e-04 2.357198e-04
1.270490e-01 -7.363036e-05 2.331419e-04
1.273198e-01 -1.403410e-04 2.348210e-04
1.275906e-01 2.333801e-04 2.323038e-04
1.278614e-01 8.043833e-05 2.339780e-04
1.281322e-01 2.814904e-04 2.338006e-04
1.284031e-01 -2.292506e-04 2.317103e-04
1.286739e-01 -6.728992e-05 2.340773e-04
1.289447e-01 -2.910309e-04 2.309640e-04
1.292155e-01 -3.944896e-04 2.331727e-04
1.294863e-01 -6.096996e-05 2.307281e-04
1.297571e-01 -2.421066e-05 2.304321e-04
1.300279e-01 1.107287e-04 2.319269e-04
1.302988e-01 -2.958998e-05 2.327359e-04
1.305696e-01 1.712795e-04 2.305843e-04
1.308404e-01 5.239621e-06 2.314575e-04
1.311112e-01 2.056919e-05 2.314221e-04
1.313820e-01 5.804002e-05 2.296751e-04
1.316528e-01 1.340602e-04 2.319794e-04
1.319236e-01 1.594704e-04 2.297458e-04
1.321945e-01 2.694800e-04 2.299946e-04
1.324653e-01 5.370006e-05 2.309642e-04
1.327361e-01 2.061706e-04 2.305073e-04
1.330069e-01 -8.391030e-05 2.290030e-04
1.332777e-01 -5.524904e-04 2.278504e-04
1.335485e-01 4.293956e-05 2.283491e-04
1.338193e-01 -1.500789e-04 2.317607e-04
1.340902e-01 2.558008e-04 2.290458e-04
1.343610e-01 2.784394e-04 2.296239e-04
1.346318e-01 1.639705e-04 2.313683e-04
1.349026e-01 -8.395128e-05 2.282544e-04
1.351734e-01 -5.589705e-04 2.272217e-04
1.354442e-01 4.139412e-04 2.279920e-04
1.357151e-01 2.039205e-04 2.295227e-04
1.359859e-01 -1.414698e-04 2.274157e-04
1.362567e-01 -3.768988e-04 2.258098e-04
1.365275e-01 -2.205297e-04 2.273941e-04
1.367983e-01 1.246501e-04 2.258090e-04
1.370691e-01 1.935605e-04 2.309307e-04
1.373399e-01 -3.230087e-04 2.308886e-04
1.376107e-01 -5.791895e-05 2.323240e-04
1.378816e-01 2.128389e-04 2.358812e-04
1.381524e-01 5.614944e-05 2.354791e-04
1.384232e-01 1.160987e-05 2.388476e-04
1.386940e-01 6.403029e-05 2.379924e-04
1.389648e-01 -1.034588e-04 2.397808e-04
1.392356e-01 -7.720850e-05 2.422549e-04
1.395064e-01 -1.324695e-04 2.433570e-04
1.397773e-01 -1.259595e-04 2.444364e-04
1.400481e-01 1.789294e-04 2.433730e-04
1.403189e-01 1.200996e-04 2.451973e-04
1.405897e-01 1.775995e-04 2.469394e-04
1.408605e-01 -2.704412e-04 2.445434e-04
1.411313e-01 -2.477597e-04 2.496334e-04
1.414021e-01 -2.345499e-04 2.476898e-04
1.416730e-01 4.167296e-04 2.515517e-04
1.419438e-01 -2.296828e-05 2.495579e-04
1.422146e-01 2.012793e-04 2.541227e-04
1.424854e-01 -3.640205e-04 2.518019e-04
1.427562e-01 -1.561400e-04 2.489365e-04
1.430270e-01 1.167096e-04 2.483634e-04
1.432979e-01 -4.275404e-04 2.485626e-04
1.435687e-01 9.071827e-05 2.522185e-04
1.438395e-01 5.148090e-04 2.550977e-04
1.441103e-01 -2.581105e-04 2.545546e-04
1.443811e-01 -1.922101e-04 2.538333e-04
1.446519e-01 -1.741908e-04 2.560126e-04
1.449227e-01 4.056897e-04 2.599371e-04
1.451935e-01 1.010690e-04 2.557715e-04
1.454644e-01 1.343489e-04 2.566388e-04
1.457352e-01 4.619602e-04 2.587447e-04
1.460060e-01 4.226398e-04 2.567528e-04
1.462768e-01 -4.670955e-05 2.579558e-04
1.465476e-01 -2.229400e-04 2.584018e-04
1.468184e-01 -1.795497e-04 2.641012e-04
1.470892e-01 -3.956296e-04 2.604226e-04
1.473601e-01 -6.638095e-05 2.592379e-04
1.476309e-01 3.479309e-04 2.630399e-04
1.479017e-01 -1.520105e-05 2.609597e-04
1.481725e-01 1.497939e-05 2.638493e-04
1.484433e-01 -1.497995e-04 2.609496e-04
1.487141e-01 -1.616403e-04 2.609797e-04
1.489850e-01 4.576109e-04 2.622959e-04
1.492558e-01 -2.363883e-04 2.601622e-04
1.495266e-01 9.911135e-06 2.611356e-04
1.497974e-01 -2.817065e-05 2.592249e-04
1.500682e-01 2.156012e-05 2.602166e-04
1.503390e-01 -2.800096e-04 2.610634e-04
1.506098e-01 9.178929e-05 2.609775e-04
1.508806e-01 6.978028e-05 2.597442e-04
1.511515e-01 -6.897002e-05 2.589407e-04
1.514223e-01 -6.768852e-06 2.615644e-04
1.516931e-01 6.577000e-05 2.590099e-04
1.519639e-01 -4.276093e-04 2.590665e-04
1.522347e-01 2.991967e-05 2.627378e-04
1.525055e-01 2.182089e-05 2.603274e-04
1.527763e-01 3.308393e-04 2.644273e-04
1.530472e-01 -1.977608e-04 2.601872e-04
1.533180e-01 -1.861788e-04 2.591782e-04
1.535888e-01 -4.551094e-04 2.600207e-04
1.538596e-01 -1.227111e-05 2.621939e-04
1.541304e-01 -3.057290e-04 2.627253e-04
1.544012e-01 -2.370700e-04 2.579069e-04
1.546721e-01 2.283212e-04 2.639650e-04
1.549429e-01 -2.534706e-04 2.622592e-04
1.552137e-01 -2.258997e-04 2.599332e-04
1.554845e-01 1.959093e-04 2.622934e-04
1.557553e-01 -4.920922e-05 2.626491e-04
1.560261e-01 -3.558416e-04 2.630176e-04
1.562969e-01 1.755096e-04 2.606282e-04
1.565678e-01 1.826901e-04 2.608400e-04
1.568386e-01 -4.094187e-04 2.624919e-04
1.571094e-01 -1.520850e-05 2.640430e-04
1.573802e-01 -1.425091e-04 2.615315e-04
1.576510e-01 -4.916694e-04 2.595698e-04
1.579218e-01 2.255104e-04 2.628691e-04
1.581926e-01 -6.698985e-04 2.607317e-04
1.584634e-01 1.351591e-04 2.601754e-04
1.587343e-01 -2.102107e-04 2.616062e-04
1.590051e-01 8.698553e-07 2.584240e-04
1.592759e-01 3.658235e-06 2.613486e-04
1.595467e-01 2.058502e-04 2.599169e-04
1.598175e-01 1.975708e-04 2.610952e-04
1.600883e-01 1.129005e-04 2.607359e-04
1.603591e-01 1.833029e-05 2.604505e-04
1.606300e-01 -3.553797e-04 2.588952e-04
1.609008e-01 1.540091e-04 2.594527e-04
1.611716e-01 -5.020387e-04 2.606505e-04
1.614424e-01 -8.589961e-05 2.566807e-04
1.617132e-01 9.959005e-05 2.596542e-04
1.619840e-01 3.102701e-04 2.565580e-04
1.622549e-01 3.640596e-04 2.581171e-04
1.625257e-01 -2.425499e-04 2.576618e-04
1.627965e-01 3.631413e-04 2.592498e-04
1.630673e-01 -9.860098e-05 2.584749e-04
1.633381e-01 -1.748707e-04 2.601455e-04
1.636089e-01 4.304014e-05 2.577241e-04
1.638797e-01 3.135204e-04 2.619346e-04
1.641506e-01 2.289098e-04 2.606363e-04
1.644214e-01 -1.237001e-04 2.567536e-04
1.646922e-01 -8.876994e-05 2.566904e-04
1.649630e-01 -9.866990e-05 2.562611e-04
1.652338e-01 -2.286397e-04 2.602245e-04
1.655046e-01 -2.011843e-05 2.591372e-04
1.657754e-01 -2.423488e-04 2.576809e-04
1.660462e-01 4.712287e-04 2.597154e-04
1.663171e-01 6.630830e-05 2.572844e-04
1.665879e-01 -2.274308e-04 2.557670e-04
1.668587e-01 -5.801022e-05 2.593759e-04
1.671295e-01 1.068804e-04 2.616760e-04
1.674003e-01 2.740491e-04 2.593683e-04
1.676711e-01 1.043510e-04 2.693302e-04
1.679420e-01 -2.122689e-04 2.724916e-04
1.682128e-01 1.007989e-04 2.759638e-04
1.684836e-01 4.705042e-05 2.802783e-04
1.687544e-01 1.422800e-04 2.830652e-04
1.690252e-01 2.887100e-04 2.846136e-04
1.692960e-01 3.238022e-05 2.821038e-04
1.695668e-01 2.124198e-04 2.900068e-04
1.698377e-01 7.920898e-05 2.902350e-04
1.701085e-01 -7.990748e-07 2.947525e-04
1.703793e-01 -2.747960e-05 2.954723e-04
1.706501e-01 5.021878e-05 2.948245e-04
1.709209e-01 9.639002e-05 3.003665e-04
1.711917e-01 -2.433602e-04 2.972518e-04
1.714625e-01 2.935100e-04 3.004162e-04
1.717333e-01 1.068301e-04 3.059623e-04
1.720042e-01 4.286878e-05 3.062148e-04
1.722750e-01 -1.394805e-04 3.105164e-04
1.725458e-01 4.389789e-04 3.139884e-04
1.728166e-01 -2.880599e-04 3.136237e-04
1.730874e-01 -2.708100e-04 3.118051e-04
1.733582e-01 -3.610700e-04 3.147569e-04
1.736291e-01 -4.233606e-04 3.214289e-04
1.738999e-01 3.511999e-04 3.171031e-04
1.741707e-01 -7.818826e-05 3.255476e-04
1.744415e-01 3.503803e-04 3.278440e-04
1.747123e-01 2.346095e-04 3.255634e-04
1.749831e-01 5.817041e-05 3.152834e-04
1.752539e-01 1.423061e-05 3.091014e-04
1.755248e-01 -9.262934e-05 3.064510e-04
1.757956e-01 -1.292117e-05 2.989484e-04
1.760664e-01 -1.389384e-04 3.055508e-04
1.763372e-01 3.409497e-04 3.017355e-04
1.766080e-01 -5.066022e-05 3.003898e-04
1.768788e-01 -3.872588e-04 3.013294e-04
1.771496e-01 -2.551712e-04 2.958770e-04
1.774205e-01 -6.997027e-05 2.999027e-04
1.776913e-01 6.192010e-04 2.933297e-04
1.779621e-01 5.204044e-05 2.936108e-04
1.782329e-01 3.806707e-04 2.934654e-04
1.785037e-01 1.185108e-04 2.859465e-04
1.787745e-01 2.489313e-04 2.947068e-04
1.790453e-01 7.005967e-05 2.909432e-04
1.793161e-01 -4.675984e-05 2.896221e-04
1.795870e-01 2.588890e-05 2.883987e-04
1.798578e-01 2.731010e-04 2.867735e-04
1.801286e-01 1.125913e-04 2.867567e-04
1.803994e-01 -3.298931e-05 2.852478e-04
1.806702e-01 1.994409e-04 2.839462e-04
1.809410e-01 1.440197e-04 2.859658e-04
1.812119e-01 -3.961101e-05 2.829926e-04
1.814827e-01 -3.042072e-05 2.836430e-04
1.817535e-01 -7.284991e-05 2.810425e-04
1.820243e-01 1.265705e-04 2.827113e-04
1.822951e-01 -3.405996e-04 2.831500e-04
1.825659e-01 2.740100e-04 2.801299e-04
1.828367e-01 -1.434907e-04 2.857546e-04
1.831076e-01 -2.637599e-04 2.747014e-04
1.833784e-01 4.352499e-04 2.829539e-04
1.836492e-01 3.847405e-04 2.785232e-04
1.839200e-01 -2.276003e-04 2.785801e-04
1.841908e-01 2.722498e-04 2.802392e-04
1.844616e-01 3.640801e-04 2.774783e-04
1.847324e-01 -2.044812e-04 2.834735e-04
1.850033e-01 -3.840905e-04 2.774985e-04
1.852741e-01 4.991312e-04 2.810911e-04
1.855449e-01 2.597291e-04 2.797280e-04
1.858157e-01 1.031999e-04 2.820092e-04
1.860865e-01 3.815498e-04 2.807657e-04
1.863573e-01 -2.042595e-04 2.789894e-04
1.866281e-01 3.079716e-04 2.804321e-04
1.868990e-01 9.782985e-05 2.757304e-04
1.871698e-01 4.195310e-04 2.812777e-04
1.874406e-01 4.166197e-04 2.839036e-04
1.877114e-01 4.663300e-04 2.788093e-04
1.879822e-01 4.143286e-04 2.818559e-04
1.882530e-01 2.167206e-04 2.776351e-04
1.885238e-01 -1.164004e-04 2.805898e-04
1.887947e-01 4.174300e-04 2.778682e-04
1.890655e-01 2.835393e-04 2.768143e-04
1.893363e-01 3.566705e-04 2.816392e-04
1.896071e-01 -2.350509e-04 2.741147e-04
1.898779e-01 1.432933e-05 2.811660e-04
1.901487e-01 -2.577212e-04 2.771341e-04
1.904195e-01 4.562289e-04 2.785530e-04
1.906904e-01 1.088995e-04 2.814529e-04
1.909612e-01 1.221094e-04 2.761555e-04
1.912320e-01 -2.392288e-04 2.793476e-04
1.915028e-01 -6.921962e-05 2.765289e-04
1.917736e-01 6.086938e-05 2.789649e-04
1.920444e-01 4.388914e-04 2.766493e-04
1.923153e-01 -1.296997e-04 2.782971e-04
1.925861e-01 4.068017e-05 2.812059e-04
1.928569e-01 2.892204e-04 2.795547e-04
1.931277e-01 2.926998e-04 2.756851e-04
1.933985e-01 2.649091e-04 2.771155e-04
1.936693e-01 -4.902892e-04 2.763761e-04
1.939401e-01 2.936311e-04 2.801968e-04
1.942109e-01 1.183413e-04 2.776725e-04
1.944818e-01 -1.339912e-04 2.797028e-04
1.947526e-01 5.908515e-04 2.773992e-04
1.950234e-01 3.150590e-04 2.781090e-04
1.952942e-01 2.078209e-04 2.774502e-04
1.955650e-01 -1.766384e-04 2.754966e-04
1.958358e-01 4.997496e-04 2.775860e-04
1.961066e-01 3.320500e-04 2.776732e-04
1.963775e-01 -2.977066e-05 2.754476e-04
1.966483e-01 -8.112006e-05 2.750569e-04
1.969191e-01 -3.521889e-05 2.781043e-04
1.971899e-01 4.485510e-04 2.762298e-04
1.974607e-01 2.497006e-04 2.792302e-04
1.977315e-01 -1.039002e-04 2.765612e-04
1.980023e-01 7.197894e-04 2.748769e-04
1.982732e-01 -3.615022e-05 2.740667e-04
1.985440e-01 -1.458898e-04 2.793769e-04
1.988148e-01 8.782931e-05 2.767496e-04
1.990856e-01 -4.998967e-05 2.772617e-04
1.993564e-01 1.958609e-04 2.756510e-04
1.996272e-01 -2.035797e-04 2.767811e-04
1.998980e-01 -1.887288e-04 2.726448e-04
2.001689e-01 6.043091e-04 2.735718e-04
2.004397e-01 4.707407e-04 2.728122e-04
2.007105e-01 2.805199e-04 2.732462e-04
2.009813e-01 3.101006e-04 2.742063e-04
2.012521e-01 2.261698e-04 2.714068e-04
2.015229e-01 -1.985021e-05 2.757465e-04
2.017937e-01 6.431714e-06 2.745032e-04
2.020646e-01 -4.030764e-06 2.753989e-04
2.023354e-01 3.207102e-04 2.727451e-04
2.026062e-01 4.372988e-04 2.730721e-04
2.028770e-01 6.651599e-04 2.742981e-04
2.031478e-01 1.867004e-04 2.709969e-04
2.034186e-01 -3.016815e-04 2.731736e-04
2.036894e-01 -3.444497e-04 2.691133e-04
2.039603e-01 6.893501e-04 2.746400e-04
2.042311e-01 5.518999e-04 2.723195e-04
2.045019e-01 7.023700e-04 2.718866e-04
2.047727e-01 6.062910e-05 2.688885e-04
2.050435e-01 2.433695e-04 2.724001e-04
2.053143e-01 2.584085e-04 2.720364e-04
2.055852e-01 3.688503e-04 2.718781e-04
2.058560e-01 6.942190e-04 2.712694e-04
2.061268e-01 3.557708e-04 2.708850e-04
2.063976e-01 -2.761930e-05 2.706667e-04
2.066684e-01 3.993399e-04 2.708175e-04
2.069392e-01 -3.053993e-05 2.697175e-04
2.072100e-01 4.711393e-04 2.678447e-04
2.074808e-01 5.065091e-05 2.707797e-04
2.077517e-01 1.042895e-04 2.700528e-04
2.080225e-01 -1.653600e-04 2.666111e-04
2.082933e-01 4.458800e-04 2.670034e-04
2.085641e-01 5.441792e-04 2.706557e-04
2.088349e-01 -1.730714e-04 2.701731e-04
2.091057e-01 6.297007e-04 2.676967e-04
2.093765e-01 6.611086e-04 2.688728e-04
2.096474e-01 5.815085e-04 2.689440e-04
2.099182e-01 3.149696e-04 2.703539e-04
2.101890e-01 3.962498e-04 2.680912e-04
2.104598e-01 -2.736039e-05 2.686011e-04
2.107306e-01 4.740097e-04 2.696242e-04
2.110014e-01 6.307401e-04 2.694318e-04
2.112723e-01 2.127215e-04 2.686184e-04
2.115431e-01 2.711508e-04 2.663040e-04
2.118139e-01 9.747967e-05 2.684304e-04
2.120847e-01 6.323606e-04 2.710783e-04
2.123555e-01 2.172701e-04 2.685851e-04
2.126263e-01 1.734700e-04 2.681572e-04
2.128971e-01 1.819301e-04 2.688322e-04
2.131680e-01 8.565392e-04 2.701655e-04
2.134388e-01 2.361685e-04 2.668008e-04
2.137096e-01 1.222603e-04 2.696665e-04
2.139804e-01 2.064407e-04 2.677221e-04
2.142512e-01 1.038909e-04 2.685546e-04
2.145220e-01 -1.660604e-04 2.696185e-04
2.147928e-01 2.783500e-04 2.681394e-04
2.150636e-01 4.215296e-04 2.683751e-04
2.153345e-01 3.754497e-04 2.703037e-04
2.156053e-01 5.888212e-04 2.689497e-04
2.158761e-01 -1.780987e-04 2.679807e-04
2.161469e-01 1.361109e-04 2.689415e-04
2.164177e-01 5.455893e-04 2.699693e-04
2.166885e-01 -1.835302e-04 2.706098e-04
2.169593e-01 3.913417e-04 2.660143e-04
2.172302e-01 -9.231083e-05 2.705216e-04
2.175010e-01 5.951505e-04 2.662346e-04
2.177718e-01 5.211607e-04 2.675680e-04
2.180426e-01 2.714600e-04 2.709577e-04
2.183134e-01 4.370809e-04 2.665250e-04
2.185842e-01 -4.921854e-05 2.661544e-04
2.188551e-01 -5.499087e-05 2.676090e-04
2.191259e-01 5.279202e-04 2.701056e-04
2.193967e-01 6.853975e-05 2.644908e-04
2.196675e-01 3.271401e-04 2.654209e-04
2.199383e-01 1.091398e-04 2.658693e-04
2.202091e-01 1.397487e-04 2.681086e-04
2.204799e-01 -2.711602e-04 2.642025e-04
2.207507e-01 8.756388e-04 2.658037e-04
2.210216e-01 4.755594e-04 2.620944e-04
2.212924e-01 2.278201e-04 2.650032e-04
2.215632e-01 3.902502e-04 2.639713e-04
2.218340e-01 2.873596e-04 2.652728e-04
2.221048e-01 -1.825187e-04 2.641093e-04
2.223756e-01 8.059852e-05 2.639833e-04
2.226464e-01 3.380701e-04 2.657107e-04
2.229173e-01 4.425403e-04 2.614647e-04
2.231881e-01 -2.817512e-04 2.594161e-04
2.234589e-01 -9.774975e-05 2.638417e-04
2.237297e-01 3.063995e-04 2.620440e-04
2.240005e-01 4.398506e-04 2.627087e-04
2.242713e-01 5.294904e-04 2.631038e-04
2.245422e-01 6.181188e-04 2.656979e-04
2.248130e-01 -1.186300e-04 2.654075e-04
2.250838e-01 4.984308e-04 2.639347e-04
2.253546e-01 5.239490e-04 2.628755e-04
2.256254e-01 1.346190e-04 2.635491e-04
2.258962e-01 1.528598e-04 2.606921e-04
2.261670e-01 1.101885e-04 2.752793e-04
2.264379e-01 3.746096e-04 2.825504e-04
2.267087e-01 6.109998e-04 2.810652e-04
2.269795e-01 2.956409e-04 2.843486e-04
2.272503e-01 -2.972111e-04 2.883766e-04
2.275211e-01 2.477597e-04 2.943804e-04
2.277919e-01 3.012102e-04 2.954101e-04
2.280627e-01 -1.844484e-04 2.965835e-04
2.283335e-01 4.171599e-04 3.031004e-04
2.286044e-01 7.513091e-04 3.030160e-04
2.288752e-01 2.096500e-04 3.049673e-04
2.291460e-01 2.951901e-04 3.099341e-04
2.294168e-01 -6.831065e-05 3.122259e-04
2.296876e-01 1.236703e-04 3.127864e-04
2.299584e-01 -5.885027e-05 3.174543e-04
2.302293e-01 3.154688e-04 3.184894e-04
2.305001e-01 -2.369098e-04 3.229308e-04
2.307709e-01 4.128795e-04 3.276693e-04
2.310417e-01 -3.440864e-05 3.264721e-04
2.313125e-01 2.912804e-04 3.300701e-04
2.315833e-01 7.354505e-04 3.331406e-04
2.318541e-01 1.263781e-03 3.362070e-04
2.321250e-01 -2.006106e-04 3.399841e-04
2.323958e-01 6.068870e-05 3.407217e-04
2.326666e-01 5.136989e-05 3.416378e-04
2.329374e-01 2.571288e-04 3.509238e-04
2.332082e-01 9.888038e-05 3.456617e-04
2.334790e-01 4.196111e-04 3.515232e-04
2.337498e-01 2.346300e-04 3.571655e-04
2.340207e-01 2.410803e-04 3.606465e-04
2.342915e-01 -2.266299e-04 3.605910e-04
2.345623e-01 -5.069003e-05 3.648405e-04
2.348331e-01 5.648192e-04 3.676410e-04
2.351039e-01 5.796794e-04 3.747332e-04
2.353747e-01 -4.076995e-04 3.699653e-04
2.356455e-01 4.091486e-04 3.781438e-04
2.359163e-01 4.815795e-04 3.784051e-04
2.361872e-01 3.264397e-04 3.821361e-04
2.364580e-01 -1.939312e-04 3.838822e-04
2.367288e-01 1.400113e-04 3.907390e-04
2.369996e-01 6.280504e-04 3.903802e-04
2.372704e-01 3.810599e-04 3.954436e-04
2.375412e-01 7.548090e-04 3.986727e-04
2.378121e-01 1.605589e-03 4.021968e-04
2.380829e-01 -5.947985e-05 4.020707e-04
2.383537e-01 2.080202e-04 4.103204e-04
2.386245e-01 -1.227800e-04 4.223883e-04
2.388953e-01 -9.390898e-05 4.134493e-04
2.391661e-01 2.239104e-04 4.172623e-04
2.394369e-01 2.954900e-04 4.255517e-04
2.397078e-01 1.695920e-03 4.331007e-04
2.399786e-01 8.569900e-04 4.346360e-04
2.402494e-01 4.000999e-04 4.366056e-04
2.405202e-01 6.219596e-04 4.417002e-04
2.407910e-01 -1.690909e-05 4.527116e-04
2.410618e-01 2.378486e-04 4.509270e-04
2.413326e-01 -1.368299e-04 4.588429e-04
2.416034e-01 -3.939494e-04 4.615494e-04
2.418743e-01 1.958609e-04 4.699262e-04
2.421451e-01 -4.110802e-04 4.734127e-04
2.424159e-01 3.319886e-04 4.837278e-04
2.426867e-01 4.588310e-04 4.725821e-04
2.429575e-01 -4.230291e-04 4.874266e-04
2.432283e-01 3.631413e-04 5.108203e-04
2.434992e-01 -7.241890e-04 4.906957e-04
2.437700e-01 -7.325411e-04 5.001294e-04
2.440408e-01 1.643002e-04 5.109154e-04
2.443116e-01 4.837085e-04 5.220660e-04
2.445824e-01 7.290095e-04 5.239863e-04
2.448532e-01 -8.239690e-04 5.204916e-04
2.451240e-01 -2.556611e-04 5.341309e-04
2.453949e-01 5.684979e-05 5.590096e-04
2.456657e-01 -3.053788e-04 5.556480e-04
2.459365e-01 6.591305e-04 5.738724e-04
2.462073e-01 4.940107e-05 5.520665e-04
2.464781e-01 -4.332792e-04 5.735411e-04
2.467489e-01 3.082696e-04 5.929207e-04
2.470197e-01 -3.095903e-05 5.843288e-04
2.472906e-01 8.573886e-04 6.154585e-04
2.475614e-01 2.927594e-04 6.194066e-04
2.478322e-01 -9.614043e-05 6.341454e-04
2.481030e-01 -9.473413e-04 6.410676e-04
2.483738e-01 4.393980e-05 6.378211e-04
2.486446e-01 -1.408450e-03 6.834414e-04
2.489154e-01 1.096699e-03 6.934831e-04
2.491863e-01 -6.952509e-04 6.669718e-04
2.494571e-01 -2.008304e-04 6.936634e-04
2.497279e-01 -1.391359e-03 7.240138e-04
2.499987e-01 7.166211e-04 7.382830e-04
2.502695e-01 -1.161830e-03 7.402877e-04
2.505403e-01 -1.698788e-04 7.743000e-04
2.508111e-01 2.293698e-04 8.103491e-04
2.510819e-01 -4.894808e-04 8.419438e-04
2.513528e-01 -2.089888e-04 8.285768e-04
2.516236e-01 2.334211e-04 8.402799e-04
2.518944e-01 -8.577798e-04 8.865941e-04
2.521652e-01 1.593586e-04 9.734918e-04
2.524360e-01 -2.366006e-04 9.392848e-04
2.527068e-01 -5.071685e-04 9.498704e-04
2.529776e-01 3.494881e-05 1.000358e-03
2.532485e-01 2.677701e-04 1.030713e-03
2.535193e-01 5.754903e-04 1.072937e-03
2.537901e-01 -1.196899e-04 1.063990e-03
2.540609e-01 -8.446407e-04 1.031562e-03
2.543317e-01 -7.190090e-04 1.134055e-03
2.546025e-01 -1.493640e-03 1.166931e-03
2.548733e-01 -2.337508e-04 1.152746e-03
2.551441e-01 -1.347102e-04 1.196365e-03
2.554150e-01 -1.158658e-03 1.237983e-03
2.556858e-01 5.640090e-05 1.336234e-03
2.559566e-01 -1.778299e-03 1.476833e-03
2.562274e-01 -6.942097e-04 1.542730e-03
2.564982e-01 -1.763830e-03 1.649482e-03
2.567690e-01 -1.437200e-03 1.908412e-03
2.570398e-01 -6.273203e-04 2.126233e-03
2.573107e-01 -2.469791e-03 2.148736e-03
2.575815e-01 -3.258251e-03 2.816402e-03
2.578523e-01 3.108919e-03 3.844297e-03
2.581231e-01 -6.043959e-03 6.922648e-03
