3.286826e-03 3.132539e-01 0.000000e+00
3.557641e-03 8.154392e-02 7.643010e-02
3.828455e-03 1.254196e-01 4.827200e-02
4.099269e-03 1.004820e-01 3.655208e-02
4.370084e-03 8.569002e-02 2.785383e-02
4.640898e-03 8.336496e-02 1.937964e-02
4.911712e-03 7.075405e-02 1.679090e-02
5.182527e-03 7.152200e-02 1.324362e-02
5.453341e-03 7.647908e-02 1.183405e-02
5.724155e-03 5.988193e-02 8.989518e-03
5.994970e-03 6.613004e-02 7.862421e-03
6.265784e-03 4.403627e-02 6.812195e-03
6.536598e-03 5.133325e-02 5.354101e-03
6.807412e-03 4.095644e-02 4.966386e-03
7.078227e-03 3.914803e-02 4.295245e-03
7.349041e-03 4.350662e-02 3.790184e-03
7.619855e-03 3.425661e-02 3.398517e-03
7.890671e-03 3.596959e-02 3.047712e-03
8.161485e-03 3.416279e-02 2.774151e-03
8.432299e-03 3.470480e-02 2.463897e-03
8.703114e-03 3.413400e-02 2.266201e-03
8.973928e-03 2.899468e-02 2.063184e-03
9.244742e-03 2.915421e-02 1.942095e-03
9.515557e-03 2.688640e-02 1.740771e-03
9.786371e-03 2.568480e-02 1.617773e-03
1.005718e-02 2.681260e-02 1.535438e-03
1.032800e-02 2.526700e-02 1.399664e-03
1.059881e-02 2.321601e-02 1.351525e-03
1.086963e-02 2.401420e-02 1.269603e-03
1.114044e-02 2.255389e-02 1.209590e-03
1.141126e-02 2.285659e-02 1.154534e-03
1.168207e-02 1.986370e-02 1.102821e-03
1.195289e-02 1.992810e-02 1.036719e-03
1.222370e-02 1.811440e-02 1.005787e-03
1.249451e-02 1.951350e-02 9.443038e-04
1.276533e-02 1.970029e-02 9.215710e-04
1.303614e-02 1.724347e-02 8.632610e-04
1.330696e-02 1.768909e-02 8.316842e-04
1.357777e-02 1.654648e-02 8.312938e-04
1.384859e-02 1.597934e-02 8.024013e-04
1.411940e-02 1.564731e-02 7.469931e-04
1.439021e-02 1.633770e-02 7.315338e-04
1.466103e-02 1.476113e-02 7.098321e-04
1.493184e-02 1.460765e-02 7.023311e-04
1.520266e-02 1.415620e-02 6.686748e-04
1.547347e-02 1.332320e-02 6.465071e-04
1.574429e-02 1.426047e-02 6.346036e-04
1.601510e-02 1.315295e-02 6.187844e-04
1.628591e-02 1.204032e-02 6.065337e-04
1.655673e-02 1.211793e-02 5.859668e-04
1.682754e-02 1.147721e-02 5.781545e-04
1.709836e-02 1.227264e-02 5.657461e-04
1.736917e-02 1.097067e-02 5.545334e-04
1.763999e-02 1.078221e-02 5.387260e-04
1.791080e-02 1.062669e-02 5.283214e-04
1.818161e-02 1.047001e-02 5.242684e-04
1.845243e-02 9.782709e-03 5.270058e-04
1.872324e-02 1.026916e-02 5.130290e-04
1.899406e-02 1.014974e-02 5.092763e-04
1.926487e-02 8.547042e-03 5.040745e-04
1.953569e-02 9.656642e-03 5.024319e-04
1.980650e-02 8.384001e-03 5.029130e-04
2.007731e-02 9.021658e-03 4.896692e-04
2.034813e-02 8.309457e-03 4.904509e-04
2.061894e-02 8.481599e-03 4.813446e-04
2.088976e-02 7.372178e-03 4.760949e-04
2.116057e-02 6.881051e-03 4.718755e-04
2.143139e-02 7.760622e-03 4.654340e-04
2.170220e-02 7.424392e-03 4.662131e-04
2.197302e-02 7.872012e-03 4.579561e-04
2.224383e-02 6.086972e-03 4.488285e-04
2.251465e-02 6.832089e-03 4.492603e-04
2.278546e-02 6.155159e-03 4.329159e-04
2.305627e-02 6.370228e-03 4.284399e-04
2.332709e-02 6.121762e-03 4.233073e-04
2.359790e-02 5.563509e-03 4.140642e-04
2.386872e-02 5.950239e-03 4.149677e-04
2.413953e-02 4.559129e-03 3.976590e-04
2.441034e-02 5.278829e-03 3.997604e-04
2.468116e-02 4.523292e-03 3.968096e-04
2.495197e-02 4.685711e-03 3.867162e-04
2.522279e-02 4.820392e-03 3.892225e-04
2.549360e-02 4.559830e-03 3.831033e-04
2.576442e-02 5.085900e-03 3.730436e-04
2.603523e-02 4.588619e-03 3.754621e-04
2.630604e-02 3.772419e-03 3.702644e-04
2.657686e-02 3.720518e-03 3.654517e-04
2.684767e-02 2.991620e-03 3.603246e-04
2.711849e-02 4.567720e-03 3.570064e-04
2.738930e-02 4.225563e-03 3.581706e-04
2.766012e-02 3.533140e-03 3.508300e-04
2.793093e-02 2.793271e-03 3.470102e-04
2.820175e-02 3.467850e-03 3.380685e-04
2.847256e-02 3.263619e-03 3.418420e-04
2.874337e-02 2.188589e-03 3.390553e-04
2.901419e-02 3.341559e-03 3.315651e-04
2.928500e-02 2.764173e-03 3.282754e-04
2.955582e-02 2.480641e-03 3.264992e-04
2.982663e-02 2.523791e-03 3.258773e-04
3.009745e-02 2.703048e-03 3.236447e-04
3.036826e-02 2.393492e-03 3.171701e-04
3.063907e-02 2.387039e-03 3.167452e-04
3.090989e-02 1.988929e-03 3.169895e-04
3.118070e-02 2.289981e-03 3.166467e-04
3.145152e-02 2.293721e-03 3.123475e-04
3.172233e-02 2.099253e-03 3.094843e-04
3.199315e-02 2.307639e-03 3.079867e-04
3.226396e-02 2.138607e-03 3.091315e-04
3.253478e-02 2.296820e-03 3.058295e-04
3.280559e-02 1.367699e-03 3.048455e-04
3.307641e-02 2.406951e-03 3.026130e-04
3.334722e-02 1.642972e-03 2.987389e-04
3.361803e-02 2.249751e-03 2.997093e-04
3.388885e-02 1.366567e-03 2.936614e-04
3.415966e-02 1.149680e-03 2.946791e-04
3.443048e-02 1.948822e-03 2.948046e-04
3.470129e-02 1.895670e-03 2.900210e-04
3.497211e-02 1.566689e-03 2.899335e-04
3.524292e-02 2.166480e-03 2.832831e-04
3.551374e-02 9.818412e-04 2.873354e-04
3.578455e-02 1.580842e-03 2.858989e-04
3.605536e-02 1.570571e-03 2.835040e-04
3.632618e-02 1.233630e-03 2.837255e-04
3.659699e-02 8.673295e-04 2.805127e-04
3.686780e-02 9.646304e-04 2.792667e-04
3.713862e-02 1.625981e-03 2.777204e-04
3.740944e-02 1.156271e-03 2.739137e-04
3.768025e-02 1.018040e-03 2.740913e-04
3.795106e-02 8.747391e-04 2.708595e-04
3.822188e-02 7.565990e-04 2.727745e-04
3.849269e-02 1.387082e-03 2.688031e-04
3.876351e-02 1.310511e-03 2.696773e-04
3.903432e-02 4.899278e-04 2.701571e-04
3.930514e-02 1.082579e-03 2.672569e-04
3.957595e-02 1.251828e-03 2.651728e-04
3.984676e-02 1.131760e-03 2.614968e-04
4.011758e-02 1.352649e-03 2.616749e-04
4.038839e-02 5.089212e-04 2.627735e-04
4.065921e-02 9.233691e-04 2.611842e-04
4.093002e-02 7.354189e-04 2.613125e-04
4.120084e-02 8.481406e-04 2.569876e-04
4.147165e-02 9.441506e-04 2.589410e-04
4.174246e-02 9.832997e-04 2.568856e-04
4.201328e-02 9.951517e-04 2.534848e-04
4.228409e-02 9.681880e-04 2.573089e-04
4.255491e-02 5.225297e-04 2.513792e-04
4.282572e-02 1.223419e-03 2.548459e-04
4.309653e-02 7.942412e-04 2.506681e-04
4.336735e-02 8.417014e-04 2.486701e-04
4.363817e-02 1.185352e-03 2.501235e-04
4.390898e-02 6.395094e-04 2.504225e-04
4.417979e-02 1.102371e-03 2.470167e-04
4.445061e-02 7.506795e-04 2.445907e-04
4.472142e-02 1.865290e-04 2.428825e-04
4.499224e-02 7.703006e-04 2.470800e-04
4.526305e-02 1.076950e-03 2.446709e-04
4.553387e-02 9.097904e-04 2.423484e-04
4.580468e-02 3.556702e-04 2.424915e-04
4.607549e-02 1.233179e-03 2.412309e-04
4.634631e-02 6.815493e-04 2.397397e-04
4.661712e-02 3.494900e-04 2.412349e-04
4.688794e-02 3.084298e-04 2.386025e-04
4.715875e-02 3.404003e-04 2.380299e-04
4.742957e-02 7.044505e-04 2.350820e-04
4.770038e-02 5.021207e-04 2.349460e-04
4.797119e-02 8.277986e-04 2.338257e-04
4.824201e-02 4.742201e-04 2.344728e-04
4.851282e-02 4.254188e-04 2.345797e-04
4.878364e-02 6.866287e-04 2.316277e-04
4.905445e-02 5.741287e-04 2.313493e-04
4.932526e-02 9.647217e-04 2.313370e-04
4.959608e-02 5.708002e-04 2.311806e-04
4.986690e-02 6.270986e-04 2.303058e-04
5.013771e-02 5.702302e-04 2.296729e-04
5.040852e-02 4.803296e-04 2.272279e-04
5.067934e-02 6.871093e-04 2.275861e-04
5.095015e-02 1.760013e-05 2.251505e-04
5.122096e-02 8.070394e-04 2.261407e-04
5.149178e-02 7.430799e-04 2.256267e-04
5.176260e-02 6.411895e-04 2.250072e-04
5.203341e-02 7.389095e-04 2.253127e-04
5.230422e-02 8.067302e-04 2.226961e-04
5.257504e-02 3.997684e-04 2.236946e-04
5.284585e-02 4.072599e-04 2.229823e-04
5.311667e-02 8.369498e-04 2.219430e-04
5.338748e-02 4.856810e-04 2.250815e-04
5.365830e-02 3.119614e-04 2.240803e-04
5.392911e-02 1.547486e-04 2.257871e-04
5.419992e-02 6.061401e-04 2.248324e-04
5.447074e-02 7.408410e-04 2.226249e-04
5.474155e-02 4.244503e-04 2.283250e-04
5.501237e-02 5.358197e-04 2.317529e-04
5.528318e-02 2.375990e-04 2.352362e-04
5.555400e-02 8.448027e-05 2.358570e-04
5.582481e-02 9.481609e-04 2.364802e-04
5.609563e-02 1.416504e-04 2.383844e-04
5.636644e-02 3.171097e-04 2.384470e-04
5.663725e-02 2.431683e-04 2.387193e-04
5.690807e-02 9.859316e-04 2.394091e-04
5.717888e-02 8.290205e-04 2.408470e-04
5.744969e-02 7.107388e-04 2.395631e-04
5.772051e-02 5.016401e-04 2.400586e-04
5.799133e-02 4.961006e-04 2.392998e-04
5.826214e-02 6.327294e-04 2.426284e-04
5.853295e-02 6.449893e-04 2.432825e-04
5.880377e-02 3.709197e-04 2.404163e-04
5.907458e-02 8.379612e-04 2.417022e-04
5.934540e-02 4.085787e-04 2.431553e-04
5.961621e-02 8.884706e-04 2.447241e-04
5.988703e-02 5.249716e-04 2.443143e-04
6.015784e-02 -7.218122e-05 2.417892e-04
6.042865e-02 -5.081203e-04 2.445918e-04
6.069947e-02 7.147901e-05 2.382295e-04
6.097028e-02 6.174389e-04 2.393358e-04
6.124110e-02 3.943406e-04 2.354413e-04
6.151191e-02 6.113201e-04 2.358686e-04
6.178273e-02 7.211100e-04 2.346754e-04
6.205354e-02 8.612201e-04 2.321943e-04
6.232436e-02 5.735997e-04 2.345116e-04
6.259517e-02 1.523383e-04 2.310374e-04
6.286598e-02 1.754593e-04 2.333290e-04
6.313679e-02 3.657900e-04 2.337198e-04
6.340761e-02 6.664898e-04 2.302270e-04
6.367842e-02 1.467895e-04 2.297366e-04
6.394923e-02 5.645398e-04 2.279645e-04
6.422005e-02 5.469099e-04 2.316328e-04
6.449086e-02 2.596416e-04 2.302660e-04
6.476168e-02 6.347783e-04 2.257761e-04
6.503250e-02 3.247894e-05 2.313147e-04
6.530331e-02 1.574587e-04 2.256858e-04
6.557412e-02 6.763395e-04 2.275848e-04
6.584494e-02 4.171804e-04 2.268416e-04
6.611575e-02 3.585089e-04 2.263667e-04
6.638657e-02 4.353505e-04 2.282392e-04
6.665738e-02 4.239697e-04 2.259019e-04
6.692819e-02 5.834699e-04 2.252888e-04
6.719901e-02 7.440392e-04 2.249328e-04
6.746982e-02 4.329402e-04 2.254250e-04
6.774063e-02 3.302507e-04 2.266185e-04
6.801146e-02 2.032407e-04 2.240562e-04
6.828227e-02 8.478016e-05 2.229404e-04
6.855308e-02 -2.710149e-06 2.246382e-04
6.882390e-02 1.345687e-04 2.239505e-04
6.909471e-02 5.491395e-04 2.225964e-04
6.936552e-02 3.052000e-04 2.213311e-04
6.963634e-02 6.095003e-04 2.233704e-04
6.990715e-02 4.869699e-04 2.220229e-04
7.017796e-02 4.760791e-04 2.203681e-04
7.044878e-02 5.020089e-04 2.206379e-04
7.071959e-02 3.832020e-05 2.188310e-04
7.099041e-02 7.197596e-04 2.198809e-04
7.126123e-02 3.144406e-04 2.194569e-04
7.153204e-02 4.224610e-04 2.177708e-04
7.180285e-02 8.477811e-04 2.196834e-04
7.207367e-02 4.796311e-04 2.190327e-04
7.234448e-02 -4.472025e-05 2.200914e-04
7.261530e-02 3.885999e-04 2.186750e-04
7.288611e-02 1.281500e-04 2.177641e-04
7.315692e-02 1.397505e-04 2.173624e-04
7.342774e-02 1.937896e-04 2.177847e-04
7.369855e-02 -9.621866e-05 2.164158e-04
7.396936e-02 5.275197e-04 2.173551e-04
7.424019e-02 3.253501e-04 2.171363e-04
7.451100e-02 7.183682e-04 2.156825e-04
7.478181e-02 -1.220033e-05 2.153390e-04
7.505263e-02 5.755499e-04 2.161381e-04
7.532344e-02 1.401901e-04 2.179937e-04
7.559425e-02 4.465133e-05 2.152470e-04
7.586507e-02 3.182311e-04 2.156073e-04
7.613588e-02 4.760697e-04 2.132048e-04
7.640669e-02 4.757904e-04 2.143175e-04
7.667751e-02 3.028698e-04 2.156298e-04
7.694832e-02 9.665210e-04 2.143184e-04
7.721914e-02 5.595013e-04 2.123450e-04
7.748996e-02 1.166593e-04 2.130746e-04
7.776077e-02 -5.465932e-05 2.120225e-04
7.803158e-02 7.990748e-07 2.141344e-04
7.830240e-02 4.459098e-04 2.110749e-04
7.857321e-02 1.439191e-04 2.125550e-04
7.884403e-02 8.974969e-05 2.110084e-04
7.911484e-02 3.089607e-04 2.115233e-04
7.938565e-02 1.729000e-04 2.132445e-04
7.965647e-02 4.676208e-04 2.093253e-04
7.992728e-02 2.172887e-04 2.116795e-04
8.019809e-02 7.419605e-04 2.107475e-04
8.046892e-02 7.171687e-04 2.096108e-04
8.073973e-02 4.031099e-04 2.096525e-04
8.101054e-02 -2.358798e-04 2.073985e-04
8.128136e-02 3.471691e-04 2.073473e-04
8.155217e-02 5.295500e-04 2.078117e-04
8.182298e-02 2.146307e-04 2.078962e-04
8.209380e-02 3.461093e-04 2.064633e-04
8.236461e-02 1.436099e-04 2.085617e-04
8.263543e-02 3.932007e-04 2.063711e-04
8.290624e-02 -2.290867e-05 2.083328e-04
8.317705e-02 2.779104e-04 2.063895e-04
8.344787e-02 3.052708e-04 2.067469e-04
8.371869e-02 3.041700e-04 2.070953e-04
8.398950e-02 2.181996e-04 2.051233e-04
8.426031e-02 7.890165e-05 2.053483e-04
8.453113e-02 5.034395e-04 2.054585e-04
8.480194e-02 9.420887e-05 2.055379e-04
8.507276e-02 8.106045e-05 2.046932e-04
8.534357e-02 8.805096e-05 2.049415e-04
8.561438e-02 5.809963e-05 2.043511e-04
8.588520e-02 1.059007e-04 2.014768e-04
8.615601e-02 6.798655e-06 2.030961e-04
8.642682e-02 2.360195e-04 2.039826e-04
8.669765e-02 5.944092e-04 2.018232e-04
8.696846e-02 1.033898e-04 2.025356e-04
8.723927e-02 5.592965e-05 2.013909e-04
8.751009e-02 2.516601e-04 2.016809e-04
8.778090e-02 5.777404e-04 2.006822e-04
8.805171e-02 -7.341057e-05 2.010349e-04
8.832253e-02 -5.936995e-05 2.014612e-04
8.859334e-02 3.271792e-04 2.024395e-04
8.886416e-02 1.953505e-04 2.004987e-04
8.913497e-02 1.013204e-04 1.996487e-04
8.940578e-02 8.884072e-05 1.995409e-04
8.967660e-02 1.352895e-04 2.005316e-04
8.994742e-02 4.437193e-04 2.017868e-04
9.021823e-02 3.259499e-04 1.989385e-04
9.048904e-02 3.689900e-05 2.007559e-04
9.075986e-02 -1.075510e-04 1.999052e-04
9.103067e-02 -4.800037e-06 1.988540e-04
9.130149e-02 2.770498e-04 1.999929e-04
9.157230e-02 -2.263989e-04 1.985790e-04
9.184311e-02 -6.379001e-05 1.985703e-04
9.211393e-02 -2.954807e-04 1.969015e-04
9.238474e-02 2.900288e-04 1.964914e-04
9.265555e-02 -7.288903e-05 1.982250e-04
9.292637e-02 -1.014024e-05 1.962589e-04
9.319719e-02 -2.847593e-04 1.977479e-04
9.346800e-02 3.339387e-04 1.975587e-04
9.373882e-02 -1.468882e-04 1.960389e-04
9.400963e-02 5.806796e-04 1.957871e-04
9.428044e-02 1.643803e-04 1.971894e-04
9.455126e-02 4.324876e-05 1.958941e-04
9.482207e-02 1.472514e-04 1.945844e-04
9.509289e-02 2.719294e-04 1.945782e-04
9.536370e-02 3.987197e-04 1.974493e-04
9.563451e-02 4.692115e-04 1.946088e-04
9.590533e-02 4.947595e-04 1.958240e-04
9.617615e-02 -1.826305e-04 1.938080e-04
9.644696e-02 3.025495e-04 1.947959e-04
9.671777e-02 3.663003e-04 1.938079e-04
9.698859e-02 1.868811e-04 1.925159e-04
9.725940e-02 5.950201e-04 1.947997e-04
9.753022e-02 2.850201e-04 1.931506e-04
9.780103e-02 -5.994923e-05 1.939912e-04
9.807184e-02 4.535168e-05 1.922959e-04
9.834266e-02 2.250392e-04 1.934691e-04
9.861347e-02 2.035908e-04 1.925243e-04
9.888428e-02 -1.191590e-04 1.920849e-04
9.915510e-02 1.972914e-05 1.942645e-04
9.942592e-02 4.852992e-04 1.908243e-04
9.969673e-02 1.196936e-05 1.916560e-04
9.996755e-02 2.197810e-04 1.914296e-04
1.002384e-01 2.919808e-04 1.917533e-04
1.005092e-01 4.523899e-04 1.902795e-04
1.007800e-01 2.671890e-04 1.907838e-04
1.010508e-01 3.078002e-04 1.907764e-04
1.013216e-01 1.258012e-04 1.902433e-04
1.015924e-01 3.727898e-05 1.881864e-04
1.018632e-01 1.311712e-04 1.907895e-04
1.021341e-01 4.648007e-04 1.886264e-04
1.024049e-01 1.177192e-04 1.893365e-04
1.026757e-01 6.590039e-06 1.894996e-04
1.029465e-01 1.926497e-04 1.884659e-04
1.032173e-01 1.051184e-04 1.891969e-04
1.034881e-01 6.032921e-05 1.878663e-04
1.037589e-01 2.013296e-04 1.865682e-04
1.040298e-01 2.166796e-04 1.863132e-04
1.043006e-01 2.137795e-04 1.882579e-04
1.045714e-01 -6.849132e-05 1.874368e-04
1.048422e-01 1.409017e-04 1.868076e-04
1.051130e-01 -3.604013e-04 1.869684e-04
1.053838e-01 7.153116e-05 1.883872e-04
1.056546e-01 4.023407e-04 1.870805e-04
1.059255e-01 1.812801e-04 1.864349e-04
1.061963e-01 1.328196e-04 1.864083e-04
1.064671e-01 2.782401e-04 1.850731e-04
1.067379e-01 2.115685e-04 1.869718e-04
1.070087e-01 3.228001e-04 1.881553e-04
1.072795e-01 4.335400e-04 1.839486e-04
1.075503e-01 -9.144098e-05 1.865050e-04
1.078212e-01 -2.459493e-04 1.853396e-04
1.080920e-01 1.052804e-04 1.847012e-04
1.083628e-01 3.865398e-04 1.854058e-04
1.086336e-01 6.221235e-06 1.839385e-04
1.089044e-01 -2.391413e-04 1.846908e-04
1.091752e-01 1.375303e-04 1.841169e-04
1.094460e-01 4.489087e-04 1.828313e-04
1.097169e-01 1.842994e-04 1.854421e-04
1.099877e-01 2.510399e-04 1.837750e-04
1.102585e-01 1.639202e-04 1.837939e-04
1.105293e-01 1.574494e-04 1.870281e-04
1.108001e-01 -1.737885e-04 1.885394e-04
1.110709e-01 1.611598e-04 1.901013e-04
1.113417e-01 -9.796023e-05 1.884036e-04
1.116126e-01 6.926060e-05 1.909939e-04
1.118834e-01 -2.607498e-04 1.905799e-04
1.121542e-01 -1.255404e-04 1.915687e-04
1.124250e-01 1.842901e-04 1.945687e-04
1.126958e-01 1.182202e-04 1.942736e-04
1.129666e-01 2.212301e-04 1.955933e-04
1.132374e-01 3.838092e-04 2.001293e-04
1.135083e-01 2.131592e-04 2.018983e-04
1.137791e-01 -1.303107e-04 2.014696e-04
1.140499e-01 -1.296103e-04 2.008431e-04
1.143207e-01 1.346394e-04 2.027113e-04
1.145915e-01 9.365007e-05 2.039026e-04
1.148623e-01 -1.735389e-04 2.070197e-04
1.151332e-01 1.647696e-04 2.064607e-04
1.154040e-01 7.225946e-05 2.083346e-04
1.156748e-01 2.906099e-04 2.086149e-04
1.159456e-01 1.626387e-04 2.093514e-04
1.162164e-01 1.627617e-04 2.114202e-04
1.164872e-01 2.464112e-04 2.093723e-04
1.167580e-01 -2.294965e-05 2.158555e-04
1.170288e-01 -1.925994e-04 2.153026e-04
1.172997e-01 -2.078805e-04 2.138365e-04
1.175705e-01 3.573615e-04 2.160211e-04
1.178413e-01 -2.171397e-04 2.157002e-04
1.181121e-01 1.988616e-04 2.139635e-04
1.183829e-01 -2.922509e-04 2.107600e-04
1.186537e-01 -1.838803e-04 2.092387e-04
1.189246e-01 1.441296e-04 2.097234e-04
1.191954e-01 1.898408e-04 2.080862e-04
1.194662e-01 1.703016e-04 2.096077e-04
1.197370e-01 3.624298e-04 2.070702e-04
1.200078e-01 -9.660050e-05 2.072129e-04
1.202786e-01 -1.535006e-05 2.073025e-04
1.205494e-01 3.077295e-04 2.062914e-04
1.208202e-01 -1.281202e-04 2.090003e-04
1.210911e-01 2.832003e-04 2.064339e-04
1.213619e-01 -2.410617e-04 2.095030e-04
1.216327e-01 -1.019016e-04 2.077031e-04
1.219035e-01 1.606401e-04 2.074716e-04
1.221743e-01 -2.210308e-04 2.078297e-04
1.224451e-01 -2.790205e-04 2.078979e-04
1.227160e-01 -1.034886e-04 2.092175e-04
1.229868e-01 2.939701e-04 2.051403e-04
1.232576e-01 3.356803e-04 2.082696e-04
1.235284e-01 6.229989e-05 2.083091e-04
1.237992e-01 -2.254900e-04 2.076124e-04
1.240700e-01 -1.873393e-04 2.077675e-04
1.243408e-01 3.774390e-04 2.063149e-04
1.246117e-01 -2.752896e-04 2.066189e-04
1.248825e-01 1.929607e-04 2.068701e-04
1.251533e-01 2.965406e-04 2.057883e-04
1.254241e-01 5.307905e-04 2.076891e-04
1.256949e-01 1.418218e-04 2.037296e-04
1.259657e-01 -7.294118e-05 2.054218e-04
1.262365e-01 1.178607e-04 2.047894e-04
1.265074e-01 -1.176894e-04 2.043889e-04
1.267782e-01 2.657063e-05 2.033487e-04
1.270490e-01 -1.637693e-04 2.033830e-04
1.273198e-01 3.449991e-05 2.038073e-04
1.275906e-01 -2.685804e-04 2.021708e-04
1.278614e-01 6.400980e-05 2.031800e-04
1.281322e-01 1.085307e-04 2.018375e-04
1.284031e-01 6.058402e-04 2.018891e-04
1.286739e-01 -1.919493e-04 2.036236e-04
1.289447e-01 2.579894e-04 2.013131e-04
1.292155e-01 -2.757888e-04 2.040905e-04
1.294863e-01 1.489799e-04 2.007995e-04
1.297571e-01 2.165288e-04 2.020990e-04
1.300279e-01 1.505706e-04 2.006804e-04
1.302988e-01 4.337300e-04 2.018066e-04
1.305696e-01 3.191084e-05 2.023946e-04
1.308404e-01 7.789023e-05 2.013456e-04
1.311112e-01 2.925601e-04 2.015474e-04
1.313820e-01 2.130810e-04 1.984200e-04
1.316528e-01 1.252908e-04 2.007408e-04
1.319236e-01 3.334880e-05 2.003883e-04
1.321945e-01 3.398303e-04 2.005103e-04
1.324653e-01 -3.762897e-04 2.012524e-04
1.327361e-01 4.174709e-04 1.996261e-04
1.330069e-01 -2.175905e-04 2.015320e-04
1.332777e-01 -2.994016e-05 2.002501e-04
1.335485e-01 -2.536178e-05 1.992847e-04
1.338193e-01 -8.084998e-05 2.015650e-04
1.340902e-01 -2.021398e-04 1.989505e-04
1.343610e-01 -2.332199e-04 2.002172e-04
1.346318e-01 -6.755069e-05 1.994859e-04
1.349026e-01 4.214998e-04 1.970440e-04
1.351734e-01 2.551209e-04 1.996970e-04
1.354442e-01 -3.478117e-05 1.970711e-04
1.357151e-01 1.644809e-04 2.005603e-04
1.359859e-01 2.152193e-04 1.979033e-04
1.362567e-01 1.699198e-04 1.976472e-04
1.365275e-01 3.287941e-05 1.977321e-04
1.367983e-01 4.896894e-05 1.959125e-04
1.370691e-01 4.941970e-05 1.995441e-04
1.373399e-01 -1.174696e-04 2.003713e-04
1.376107e-01 -6.114878e-05 2.030703e-04
1.378816e-01 4.420057e-06 2.063324e-04
1.381524e-01 -8.914992e-05 2.051844e-04
1.384232e-01 3.260933e-05 2.079833e-04
1.386940e-01 -1.293700e-04 2.058393e-04
1.389648e-01 -1.732297e-04 2.084530e-04
1.392356e-01 -2.006311e-04 2.110487e-04
1.395064e-01 1.427215e-04 2.106429e-04
1.397773e-01 6.448850e-05 2.112175e-04
1.400481e-01 3.454909e-04 2.125611e-04
1.403189e-01 -1.477096e-04 2.132417e-04
1.405897e-01 1.394991e-04 2.129304e-04
1.408605e-01 -1.975205e-04 2.145791e-04
1.411313e-01 6.135926e-05 2.150889e-04
1.414021e-01 3.695861e-05 2.137573e-04
1.416730e-01 -7.211976e-05 2.182173e-04
1.419438e-01 2.996009e-04 2.169861e-04
1.422146e-01 5.145930e-05 2.185743e-04
1.424854e-01 3.521703e-04 2.179931e-04
1.427562e-01 1.201406e-06 2.164647e-04
1.430270e-01 4.019998e-04 2.162172e-04
1.432979e-01 -7.194839e-05 2.167963e-04
1.435687e-01 2.765693e-04 2.204603e-04
1.438395e-01 7.596985e-05 2.193354e-04
1.441103e-01 2.615005e-04 2.200991e-04
1.443811e-01 -9.748898e-05 2.218211e-04
1.446519e-01 4.336052e-05 2.213497e-04
1.449227e-01 5.845912e-05 2.238265e-04
1.451935e-01 9.148009e-05 2.204501e-04
1.454644e-01 2.954714e-04 2.246590e-04
1.457352e-01 1.969598e-04 2.255915e-04
1.460060e-01 1.512188e-04 2.253549e-04
1.462768e-01 4.185103e-04 2.262140e-04
1.465476e-01 1.591090e-04 2.254880e-04
1.468184e-01 -3.457516e-04 2.286511e-04
1.470892e-01 1.928024e-05 2.268902e-04
1.473601e-01 6.748922e-05 2.269374e-04
1.476309e-01 8.940697e-08 2.278383e-04
1.479017e-01 2.305601e-04 2.265152e-04
1.481725e-01 1.895800e-04 2.280286e-04
1.484433e-01 -1.799688e-04 2.256739e-04
1.487141e-01 -1.030043e-05 2.264690e-04
1.489850e-01 -6.720982e-05 2.267091e-04
1.492558e-01 -1.542587e-04 2.266593e-04
1.495266e-01 3.203191e-04 2.285431e-04
1.497974e-01 5.629100e-04 2.232139e-04
1.500682e-01 1.182295e-04 2.268007e-04
1.503390e-01 4.436076e-05 2.276455e-04
1.506098e-01 -9.186007e-05 2.260074e-04
1.508806e-01 -3.409199e-04 2.268865e-04
1.511515e-01 -1.571495e-04 2.244366e-04
1.514223e-01 -1.885593e-04 2.263566e-04
1.516931e-01 3.630202e-04 2.269554e-04
1.519639e-01 -2.803002e-04 2.247992e-04
1.522347e-01 -1.805499e-04 2.271044e-04
1.525055e-01 5.084090e-05 2.246735e-04
1.527763e-01 -2.094600e-04 2.281596e-04
1.530472e-01 9.259023e-05 2.248583e-04
1.533180e-01 2.206005e-04 2.280023e-04
1.535888e-01 1.600496e-04 2.275088e-04
1.538596e-01 4.320964e-05 2.288204e-04
1.541304e-01 -1.238100e-04 2.275244e-04
1.544012e-01 -2.576970e-05 2.265243e-04
1.546721e-01 -2.927314e-04 2.294906e-04
1.549429e-01 3.784299e-04 2.280651e-04
1.552137e-01 -9.806082e-05 2.289789e-04
1.554845e-01 1.702905e-04 2.277684e-04
1.557553e-01 -1.776032e-05 2.279507e-04
1.560261e-01 -2.755504e-04 2.285012e-04
1.562969e-01 7.763878e-05 2.271433e-04
1.565678e-01 -9.083003e-05 2.271945e-04
1.568386e-01 2.099015e-05 2.283221e-04
1.571094e-01 4.028901e-05 2.290845e-04
1.573802e-01 1.049209e-04 2.278888e-04
1.576510e-01 -1.402944e-05 2.276307e-04
1.579218e-01 -1.285598e-04 2.268766e-04
1.581926e-01 1.464039e-05 2.306846e-04
1.584634e-01 9.009615e-06 2.271030e-04
1.587343e-01 -2.435613e-04 2.259131e-04
1.590051e-01 1.042895e-05 2.255427e-04
1.592759e-01 1.620296e-04 2.269050e-04
1.595467e-01 -6.162934e-05 2.277018e-04
1.598175e-01 8.650869e-05 2.264164e-04
1.600883e-01 -1.659989e-05 2.251826e-04
1.603591e-01 -4.116800e-04 2.273159e-04
1.606300e-01 -4.585087e-05 2.254772e-04
1.609008e-01 1.522303e-04 2.244141e-04
1.611716e-01 -1.559500e-04 2.236714e-04
1.614424e-01 -6.450340e-06 2.244933e-04
1.617132e-01 1.064129e-05 2.257452e-04
1.619840e-01 -4.293099e-04 2.245576e-04
1.622549e-01 -1.124199e-04 2.251353e-04
1.625257e-01 5.326048e-05 2.255632e-04
1.627965e-01 -3.431924e-05 2.249750e-04
1.630673e-01 1.401287e-04 2.253442e-04
1.633381e-01 -2.086293e-04 2.259488e-04
1.636089e-01 -2.803709e-04 2.237492e-04
1.638797e-01 1.857989e-05 2.241586e-04
1.641506e-01 -1.116991e-04 2.242185e-04
1.644214e-01 1.570024e-05 2.251482e-04
1.646922e-01 -3.055800e-04 2.245687e-04
1.649630e-01 -1.158509e-04 2.241086e-04
1.652338e-01 6.824918e-05 2.265417e-04
1.655046e-01 3.073923e-05 2.265550e-04
1.657754e-01 -1.320504e-04 2.239140e-04
1.660462e-01 -2.844073e-05 2.250675e-04
1.663171e-01 -1.203194e-04 2.258487e-04
1.665879e-01 3.116950e-05 2.230484e-04
1.668587e-01 -2.583805e-04 2.274402e-04
1.671295e-01 -2.784096e-04 2.253932e-04
1.674003e-01 4.937798e-04 2.261615e-04
1.676711e-01 9.629875e-06 2.341499e-04
1.679420e-01 4.597008e-05 2.374917e-04
1.682128e-01 -1.569595e-04 2.383319e-04
1.684836e-01 1.268517e-04 2.439342e-04
1.687544e-01 -1.394935e-05 2.444017e-04
1.690252e-01 3.670994e-04 2.472337e-04
1.692960e-01 -7.528812e-06 2.437219e-04
1.695668e-01 1.363102e-04 2.517354e-04
1.698377e-01 -1.066402e-04 2.517948e-04
1.701085e-01 -2.369098e-04 2.548939e-04
1.703793e-01 -3.891289e-04 2.566518e-04
1.706501e-01 2.093092e-04 2.558351e-04
1.709209e-01 3.772695e-04 2.592189e-04
1.711917e-01 4.831087e-04 2.591521e-04
1.714625e-01 2.785902e-04 2.621314e-04
1.717333e-01 -7.546879e-05 2.671913e-04
1.720042e-01 3.795195e-04 2.683147e-04
1.722750e-01 -2.867915e-05 2.719789e-04
1.725458e-01 4.078299e-04 2.680037e-04
1.728166e-01 2.092700e-04 2.699310e-04
1.730874e-01 3.636796e-04 2.742942e-04
1.733582e-01 -1.976602e-04 2.760949e-04
1.736291e-01 -3.155395e-04 2.795417e-04
1.738999e-01 -8.820929e-05 2.749696e-04
1.741707e-01 -4.154705e-04 2.832820e-04
1.744415e-01 -5.429983e-05 2.817993e-04
1.747123e-01 -9.205937e-05 2.827500e-04
1.749831e-01 -2.858713e-04 2.725539e-04
1.752539e-01 1.806002e-04 2.634217e-04
1.755248e-01 1.288950e-05 2.673109e-04
1.757956e-01 5.959291e-04 2.633978e-04
1.760664e-01 4.470311e-04 2.615648e-04
1.763372e-01 -3.008507e-04 2.644430e-04
1.766080e-01 5.265884e-05 2.622243e-04
1.768788e-01 2.404694e-04 2.643589e-04
1.771496e-01 1.605041e-05 2.586590e-04
1.774205e-01 -2.342500e-04 2.591266e-04
1.776913e-01 -1.810901e-04 2.558942e-04
1.779621e-01 -6.780028e-06 2.541310e-04
1.782329e-01 2.465602e-04 2.580962e-04
1.785037e-01 -1.534410e-04 2.492852e-04
1.787745e-01 1.060199e-04 2.529929e-04
1.790453e-01 4.074909e-05 2.505546e-04
1.793161e-01 -1.993701e-04 2.508304e-04
1.795870e-01 -1.925696e-04 2.498717e-04
1.798578e-01 -8.734874e-05 2.479738e-04
1.801286e-01 -3.040023e-05 2.523040e-04
1.803994e-01 -1.385193e-04 2.450876e-04
1.806702e-01 2.125502e-04 2.473222e-04
1.809410e-01 -1.788605e-04 2.478857e-04
1.812119e-01 -3.575701e-04 2.457783e-04
1.814827e-01 6.028395e-04 2.465766e-04
1.817535e-01 -7.168949e-05 2.440754e-04
1.820243e-01 2.369583e-04 2.457467e-04
1.822951e-01 -2.066996e-04 2.450419e-04
1.825659e-01 -9.217113e-05 2.440731e-04
1.828367e-01 -8.379854e-05 2.459923e-04
1.831076e-01 4.850328e-06 2.431318e-04
1.833784e-01 2.391003e-04 2.469235e-04
1.836492e-01 2.149306e-04 2.418309e-04
1.839200e-01 7.821061e-05 2.431503e-04
1.841908e-01 2.191104e-04 2.446304e-04
1.844616e-01 7.900801e-04 2.434647e-04
1.847324e-01 -2.135392e-04 2.469612e-04
1.850033e-01 -4.142150e-05 2.447417e-04
1.852741e-01 -1.658127e-05 2.425916e-04
1.855449e-01 3.701001e-04 2.407898e-04
1.858157e-01 -6.223693e-04 2.429802e-04
1.860865e-01 -1.904909e-04 2.441787e-04
1.863573e-01 3.006086e-04 2.409746e-04
1.866281e-01 -2.101194e-04 2.429671e-04
1.868990e-01 -9.014085e-05 2.429547e-04
1.871698e-01 5.050004e-04 2.449895e-04
1.874406e-01 1.762006e-04 2.438306e-04
1.877114e-01 2.936907e-04 2.386444e-04
1.879822e-01 3.642682e-04 2.434295e-04
1.882530e-01 3.564171e-05 2.404049e-04
1.885238e-01 -5.312711e-04 2.428648e-04
1.887947e-01 6.334111e-05 2.426444e-04
1.890655e-01 2.350006e-04 2.419444e-04
1.893363e-01 4.622899e-04 2.443537e-04
1.896071e-01 3.396291e-04 2.389809e-04
1.898779e-01 -3.380701e-06 2.408091e-04
1.901487e-01 -2.590604e-04 2.412781e-04
1.904195e-01 2.380610e-04 2.423445e-04
1.906904e-01 -1.361407e-04 2.435655e-04
1.909612e-01 -6.330311e-04 2.390467e-04
1.912320e-01 9.225868e-05 2.406753e-04
1.915028e-01 1.686793e-04 2.413318e-04
1.917736e-01 9.076856e-05 2.406784e-04
1.920444e-01 -3.354996e-05 2.418000e-04
1.923153e-01 -1.118891e-05 2.393741e-04
1.925861e-01 4.585087e-04 2.432491e-04
1.928569e-01 9.395927e-05 2.414032e-04
1.931277e-01 -1.587290e-04 2.405532e-04
1.933985e-01 -3.397297e-04 2.407102e-04
1.936693e-01 3.138501e-04 2.405858e-04
1.939401e-01 5.993061e-05 2.423631e-04
1.942109e-01 2.868902e-04 2.391217e-04
1.944818e-01 2.383310e-04 2.422957e-04
1.947526e-01 -1.087002e-04 2.386238e-04
1.950234e-01 9.601936e-05 2.399981e-04
1.952942e-01 -1.137499e-04 2.401392e-04
1.955650e-01 -1.424588e-04 2.387950e-04
1.958358e-01 1.104698e-04 2.402433e-04
1.961066e-01 3.104806e-04 2.414217e-04
1.963775e-01 -2.726298e-04 2.395472e-04
1.966483e-01 4.273299e-04 2.399375e-04
1.969191e-01 8.104928e-05 2.397468e-04
1.971899e-01 -2.393406e-04 2.397610e-04
1.974607e-01 7.588975e-05 2.405178e-04
1.977315e-01 -8.934923e-05 2.397520e-04
1.980023e-01 9.492040e-05 2.402464e-04
1.982732e-01 -1.158286e-04 2.408078e-04
1.985440e-01 6.649289e-04 2.400470e-04
1.988148e-01 3.050305e-04 2.416661e-04
1.990856e-01 1.654029e-05 2.395996e-04
1.993564e-01 7.679127e-05 2.405287e-04
1.996272e-01 -7.974915e-05 2.404659e-04
1.998980e-01 5.010888e-05 2.385638e-04
2.001689e-01 -7.091090e-05 2.358644e-04
2.004397e-01 -1.678206e-04 2.369371e-04
2.007105e-01 -2.702605e-04 2.366612e-04
2.009813e-01 5.706027e-05 2.356998e-04
2.012521e-01 -7.968023e-05 2.392799e-04
2.015229e-01 3.858991e-04 2.379639e-04
2.017937e-01 -2.751295e-04 2.390879e-04
2.020646e-01 -3.480799e-04 2.371298e-04
2.023354e-01 -7.425062e-05 2.385316e-04
2.026062e-01 -1.260806e-04 2.378640e-04
2.028770e-01 -3.186055e-05 2.384100e-04
2.031478e-01 2.653208e-04 2.358195e-04
2.034186e-01 2.775304e-04 2.362195e-04
2.036894e-01 -1.052115e-04 2.361642e-04
2.039603e-01 -7.315911e-05 2.379849e-04
2.042311e-01 -3.627390e-04 2.349372e-04
2.045019e-01 -1.441091e-04 2.350447e-04
2.047727e-01 1.024194e-04 2.359825e-04
2.050435e-01 -2.407301e-04 2.338877e-04
2.053143e-01 -1.394600e-04 2.368610e-04
2.055852e-01 4.969537e-06 2.350072e-04
2.058560e-01 -8.083135e-05 2.338741e-04
2.061268e-01 -1.261104e-04 2.337734e-04
2.063976e-01 1.825020e-05 2.335594e-04
2.066684e-01 -1.154896e-04 2.350851e-04
2.069392e-01 -8.510984e-05 2.334952e-04
2.072100e-01 6.600600e-04 2.325555e-04
2.074808e-01 -4.573595e-04 2.346505e-04
2.077517e-01 -6.494094e-04 2.314547e-04
2.080225e-01 4.461035e-05 2.334510e-04
2.082933e-01 -1.336783e-04 2.323024e-04
2.085641e-01 3.475901e-04 2.326591e-04
2.088349e-01 -3.480501e-04 2.345904e-04
2.091057e-01 -1.421291e-04 2.342140e-04
2.093765e-01 2.286509e-04 2.332197e-04
2.096474e-01 -1.114979e-05 2.326447e-04
2.099182e-01 -3.944915e-04 2.343128e-04
2.101890e-01 -2.629403e-04 2.326108e-04
2.104598e-01 -3.939997e-04 2.352752e-04
2.107306e-01 -3.157593e-04 2.317583e-04
2.110014e-01 1.998208e-04 2.334006e-04
2.112723e-01 -7.605925e-05 2.323001e-04
2.115431e-01 -9.005144e-05 2.340731e-04
2.118139e-01 -1.931004e-05 2.345909e-04
2.120847e-01 -4.886799e-04 2.339105e-04
2.123555e-01 -1.474991e-04 2.330515e-04
2.126263e-01 -3.308691e-04 2.298841e-04
2.128971e-01 2.755038e-05 2.311950e-04
2.131680e-01 -2.792310e-04 2.323037e-04
2.134388e-01 -2.348088e-04 2.326250e-04
2.137096e-01 -2.658498e-04 2.308516e-04
2.139804e-01 -6.284490e-04 2.320603e-04
2.142512e-01 2.300367e-06 2.324349e-04
2.145220e-01 2.091210e-04 2.331757e-04
2.147928e-01 -2.739020e-05 2.319416e-04
2.150636e-01 -2.090298e-04 2.318941e-04
2.153345e-01 -1.278892e-04 2.331611e-04
2.156053e-01 -4.350096e-04 2.339810e-04
2.158761e-01 -1.552589e-04 2.318434e-04
2.161469e-01 3.227107e-04 2.329177e-04
2.164177e-01 4.400406e-04 2.317834e-04
2.166885e-01 -4.882608e-04 2.326789e-04
2.169593e-01 -8.370914e-05 2.326340e-04
2.172302e-01 -7.146038e-05 2.356372e-04
2.175010e-01 4.087016e-05 2.329427e-04
2.177718e-01 9.059906e-06 2.352133e-04
2.180426e-01 -6.490946e-05 2.340764e-04
2.183134e-01 -9.693019e-05 2.328535e-04
2.185842e-01 -2.044700e-04 2.330975e-04
2.188551e-01 -2.605114e-04 2.321757e-04
2.191259e-01 -3.192406e-04 2.319856e-04
2.193967e-01 -2.273005e-04 2.312530e-04
2.196675e-01 3.193207e-04 2.295741e-04
2.199383e-01 1.038909e-04 2.329296e-04
2.202091e-01 -1.563095e-04 2.302196e-04
2.204799e-01 -1.852959e-05 2.301727e-04
2.207507e-01 1.483038e-05 2.299888e-04
2.210216e-01 -1.806896e-04 2.303905e-04
2.212924e-01 3.225692e-04 2.297592e-04
2.215632e-01 -1.178999e-04 2.280054e-04
2.218340e-01 -3.194287e-04 2.291952e-04
2.221048e-01 1.057293e-04 2.276834e-04
2.223756e-01 -9.516068e-05 2.280486e-04
2.226464e-01 2.995115e-04 2.294042e-04
2.229173e-01 -3.988091e-04 2.288423e-04
2.231881e-01 -3.132094e-04 2.280870e-04
2.234589e-01 -2.160296e-04 2.267807e-04
2.237297e-01 -7.108971e-05 2.290218e-04
2.240005e-01 -3.570598e-04 2.284261e-04
2.242713e-01 -8.538924e-05 2.261127e-04
2.245422e-01 -4.620701e-04 2.296106e-04
2.248130e-01 -7.310137e-05 2.287197e-04
2.250838e-01 1.068972e-05 2.283153e-04
2.253546e-01 2.467707e-04 2.258180e-04
2.256254e-01 -7.566065e-05 2.290501e-04
2.258962e-01 8.272007e-05 2.273099e-04
2.261670e-01 -2.220105e-04 2.373339e-04
2.264379e-01 -3.704894e-04 2.410737e-04
2.267087e-01 -4.910287e-04 2.444478e-04
2.269795e-01 1.375787e-04 2.476388e-04
2.272503e-01 -1.994614e-04 2.513483e-04
2.275211e-01 -4.447494e-04 2.533972e-04
2.277919e-01 -5.701296e-04 2.534081e-04
2.280627e-01 2.867803e-04 2.583242e-04
2.283335e-01 2.451595e-04 2.622027e-04
2.286044e-01 -8.638017e-05 2.626701e-04
2.288752e-01 -1.221094e-04 2.660726e-04
2.291460e-01 -1.685005e-04 2.697418e-04
2.294168e-01 1.826901e-04 2.718119e-04
2.296876e-01 -1.266394e-04 2.742075e-04
2.299584e-01 4.420057e-06 2.731270e-04
2.302293e-01 -1.450796e-04 2.791044e-04
2.305001e-01 -9.012036e-05 2.804865e-04
2.307709e-01 -5.012900e-04 2.842495e-04
2.310417e-01 1.383387e-04 2.840290e-04
2.313125e-01 1.193900e-04 2.863796e-04
2.315833e-01 -1.292806e-04 2.880431e-04
2.318541e-01 -1.908895e-04 2.926596e-04
2.321250e-01 -2.195798e-04 2.950677e-04
2.323958e-01 -1.520310e-04 2.983206e-04
2.326666e-01 -4.965998e-05 3.000628e-04
2.329374e-01 -1.216494e-04 3.039985e-04
2.332082e-01 -1.119301e-04 3.014095e-04
2.334790e-01 -2.533998e-04 3.030308e-04
2.337498e-01 8.098036e-05 3.107571e-04
2.340207e-01 -4.238598e-04 3.137118e-04
2.342915e-01 5.772505e-04 3.135242e-04
2.345623e-01 -4.581101e-04 3.158233e-04
2.348331e-01 2.589077e-07 3.198578e-04
2.351039e-01 -3.556199e-04 3.221010e-04
2.353747e-01 -2.410263e-06 3.240596e-04
2.356455e-01 -7.435493e-04 3.249806e-04
2.359163e-01 7.335842e-05 3.284971e-04
2.361872e-01 1.668688e-04 3.327437e-04
2.364580e-01 -2.420899e-04 3.321729e-04
2.367288e-01 -1.941994e-05 3.387278e-04
2.369996e-01 -4.358962e-05 3.364976e-04
2.372704e-01 3.169198e-04 3.463390e-04
2.375412e-01 -4.469100e-04 3.453505e-04
2.378121e-01 -2.454501e-04 3.520552e-04
2.380829e-01 1.175497e-04 3.493132e-04
2.383537e-01 -8.949079e-05 3.593734e-04
2.386245e-01 -5.013123e-05 3.682306e-04
2.388953e-01 1.630001e-04 3.652734e-04
2.391661e-01 1.011398e-04 3.666839e-04
2.394369e-01 4.058704e-04 3.667670e-04
2.397078e-01 -3.380701e-04 3.789647e-04
2.399786e-01 5.745403e-04 3.726222e-04
2.402494e-01 -3.255904e-05 3.811371e-04
2.405202e-01 -7.063001e-04 3.902606e-04
2.407910e-01 -4.121307e-04 3.907557e-04
2.410618e-01 7.796902e-04 3.900538e-04
2.413326e-01 -2.167393e-04 3.958251e-04
2.416034e-01 4.116409e-04 3.972611e-04
2.418743e-01 1.733415e-04 4.138804e-04
2.421451e-01 3.397688e-04 4.141284e-04
2.424159e-01 -7.223897e-05 4.200744e-04
2.426867e-01 3.596991e-04 4.130779e-04
2.429575e-01 -2.420396e-04 4.260804e-04
2.432283e-01 -1.339503e-04 4.327637e-04
2.434992e-01 -1.276601e-04 4.211840e-04
2.437700e-01 -4.165303e-04 4.368591e-04
2.440408e-01 7.241797e-04 4.447539e-04
2.443116e-01 2.802406e-04 4.522808e-04
2.445824e-01 -1.151420e-03 4.574349e-04
2.448532e-01 -7.544700e-04 4.618019e-04
2.451240e-01 1.813993e-04 4.697549e-04
2.453949e-01 -2.464298e-04 4.831526e-04
2.456657e-01 -4.770290e-04 4.846836e-04
2.459365e-01 -9.589884e-04 4.874315e-04
2.462073e-01 -9.337068e-05 4.971181e-04
2.464781e-01 7.596314e-04 5.001556e-04
2.467489e-01 -8.696131e-05 5.153960e-04
2.470197e-01 -3.823601e-04 5.196782e-04
2.472906e-01 -2.781805e-04 5.332610e-04
2.475614e-01 -5.073193e-04 5.381541e-04
2.478322e-01 -3.147908e-04 5.596899e-04
2.481030e-01 -2.070107e-04 5.553047e-04
2.483738e-01 -6.522201e-04 5.561498e-04
2.486446e-01 8.982047e-05 5.797454e-04
2.489154e-01 2.020709e-04 6.005342e-04
2.491863e-01 -1.863390e-04 5.889526e-04
2.494571e-01 5.474500e-04 6.214361e-04
2.497279e-01 7.476602e-04 6.393531e-04
2.499987e-01 -4.595499e-04 6.691161e-04
2.502695e-01 -7.338393e-04 6.637786e-04
2.505403e-01 -8.654613e-04 6.686666e-04
2.508111e-01 2.715997e-04 6.924298e-04
2.510819e-01 -7.772297e-04 7.204709e-04
2.513528e-01 -3.417004e-04 7.141588e-04
2.516236e-01 4.990306e-04 7.746875e-04
2.518944e-01 -1.528028e-03 7.720279e-04
2.521652e-01 -8.893199e-04 8.134430e-04
2.524360e-01 1.832712e-04 8.543678e-04
2.527068e-01 -2.190370e-03 8.142948e-04
2.529776e-01 7.747598e-04 8.566623e-04
2.532485e-01 3.544111e-04 9.078040e-04
2.535193e-01 -6.965101e-04 9.232035e-04
2.537901e-01 6.687399e-04 9.139663e-04
2.540609e-01 1.735110e-03 9.118393e-04
2.543317e-01 -1.647571e-03 9.592679e-04
2.546025e-01 2.281221e-03 9.915688e-04
2.548733e-01 -1.509160e-03 1.041971e-03
2.551441e-01 -1.565689e-03 1.062709e-03
2.554150e-01 4.613809e-04 1.134911e-03
2.556858e-01 -8.917805e-04 1.173290e-03
2.559566e-01 -1.397001e-03 1.244567e-03
2.562274e-01 -2.353620e-03 1.339539e-03
2.564982e-01 -1.229160e-03 1.376685e-03
2.567690e-01 1.842171e-03 1.606335e-03
2.570398e-01 -1.397980e-03 1.872362e-03
2.573107e-01 2.702730e-03 1.847138e-03
2.575815e-01 -7.459840e-03 2.562311e-03
2.578523e-01 -5.559230e-03 2.945124e-03
2.581231e-01 -8.346904e-04 5.147857e-03
