3.286826e-03 -1.082978e-01 0.000000e+00
3.557641e-03 1.076279e-01 7.971470e-02
3.828455e-03 7.702494e-02 4.975984e-02
4.099269e-03 7.332897e-02 3.858714e-02
4.370084e-03 4.889798e-02 2.783403e-02
4.640898e-03 4.050708e-02 2.004008e-02
4.911712e-03 4.260492e-02 1.721968e-02
5.182527e-03 4.811096e-02 1.357797e-02
5.453341e-03 4.336894e-02 1.204310e-02
5.724155e-03 2.593791e-02 9.165264e-03
5.994970e-03 3.216302e-02 8.104760e-03
6.265784e-03 1.850200e-02 6.910118e-03
6.536598e-03 2.109408e-02 5.517598e-03
6.807412e-03 1.982605e-02 5.036847e-03
7.078227e-03 2.752340e-02 4.313588e-03
7.349041e-03 1.397872e-02 3.776886e-03
7.619855e-03 2.132890e-02 3.441322e-03
7.890671e-03 1.710591e-02 3.064049e-03
8.161485e-03 1.715118e-02 2.759847e-03
8.432299e-03 1.368329e-02 2.487789e-03
8.703114e-03 1.463938e-02 2.316189e-03
8.973928e-03 1.738119e-02 2.050130e-03
9.244742e-03 1.492439e-02 1.873353e-03
9.515557e-03 1.568690e-02 1.763721e-03
9.786371e-03 1.079060e-02 1.604976e-03
1.005718e-02 1.272790e-02 1.542832e-03
1.032800e-02 9.790897e-03 1.415674e-03
1.059881e-02 1.023610e-02 1.335619e-03
1.086963e-02 9.593993e-03 1.242373e-03
1.114044e-02 8.129701e-03 1.153028e-03
1.141126e-02 7.939607e-03 1.137657e-03
1.168207e-02 9.894803e-03 1.070711e-03
1.195289e-02 8.661598e-03 1.026904e-03
1.222370e-02 7.078297e-03 9.790529e-04
1.249451e-02 5.426303e-03 9.385633e-04
1.276533e-02 7.525951e-03 9.068915e-04
1.303614e-02 5.002074e-03 8.488975e-04
1.330696e-02 6.773643e-03 8.207592e-04
1.357777e-02 4.868127e-03 8.085986e-04
1.384859e-02 6.253526e-03 7.790049e-04
1.411940e-02 4.842319e-03 7.414144e-04
1.439021e-02 4.226379e-03 7.019850e-04
1.466103e-02 5.002119e-03 6.907803e-04
1.493184e-02 4.260369e-03 6.803803e-04
1.520266e-02 4.457906e-03 6.548008e-04
1.547347e-02 5.394943e-03 6.358780e-04
1.574429e-02 5.513001e-03 6.145909e-04
1.601510e-02 3.485538e-03 6.134878e-04
1.628591e-02 4.151460e-03 5.910477e-04
1.655673e-02 3.918950e-03 5.731244e-04
1.682754e-02 2.171531e-03 5.632886e-04
1.709836e-02 3.384572e-03 5.510541e-04
1.736917e-02 3.207870e-03 5.329980e-04
1.763999e-02 3.458750e-03 5.298425e-04
1.791080e-02 2.935361e-03 5.127194e-04
1.818161e-02 3.006052e-03 5.164425e-04
1.845243e-02 2.573360e-03 5.081168e-04
1.872324e-02 2.388489e-03 5.035332e-04
1.899406e-02 2.872020e-03 4.917763e-04
1.926487e-02 3.403861e-03 4.887459e-04
1.953569e-02 1.927733e-03 4.867489e-04
1.980650e-02 2.418969e-03 4.910139e-04
2.007731e-02 2.247501e-03 4.749860e-04
2.034813e-02 1.661770e-03 4.699047e-04
2.061894e-02 1.458671e-03 4.667116e-04
2.088976e-02 1.747731e-03 4.635664e-04
2.116057e-02 1.834471e-03 4.583418e-04
2.143139e-02 2.414059e-03 4.564920e-04
2.170220e-02 2.208013e-03 4.588262e-04
2.197302e-02 1.743428e-03 4.445855e-04
2.224383e-02 1.762390e-03 4.390127e-04
2.251465e-02 1.985852e-03 4.373770e-04
2.278546e-02 1.642589e-03 4.235835e-04
2.305627e-02 1.761381e-03 4.164680e-04
2.332709e-02 1.550198e-03 4.115813e-04
2.359790e-02 1.353409e-03 4.011370e-04
2.386872e-02 1.802020e-03 4.027907e-04
2.413953e-02 8.637533e-04 3.918167e-04
2.441034e-02 1.149077e-03 3.876658e-04
2.468116e-02 1.387160e-03 3.860799e-04
2.495197e-02 1.362510e-03 3.792325e-04
2.522279e-02 1.623567e-03 3.809552e-04
2.549360e-02 1.080889e-03 3.690401e-04
2.576442e-02 1.340799e-03 3.633263e-04
2.603523e-02 1.151301e-03 3.666912e-04
2.630604e-02 1.313861e-03 3.561682e-04
2.657686e-02 9.032302e-04 3.608089e-04
2.684767e-02 1.193952e-03 3.492531e-04
2.711849e-02 1.130119e-03 3.516671e-04
2.738930e-02 1.019500e-03 3.498912e-04
2.766012e-02 8.086786e-04 3.419301e-04
2.793093e-02 9.387583e-04 3.385668e-04
2.820175e-02 1.185600e-03 3.343775e-04
2.847256e-02 6.810389e-04 3.326614e-04
2.874337e-02 6.655976e-04 3.302806e-04
2.901419e-02 9.755902e-04 3.227200e-04
2.928500e-02 7.479601e-04 3.259379e-04
2.955582e-02 7.455610e-04 3.214204e-04
2.982663e-02 3.205799e-04 3.217351e-04
3.009745e-02 -3.069639e-06 3.206796e-04
3.036826e-02 1.105599e-03 3.134888e-04
3.063907e-02 9.528510e-04 3.115511e-04
3.090989e-02 1.154620e-03 3.108490e-04
3.118070e-02 3.585406e-04 3.063978e-04
3.145152e-02 3.250130e-04 3.054913e-04
3.172233e-02 3.621615e-04 3.016443e-04
3.199315e-02 4.591979e-04 3.027026e-04
3.226396e-02 9.265281e-04 3.008832e-04
3.253478e-02 6.709695e-04 3.011447e-04
3.280559e-02 3.296211e-04 2.944601e-04
3.307641e-02 1.051620e-03 2.986125e-04
3.334722e-02 6.636791e-04 2.921300e-04
3.361803e-02 2.596416e-04 2.960006e-04
3.388885e-02 1.087189e-04 2.890739e-04
3.415966e-02 5.634688e-04 2.922729e-04
3.443048e-02 5.354881e-04 2.882417e-04
3.470129e-02 1.012700e-03 2.870418e-04
3.497211e-02 3.372207e-04 2.840552e-04
3.524292e-02 3.342219e-04 2.836044e-04
3.551374e-02 6.136894e-04 2.839977e-04
3.578455e-02 1.047160e-03 2.814779e-04
3.605536e-02 3.880411e-04 2.788834e-04
3.632618e-02 7.461198e-04 2.783094e-04
3.659699e-02 1.700185e-04 2.751337e-04
3.686780e-02 3.070906e-04 2.762364e-04
3.713862e-02 1.107790e-04 2.732657e-04
3.740944e-02 5.368814e-04 2.729756e-04
3.768025e-02 2.785213e-04 2.689764e-04
3.795106e-02 3.409311e-04 2.692805e-04
3.822188e-02 1.928788e-04 2.661942e-04
3.849269e-02 4.390907e-04 2.648936e-04
3.876351e-02 7.379502e-04 2.643805e-04
3.903432e-02 3.614593e-04 2.630897e-04
3.930514e-02 7.273499e-04 2.643613e-04
3.957595e-02 1.720488e-04 2.614757e-04
3.984676e-02 1.862999e-04 2.581620e-04
4.011758e-02 4.026406e-04 2.605112e-04
4.038839e-02 9.773113e-05 2.588847e-04
4.065921e-02 2.334714e-04 2.552847e-04
4.093002e-02 4.764311e-04 2.559018e-04
4.120084e-02 -9.049848e-05 2.546325e-04
4.147165e-02 2.218112e-04 2.568528e-04
4.174246e-02 5.929712e-04 2.532465e-04
4.201328e-02 4.002694e-04 2.506750e-04
4.228409e-02 7.596593e-04 2.530849e-04
4.255491e-02 7.385407e-04 2.485931e-04
4.282572e-02 3.603715e-04 2.522246e-04
4.309653e-02 2.572089e-04 2.458679e-04
4.336735e-02 6.507803e-04 2.454020e-04
4.363817e-02 4.556905e-04 2.474568e-04
4.390898e-02 3.677383e-04 2.473586e-04
4.417979e-02 5.059298e-04 2.451724e-04
4.445061e-02 2.057608e-04 2.399900e-04
4.472142e-02 3.457498e-04 2.414500e-04
4.499224e-02 4.978105e-04 2.438173e-04
4.526305e-02 1.313295e-04 2.406667e-04
4.553387e-02 1.302604e-04 2.390237e-04
4.580468e-02 -5.582906e-05 2.384683e-04
4.607549e-02 6.888490e-04 2.386292e-04
4.634631e-02 8.143410e-04 2.380053e-04
4.661712e-02 7.620994e-04 2.375285e-04
4.688794e-02 3.962889e-04 2.352268e-04
4.715875e-02 -6.603077e-05 2.354810e-04
4.742957e-02 3.310088e-04 2.337867e-04
4.770038e-02 -1.414996e-04 2.327507e-04
4.797119e-02 1.827404e-04 2.302533e-04
4.824201e-02 -1.234300e-04 2.306197e-04
4.851282e-02 5.864594e-04 2.337450e-04
4.878364e-02 4.296601e-04 2.261106e-04
4.905445e-02 5.217995e-04 2.294195e-04
4.932526e-02 3.874209e-04 2.291545e-04
4.959608e-02 4.026406e-04 2.263976e-04
4.986690e-02 3.900006e-05 2.270353e-04
5.013771e-02 -6.567873e-05 2.266368e-04
5.040852e-02 1.079701e-04 2.238338e-04
5.067934e-02 2.893601e-04 2.251797e-04
5.095015e-02 1.115706e-04 2.231684e-04
5.122096e-02 4.799310e-04 2.238052e-04
5.149178e-02 5.311910e-04 2.224609e-04
5.176260e-02 -4.425086e-05 2.219273e-04
5.203341e-02 5.423110e-04 2.230083e-04
5.230422e-02 2.924390e-04 2.198115e-04
5.257504e-02 2.177916e-04 2.198911e-04
5.284585e-02 4.262850e-05 2.175181e-04
5.311667e-02 -1.368001e-04 2.185266e-04
5.338748e-02 9.620003e-05 2.226997e-04
5.365830e-02 3.276002e-04 2.219887e-04
5.392911e-02 2.433714e-04 2.232684e-04
5.419992e-02 3.323406e-04 2.241583e-04
5.447074e-02 -1.090020e-05 2.205655e-04
5.474155e-02 6.233510e-04 2.262543e-04
5.501237e-02 -6.074086e-05 2.277392e-04
5.528318e-02 2.407208e-04 2.298847e-04
5.555400e-02 3.747307e-04 2.327863e-04
5.582481e-02 9.080507e-04 2.322708e-04
5.609563e-02 1.936108e-04 2.348584e-04
5.636644e-02 5.879067e-05 2.362110e-04
5.663725e-02 9.278022e-05 2.357643e-04
5.690807e-02 8.651055e-05 2.378682e-04
5.717888e-02 3.897510e-04 2.354702e-04
5.744969e-02 3.600996e-04 2.358630e-04
5.772051e-02 1.535006e-05 2.373112e-04
5.799133e-02 4.503485e-04 2.350375e-04
5.826214e-02 4.062597e-04 2.392387e-04
5.853295e-02 2.274495e-04 2.393949e-04
5.880377e-02 5.063415e-04 2.376734e-04
5.907458e-02 -1.523830e-05 2.364150e-04
5.934540e-02 -8.650124e-06 2.390390e-04
5.961621e-02 5.468503e-04 2.394944e-04
5.988703e-02 2.903398e-04 2.406602e-04
6.015784e-02 -1.526698e-04 2.398479e-04
6.042865e-02 6.620903e-04 2.400113e-04
6.069947e-02 2.065804e-04 2.358858e-04
6.097028e-02 8.668005e-05 2.347055e-04
6.124110e-02 3.912989e-04 2.331935e-04
6.151191e-02 1.865998e-04 2.316919e-04
6.178273e-02 1.874100e-04 2.309531e-04
6.205354e-02 5.347803e-04 2.288184e-04
6.232436e-02 1.366492e-04 2.312262e-04
6.259517e-02 -1.627598e-04 2.290589e-04
6.286598e-02 3.695115e-05 2.303746e-04
6.313679e-02 -2.915300e-04 2.291405e-04
6.340761e-02 3.519095e-04 2.258044e-04
6.367842e-02 -1.768600e-04 2.260324e-04
6.394923e-02 -1.094211e-04 2.254774e-04
6.422005e-02 6.486382e-04 2.264441e-04
6.449086e-02 2.269614e-04 2.276797e-04
6.476168e-02 8.565001e-05 2.246711e-04
6.503250e-02 -3.282689e-04 2.276561e-04
6.530331e-02 6.192923e-05 2.255312e-04
6.557412e-02 2.497509e-04 2.253656e-04
6.584494e-02 3.233794e-04 2.251088e-04
6.611575e-02 5.326401e-04 2.236642e-04
6.638657e-02 4.873984e-05 2.247715e-04
6.665738e-02 4.309304e-04 2.223448e-04
6.692819e-02 3.672019e-05 2.228968e-04
6.719901e-02 -7.390045e-05 2.214564e-04
6.746982e-02 9.001978e-05 2.228013e-04
6.774063e-02 2.046600e-04 2.219606e-04
6.801146e-02 3.640112e-04 2.208765e-04
6.828227e-02 6.259885e-04 2.204160e-04
6.855308e-02 5.454402e-04 2.204126e-04
6.882390e-02 -8.066930e-05 2.208485e-04
6.909471e-02 6.384961e-05 2.197327e-04
6.936552e-02 5.197898e-04 2.178875e-04
6.963634e-02 1.509096e-04 2.199978e-04
6.990715e-02 -1.631491e-04 2.199980e-04
7.017796e-02 2.328809e-04 2.175019e-04
7.044878e-02 5.831886e-04 2.183783e-04
7.071959e-02 2.231095e-04 2.160611e-04
7.099041e-02 2.250709e-04 2.193403e-04
7.126123e-02 -2.163202e-04 2.167198e-04
7.153204e-02 6.679408e-04 2.162037e-04
7.180285e-02 4.629996e-04 2.157504e-04
7.207367e-02 3.118496e-04 2.152247e-04
7.234448e-02 6.191060e-05 2.161200e-04
7.261530e-02 1.817401e-04 2.155009e-04
7.288611e-02 1.358986e-04 2.132641e-04
7.315692e-02 1.470391e-04 2.144965e-04
7.342774e-02 4.616287e-04 2.152591e-04
7.369855e-02 2.647005e-04 2.139144e-04
7.396936e-02 4.728995e-04 2.141787e-04
7.424019e-02 -1.004804e-04 2.135719e-04
7.451100e-02 2.231095e-04 2.135139e-04
7.478181e-02 1.042392e-04 2.119319e-04
7.505263e-02 2.443101e-04 2.111418e-04
7.532344e-02 3.328100e-04 2.152952e-04
7.559425e-02 3.946200e-04 2.119389e-04
7.586507e-02 5.858950e-05 2.137258e-04
7.613588e-02 -2.248809e-04 2.107394e-04
7.640669e-02 -7.959083e-06 2.092651e-04
7.667751e-02 1.449604e-04 2.125292e-04
7.694832e-02 -7.827953e-05 2.101579e-04
7.721914e-02 -1.083687e-04 2.104170e-04
7.748996e-02 6.821007e-05 2.101483e-04
7.776077e-02 4.153196e-04 2.086604e-04
7.803158e-02 4.819911e-04 2.109233e-04
7.830240e-02 2.643093e-04 2.081371e-04
7.857321e-02 -2.575908e-04 2.099394e-04
7.884403e-02 1.509860e-05 2.083695e-04
7.911484e-02 5.448200e-04 2.059372e-04
7.938565e-02 3.186390e-04 2.097006e-04
7.965647e-02 -7.784925e-05 2.068717e-04
7.992728e-02 1.532026e-05 2.061894e-04
8.019809e-02 1.228973e-05 2.079982e-04
8.046892e-02 -4.588999e-05 2.072984e-04
8.073973e-02 2.867095e-04 2.058032e-04
8.101054e-02 2.771001e-04 2.055445e-04
8.128136e-02 2.782308e-04 2.044480e-04
8.155217e-02 -9.038113e-05 2.071011e-04
8.182298e-02 -2.001971e-05 2.049549e-04
8.209380e-02 2.064388e-04 2.047728e-04
8.236461e-02 3.317501e-04 2.064349e-04
8.263543e-02 3.247708e-04 2.048804e-04
8.290624e-02 2.891701e-04 2.051957e-04
8.317705e-02 2.184398e-04 2.017534e-04
8.344787e-02 2.998859e-06 2.027604e-04
8.371869e-02 -1.419801e-04 2.038020e-04
8.398950e-02 3.349036e-05 2.023875e-04
8.426031e-02 6.979331e-06 2.039030e-04
8.453113e-02 1.232605e-04 2.020707e-04
8.480194e-02 2.998095e-04 2.018131e-04
8.507276e-02 -7.001869e-05 2.023030e-04
8.534357e-02 -3.323089e-04 2.015526e-04
8.561438e-02 -6.567128e-05 2.006237e-04
8.588520e-02 -1.163203e-04 1.996799e-04
8.615601e-02 -1.437590e-04 1.997713e-04
8.642682e-02 3.398694e-04 2.003166e-04
8.669765e-02 6.543994e-04 1.990547e-04
8.696846e-02 2.516098e-04 2.001354e-04
8.723927e-02 2.235398e-04 1.999976e-04
8.751009e-02 4.240107e-04 1.997705e-04
8.778090e-02 2.780501e-04 1.979862e-04
8.805171e-02 8.217990e-05 1.986443e-04
8.832253e-02 2.019089e-04 1.987950e-04
8.859334e-02 2.922602e-04 1.990677e-04
8.886416e-02 2.688691e-04 1.970518e-04
8.913497e-02 5.499087e-05 1.982313e-04
8.940578e-02 1.629293e-04 1.980966e-04
8.967660e-02 -2.982095e-04 1.987251e-04
8.994742e-02 -1.954101e-04 1.987262e-04
9.021823e-02 6.292015e-05 1.956362e-04
9.048904e-02 -8.901581e-06 1.980111e-04
9.075986e-02 -9.491853e-05 1.970173e-04
9.103067e-02 4.484300e-04 1.975863e-04
9.130149e-02 4.616212e-04 1.963407e-04
9.157230e-02 1.456998e-04 1.953254e-04
9.184311e-02 2.925303e-04 1.975368e-04
9.211393e-02 4.625134e-05 1.954423e-04
9.238474e-02 5.433895e-05 1.944435e-04
9.265555e-02 -1.671501e-04 1.953841e-04
9.292637e-02 1.831409e-04 1.939450e-04
9.319719e-02 5.207695e-04 1.955377e-04
9.346800e-02 -8.291006e-05 1.930417e-04
9.373882e-02 2.379101e-04 1.929868e-04
9.400963e-02 -1.806021e-05 1.946013e-04
9.428044e-02 2.887305e-04 1.946953e-04
9.455126e-02 2.057496e-04 1.923559e-04
9.482207e-02 4.836917e-05 1.925961e-04
9.509289e-02 2.276395e-04 1.929332e-04
9.536370e-02 -2.745911e-05 1.939886e-04
9.563451e-02 3.940202e-04 1.918386e-04
9.590533e-02 2.062190e-04 1.918134e-04
9.617615e-02 2.344605e-04 1.909468e-04
9.644696e-02 1.349300e-04 1.910914e-04
9.671777e-02 -2.980195e-04 1.920699e-04
9.698859e-02 3.447607e-04 1.900698e-04
9.725940e-02 -1.108702e-04 1.908442e-04
9.753022e-02 2.371892e-04 1.898576e-04
9.780103e-02 4.142150e-05 1.909494e-04
9.807184e-02 9.309128e-05 1.897459e-04
9.834266e-02 2.528112e-04 1.907975e-04
9.861347e-02 2.278890e-04 1.907575e-04
9.888428e-02 2.030302e-04 1.885905e-04
9.915510e-02 8.358993e-05 1.905190e-04
9.942592e-02 -1.672897e-04 1.889589e-04
9.969673e-02 -2.281386e-04 1.891018e-04
9.996755e-02 -2.091303e-04 1.890711e-04
1.002384e-01 5.836971e-05 1.895385e-04
1.005092e-01 7.493049e-05 1.900705e-04
1.007800e-01 1.746491e-04 1.884655e-04
1.010508e-01 2.089702e-04 1.886270e-04
1.013216e-01 1.158305e-04 1.866622e-04
1.015924e-01 1.442302e-04 1.866425e-04
1.018632e-01 -3.711302e-04 1.884685e-04
1.021341e-01 2.124794e-04 1.880617e-04
1.024049e-01 1.715794e-04 1.879495e-04
1.026757e-01 1.974609e-04 1.856165e-04
1.029465e-01 8.041039e-05 1.859285e-04
1.032173e-01 -1.164805e-04 1.860215e-04
1.034881e-01 2.341904e-04 1.850658e-04
1.037589e-01 2.601892e-04 1.854217e-04
1.040298e-01 9.712949e-05 1.839274e-04
1.043006e-01 3.330614e-04 1.858201e-04
1.045714e-01 4.069880e-06 1.849255e-04
1.048422e-01 9.489059e-05 1.836187e-04
1.051130e-01 -3.243051e-05 1.849890e-04
1.053838e-01 -1.952052e-05 1.849738e-04
1.056546e-01 1.697801e-04 1.851758e-04
1.059255e-01 9.131990e-05 1.841408e-04
1.061963e-01 1.009498e-04 1.845251e-04
1.064671e-01 3.661495e-04 1.831868e-04
1.067379e-01 1.777299e-04 1.826937e-04
1.070087e-01 -2.171099e-04 1.846664e-04
1.072795e-01 -2.169050e-05 1.814714e-04
1.075503e-01 -1.893286e-04 1.834201e-04
1.078212e-01 -1.559965e-05 1.838627e-04
1.080920e-01 3.219601e-04 1.825045e-04
1.083628e-01 -2.134684e-04 1.832585e-04
1.086336e-01 -8.614175e-05 1.820116e-04
1.089044e-01 -5.725026e-05 1.836987e-04
1.091752e-01 1.399033e-05 1.811725e-04
1.094460e-01 -8.318946e-05 1.812741e-04
1.097169e-01 3.063492e-04 1.820929e-04
1.099877e-01 1.290608e-04 1.814057e-04
1.102585e-01 2.606995e-04 1.816775e-04
1.105293e-01 8.870848e-05 1.834291e-04
1.108001e-01 -3.742054e-05 1.859248e-04
1.110709e-01 1.689401e-04 1.890848e-04
1.113417e-01 6.029010e-05 1.863510e-04
1.116126e-01 1.548100e-04 1.883825e-04
1.118834e-01 -8.396991e-05 1.872891e-04
1.121542e-01 2.047997e-04 1.902037e-04
1.124250e-01 1.026504e-04 1.921468e-04
1.126958e-01 2.555922e-05 1.931107e-04
1.129666e-01 -5.071051e-05 1.941453e-04
1.132374e-01 -1.824107e-04 1.959947e-04
1.135083e-01 2.424009e-04 1.968606e-04
1.137791e-01 8.751079e-05 1.997452e-04
1.140499e-01 2.769902e-04 1.973625e-04
1.143207e-01 -1.871008e-04 2.008630e-04
1.145915e-01 -1.930892e-04 2.030252e-04
1.148623e-01 7.949769e-06 2.043166e-04
1.151332e-01 2.210960e-05 2.029382e-04
1.154040e-01 6.378070e-05 2.046644e-04
1.156748e-01 8.551963e-05 2.065971e-04
1.159456e-01 3.704503e-04 2.078384e-04
1.162164e-01 2.066400e-04 2.088147e-04
1.164872e-01 2.185795e-04 2.077797e-04
1.167580e-01 1.343712e-04 2.127329e-04
1.170288e-01 3.714710e-04 2.120803e-04
1.172997e-01 3.457200e-04 2.117316e-04
1.175705e-01 3.243107e-04 2.111176e-04
1.178413e-01 -1.735408e-04 2.126970e-04
1.181121e-01 9.734929e-05 2.103138e-04
1.183829e-01 -3.680494e-04 2.085655e-04
1.186537e-01 2.688896e-04 2.098610e-04
1.189246e-01 3.392696e-04 2.068103e-04
1.191954e-01 1.784302e-04 2.078712e-04
1.194662e-01 1.267996e-04 2.078026e-04
1.197370e-01 5.741697e-04 2.053460e-04
1.200078e-01 1.714807e-04 2.059282e-04
1.202786e-01 2.773292e-04 2.056242e-04
1.205494e-01 -2.918765e-06 2.051349e-04
1.208202e-01 3.050305e-04 2.068064e-04
1.210911e-01 -7.265061e-05 2.040107e-04
1.213619e-01 1.508314e-04 2.053751e-04
1.216327e-01 2.884697e-04 2.045748e-04
1.219035e-01 3.011711e-04 2.050045e-04
1.221743e-01 -2.370905e-04 2.044485e-04
1.224451e-01 -5.275942e-05 2.045277e-04
1.227160e-01 2.947506e-04 2.066005e-04
1.229868e-01 -1.402013e-05 2.037492e-04
1.232576e-01 2.056491e-04 2.044569e-04
1.235284e-01 9.965897e-05 2.054176e-04
1.237992e-01 1.099389e-04 2.043955e-04
1.240700e-01 7.129088e-05 2.061559e-04
1.243408e-01 -5.362928e-05 2.040379e-04
1.246117e-01 2.373196e-04 2.049312e-04
1.248825e-01 1.438111e-04 2.052703e-04
1.251533e-01 2.374798e-04 2.043530e-04
1.254241e-01 9.093992e-05 2.040172e-04
1.256949e-01 -7.587112e-05 2.019301e-04
1.259657e-01 -1.061112e-04 2.036685e-04
1.262365e-01 1.516901e-04 2.023706e-04
1.265074e-01 -2.244208e-04 2.006216e-04
1.267782e-01 2.539810e-04 2.025380e-04
1.270490e-01 9.937957e-05 2.006137e-04
1.273198e-01 7.990003e-05 2.009091e-04
1.275906e-01 -1.143385e-04 2.001412e-04
1.278614e-01 -1.678411e-04 2.005874e-04
1.281322e-01 9.586848e-05 2.002365e-04
1.284031e-01 1.863595e-04 1.992579e-04
1.286739e-01 2.532993e-04 2.004805e-04
1.289447e-01 1.142304e-04 1.997103e-04
1.292155e-01 -4.120488e-04 1.995601e-04
1.294863e-01 1.067799e-04 1.996373e-04
1.297571e-01 1.725517e-04 1.991380e-04
1.300279e-01 -1.611188e-04 2.001247e-04
1.302988e-01 1.257695e-04 1.997960e-04
1.305696e-01 1.329929e-05 1.999847e-04
1.308404e-01 -1.335293e-04 1.975771e-04
1.311112e-01 2.468005e-05 1.983515e-04
1.313820e-01 2.127700e-04 1.983422e-04
1.316528e-01 1.965910e-04 1.994905e-04
1.319236e-01 1.282804e-04 1.986983e-04
1.321945e-01 2.657194e-04 1.983774e-04
1.324653e-01 2.444405e-04 1.987999e-04
1.327361e-01 1.750011e-04 1.976574e-04
1.330069e-01 2.494697e-04 1.984367e-04
1.332777e-01 9.644032e-05 1.973347e-04
1.335485e-01 6.175041e-05 1.966545e-04
1.338193e-01 -9.830110e-05 1.982424e-04
1.340902e-01 3.090501e-04 1.961034e-04
1.343610e-01 -2.638102e-04 1.979965e-04
1.346318e-01 -2.073199e-04 1.968178e-04
1.349026e-01 2.845395e-04 1.948871e-04
1.351734e-01 4.527904e-04 1.981002e-04
1.354442e-01 -3.024936e-05 1.949855e-04
1.357151e-01 1.664795e-04 1.965612e-04
1.359859e-01 -2.618302e-04 1.952340e-04
1.362567e-01 1.545008e-04 1.951184e-04
1.365275e-01 2.904199e-04 1.955203e-04
1.367983e-01 6.418116e-05 1.930948e-04
1.370691e-01 -5.105138e-05 1.972268e-04
1.373399e-01 2.163108e-04 1.994851e-04
1.376107e-01 4.345607e-04 1.984570e-04
1.378816e-01 1.021400e-04 2.032522e-04
1.381524e-01 4.472304e-04 2.020558e-04
1.384232e-01 2.007000e-04 2.066537e-04
1.386940e-01 -1.742132e-05 2.047866e-04
1.389648e-01 5.516037e-05 2.067181e-04
1.392356e-01 4.617684e-04 2.078876e-04
1.395064e-01 -4.767794e-04 2.078124e-04
1.397773e-01 -2.855603e-04 2.098276e-04
1.400481e-01 -1.380090e-04 2.097801e-04
1.403189e-01 -8.977950e-05 2.127810e-04
1.405897e-01 1.554005e-04 2.120111e-04
1.408605e-01 1.308601e-04 2.106071e-04
1.411313e-01 2.796203e-04 2.131312e-04
1.414021e-01 4.407000e-04 2.140813e-04
1.416730e-01 -9.278022e-05 2.169569e-04
1.419438e-01 1.572594e-04 2.157534e-04
1.422146e-01 5.172789e-04 2.156705e-04
1.424854e-01 1.229998e-04 2.159733e-04
1.427562e-01 1.821388e-04 2.146670e-04
1.430270e-01 2.501495e-04 2.159555e-04
1.432979e-01 3.596116e-04 2.154548e-04
1.435687e-01 3.601201e-04 2.176383e-04
1.438395e-01 1.940411e-04 2.175566e-04
1.441103e-01 -9.215996e-05 2.184146e-04
1.443811e-01 1.784414e-04 2.206043e-04
1.446519e-01 -1.777392e-04 2.195807e-04
1.449227e-01 -2.640858e-05 2.216703e-04
1.451935e-01 -1.394898e-04 2.184967e-04
1.454644e-01 -1.711994e-04 2.220735e-04
1.457352e-01 7.141195e-04 2.238441e-04
1.460060e-01 2.527703e-04 2.211151e-04
1.462768e-01 1.530796e-04 2.243472e-04
1.465476e-01 1.263693e-04 2.233746e-04
1.468184e-01 8.739904e-05 2.274788e-04
1.470892e-01 -1.351908e-05 2.265570e-04
1.473601e-01 1.169983e-04 2.250865e-04
1.476309e-01 7.057935e-05 2.256439e-04
1.479017e-01 1.202095e-04 2.246242e-04
1.481725e-01 6.346814e-04 2.265911e-04
1.484433e-01 6.025843e-05 2.225679e-04
1.487141e-01 1.462810e-04 2.240112e-04
1.489850e-01 -2.770294e-04 2.244920e-04
1.492558e-01 -3.323909e-04 2.250419e-04
1.495266e-01 -2.148189e-04 2.259528e-04
1.497974e-01 3.809109e-05 2.214233e-04
1.500682e-01 -1.814198e-04 2.236239e-04
1.503390e-01 9.226985e-05 2.222969e-04
1.506098e-01 1.303591e-04 2.215456e-04
1.508806e-01 3.364813e-04 2.228563e-04
1.511515e-01 -1.366697e-04 2.227391e-04
1.514223e-01 7.040054e-05 2.243134e-04
1.516931e-01 -3.456213e-04 2.239440e-04
1.519639e-01 -3.343709e-04 2.234049e-04
1.522347e-01 3.441051e-05 2.256607e-04
1.525055e-01 -8.518063e-05 2.224913e-04
1.527763e-01 5.413033e-05 2.247135e-04
1.530472e-01 -1.721084e-05 2.231115e-04
1.533180e-01 -4.402399e-04 2.249111e-04
1.535888e-01 2.201311e-04 2.244639e-04
1.538596e-01 1.350306e-04 2.228654e-04
1.541304e-01 -1.448989e-04 2.229072e-04
1.544012e-01 1.081415e-04 2.242537e-04
1.546721e-01 2.966803e-04 2.259098e-04
1.549429e-01 -2.657995e-05 2.245662e-04
1.552137e-01 -1.593307e-04 2.237741e-04
1.554845e-01 -7.379800e-06 2.246689e-04
1.557553e-01 3.023800e-04 2.260704e-04
1.560261e-01 -2.460796e-04 2.257002e-04
1.562969e-01 1.651812e-04 2.244437e-04
1.565678e-01 2.039410e-04 2.262577e-04
1.568386e-01 9.823032e-05 2.260389e-04
1.571094e-01 1.026504e-04 2.253541e-04
1.573802e-01 3.545098e-04 2.267609e-04
1.576510e-01 3.355108e-04 2.253644e-04
1.579218e-01 2.779905e-04 2.259556e-04
1.581926e-01 3.216714e-04 2.246733e-04
1.584634e-01 -1.450609e-04 2.243751e-04
1.587343e-01 -1.133699e-04 2.252077e-04
1.590051e-01 -1.231022e-05 2.234319e-04
1.592759e-01 2.320409e-04 2.256574e-04
1.595467e-01 1.239702e-04 2.243735e-04
1.598175e-01 1.406595e-04 2.241440e-04
1.600883e-01 1.964308e-04 2.229826e-04
1.603591e-01 4.696995e-04 2.243681e-04
1.606300e-01 3.173389e-04 2.242145e-04
1.609008e-01 2.280604e-04 2.201323e-04
1.611716e-01 5.128048e-05 2.236323e-04
1.614424e-01 7.979013e-04 2.215595e-04
1.617132e-01 -5.005859e-05 2.245969e-04
1.619840e-01 4.867390e-04 2.224952e-04
1.622549e-01 2.545603e-04 2.220571e-04
1.625257e-01 4.770607e-04 2.237263e-04
1.627965e-01 -9.007938e-05 2.214200e-04
1.630673e-01 1.988932e-05 2.210709e-04
1.633381e-01 5.653817e-04 2.220891e-04
1.636089e-01 -1.694188e-04 2.207806e-04
1.638797e-01 -1.132507e-04 2.241090e-04
1.641506e-01 -9.929948e-05 2.223712e-04
1.644214e-01 4.732199e-04 2.232686e-04
1.646922e-01 -1.154095e-05 2.212717e-04
1.649630e-01 2.707504e-04 2.214463e-04
1.652338e-01 3.806129e-05 2.243616e-04
1.655046e-01 1.870207e-04 2.228628e-04
1.657754e-01 1.164302e-04 2.237080e-04
1.660462e-01 3.099311e-04 2.235618e-04
1.663171e-01 1.328308e-04 2.238626e-04
1.665879e-01 4.511140e-05 2.235889e-04
1.668587e-01 -2.405606e-04 2.241267e-04
1.671295e-01 3.707111e-04 2.255971e-04
1.674003e-01 -4.081987e-05 2.226634e-04
1.676711e-01 -2.446696e-04 2.305927e-04
1.679420e-01 2.274904e-04 2.340534e-04
1.682128e-01 1.415312e-04 2.355111e-04
1.684836e-01 -5.183909e-04 2.409784e-04
1.687544e-01 1.862198e-04 2.425861e-04
1.690252e-01 2.381187e-04 2.460279e-04
1.692960e-01 5.508959e-05 2.424923e-04
1.695668e-01 -4.773028e-05 2.478344e-04
1.698377e-01 1.820698e-04 2.477135e-04
1.701085e-01 1.567304e-04 2.516988e-04
1.703793e-01 4.483089e-04 2.531315e-04
1.706501e-01 -9.110942e-05 2.520082e-04
1.709209e-01 -9.430945e-05 2.581512e-04
1.711917e-01 -2.823025e-05 2.585599e-04
1.714625e-01 5.883090e-04 2.613729e-04
1.717333e-01 2.435390e-04 2.653372e-04
1.720042e-01 1.505911e-04 2.616314e-04
1.722750e-01 1.207311e-04 2.669220e-04
1.725458e-01 1.231693e-04 2.661503e-04
1.728166e-01 2.472606e-04 2.683822e-04
1.730874e-01 2.399702e-04 2.704901e-04
1.733582e-01 3.203303e-04 2.727955e-04
1.736291e-01 -4.401505e-04 2.759432e-04
1.738999e-01 -1.203101e-04 2.746377e-04
1.741707e-01 2.651997e-04 2.804641e-04
1.744415e-01 2.796799e-04 2.765155e-04
1.747123e-01 2.382100e-04 2.827701e-04
1.749831e-01 3.750101e-04 2.691538e-04
1.752539e-01 -4.024059e-05 2.645974e-04
1.755248e-01 4.730392e-04 2.633270e-04
1.757956e-01 6.177612e-04 2.588553e-04
1.760664e-01 -2.665073e-05 2.604134e-04
1.763372e-01 1.350902e-04 2.590115e-04
1.766080e-01 5.977973e-05 2.576673e-04
1.768788e-01 4.031509e-04 2.592728e-04
1.771496e-01 1.548491e-04 2.543819e-04
1.774205e-01 4.773028e-05 2.553396e-04
1.776913e-01 3.288295e-04 2.541129e-04
1.779621e-01 -8.910894e-05 2.543676e-04
1.782329e-01 2.216175e-05 2.527852e-04
1.785037e-01 1.352001e-04 2.480897e-04
1.787745e-01 -3.580004e-05 2.532090e-04
1.790453e-01 -4.414599e-04 2.496281e-04
1.793161e-01 5.012006e-05 2.479939e-04
1.795870e-01 -2.196096e-04 2.486314e-04
1.798578e-01 -1.283102e-04 2.438789e-04
1.801286e-01 -1.576599e-04 2.485239e-04
1.803994e-01 2.015885e-04 2.413973e-04
1.806702e-01 1.398884e-04 2.440905e-04
1.809410e-01 6.631892e-04 2.441039e-04
1.812119e-01 1.558010e-04 2.427079e-04
1.814827e-01 -2.011601e-04 2.437668e-04
1.817535e-01 -1.861602e-04 2.411777e-04
1.820243e-01 1.876503e-04 2.453060e-04
1.822951e-01 -2.481714e-04 2.427456e-04
1.825659e-01 2.215505e-04 2.419525e-04
1.828367e-01 3.682394e-04 2.416341e-04
1.831076e-01 1.691002e-04 2.395894e-04
1.833784e-01 1.413599e-04 2.430905e-04
1.836492e-01 4.571509e-04 2.410986e-04
1.839200e-01 3.458001e-04 2.403967e-04
1.841908e-01 4.803706e-04 2.410519e-04
1.844616e-01 3.788993e-04 2.420185e-04
1.847324e-01 3.510509e-04 2.427079e-04
1.850033e-01 6.669387e-04 2.402723e-04
1.852741e-01 -1.750197e-04 2.412308e-04
1.855449e-01 3.877115e-04 2.387850e-04
1.858157e-01 4.138984e-05 2.419076e-04
1.860865e-01 4.501902e-04 2.419635e-04
1.863573e-01 2.525095e-04 2.391292e-04
1.866281e-01 2.844185e-04 2.398557e-04
1.868990e-01 -1.570713e-04 2.383025e-04
1.871698e-01 7.166993e-04 2.408044e-04
1.874406e-01 -3.927015e-05 2.412060e-04
1.877114e-01 1.783893e-04 2.374179e-04
1.879822e-01 5.102698e-04 2.405837e-04
1.882530e-01 -3.952906e-05 2.375190e-04
1.885238e-01 1.703799e-04 2.401905e-04
1.887947e-01 3.407393e-04 2.403681e-04
1.890655e-01 2.423804e-04 2.407506e-04
1.893363e-01 3.128406e-04 2.412133e-04
1.896071e-01 1.945700e-04 2.372784e-04
1.898779e-01 -2.311282e-04 2.413879e-04
1.901487e-01 2.521593e-04 2.386613e-04
1.904195e-01 -1.682155e-05 2.383226e-04
1.906904e-01 -9.130873e-05 2.415182e-04
1.909612e-01 -5.152076e-05 2.360568e-04
1.912320e-01 1.684800e-04 2.404069e-04
1.915028e-01 2.887901e-04 2.370437e-04
1.917736e-01 1.107901e-05 2.402234e-04
1.920444e-01 3.201403e-04 2.357977e-04
1.923153e-01 3.231131e-05 2.374157e-04
1.925861e-01 -1.244303e-04 2.389120e-04
1.928569e-01 -1.525208e-04 2.395685e-04
1.931277e-01 2.516713e-04 2.379939e-04
1.933985e-01 3.869832e-05 2.356053e-04
1.936693e-01 5.787052e-05 2.372803e-04
1.939401e-01 4.088692e-04 2.397405e-04
1.942109e-01 -4.351884e-04 2.376009e-04
1.944818e-01 -5.517602e-04 2.396625e-04
1.947526e-01 -3.117882e-05 2.395993e-04
1.950234e-01 4.442092e-04 2.370900e-04
1.952942e-01 -4.070997e-05 2.374687e-04
1.955650e-01 -8.470006e-05 2.385912e-04
1.958358e-01 3.101397e-04 2.388828e-04
1.961066e-01 -1.185946e-05 2.380220e-04
1.963775e-01 2.074502e-04 2.370204e-04
1.966483e-01 -7.780083e-05 2.367490e-04
1.969191e-01 1.516398e-04 2.394626e-04
1.971899e-01 8.346885e-05 2.398589e-04
1.974607e-01 6.210599e-04 2.389418e-04
1.977315e-01 6.027799e-04 2.372616e-04
1.980023e-01 3.616139e-05 2.353054e-04
1.982732e-01 -3.782101e-04 2.369056e-04
1.985440e-01 5.683489e-04 2.384332e-04
1.988148e-01 1.711491e-04 2.382088e-04
1.990856e-01 -2.173893e-04 2.372408e-04
1.993564e-01 -4.068203e-04 2.394305e-04
1.996272e-01 1.459997e-04 2.393366e-04
1.998980e-01 3.869701e-04 2.371552e-04
2.001689e-01 4.128926e-05 2.360427e-04
2.004397e-01 3.274288e-04 2.352094e-04
2.007105e-01 -1.582690e-04 2.351596e-04
2.009813e-01 4.466809e-04 2.337722e-04
2.012521e-01 -1.567043e-05 2.377906e-04
2.015229e-01 3.151707e-04 2.361413e-04
2.017937e-01 2.926793e-04 2.362399e-04
2.020646e-01 9.534881e-05 2.337144e-04
2.023354e-01 2.106298e-04 2.363844e-04
2.026062e-01 -1.813099e-04 2.346282e-04
2.028770e-01 1.198500e-04 2.368529e-04
2.031478e-01 3.470201e-04 2.347826e-04
2.034186e-01 9.689853e-05 2.342918e-04
2.036894e-01 -4.017092e-04 2.337036e-04
2.039603e-01 4.391000e-05 2.338653e-04
2.042311e-01 4.354864e-05 2.342086e-04
2.045019e-01 -5.753897e-05 2.314453e-04
2.047727e-01 1.895986e-05 2.347539e-04
2.050435e-01 5.465932e-05 2.327719e-04
2.053143e-01 8.439645e-06 2.335722e-04
2.055852e-01 1.988504e-04 2.327216e-04
2.058560e-01 1.018699e-04 2.317880e-04
2.061268e-01 2.950002e-04 2.315113e-04
2.063976e-01 3.500096e-04 2.317568e-04
2.066684e-01 1.369696e-04 2.310446e-04
2.069392e-01 -2.858713e-04 2.297311e-04
2.072100e-01 3.756899e-04 2.337674e-04
2.074808e-01 -1.440011e-05 2.308829e-04
2.077517e-01 2.454109e-04 2.292929e-04
2.080225e-01 -7.251501e-04 2.288486e-04
2.082933e-01 9.803846e-05 2.302963e-04
2.085641e-01 5.438924e-05 2.304603e-04
2.088349e-01 3.863499e-04 2.315145e-04
2.091057e-01 -1.283605e-04 2.299222e-04
2.093765e-01 -3.762711e-04 2.316635e-04
2.096474e-01 1.935810e-04 2.300706e-04
2.099182e-01 -9.215064e-05 2.329554e-04
2.101890e-01 6.469153e-05 2.294937e-04
2.104598e-01 3.050826e-05 2.313061e-04
2.107306e-01 2.024397e-04 2.297299e-04
2.110014e-01 -1.882408e-04 2.305391e-04
2.112723e-01 1.334902e-04 2.293373e-04
2.115431e-01 5.712919e-05 2.300866e-04
2.118139e-01 1.239199e-04 2.310099e-04
2.120847e-01 1.573898e-04 2.309056e-04
2.123555e-01 -3.384985e-05 2.314827e-04
2.126263e-01 -1.797192e-04 2.279446e-04
2.128971e-01 5.733967e-05 2.313318e-04
2.131680e-01 2.046097e-04 2.300535e-04
2.134388e-01 1.100786e-04 2.299989e-04
2.137096e-01 2.917200e-04 2.306930e-04
2.139804e-01 9.732880e-05 2.329996e-04
2.142512e-01 6.040931e-05 2.294042e-04
2.145220e-01 7.862039e-05 2.325356e-04
2.147928e-01 -1.746975e-05 2.310482e-04
2.150636e-01 1.897402e-04 2.305219e-04
2.153345e-01 1.374390e-04 2.326665e-04
2.156053e-01 7.044207e-04 2.311482e-04
2.158761e-01 -8.610077e-05 2.299837e-04
2.161469e-01 1.846310e-04 2.303876e-04
2.164177e-01 -1.412295e-04 2.312159e-04
2.166885e-01 1.142900e-04 2.311402e-04
2.169593e-01 -4.967898e-04 2.310713e-04
2.172302e-01 3.303308e-04 2.330138e-04
2.175010e-01 2.346095e-04 2.302063e-04
2.177718e-01 7.521808e-04 2.297063e-04
2.180426e-01 1.558103e-04 2.318742e-04
2.183134e-01 6.345790e-04 2.289220e-04
2.185842e-01 4.830956e-05 2.299552e-04
2.188551e-01 3.354512e-04 2.293029e-04
2.191259e-01 6.579589e-04 2.313730e-04
2.193967e-01 -2.017990e-05 2.281939e-04
2.196675e-01 5.917083e-04 2.287734e-04
2.199383e-01 3.570300e-04 2.277352e-04
2.202091e-01 -2.785195e-04 2.298077e-04
2.204799e-01 8.117966e-05 2.281392e-04
2.207507e-01 -1.489893e-04 2.287324e-04
2.210216e-01 -1.047701e-04 2.257762e-04
2.212924e-01 1.531988e-04 2.257615e-04
2.215632e-01 -1.426972e-05 2.260758e-04
2.218340e-01 4.086699e-04 2.269403e-04
2.221048e-01 2.216306e-04 2.268634e-04
2.223756e-01 3.354698e-04 2.236997e-04
2.226464e-01 -9.316020e-05 2.255304e-04
2.229173e-01 1.833905e-04 2.257184e-04
2.231881e-01 8.195639e-07 2.249790e-04
2.234589e-01 -2.263859e-05 2.263531e-04
2.237297e-01 5.812012e-05 2.261867e-04
2.240005e-01 3.242586e-04 2.254627e-04
2.242713e-01 3.104303e-04 2.249384e-04
2.245422e-01 -8.624047e-05 2.249166e-04
2.248130e-01 1.307093e-04 2.283207e-04
2.250838e-01 2.832189e-04 2.254469e-04
2.253546e-01 -8.516014e-05 2.263608e-04
2.256254e-01 -6.121024e-05 2.253355e-04
2.258962e-01 1.240615e-04 2.252864e-04
2.261670e-01 2.347119e-05 2.342347e-04
2.264379e-01 -1.165401e-04 2.404994e-04
2.267087e-01 2.122000e-04 2.432210e-04
2.269795e-01 4.413910e-05 2.420382e-04
2.272503e-01 -8.461997e-05 2.476847e-04
2.275211e-01 3.056303e-04 2.513784e-04
2.277919e-01 3.562998e-04 2.515268e-04
2.280627e-01 -4.502945e-05 2.580795e-04
2.283335e-01 -1.963302e-04 2.590226e-04
2.286044e-01 8.618087e-05 2.568876e-04
2.288752e-01 1.237094e-04 2.644752e-04
2.291460e-01 7.951073e-05 2.665274e-04
2.294168e-01 2.300888e-04 2.673120e-04
2.296876e-01 -1.410302e-04 2.700326e-04
2.299584e-01 4.832409e-04 2.752906e-04
2.302293e-01 1.369193e-04 2.749637e-04
2.305001e-01 4.570112e-04 2.802544e-04
2.307709e-01 4.937798e-04 2.820056e-04
2.310417e-01 4.002601e-04 2.816593e-04
2.313125e-01 -5.690008e-05 2.853225e-04
2.315833e-01 4.969910e-05 2.849556e-04
2.318541e-01 -4.744902e-05 2.917059e-04
2.321250e-01 4.323013e-04 2.918669e-04
2.323958e-01 1.131389e-04 2.928129e-04
2.326666e-01 1.716297e-04 2.949519e-04
2.329374e-01 3.128592e-04 2.969441e-04
2.332082e-01 -3.211405e-04 3.007268e-04
2.334790e-01 5.214904e-04 3.012911e-04
2.337498e-01 2.683103e-04 3.081126e-04
2.340207e-01 -2.812687e-04 3.083791e-04
2.342915e-01 -9.047054e-05 3.098847e-04
2.345623e-01 2.990402e-04 3.113568e-04
2.348331e-01 -3.121980e-05 3.169084e-04
2.351039e-01 -5.625933e-05 3.160078e-04
2.353747e-01 3.274903e-04 3.205590e-04
2.356455e-01 -2.810117e-04 3.220420e-04
2.359163e-01 7.075705e-04 3.301780e-04
2.361872e-01 1.543406e-04 3.298095e-04
2.364580e-01 8.324403e-04 3.356407e-04
2.367288e-01 1.195073e-05 3.303538e-04
2.369996e-01 -8.833036e-05 3.343537e-04
2.372704e-01 3.014989e-04 3.433023e-04
2.375412e-01 3.796071e-05 3.436098e-04
2.378121e-01 -8.461066e-05 3.494070e-04
2.380829e-01 3.947094e-04 3.446659e-04
2.383537e-01 -1.608506e-04 3.498150e-04
2.386245e-01 -3.781803e-04 3.572762e-04
2.388953e-01 2.047494e-04 3.581741e-04
2.391661e-01 3.350209e-04 3.657737e-04
2.394369e-01 2.552215e-04 3.654753e-04
2.397078e-01 -3.678594e-04 3.693612e-04
2.399786e-01 4.350208e-04 3.681376e-04
2.402494e-01 -1.227297e-04 3.763345e-04
2.405202e-01 7.101595e-04 3.759615e-04
2.407910e-01 -7.191673e-06 3.840256e-04
2.410618e-01 -4.450995e-04 3.810134e-04
2.413326e-01 3.967397e-04 3.899781e-04
2.416034e-01 -2.743993e-04 3.897340e-04
2.418743e-01 1.683999e-04 4.056639e-04
2.421451e-01 -1.003407e-04 4.079363e-04
2.424159e-01 -4.817694e-04 4.134512e-04
2.426867e-01 -6.296188e-04 4.104352e-04
2.429575e-01 1.956709e-04 4.244665e-04
2.432283e-01 -3.527850e-05 4.274886e-04
2.434992e-01 6.967783e-04 4.183221e-04
2.437700e-01 3.853999e-04 4.285228e-04
2.440408e-01 -2.859998e-04 4.438076e-04
2.443116e-01 -2.903193e-04 4.582479e-04
2.445824e-01 -3.069807e-04 4.531008e-04
2.448532e-01 -2.202913e-04 4.533324e-04
2.451240e-01 2.177898e-04 4.627247e-04
2.453949e-01 -5.153995e-04 4.690742e-04
2.456657e-01 -1.756605e-04 4.792977e-04
2.459365e-01 9.511709e-04 4.882318e-04
2.462073e-01 -1.120307e-04 4.821168e-04
2.464781e-01 6.287284e-04 4.962369e-04
2.467489e-01 2.435911e-04 5.057362e-04
2.470197e-01 3.334805e-04 5.148734e-04
2.472906e-01 2.559703e-04 5.141182e-04
2.475614e-01 7.142704e-04 5.355815e-04
2.478322e-01 -1.232512e-04 5.551516e-04
2.481030e-01 -3.336407e-04 5.372811e-04
2.483738e-01 -4.358608e-04 5.558632e-04
2.486446e-01 4.151501e-04 5.772139e-04
2.489154e-01 -1.526996e-04 5.970311e-04
2.491863e-01 4.487298e-04 5.911692e-04
2.494571e-01 8.878913e-04 6.034104e-04
2.497279e-01 -8.929595e-04 6.182473e-04
2.499987e-01 6.528571e-06 6.473282e-04
2.502695e-01 1.802890e-03 6.383458e-04
2.505403e-01 6.039701e-04 6.635458e-04
2.508111e-01 4.957896e-04 6.907578e-04
2.510819e-01 -6.718989e-04 7.218964e-04
2.513528e-01 -1.499094e-04 6.924147e-04
2.516236e-01 -5.840585e-04 7.390568e-04
2.518944e-01 8.137710e-04 7.615985e-04
2.521652e-01 -1.196004e-05 8.201676e-04
2.524360e-01 -6.189570e-06 8.011578e-04
2.527068e-01 2.140261e-03 7.933365e-04
2.529776e-01 1.580350e-03 8.685262e-04
2.532485e-01 -1.464101e-03 8.936383e-04
2.535193e-01 5.014054e-05 9.007267e-04
2.537901e-01 -3.904402e-04 8.985439e-04
2.540609e-01 9.114388e-04 9.303103e-04
2.543317e-01 2.114605e-04 9.560836e-04
2.546025e-01 -3.273971e-05 1.007094e-03
2.548733e-01 1.946351e-03 9.998209e-04
2.551441e-01 -4.443005e-04 1.042494e-03
2.554150e-01 -7.544197e-04 1.120091e-03
2.556858e-01 -1.704805e-04 1.110289e-03
2.559566e-01 -1.221230e-03 1.394560e-03
2.562274e-01 1.354739e-03 1.341189e-03
2.564982e-01 2.287991e-03 1.424173e-03
2.567690e-01 7.579196e-04 1.553928e-03
2.570398e-01 -1.164690e-03 1.775459e-03
2.573107e-01 -8.480623e-06 1.843272e-03
2.575815e-01 2.004020e-05 2.581854e-03
2.578523e-01 8.161999e-04 3.175392e-03
2.581231e-01 6.676299e-03 4.069045e-03
