3.286826e-03 8.224333e+00 0.000000e+00
3.557641e-03 9.994726e+00 1.214240e-01
3.828455e-03 1.004989e+01 7.020595e-02
4.099269e-03 9.910826e+00 5.468155e-02
4.370084e-03 9.678203e+00 4.267088e-02
4.640898e-03 9.462123e+00 3.355883e-02
4.911712e-03 9.204814e+00 2.866287e-02
5.182527e-03 8.991068e+00 2.474669e-02
5.453341e-03 8.799861e+00 2.309340e-02
5.724155e-03 8.594259e+00 2.013352e-02
5.994970e-03 8.395307e+00 1.768345e-02
6.265784e-03 8.153843e+00 1.681303e-02
6.536598e-03 7.954117e+00 1.480106e-02
6.807412e-03 7.715126e+00 1.433230e-02
7.078227e-03 7.489453e+00 1.372245e-02
7.349041e-03 7.292390e+00 1.222977e-02
7.619855e-03 7.078432e+00 1.223868e-02
7.890671e-03 6.829875e+00 1.133097e-02
8.161485e-03 6.599296e+00 1.067438e-02
8.432299e-03 6.382201e+00 1.046876e-02
8.703114e-03 6.166467e+00 1.020394e-02
8.973928e-03 5.922736e+00 9.573512e-03
9.244742e-03 5.705789e+00 9.295929e-03
9.515557e-03 5.470070e+00 8.999655e-03
9.786371e-03 5.251586e+00 8.555427e-03
1.005718e-02 5.039182e+00 8.129397e-03
1.032800e-02 4.817524e+00 7.747938e-03
1.059881e-02 4.619368e+00 7.524814e-03
1.086963e-02 4.390064e+00 7.258024e-03
1.114044e-02 4.192529e+00 6.892531e-03
1.141126e-02 3.986589e+00 6.803784e-03
1.168207e-02 3.778652e+00 6.425081e-03
1.195289e-02 3.590311e+00 6.094402e-03
1.222370e-02 3.405739e+00 5.887544e-03
1.249451e-02 3.215608e+00 5.426020e-03
1.276533e-02 3.050502e+00 5.591166e-03
1.303614e-02 2.863677e+00 5.143991e-03
1.330696e-02 2.703679e+00 4.839117e-03
1.357777e-02 2.534003e+00 4.780643e-03
1.384859e-02 2.382267e+00 4.503181e-03
1.411940e-02 2.223513e+00 4.324763e-03
1.439021e-02 2.090120e+00 4.041851e-03
1.466103e-02 1.947520e+00 3.903673e-03
1.493184e-02 1.816908e+00 3.736146e-03
1.520266e-02 1.690656e+00 3.439728e-03
1.547347e-02 1.559954e+00 3.347182e-03
1.574429e-02 1.451771e+00 3.216981e-03
1.601510e-02 1.336529e+00 3.032552e-03
1.628591e-02 1.240002e+00 2.980244e-03
1.655673e-02 1.143213e+00 2.783558e-03
1.682754e-02 1.046906e+00 2.619048e-03
1.709836e-02 9.608439e-01 2.489622e-03
1.736917e-02 8.799967e-01 2.341515e-03
1.763999e-02 8.007674e-01 2.246941e-03
1.791080e-02 7.311278e-01 2.086564e-03
1.818161e-02 6.579791e-01 1.980964e-03
1.845243e-02 6.029654e-01 1.946078e-03
1.872324e-02 5.444208e-01 1.826185e-03
1.899406e-02 4.949331e-01 1.783353e-03
1.926487e-02 4.391761e-01 1.652927e-03
1.953569e-02 3.949750e-01 1.551367e-03
1.980650e-02 3.553990e-01 1.446898e-03
2.007731e-02 3.171396e-01 1.405099e-03
2.034813e-02 2.779161e-01 1.287217e-03
2.061894e-02 2.460395e-01 1.252797e-03
2.088976e-02 2.182183e-01 1.184244e-03
2.116057e-02 1.938007e-01 1.123528e-03
2.143139e-02 1.687863e-01 1.055142e-03
2.170220e-02 1.475580e-01 9.947457e-04
2.197302e-02 1.278299e-01 9.467589e-04
2.224383e-02 1.132263e-01 8.900047e-04
2.251465e-02 9.611943e-02 8.403876e-04
2.278546e-02 8.490030e-02 7.748704e-04
2.305627e-02 7.350523e-02 7.478427e-04
2.332709e-02 6.364900e-02 7.092671e-04
2.359790e-02 5.729789e-02 6.737444e-04
2.386872e-02 4.933154e-02 6.440451e-04
2.413953e-02 4.572573e-02 6.282522e-04
2.441034e-02 3.948050e-02 5.984384e-04
2.468116e-02 3.660953e-02 5.859587e-04
2.495197e-02 3.446272e-02 5.693003e-04
2.522279e-02 3.263878e-02 5.634150e-04
2.549360e-02 3.194836e-02 5.528754e-04
2.576442e-02 3.194928e-02 5.466175e-04
2.603523e-02 3.150243e-02 5.465205e-04
2.630604e-02 3.311153e-02 5.391102e-04
2.657686e-02 3.288668e-02 5.399642e-04
2.684767e-02 3.400752e-02 5.321987e-04
2.711849e-02 3.389422e-02 5.376046e-04
2.738930e-02 3.692771e-02 5.420319e-04
2.766012e-02 3.860760e-02 5.362795e-04
2.793093e-02 3.929438e-02 5.330071e-04
2.820175e-02 4.177108e-02 5.312673e-04
2.847256e-02 4.366550e-02 5.333981e-04
2.874337e-02 4.488024e-02 5.401854e-04
2.901419e-02 4.631996e-02 5.296231e-04
2.928500e-02 4.678853e-02 5.203822e-04
2.955582e-02 4.683334e-02 5.279789e-04
2.982663e-02 4.893876e-02 5.278482e-04
3.009745e-02 4.967405e-02 5.368758e-04
3.036826e-02 5.020502e-02 5.205135e-04
3.063907e-02 5.092934e-02 5.300513e-04
3.090989e-02 5.138442e-02 5.163333e-04
3.118070e-02 5.199027e-02 5.256253e-04
3.145152e-02 5.230378e-02 5.218983e-04
3.172233e-02 5.134277e-02 5.212207e-04
3.199315e-02 5.082558e-02 5.116051e-04
3.226396e-02 5.042921e-02 5.055309e-04
3.253478e-02 4.965441e-02 5.070998e-04
3.280559e-02 4.906808e-02 5.006591e-04
3.307641e-02 4.884026e-02 4.937531e-04
3.334722e-02 4.718998e-02 4.900046e-04
3.361803e-02 4.736371e-02 4.882180e-04
3.388885e-02 4.582553e-02 4.841098e-04
3.415966e-02 4.481377e-02 4.824820e-04
3.443048e-02 4.321796e-02 4.761993e-04
3.470129e-02 4.217472e-02 4.624291e-04
3.497211e-02 3.939052e-02 4.561488e-04
3.524292e-02 3.852316e-02 4.522483e-04
3.551374e-02 3.641834e-02 4.528990e-04
3.578455e-02 3.455835e-02 4.435838e-04
3.605536e-02 3.402100e-02 4.295161e-04
3.632618e-02 3.260229e-02 4.340863e-04
3.659699e-02 3.120165e-02 4.208745e-04
3.686780e-02 2.946012e-02 4.172449e-04
3.713862e-02 2.805735e-02 4.111544e-04
3.740944e-02 2.735215e-02 4.040399e-04
3.768025e-02 2.502821e-02 3.981970e-04
3.795106e-02 2.389376e-02 3.885322e-04
3.822188e-02 2.202775e-02 3.898681e-04
3.849269e-02 2.143939e-02 3.842954e-04
3.876351e-02 1.997570e-02 3.748908e-04
3.903432e-02 1.789779e-02 3.720171e-04
3.930514e-02 1.773215e-02 3.738429e-04
3.957595e-02 1.667000e-02 3.650126e-04
3.984676e-02 1.588662e-02 3.547842e-04
4.011758e-02 1.482925e-02 3.555290e-04
4.038839e-02 1.383250e-02 3.522736e-04
4.065921e-02 1.261589e-02 3.462118e-04
4.093002e-02 1.214728e-02 3.472870e-04
4.120084e-02 1.204669e-02 3.409777e-04
4.147165e-02 1.104533e-02 3.388947e-04
4.174246e-02 1.054581e-02 3.378213e-04
4.201328e-02 1.000437e-02 3.281379e-04
4.228409e-02 9.636389e-03 3.341360e-04
4.255491e-02 9.253578e-03 3.276763e-04
4.282572e-02 8.873999e-03 3.295795e-04
4.309653e-02 8.687099e-03 3.211825e-04
4.336735e-02 8.319272e-03 3.179099e-04
4.363817e-02 8.373080e-03 3.182701e-04
4.390898e-02 8.440400e-03 3.170018e-04
4.417979e-02 7.419711e-03 3.168276e-04
4.445061e-02 7.606871e-03 3.119189e-04
4.472142e-02 7.642681e-03 3.110861e-04
4.499224e-02 7.609431e-03 3.106044e-04
4.526305e-02 7.379672e-03 3.086144e-04
4.553387e-02 7.368840e-03 3.111254e-04
4.580468e-02 7.678522e-03 3.101187e-04
4.607549e-02 7.853242e-03 3.067765e-04
4.634631e-02 7.534189e-03 3.066582e-04
4.661712e-02 7.491380e-03 3.076304e-04
4.688794e-02 7.121349e-03 3.034278e-04
4.715875e-02 7.339230e-03 3.031507e-04
4.742957e-02 7.431589e-03 2.992939e-04
4.770038e-02 8.121289e-03 3.006392e-04
4.797119e-02 7.663980e-03 3.016525e-04
4.824201e-02 7.635280e-03 2.983573e-04
4.851282e-02 8.038821e-03 3.024299e-04
4.878364e-02 7.751381e-03 2.955315e-04
4.905445e-02 8.419760e-03 2.967233e-04
4.932526e-02 7.949721e-03 2.974701e-04
4.959608e-02 7.389721e-03 2.956411e-04
4.986690e-02 7.221870e-03 2.943991e-04
5.013771e-02 7.117551e-03 2.900774e-04
5.040852e-02 7.268609e-03 2.893487e-04
5.067934e-02 7.427121e-03 2.911736e-04
5.095015e-02 6.940220e-03 2.878077e-04
5.122096e-02 7.165801e-03 2.882752e-04
5.149178e-02 7.185560e-03 2.877752e-04
5.176260e-02 7.674109e-03 2.889078e-04
5.203341e-02 6.726999e-03 2.870907e-04
5.230422e-02 6.787559e-03 2.820723e-04
5.257504e-02 7.302081e-03 2.835108e-04
5.284585e-02 6.837342e-03 2.846824e-04
5.311667e-02 6.547080e-03 2.799609e-04
5.338748e-02 6.435579e-03 2.865489e-04
5.365830e-02 6.507821e-03 2.814661e-04
5.392911e-02 5.449690e-03 2.832038e-04
5.419992e-02 6.465511e-03 2.850851e-04
5.447074e-02 6.153740e-03 2.834634e-04
5.474155e-02 5.448010e-03 2.865381e-04
5.501237e-02 5.449861e-03 2.885671e-04
5.528318e-02 5.809631e-03 2.929278e-04
5.555400e-02 5.797949e-03 2.971376e-04
5.582481e-02 5.175330e-03 2.937190e-04
5.609563e-02 5.364761e-03 2.975539e-04
5.636644e-02 5.436491e-03 2.965689e-04
5.663725e-02 5.190352e-03 2.995123e-04
5.690807e-02 4.591759e-03 2.983160e-04
5.717888e-02 4.611822e-03 2.963012e-04
5.744969e-02 4.896542e-03 3.013841e-04
5.772051e-02 4.997659e-03 2.990467e-04
5.799133e-02 4.317630e-03 2.963130e-04
5.826214e-02 4.532341e-03 3.023815e-04
5.853295e-02 4.151391e-03 2.996859e-04
5.880377e-02 4.005581e-03 3.005318e-04
5.907458e-02 4.218241e-03 2.991799e-04
5.934540e-02 3.584841e-03 2.985250e-04
5.961621e-02 3.817780e-03 3.018981e-04
5.988703e-02 3.571741e-03 2.995609e-04
6.015784e-02 3.740059e-03 3.006570e-04
6.042865e-02 3.388811e-03 2.971910e-04
6.069947e-02 3.253222e-03 2.926723e-04
6.097028e-02 3.341930e-03 2.941154e-04
6.124110e-02 3.763901e-03 2.912908e-04
6.151191e-02 3.397562e-03 2.904240e-04
6.178273e-02 2.886290e-03 2.884082e-04
6.205354e-02 2.930790e-03 2.848962e-04
6.232436e-02 2.678150e-03 2.882644e-04
6.259517e-02 3.027622e-03 2.836388e-04
6.286598e-02 2.748020e-03 2.824929e-04
6.313679e-02 3.108639e-03 2.844693e-04
6.340761e-02 2.955688e-03 2.802882e-04
6.367842e-02 2.722789e-03 2.835120e-04
6.394923e-02 2.710817e-03 2.783593e-04
6.422005e-02 2.775252e-03 2.818940e-04
6.449086e-02 2.827860e-03 2.817647e-04
6.476168e-02 2.397051e-03 2.760082e-04
6.503250e-02 2.683781e-03 2.801104e-04
6.530331e-02 2.715249e-03 2.804093e-04
6.557412e-02 3.113842e-03 2.766176e-04
6.584494e-02 2.947800e-03 2.790432e-04
6.611575e-02 2.289459e-03 2.775165e-04
6.638657e-02 2.767472e-03 2.778980e-04
6.665738e-02 3.005631e-03 2.759886e-04
6.692819e-02 2.638070e-03 2.757021e-04
6.719901e-02 2.542481e-03 2.730987e-04
6.746982e-02 2.435518e-03 2.754204e-04
6.774063e-02 2.329780e-03 2.767710e-04
6.801146e-02 2.763620e-03 2.726702e-04
6.828227e-02 2.433499e-03 2.741503e-04
6.855308e-02 2.434218e-03 2.754054e-04
6.882390e-02 2.507759e-03 2.727252e-04
6.909471e-02 2.786810e-03 2.720478e-04
6.936552e-02 2.611460e-03 2.683417e-04
6.963634e-02 2.442451e-03 2.700458e-04
6.990715e-02 2.192371e-03 2.718004e-04
7.017796e-02 2.162520e-03 2.702644e-04
7.044878e-02 2.291190e-03 2.692461e-04
7.071959e-02 2.352601e-03 2.677687e-04
7.099041e-02 2.598429e-03 2.714508e-04
7.126123e-02 2.198469e-03 2.670521e-04
7.153204e-02 2.413930e-03 2.655177e-04
7.180285e-02 2.266519e-03 2.665064e-04
7.207367e-02 1.929598e-03 2.670092e-04
7.234448e-02 2.589650e-03 2.655679e-04
7.261530e-02 2.482589e-03 2.678278e-04
7.288611e-02 2.557658e-03 2.635424e-04
7.315692e-02 2.245180e-03 2.664657e-04
7.342774e-02 2.767969e-03 2.634447e-04
7.369855e-02 2.488749e-03 2.636600e-04
7.396936e-02 1.784779e-03 2.607628e-04
7.424019e-02 2.352560e-03 2.646794e-04
7.451100e-02 2.144089e-03 2.617229e-04
7.478181e-02 1.787521e-03 2.601191e-04
7.505263e-02 2.050478e-03 2.613604e-04
7.532344e-02 2.258459e-03 2.649176e-04
7.559425e-02 1.732320e-03 2.595822e-04
7.586507e-02 2.063259e-03 2.618953e-04
7.613588e-02 1.915550e-03 2.596308e-04
7.640669e-02 1.835441e-03 2.601675e-04
7.667751e-02 2.195060e-03 2.602787e-04
7.694832e-02 1.895569e-03 2.581474e-04
7.721914e-02 1.591081e-03 2.579813e-04
7.748996e-02 1.987189e-03 2.613436e-04
7.776077e-02 2.094811e-03 2.584541e-04
7.803158e-02 1.829071e-03 2.608162e-04
7.830240e-02 1.557000e-03 2.567702e-04
7.857321e-02 1.918329e-03 2.577437e-04
7.884403e-02 2.115071e-03 2.577769e-04
7.911484e-02 1.859341e-03 2.509232e-04
7.938565e-02 1.689540e-03 2.572667e-04
7.965647e-02 1.116531e-03 2.513744e-04
7.992728e-02 1.506548e-03 2.532208e-04
8.019809e-02 1.625219e-03 2.529118e-04
8.046892e-02 1.457650e-03 2.524610e-04
8.073973e-02 1.552681e-03 2.539651e-04
8.101054e-02 1.895690e-03 2.513063e-04
8.128136e-02 1.672959e-03 2.523768e-04
8.155217e-02 1.291020e-03 2.517831e-04
8.182298e-02 1.598520e-03 2.518877e-04
8.209380e-02 1.341909e-03 2.479644e-04
8.236461e-02 1.754919e-03 2.507849e-04
8.263543e-02 1.238190e-03 2.502532e-04
8.290624e-02 1.582701e-03 2.517618e-04
8.317705e-02 1.514761e-03 2.480654e-04
8.344787e-02 1.245070e-03 2.504744e-04
8.371869e-02 2.163960e-03 2.494504e-04
8.398950e-02 1.493460e-03 2.478086e-04
8.426031e-02 1.519900e-03 2.491669e-04
8.453113e-02 1.279790e-03 2.472920e-04
8.480194e-02 1.076231e-03 2.465206e-04
8.507276e-02 9.164494e-04 2.483232e-04
8.534357e-02 1.530791e-03 2.460796e-04
8.561438e-02 1.496039e-03 2.452432e-04
8.588520e-02 1.503490e-03 2.436551e-04
8.615601e-02 1.571780e-03 2.466148e-04
8.642682e-02 1.236120e-03 2.457562e-04
8.669765e-02 1.491560e-03 2.442202e-04
8.696846e-02 1.161559e-03 2.431370e-04
8.723927e-02 1.336278e-03 2.440229e-04
8.751009e-02 1.685180e-03 2.425733e-04
8.778090e-02 1.486780e-03 2.419280e-04
8.805171e-02 1.653859e-03 2.437031e-04
8.832253e-02 1.587829e-03 2.415613e-04
8.859334e-02 1.265850e-03 2.436594e-04
8.886416e-02 1.214059e-03 2.419995e-04
8.913497e-02 1.460711e-03 2.405291e-04
8.940578e-02 1.505790e-03 2.416922e-04
8.967660e-02 1.171870e-03 2.395309e-04
8.994742e-02 1.473000e-03 2.414172e-04
9.021823e-02 1.167350e-03 2.387919e-04
9.048904e-02 1.428390e-03 2.397224e-04
9.075986e-02 1.392061e-03 2.420765e-04
9.103067e-02 1.224229e-03 2.385021e-04
9.130149e-02 1.506809e-03 2.392486e-04
9.157230e-02 1.300760e-03 2.386168e-04
9.184311e-02 1.493059e-03 2.416922e-04
9.211393e-02 1.037700e-03 2.387478e-04
9.238474e-02 1.294360e-03 2.377593e-04
9.265555e-02 1.253750e-03 2.371805e-04
9.292637e-02 9.621400e-04 2.347062e-04
9.319719e-02 1.423750e-03 2.368233e-04
9.346800e-02 1.161909e-03 2.367522e-04
9.373882e-02 1.146991e-03 2.382838e-04
9.400963e-02 1.141710e-03 2.370705e-04
9.428044e-02 7.734001e-04 2.359162e-04
9.455126e-02 8.254293e-04 2.352242e-04
9.482207e-02 9.022485e-04 2.335007e-04
9.509289e-02 1.291020e-03 2.347481e-04
9.536370e-02 1.204910e-03 2.374235e-04
9.563451e-02 9.574797e-04 2.337352e-04
9.590533e-02 1.648540e-03 2.377377e-04
9.617615e-02 1.263531e-03 2.335072e-04
9.644696e-02 1.267191e-03 2.341589e-04
9.671777e-02 9.501707e-04 2.336563e-04
9.698859e-02 1.523249e-03 2.330687e-04
9.725940e-02 1.285460e-03 2.334899e-04
9.753022e-02 8.032303e-04 2.323103e-04
9.780103e-02 1.007261e-03 2.354038e-04
9.807184e-02 1.127681e-03 2.300334e-04
9.834266e-02 7.474497e-04 2.306090e-04
9.861347e-02 1.541110e-03 2.328605e-04
9.888428e-02 9.200294e-04 2.285651e-04
9.915510e-02 8.792598e-04 2.334424e-04
9.942592e-02 1.010031e-03 2.295432e-04
9.969673e-02 1.028940e-03 2.303642e-04
9.996755e-02 7.732399e-04 2.288153e-04
1.002384e-01 1.235181e-03 2.290213e-04
1.005092e-01 1.261821e-03 2.328576e-04
1.007800e-01 4.242696e-04 2.285149e-04
1.010508e-01 1.072781e-03 2.287004e-04
1.013216e-01 8.644499e-04 2.270330e-04
1.015924e-01 7.711593e-04 2.281115e-04
1.018632e-01 8.608196e-04 2.287095e-04
1.021341e-01 1.143480e-03 2.277363e-04
1.024049e-01 2.850294e-04 2.291684e-04
1.026757e-01 1.012869e-03 2.264646e-04
1.029465e-01 9.839199e-04 2.262483e-04
1.032173e-01 5.645808e-04 2.261274e-04
1.034881e-01 9.369105e-04 2.238191e-04
1.037589e-01 1.021519e-03 2.245506e-04
1.040298e-01 9.608492e-04 2.226796e-04
1.043006e-01 6.842688e-04 2.260237e-04
1.045714e-01 9.951200e-04 2.256860e-04
1.048422e-01 8.931309e-04 2.254836e-04
1.051130e-01 1.233770e-03 2.256468e-04
1.053838e-01 9.025391e-04 2.269542e-04
1.056546e-01 6.020106e-04 2.244352e-04
1.059255e-01 9.654984e-04 2.236554e-04
1.061963e-01 7.377211e-04 2.236289e-04
1.064671e-01 1.168869e-03 2.232014e-04
1.067379e-01 8.248799e-04 2.243560e-04
1.070087e-01 8.900501e-04 2.273604e-04
1.072795e-01 6.882586e-04 2.220927e-04
1.075503e-01 1.004100e-03 2.238886e-04
1.078212e-01 9.313710e-04 2.228445e-04
1.080920e-01 1.057740e-03 2.221695e-04
1.083628e-01 7.780995e-04 2.221555e-04
1.086336e-01 8.452907e-04 2.202164e-04
1.089044e-01 4.974902e-04 2.228501e-04
1.091752e-01 9.686202e-04 2.214359e-04
1.094460e-01 1.156881e-03 2.202868e-04
1.097169e-01 7.949900e-04 2.220661e-04
1.099877e-01 8.444507e-04 2.194745e-04
1.102585e-01 9.427313e-04 2.206418e-04
1.105293e-01 9.845998e-04 2.231743e-04
1.108001e-01 6.361809e-04 2.268439e-04
1.110709e-01 3.817398e-04 2.285492e-04
1.113417e-01 1.070809e-03 2.258063e-04
1.116126e-01 6.677490e-04 2.289899e-04
1.118834e-01 6.975699e-04 2.276249e-04
1.121542e-01 4.067700e-04 2.294457e-04
1.124250e-01 3.780201e-04 2.338886e-04
1.126958e-01 6.434694e-04 2.311923e-04
1.129666e-01 5.538613e-04 2.345862e-04
1.132374e-01 6.135497e-04 2.397276e-04
1.135083e-01 1.024580e-03 2.432264e-04
1.137791e-01 7.617399e-04 2.396803e-04
1.140499e-01 4.405100e-04 2.391064e-04
1.143207e-01 6.176811e-04 2.427909e-04
1.145915e-01 5.770810e-04 2.450603e-04
1.148623e-01 8.875895e-04 2.471890e-04
1.151332e-01 4.256014e-04 2.452437e-04
1.154040e-01 3.610495e-04 2.499796e-04
1.156748e-01 7.897094e-04 2.497114e-04
1.159456e-01 9.215605e-04 2.516826e-04
1.162164e-01 8.127391e-04 2.520948e-04
1.164872e-01 4.461501e-04 2.520791e-04
1.167580e-01 4.303493e-04 2.576570e-04
1.170288e-01 3.553592e-04 2.558932e-04
1.172997e-01 7.495992e-04 2.600508e-04
1.175705e-01 1.174230e-03 2.577710e-04
1.178413e-01 7.902589e-04 2.582226e-04
1.181121e-01 1.638997e-04 2.563412e-04
1.183829e-01 5.308203e-04 2.526684e-04
1.186537e-01 3.771093e-04 2.501749e-04
1.189246e-01 8.278899e-04 2.519067e-04
1.191954e-01 2.510697e-04 2.494783e-04
1.194662e-01 3.455505e-04 2.515749e-04
1.197370e-01 4.175398e-04 2.479041e-04
1.200078e-01 5.233213e-04 2.488339e-04
1.202786e-01 6.115399e-04 2.472708e-04
1.205494e-01 2.311505e-04 2.479905e-04
1.208202e-01 4.350096e-04 2.504959e-04
1.210911e-01 6.851498e-04 2.472039e-04
1.213619e-01 7.443000e-04 2.490359e-04
1.216327e-01 8.762404e-04 2.481959e-04
1.219035e-01 3.914814e-04 2.482354e-04
1.221743e-01 1.171850e-03 2.495557e-04
1.224451e-01 4.583914e-04 2.497364e-04
1.227160e-01 2.862196e-04 2.495025e-04
1.229868e-01 3.767796e-04 2.459304e-04
1.232576e-01 5.680993e-04 2.476455e-04
1.235284e-01 3.409795e-04 2.497880e-04
1.237992e-01 1.078410e-03 2.488245e-04
1.240700e-01 4.552901e-04 2.483484e-04
1.243408e-01 3.371798e-04 2.473329e-04
1.246117e-01 1.260806e-04 2.448439e-04
1.248825e-01 1.176987e-04 2.470961e-04
1.251533e-01 1.966599e-04 2.463840e-04
1.254241e-01 2.228189e-04 2.464041e-04
1.256949e-01 2.290290e-04 2.427276e-04
1.259657e-01 5.758200e-04 2.446243e-04
1.262365e-01 6.083082e-04 2.464300e-04
1.265074e-01 4.843902e-04 2.433639e-04
1.267782e-01 8.935090e-04 2.457147e-04
1.270490e-01 5.016308e-04 2.423526e-04
1.273198e-01 5.551707e-04 2.441232e-04
1.275906e-01 6.088410e-04 2.428808e-04
1.278614e-01 7.313807e-04 2.408606e-04
1.281322e-01 7.375702e-04 2.420550e-04
1.284031e-01 4.801415e-04 2.421536e-04
1.286739e-01 4.313905e-04 2.418534e-04
1.289447e-01 7.385314e-04 2.409607e-04
1.292155e-01 6.715786e-04 2.435682e-04
1.294863e-01 3.052205e-04 2.400960e-04
1.297571e-01 5.245004e-04 2.419246e-04
1.300279e-01 2.106782e-04 2.386059e-04
1.302988e-01 5.366299e-04 2.416545e-04
1.305696e-01 3.341809e-04 2.407072e-04
1.308404e-01 4.869606e-04 2.403584e-04
1.311112e-01 3.478508e-04 2.406242e-04
1.313820e-01 7.935893e-04 2.408601e-04
1.316528e-01 9.058695e-04 2.424241e-04
1.319236e-01 6.211083e-04 2.391252e-04
1.321945e-01 4.049484e-04 2.381968e-04
1.324653e-01 1.145601e-04 2.380613e-04
1.327361e-01 8.055605e-04 2.400198e-04
1.330069e-01 5.391203e-04 2.385726e-04
1.332777e-01 6.987993e-04 2.377644e-04
1.335485e-01 8.345302e-04 2.375869e-04
1.338193e-01 6.311387e-04 2.401695e-04
1.340902e-01 3.058501e-04 2.353762e-04
1.343610e-01 -7.082894e-05 2.399982e-04
1.346318e-01 8.672792e-04 2.388098e-04
1.349026e-01 4.229099e-04 2.360007e-04
1.351734e-01 5.399995e-05 2.387126e-04
1.354442e-01 4.216116e-04 2.357887e-04
1.357151e-01 4.071090e-04 2.403273e-04
1.359859e-01 4.378594e-04 2.364142e-04
1.362567e-01 -1.183189e-04 2.353599e-04
1.365275e-01 4.076902e-04 2.348837e-04
1.367983e-01 5.224310e-04 2.347582e-04
1.370691e-01 3.919601e-04 2.373823e-04
1.373399e-01 5.280301e-04 2.388977e-04
1.376107e-01 3.613196e-04 2.416325e-04
1.378816e-01 2.567004e-04 2.470504e-04
1.381524e-01 8.655153e-05 2.426886e-04
1.384232e-01 -2.208110e-04 2.477607e-04
1.386940e-01 6.200504e-04 2.464255e-04
1.389648e-01 6.161910e-04 2.500277e-04
1.392356e-01 5.169809e-04 2.532853e-04
1.395064e-01 2.864990e-04 2.524330e-04
1.397773e-01 9.579603e-04 2.543903e-04
1.400481e-01 9.281896e-04 2.539007e-04
1.403189e-01 6.221104e-04 2.560764e-04
1.405897e-01 4.051402e-04 2.572683e-04
1.408605e-01 3.906302e-04 2.573472e-04
1.411313e-01 8.681901e-04 2.579808e-04
1.414021e-01 3.981590e-04 2.574110e-04
1.416730e-01 5.869307e-04 2.614401e-04
1.419438e-01 -8.313917e-05 2.598293e-04
1.422146e-01 3.803894e-04 2.619989e-04
1.424854e-01 7.424876e-05 2.595400e-04
1.427562e-01 -1.236983e-05 2.599443e-04
1.430270e-01 5.538184e-04 2.606794e-04
1.432979e-01 1.424085e-04 2.593411e-04
1.435687e-01 4.817899e-04 2.628562e-04
1.438395e-01 4.242305e-04 2.633503e-04
1.441103e-01 4.596803e-04 2.631188e-04
1.443811e-01 1.830589e-04 2.653752e-04
1.446519e-01 6.268919e-05 2.671589e-04
1.449227e-01 1.398306e-04 2.637118e-04
1.451935e-01 2.014693e-04 2.634421e-04
1.454644e-01 5.596895e-04 2.687910e-04
1.457352e-01 5.118307e-04 2.695809e-04
1.460060e-01 4.681200e-04 2.675324e-04
1.462768e-01 1.792982e-05 2.719535e-04
1.465476e-01 1.744498e-04 2.673742e-04
1.468184e-01 1.482200e-04 2.733333e-04
1.470892e-01 -4.965607e-04 2.715531e-04
1.473601e-01 5.702898e-04 2.712710e-04
1.476309e-01 6.019901e-04 2.709881e-04
1.479017e-01 5.660001e-04 2.730817e-04
1.481725e-01 8.460302e-04 2.726978e-04
1.484433e-01 3.818981e-05 2.700518e-04
1.487141e-01 3.845394e-04 2.708662e-04
1.489850e-01 4.463010e-04 2.714509e-04
1.492558e-01 5.540997e-04 2.695309e-04
1.495266e-01 5.491395e-04 2.718789e-04
1.497974e-01 4.050005e-04 2.690519e-04
1.500682e-01 4.548002e-04 2.704794e-04
1.503390e-01 5.859490e-04 2.707443e-04
1.506098e-01 2.508983e-04 2.681833e-04
1.508806e-01 7.655099e-05 2.692951e-04
1.511515e-01 5.541500e-04 2.688454e-04
1.514223e-01 3.235806e-04 2.726327e-04
1.516931e-01 9.747706e-04 2.706747e-04
1.519639e-01 5.700067e-05 2.670999e-04
1.522347e-01 8.854084e-05 2.694781e-04
1.525055e-01 2.751090e-04 2.697732e-04
1.527763e-01 3.900416e-04 2.741023e-04
1.530472e-01 2.085995e-04 2.687747e-04
1.533180e-01 1.203697e-04 2.703611e-04
1.535888e-01 6.927401e-04 2.707343e-04
1.538596e-01 4.656501e-04 2.696962e-04
1.541304e-01 4.855096e-04 2.706267e-04
1.544012e-01 1.207404e-04 2.689975e-04
1.546721e-01 7.504709e-04 2.710155e-04
1.549429e-01 8.845888e-04 2.731918e-04
1.552137e-01 2.409797e-04 2.711201e-04
1.554845e-01 4.713982e-05 2.683935e-04
1.557553e-01 2.151504e-04 2.738902e-04
1.560261e-01 2.358593e-04 2.736335e-04
1.562969e-01 5.849097e-04 2.720017e-04
1.565678e-01 6.910898e-04 2.704590e-04
1.568386e-01 5.144998e-04 2.720553e-04
1.571094e-01 2.660900e-04 2.736450e-04
1.573802e-01 -7.546134e-05 2.712915e-04
1.576510e-01 -1.767501e-04 2.684215e-04
1.579218e-01 1.593512e-04 2.730778e-04
1.581926e-01 3.790297e-04 2.731814e-04
1.584634e-01 2.246164e-05 2.693464e-04
1.587343e-01 5.466715e-04 2.694211e-04
1.590051e-01 2.441704e-04 2.679513e-04
1.592759e-01 8.018203e-04 2.704358e-04
1.595467e-01 4.908815e-04 2.721232e-04
1.598175e-01 4.187692e-04 2.713905e-04
1.600883e-01 -9.011850e-05 2.674379e-04
1.603591e-01 5.802717e-04 2.693331e-04
1.606300e-01 4.861299e-04 2.695918e-04
1.609008e-01 1.486409e-04 2.684070e-04
1.611716e-01 5.573593e-04 2.704956e-04
1.614424e-01 5.732700e-04 2.702032e-04
1.617132e-01 2.221707e-04 2.684777e-04
1.619840e-01 8.131098e-04 2.694586e-04
1.622549e-01 2.180990e-04 2.684478e-04
1.625257e-01 4.507098e-04 2.683844e-04
1.627965e-01 2.417807e-04 2.669814e-04
1.630673e-01 3.634486e-04 2.665884e-04
1.633381e-01 2.122689e-04 2.676245e-04
1.636089e-01 7.915515e-04 2.691929e-04
1.638797e-01 4.000496e-04 2.712055e-04
1.641506e-01 2.845004e-04 2.702070e-04
1.644214e-01 6.439164e-06 2.662696e-04
1.646922e-01 3.019590e-04 2.676236e-04
1.649630e-01 4.011095e-04 2.672892e-04
1.652338e-01 -1.074001e-05 2.718864e-04
1.655046e-01 5.249605e-04 2.707470e-04
1.657754e-01 -3.114156e-05 2.670281e-04
1.660462e-01 5.958192e-04 2.714434e-04
1.663171e-01 5.530007e-05 2.678106e-04
1.665879e-01 6.682705e-04 2.706976e-04
1.668587e-01 5.416907e-04 2.695085e-04
1.671295e-01 3.923699e-04 2.729584e-04
1.674003e-01 4.967190e-04 2.697271e-04
1.676711e-01 8.492917e-05 2.755656e-04
1.679420e-01 5.266108e-04 2.833515e-04
1.682128e-01 4.483201e-04 2.859468e-04
1.684836e-01 3.991984e-04 2.884885e-04
1.687544e-01 7.767901e-04 2.914346e-04
1.690252e-01 5.107690e-04 2.947782e-04
1.692960e-01 8.868501e-04 2.941530e-04
1.695668e-01 2.641231e-06 2.977463e-04
1.698377e-01 -1.292191e-04 3.010183e-04
1.701085e-01 5.511511e-04 3.055240e-04
1.703793e-01 6.333217e-04 3.043668e-04
1.706501e-01 7.555094e-04 3.036158e-04
1.709209e-01 2.973117e-04 3.105979e-04
1.711917e-01 -2.601109e-04 3.093765e-04
1.714625e-01 9.359978e-05 3.112472e-04
1.717333e-01 4.777610e-04 3.158841e-04
1.720042e-01 5.901977e-05 3.155708e-04
1.722750e-01 7.664189e-04 3.239841e-04
1.725458e-01 -2.747960e-05 3.213221e-04
1.728166e-01 1.465769e-03 3.263656e-04
1.730874e-01 4.938915e-04 3.255055e-04
1.733582e-01 1.533497e-04 3.266603e-04
1.736291e-01 1.298692e-04 3.308392e-04
1.738999e-01 4.104003e-04 3.329716e-04
1.741707e-01 1.932196e-04 3.377857e-04
1.744415e-01 4.961696e-04 3.341580e-04
1.747123e-01 3.246386e-04 3.411800e-04
1.749831e-01 4.940610e-04 3.266384e-04
1.752539e-01 1.146849e-03 3.156220e-04
1.755248e-01 -1.648292e-04 3.141405e-04
1.757956e-01 6.731097e-04 3.150486e-04
1.760664e-01 -3.697909e-05 3.133817e-04
1.763372e-01 5.769096e-04 3.142742e-04
1.766080e-01 1.122249e-03 3.172506e-04
1.768788e-01 6.964896e-04 3.141623e-04
1.771496e-01 7.438399e-04 3.080928e-04
1.774205e-01 1.115687e-04 3.064847e-04
1.776913e-01 -1.468696e-04 3.059721e-04
1.779621e-01 4.806407e-04 3.052514e-04
1.782329e-01 1.960993e-05 3.036405e-04
1.785037e-01 3.419612e-04 2.987075e-04
1.787745e-01 5.699396e-04 3.049842e-04
1.790453e-01 2.432093e-04 3.010851e-04
1.793161e-01 3.826190e-04 2.986544e-04
1.795870e-01 1.992304e-04 2.993030e-04
1.798578e-01 3.145412e-04 2.949295e-04
1.801286e-01 -2.255812e-04 2.980924e-04
1.803994e-01 7.607974e-05 2.923056e-04
1.806702e-01 3.702305e-04 2.935054e-04
1.809410e-01 -2.850704e-04 2.940556e-04
1.812119e-01 1.462400e-04 2.950845e-04
1.814827e-01 -1.226310e-04 2.951062e-04
1.817535e-01 5.070399e-04 2.915504e-04
1.820243e-01 1.233891e-04 2.920641e-04
1.822951e-01 3.358908e-04 2.907988e-04
1.825659e-01 5.452801e-04 2.902810e-04
1.828367e-01 9.072106e-04 2.959335e-04
1.831076e-01 2.218988e-04 2.901902e-04
1.833784e-01 2.930202e-04 2.932181e-04
1.836492e-01 1.287311e-04 2.870836e-04
1.839200e-01 8.996017e-05 2.918977e-04
1.841908e-01 4.007202e-04 2.936937e-04
1.844616e-01 4.639998e-04 2.891492e-04
1.847324e-01 7.124394e-04 2.962538e-04
1.850033e-01 3.312100e-04 2.884050e-04
1.852741e-01 5.716607e-04 2.915109e-04
1.855449e-01 6.048810e-04 2.891687e-04
1.858157e-01 1.782794e-04 2.901447e-04
1.860865e-01 3.647413e-04 2.898447e-04
1.863573e-01 4.404001e-04 2.874189e-04
1.866281e-01 5.520508e-04 2.915474e-04
1.868990e-01 1.091020e-03 2.886107e-04
1.871698e-01 4.892200e-04 2.918498e-04
1.874406e-01 6.750897e-04 2.906566e-04
1.877114e-01 5.174112e-04 2.878991e-04
1.879822e-01 -1.018103e-04 2.892533e-04
1.882530e-01 9.730086e-05 2.861246e-04
1.885238e-01 1.190789e-04 2.878899e-04
1.887947e-01 8.347817e-04 2.918124e-04
1.890655e-01 3.377087e-04 2.894955e-04
1.893363e-01 3.527105e-04 2.914882e-04
1.896071e-01 7.472988e-04 2.851443e-04
1.898779e-01 2.861805e-04 2.896489e-04
1.901487e-01 -3.823079e-05 2.871658e-04
1.904195e-01 9.149499e-04 2.891229e-04
1.906904e-01 1.109019e-05 2.907208e-04
1.909612e-01 2.275035e-05 2.841619e-04
1.912320e-01 1.251791e-04 2.916579e-04
1.915028e-01 6.681196e-04 2.838376e-04
1.917736e-01 9.761993e-04 2.867074e-04
1.920444e-01 4.846994e-04 2.917442e-04
1.923153e-01 3.934000e-04 2.854657e-04
1.925861e-01 1.949593e-04 2.888951e-04
1.928569e-01 1.648702e-04 2.843895e-04
1.931277e-01 3.432408e-04 2.859033e-04
1.933985e-01 7.375106e-04 2.876567e-04
1.936693e-01 4.678108e-04 2.879889e-04
1.939401e-01 4.452299e-04 2.895238e-04
1.942109e-01 1.249090e-04 2.827094e-04
1.944818e-01 6.621499e-04 2.884544e-04
1.947526e-01 5.417503e-04 2.879918e-04
1.950234e-01 1.152605e-04 2.880999e-04
1.952942e-01 3.366806e-04 2.878577e-04
1.955650e-01 6.706994e-04 2.853259e-04
1.958358e-01 2.852697e-04 2.853316e-04
1.961066e-01 2.054498e-04 2.876925e-04
1.963775e-01 2.845395e-04 2.831404e-04
1.966483e-01 1.855213e-04 2.845985e-04
1.969191e-01 4.424304e-04 2.873193e-04
1.971899e-01 3.299192e-04 2.851049e-04
1.974607e-01 1.371093e-05 2.873624e-04
1.977315e-01 1.984816e-04 2.897743e-04
1.980023e-01 3.573187e-04 2.865284e-04
1.982732e-01 -2.974700e-04 2.869953e-04
1.985440e-01 5.116090e-04 2.875941e-04
1.988148e-01 2.355501e-04 2.854746e-04
1.990856e-01 1.418516e-04 2.855826e-04
1.993564e-01 5.166996e-04 2.883824e-04
1.996272e-01 6.085988e-04 2.870861e-04
1.998980e-01 -2.862699e-04 2.849287e-04
2.001689e-01 -4.437938e-05 2.821781e-04
2.004397e-01 3.835410e-04 2.800401e-04
2.007105e-01 7.325802e-04 2.796627e-04
2.009813e-01 2.016407e-04 2.828990e-04
2.012521e-01 5.471148e-05 2.812622e-04
2.015229e-01 3.719088e-04 2.867880e-04
2.017937e-01 5.997904e-04 2.877969e-04
2.020646e-01 5.255397e-04 2.829725e-04
2.023354e-01 6.392393e-04 2.864983e-04
2.026062e-01 4.027300e-04 2.812167e-04
2.028770e-01 7.985607e-04 2.844782e-04
2.031478e-01 2.546199e-04 2.822278e-04
2.034186e-01 2.357587e-04 2.828891e-04
2.036894e-01 5.486794e-04 2.828260e-04
2.039603e-01 -4.325993e-05 2.807912e-04
2.042311e-01 1.001488e-04 2.828893e-04
2.045019e-01 5.847588e-04 2.823061e-04
2.047727e-01 1.736786e-04 2.793451e-04
2.050435e-01 -1.677126e-05 2.775598e-04
2.053143e-01 3.420711e-04 2.818806e-04
2.055852e-01 4.331190e-04 2.793410e-04
2.058560e-01 5.394798e-04 2.813401e-04
2.061268e-01 7.873904e-04 2.773116e-04
2.063976e-01 8.734707e-04 2.799008e-04
2.066684e-01 3.121085e-04 2.806336e-04
2.069392e-01 4.598014e-04 2.759554e-04
2.072100e-01 1.575891e-04 2.790856e-04
2.074808e-01 2.873186e-04 2.776111e-04
2.077517e-01 7.254891e-04 2.800344e-04
2.080225e-01 4.608203e-04 2.795122e-04
2.082933e-01 -6.255880e-05 2.756409e-04
2.085641e-01 9.772927e-05 2.770449e-04
2.088349e-01 5.773716e-04 2.823946e-04
2.091057e-01 3.075972e-05 2.798936e-04
2.093765e-01 1.699310e-04 2.771659e-04
2.096474e-01 -1.620296e-04 2.789541e-04
2.099182e-01 1.255702e-04 2.797163e-04
2.101890e-01 2.559107e-04 2.774218e-04
2.104598e-01 5.091708e-04 2.808816e-04
2.107306e-01 4.731212e-04 2.768280e-04
2.110014e-01 2.352912e-04 2.762216e-04
2.112723e-01 9.829700e-04 2.781533e-04
2.115431e-01 1.780298e-04 2.752615e-04
2.118139e-01 2.761204e-04 2.811108e-04
2.120847e-01 -2.469867e-06 2.788932e-04
2.123555e-01 9.647943e-05 2.782591e-04
2.126263e-01 4.571211e-04 2.781103e-04
2.128971e-01 9.568390e-04 2.797231e-04
2.131680e-01 1.471508e-04 2.792876e-04
2.134388e-01 7.453803e-04 2.779770e-04
2.137096e-01 2.555810e-04 2.788852e-04
2.139804e-01 6.160699e-04 2.756062e-04
2.142512e-01 6.772950e-05 2.776991e-04
2.145220e-01 1.171194e-04 2.798700e-04
2.147928e-01 2.821796e-04 2.764404e-04
2.150636e-01 3.144108e-04 2.778152e-04
2.153345e-01 2.070405e-04 2.785076e-04
2.156053e-01 6.578714e-04 2.819376e-04
2.158761e-01 1.068339e-03 2.799839e-04
2.161469e-01 1.293197e-04 2.746977e-04
2.164177e-01 4.895199e-04 2.783891e-04
2.166885e-01 1.212396e-04 2.783774e-04
2.169593e-01 1.410488e-04 2.764589e-04
2.172302e-01 6.820206e-04 2.804840e-04
2.175010e-01 8.623805e-04 2.784476e-04
2.177718e-01 2.584402e-04 2.808069e-04
2.180426e-01 7.159598e-04 2.809848e-04
2.183134e-01 -1.379605e-04 2.752649e-04
2.185842e-01 1.600012e-04 2.751171e-04
2.188551e-01 4.296899e-04 2.777078e-04
2.191259e-01 4.638899e-04 2.802634e-04
2.193967e-01 3.676601e-04 2.759408e-04
2.196675e-01 -4.529953e-06 2.750201e-04
2.199383e-01 3.846511e-04 2.763847e-04
2.202091e-01 5.841609e-04 2.750927e-04
2.204799e-01 2.836585e-04 2.738326e-04
2.207507e-01 2.619009e-04 2.752933e-04
2.210216e-01 1.014760e-03 2.768134e-04
2.212924e-01 6.148610e-04 2.730807e-04
2.215632e-01 -1.076814e-04 2.698223e-04
2.218340e-01 7.871594e-04 2.738087e-04
2.221048e-01 3.224984e-05 2.708164e-04
2.223756e-01 4.538093e-04 2.734487e-04
2.226464e-01 5.129986e-04 2.716595e-04
2.229173e-01 9.075925e-05 2.731559e-04
2.231881e-01 1.865905e-04 2.714076e-04
2.234589e-01 2.883989e-04 2.707601e-04
2.237297e-01 2.104696e-04 2.720106e-04
2.240005e-01 -7.536076e-05 2.696570e-04
2.242713e-01 2.550110e-04 2.719755e-04
2.245422e-01 1.779906e-04 2.753317e-04
2.248130e-01 4.398189e-04 2.723199e-04
2.250838e-01 3.931709e-04 2.712798e-04
2.253546e-01 3.027208e-04 2.724820e-04
2.256254e-01 1.657605e-04 2.700585e-04
2.258962e-01 2.572704e-04 2.728554e-04
2.261670e-01 7.812697e-04 2.822883e-04
2.264379e-01 -1.130793e-04 2.910630e-04
2.267087e-01 3.630202e-04 2.913102e-04
2.269795e-01 1.172498e-04 2.968454e-04
2.272503e-01 1.297984e-04 2.992353e-04
2.275211e-01 -6.874092e-05 3.020902e-04
2.277919e-01 4.208609e-04 3.044014e-04
2.280627e-01 4.993211e-04 3.082853e-04
2.283335e-01 4.401058e-05 3.108751e-04
2.286044e-01 8.850303e-04 3.162821e-04
2.288752e-01 2.349392e-04 3.166157e-04
2.291460e-01 1.675393e-04 3.213555e-04
2.294168e-01 3.170297e-04 3.279206e-04
2.296876e-01 2.757199e-04 3.250154e-04
2.299584e-01 -2.334900e-04 3.243570e-04
2.302293e-01 5.969200e-04 3.325242e-04
2.305001e-01 4.528388e-04 3.356275e-04
2.307709e-01 -1.610201e-04 3.379258e-04
2.310417e-01 4.368592e-04 3.415594e-04
2.313125e-01 8.174703e-04 3.447636e-04
2.315833e-01 1.455210e-04 3.430155e-04
2.318541e-01 1.016879e-03 3.521946e-04
2.321250e-01 4.127398e-04 3.518557e-04
2.323958e-01 2.817102e-04 3.571323e-04
2.326666e-01 1.816209e-04 3.564581e-04
2.329374e-01 8.030981e-05 3.604156e-04
2.332082e-01 3.746506e-04 3.562988e-04
2.334790e-01 -1.284014e-04 3.603976e-04
2.337498e-01 7.759109e-04 3.696176e-04
2.340207e-01 -5.763900e-04 3.678900e-04
2.342915e-01 7.789582e-06 3.705488e-04
2.345623e-01 -1.849607e-06 3.750951e-04
2.348331e-01 2.975203e-04 3.781973e-04
2.351039e-01 3.875103e-04 3.804916e-04
2.353747e-01 2.755504e-04 3.884406e-04
2.356455e-01 3.378391e-04 3.944515e-04
2.359163e-01 4.658401e-04 3.943836e-04
2.361872e-01 2.684500e-04 3.990189e-04
2.364580e-01 3.514905e-04 4.010977e-04
2.367288e-01 -4.238077e-05 4.053648e-04
2.369996e-01 8.021891e-04 4.077669e-04
2.372704e-01 -4.721209e-04 4.110383e-04
2.375412e-01 9.074211e-04 4.147539e-04
2.378121e-01 5.710293e-04 4.171707e-04
2.380829e-01 7.815603e-04 4.106975e-04
2.383537e-01 4.946906e-04 4.217318e-04
2.386245e-01 5.976502e-04 4.348221e-04
2.388953e-01 -1.249313e-04 4.289418e-04
2.391661e-01 4.212987e-04 4.397259e-04
2.394369e-01 1.307484e-04 4.356712e-04
2.397078e-01 -4.089996e-05 4.461680e-04
2.399786e-01 7.006899e-05 4.488989e-04
2.402494e-01 -2.699308e-04 4.529792e-04
2.405202e-01 3.780387e-04 4.483939e-04
2.407910e-01 -3.901869e-05 4.683882e-04
2.410618e-01 -8.303989e-04 4.621859e-04
2.413326e-01 1.787459e-03 4.798878e-04
2.416034e-01 1.759306e-04 4.734467e-04
2.418743e-01 5.949698e-04 4.908017e-04
2.421451e-01 6.441213e-04 4.946919e-04
2.424159e-01 6.731302e-04 4.878979e-04
2.426867e-01 -2.079997e-04 4.942848e-04
2.429575e-01 1.111999e-05 5.059406e-04
2.432283e-01 5.227197e-04 5.224750e-04
2.434992e-01 -2.742894e-04 5.157045e-04
2.437700e-01 -9.773858e-05 5.149478e-04
2.440408e-01 -2.560001e-04 5.346515e-04
2.443116e-01 -5.781408e-04 5.343283e-04
2.445824e-01 1.787599e-04 5.402077e-04
2.448532e-01 3.581103e-04 5.475320e-04
2.451240e-01 1.074485e-04 5.675260e-04
2.453949e-01 -2.520904e-04 5.582387e-04
2.456657e-01 2.714898e-04 5.835379e-04
2.459365e-01 7.152930e-05 5.961934e-04
2.462073e-01 -2.088398e-04 5.847397e-04
2.464781e-01 1.131410e-03 6.109141e-04
2.467489e-01 1.800992e-05 6.149261e-04
2.470197e-01 2.117511e-04 6.209692e-04
2.472906e-01 1.911920e-03 6.307262e-04
2.475614e-01 1.743080e-03 6.471374e-04
2.478322e-01 -6.928295e-04 6.547430e-04
2.481030e-01 5.449206e-04 6.522958e-04
2.483738e-01 -1.017898e-04 6.632908e-04
2.486446e-01 5.435105e-04 7.026255e-04
2.489154e-01 1.595411e-04 7.176423e-04
2.491863e-01 1.728121e-03 7.272067e-04
2.494571e-01 -1.352094e-04 7.220355e-04
2.497279e-01 -1.194105e-04 7.460403e-04
2.499987e-01 -5.464908e-04 7.673532e-04
2.502695e-01 4.684385e-04 7.771478e-04
2.505403e-01 -1.085494e-04 7.965407e-04
2.508111e-01 -7.843971e-05 8.289553e-04
2.510819e-01 9.350479e-06 8.530907e-04
2.513528e-01 1.174649e-03 8.311678e-04
2.516236e-01 2.639499e-04 8.732721e-04
2.518944e-01 -2.230294e-04 9.090532e-04
2.521652e-01 -3.327299e-04 9.809089e-04
2.524360e-01 3.537703e-04 1.006143e-03
2.527068e-01 1.953481e-03 9.619922e-04
2.529776e-01 2.449529e-03 1.073491e-03
2.532485e-01 3.196094e-04 1.068799e-03
2.535193e-01 -7.640012e-05 1.035002e-03
2.537901e-01 -9.245016e-04 1.104070e-03
2.540609e-01 1.604203e-04 1.141734e-03
2.543317e-01 -1.478290e-03 1.118121e-03
2.546025e-01 -2.413392e-04 1.138029e-03
2.548733e-01 1.435921e-03 1.260885e-03
2.551441e-01 1.661139e-03 1.319844e-03
2.554150e-01 -1.383942e-03 1.355217e-03
2.556858e-01 7.077511e-04 1.460632e-03
2.559566e-01 -4.168600e-04 1.546985e-03
2.562274e-01 -2.660580e-03 1.605797e-03
2.564982e-01 1.130905e-04 1.677508e-03
2.567690e-01 2.002880e-03 1.909105e-03
2.570398e-01 -2.039419e-03 1.991913e-03
2.573107e-01 6.065398e-03 2.344712e-03
2.575815e-01 2.356991e-03 2.946099e-03
2.578523e-01 4.072551e-03 3.370101e-03
2.581231e-01 8.251268e-03 6.604057e-03
