3.286826e-03 1.436610e-01 0.000000e+00
3.557641e-03 1.632562e-01 8.037292e-02
3.828455e-03 2.015500e-01 4.953551e-02
4.099269e-03 1.171889e-01 3.817899e-02
4.370084e-03 1.066918e-01 2.807887e-02
4.640898e-03 9.368491e-02 1.960758e-02
4.911712e-03 8.725703e-02 1.682565e-02
5.182527e-03 7.120800e-02 1.333048e-02
5.453341e-03 6.296206e-02 1.212925e-02
5.724155e-03 5.938494e-02 9.181023e-03
5.994970e-03 5.804098e-02 7.949633e-03
6.265784e-03 4.798633e-02 6.675504e-03
6.536598e-03 5.139130e-02 5.377038e-03
6.807412e-03 4.754412e-02 4.974669e-03
7.078227e-03 4.496974e-02 4.293344e-03
7.349041e-03 4.023117e-02 3.822504e-03
7.619855e-03 3.686300e-02 3.334047e-03
7.890671e-03 3.749850e-02 3.126878e-03
8.161485e-03 3.234410e-02 2.769563e-03
8.432299e-03 3.164589e-02 2.431910e-03
8.703114e-03 3.201813e-02 2.292762e-03
8.973928e-03 3.241080e-02 2.080382e-03
9.244742e-03 3.162572e-02 1.866455e-03
9.515557e-03 3.060560e-02 1.746812e-03
9.786371e-03 2.656440e-02 1.596830e-03
1.005718e-02 2.797540e-02 1.535583e-03
1.032800e-02 2.620830e-02 1.395390e-03
1.059881e-02 2.594230e-02 1.363711e-03
1.086963e-02 2.484560e-02 1.264658e-03
1.114044e-02 2.261141e-02 1.193996e-03
1.141126e-02 2.404350e-02 1.123566e-03
1.168207e-02 2.136100e-02 1.092707e-03
1.195289e-02 2.233910e-02 1.068303e-03
1.222370e-02 2.219189e-02 1.002242e-03
1.249451e-02 2.139949e-02 9.592197e-04
1.276533e-02 2.287750e-02 9.347915e-04
1.303614e-02 2.090768e-02 8.694219e-04
1.330696e-02 2.025790e-02 8.397391e-04
1.357777e-02 2.094201e-02 8.193908e-04
1.384859e-02 2.044061e-02 7.869454e-04
1.411940e-02 1.853526e-02 7.534547e-04
1.439021e-02 1.816452e-02 7.257897e-04
1.466103e-02 1.793531e-02 7.071850e-04
1.493184e-02 1.835349e-02 6.919649e-04
1.520266e-02 1.734352e-02 6.791727e-04
1.547347e-02 1.713643e-02 6.573650e-04
1.574429e-02 1.612786e-02 6.352418e-04
1.601510e-02 1.669054e-02 6.292363e-04
1.628591e-02 1.602023e-02 6.146338e-04
1.655673e-02 1.566978e-02 5.917408e-04
1.682754e-02 1.608195e-02 5.878699e-04
1.709836e-02 1.596227e-02 5.733000e-04
1.736917e-02 1.507169e-02 5.630090e-04
1.763999e-02 1.422460e-02 5.447152e-04
1.791080e-02 1.476744e-02 5.322266e-04
1.818161e-02 1.328937e-02 5.319514e-04
1.845243e-02 1.455619e-02 5.357595e-04
1.872324e-02 1.411520e-02 5.269524e-04
1.899406e-02 1.401097e-02 5.170302e-04
1.926487e-02 1.329460e-02 5.123220e-04
1.953569e-02 1.282003e-02 5.092923e-04
1.980650e-02 1.346079e-02 5.119492e-04
2.007731e-02 1.293893e-02 5.009439e-04
2.034813e-02 1.249705e-02 4.968343e-04
2.061894e-02 1.266961e-02 4.913883e-04
2.088976e-02 1.270307e-02 4.841138e-04
2.116057e-02 1.244444e-02 4.810400e-04
2.143139e-02 1.239646e-02 4.723009e-04
2.170220e-02 1.221835e-02 4.818707e-04
2.197302e-02 1.211553e-02 4.729769e-04
2.224383e-02 1.230864e-02 4.583954e-04
2.251465e-02 1.174343e-02 4.504488e-04
2.278546e-02 1.106933e-02 4.438375e-04
2.305627e-02 1.100256e-02 4.452035e-04
2.332709e-02 1.149608e-02 4.368340e-04
2.359790e-02 1.095137e-02 4.199019e-04
2.386872e-02 1.028184e-02 4.241394e-04
2.413953e-02 1.012519e-02 4.123037e-04
2.441034e-02 9.750620e-03 4.067164e-04
2.468116e-02 9.863850e-03 4.025310e-04
2.495197e-02 9.552289e-03 3.973321e-04
2.522279e-02 9.877168e-03 3.926736e-04
2.549360e-02 1.008146e-02 3.911326e-04
2.576442e-02 9.502757e-03 3.834482e-04
2.603523e-02 9.039849e-03 3.866707e-04
2.630604e-02 9.570211e-03 3.765645e-04
2.657686e-02 9.413231e-03 3.761419e-04
2.684767e-02 9.447128e-03 3.715158e-04
2.711849e-02 9.217162e-03 3.689658e-04
2.738930e-02 9.295251e-03 3.645691e-04
2.766012e-02 8.803260e-03 3.564317e-04
2.793093e-02 8.158389e-03 3.585625e-04
2.820175e-02 8.089729e-03 3.505056e-04
2.847256e-02 8.005179e-03 3.473358e-04
2.874337e-02 7.608302e-03 3.489636e-04
2.901419e-02 7.875990e-03 3.405437e-04
2.928500e-02 8.678231e-03 3.403991e-04
2.955582e-02 7.811237e-03 3.360661e-04
2.982663e-02 8.285649e-03 3.345099e-04
3.009745e-02 7.084128e-03 3.347803e-04
3.036826e-02 7.370759e-03 3.237856e-04
3.063907e-02 8.108012e-03 3.262537e-04
3.090989e-02 7.451728e-03 3.270313e-04
3.118070e-02 7.342160e-03 3.248746e-04
3.145152e-02 7.002570e-03 3.197209e-04
3.172233e-02 6.296858e-03 3.206086e-04
3.199315e-02 7.170182e-03 3.160967e-04
3.226396e-02 7.710900e-03 3.150267e-04
3.253478e-02 6.677810e-03 3.145125e-04
3.280559e-02 7.025491e-03 3.121124e-04
3.307641e-02 6.557278e-03 3.079130e-04
3.334722e-02 6.343838e-03 3.037451e-04
3.361803e-02 6.448079e-03 3.102271e-04
3.388885e-02 6.445207e-03 3.064570e-04
3.415966e-02 6.865710e-03 3.033872e-04
3.443048e-02 6.346200e-03 3.037562e-04
3.470129e-02 6.349901e-03 2.993185e-04
3.497211e-02 6.514419e-03 2.962118e-04
3.524292e-02 6.062018e-03 2.938799e-04
3.551374e-02 5.593032e-03 2.981508e-04
3.578455e-02 6.011561e-03 2.941431e-04
3.605536e-02 5.752470e-03 2.924615e-04
3.632618e-02 5.185239e-03 2.903881e-04
3.659699e-02 5.658990e-03 2.872570e-04
3.686780e-02 5.125850e-03 2.889549e-04
3.713862e-02 5.854672e-03 2.831532e-04
3.740944e-02 5.515108e-03 2.834146e-04
3.768025e-02 5.777221e-03 2.823053e-04
3.795106e-02 5.324470e-03 2.793486e-04
3.822188e-02 5.742360e-03 2.794979e-04
3.849269e-02 5.432451e-03 2.753307e-04
3.876351e-02 4.976550e-03 2.743541e-04
3.903432e-02 5.220771e-03 2.739798e-04
3.930514e-02 5.551601e-03 2.715014e-04
3.957595e-02 5.335709e-03 2.724234e-04
3.984676e-02 5.564360e-03 2.687846e-04
4.011758e-02 5.159540e-03 2.696735e-04
4.038839e-02 5.166881e-03 2.678922e-04
4.065921e-02 4.827142e-03 2.667455e-04
4.093002e-02 5.090399e-03 2.659319e-04
4.120084e-02 4.455911e-03 2.669405e-04
4.147165e-02 4.654830e-03 2.648145e-04
4.174246e-02 5.012129e-03 2.636652e-04
4.201328e-02 4.947660e-03 2.592197e-04
4.228409e-02 4.576799e-03 2.620227e-04
4.255491e-02 4.774928e-03 2.593856e-04
4.282572e-02 5.096510e-03 2.611996e-04
4.309653e-02 4.749700e-03 2.554548e-04
4.336735e-02 4.943669e-03 2.588654e-04
4.363817e-02 4.765540e-03 2.553704e-04
4.390898e-02 3.998391e-03 2.553501e-04
4.417979e-02 4.005838e-03 2.544391e-04
4.445061e-02 4.177140e-03 2.496930e-04
4.472142e-02 4.075702e-03 2.485901e-04
4.499224e-02 4.017550e-03 2.527449e-04
4.526305e-02 4.718011e-03 2.492397e-04
4.553387e-02 4.419129e-03 2.473192e-04
4.580468e-02 4.188970e-03 2.470436e-04
4.607549e-02 4.455952e-03 2.473160e-04
4.634631e-02 4.415581e-03 2.425981e-04
4.661712e-02 4.069392e-03 2.444683e-04
4.688794e-02 4.030190e-03 2.440275e-04
4.715875e-02 4.066100e-03 2.427883e-04
4.742957e-02 4.423849e-03 2.396569e-04
4.770038e-02 3.712710e-03 2.381568e-04
4.797119e-02 4.180951e-03 2.394623e-04
4.824201e-02 3.984829e-03 2.374433e-04
4.851282e-02 3.919510e-03 2.401301e-04
4.878364e-02 3.787650e-03 2.360391e-04
4.905445e-02 4.016962e-03 2.349049e-04
4.932526e-02 3.938599e-03 2.371306e-04
4.959608e-02 3.695328e-03 2.348453e-04
4.986690e-02 3.133761e-03 2.327957e-04
5.013771e-02 3.411820e-03 2.334843e-04
5.040852e-02 3.415260e-03 2.326214e-04
5.067934e-02 3.323829e-03 2.338318e-04
5.095015e-02 3.335411e-03 2.291360e-04
5.122096e-02 3.143551e-03 2.295527e-04
5.149178e-02 3.729438e-03 2.275660e-04
5.176260e-02 3.820499e-03 2.279224e-04
5.203341e-02 3.369302e-03 2.299823e-04
5.230422e-02 3.296491e-03 2.253478e-04
5.257504e-02 3.551809e-03 2.272335e-04
5.284585e-02 3.169302e-03 2.243159e-04
5.311667e-02 3.415652e-03 2.240115e-04
5.338748e-02 3.411300e-03 2.300826e-04
5.365830e-02 3.208330e-03 2.282211e-04
5.392911e-02 3.243778e-03 2.290453e-04
5.419992e-02 3.345309e-03 2.295104e-04
5.447074e-02 3.200049e-03 2.279729e-04
5.474155e-02 3.138831e-03 2.330857e-04
5.501237e-02 2.989920e-03 2.350989e-04
5.528318e-02 2.877021e-03 2.389637e-04
5.555400e-02 2.796808e-03 2.393744e-04
5.582481e-02 3.205378e-03 2.378717e-04
5.609563e-02 3.433781e-03 2.400423e-04
5.636644e-02 2.997119e-03 2.428830e-04
5.663725e-02 3.086500e-03 2.419314e-04
5.690807e-02 3.243901e-03 2.422089e-04
5.717888e-02 2.734339e-03 2.405062e-04
5.744969e-02 2.553549e-03 2.445721e-04
5.772051e-02 2.688231e-03 2.451585e-04
5.799133e-02 3.004378e-03 2.432440e-04
5.826214e-02 3.348641e-03 2.439194e-04
5.853295e-02 2.638310e-03 2.440142e-04
5.880377e-02 3.102969e-03 2.432687e-04
5.907458e-02 3.093729e-03 2.440168e-04
5.934540e-02 2.313200e-03 2.447090e-04
5.961621e-02 2.588341e-03 2.484888e-04
5.988703e-02 2.797419e-03 2.473734e-04
6.015784e-02 2.923969e-03 2.457882e-04
6.042865e-02 2.314160e-03 2.485145e-04
6.069947e-02 2.682421e-03 2.417708e-04
6.097028e-02 2.571501e-03 2.445769e-04
6.124110e-02 2.716210e-03 2.388204e-04
6.151191e-02 2.505891e-03 2.387878e-04
6.178273e-02 2.913091e-03 2.370844e-04
6.205354e-02 2.805859e-03 2.348943e-04
6.232436e-02 2.562249e-03 2.371591e-04
6.259517e-02 2.703751e-03 2.333412e-04
6.286598e-02 2.459539e-03 2.337059e-04
6.313679e-02 2.508892e-03 2.337859e-04
6.340761e-02 2.563348e-03 2.300176e-04
6.367842e-02 2.355391e-03 2.320760e-04
6.394923e-02 2.698751e-03 2.305739e-04
6.422005e-02 2.455860e-03 2.323198e-04
6.449086e-02 2.607599e-03 2.330746e-04
6.476168e-02 2.250878e-03 2.293202e-04
6.503250e-02 2.232041e-03 2.320683e-04
6.530331e-02 2.611382e-03 2.291359e-04
6.557412e-02 1.992740e-03 2.310825e-04
6.584494e-02 2.685839e-03 2.303646e-04
6.611575e-02 2.167370e-03 2.295992e-04
6.638657e-02 2.194120e-03 2.280566e-04
6.665738e-02 2.253188e-03 2.285714e-04
6.692819e-02 1.860440e-03 2.283121e-04
6.719901e-02 2.342330e-03 2.277256e-04
6.746982e-02 2.249381e-03 2.277039e-04
6.774063e-02 2.234090e-03 2.270918e-04
6.801146e-02 2.432410e-03 2.259877e-04
6.828227e-02 2.676690e-03 2.254849e-04
6.855308e-02 1.955779e-03 2.260353e-04
6.882390e-02 2.394311e-03 2.244413e-04
6.909471e-02 2.349000e-03 2.249926e-04
6.936552e-02 1.877910e-03 2.228164e-04
6.963634e-02 1.919629e-03 2.248407e-04
6.990715e-02 2.363959e-03 2.254255e-04
7.017796e-02 2.275260e-03 2.205917e-04
7.044878e-02 2.484508e-03 2.216329e-04
7.071959e-02 2.051950e-03 2.230927e-04
7.099041e-02 2.104349e-03 2.228878e-04
7.126123e-02 2.419470e-03 2.201955e-04
7.153204e-02 2.026480e-03 2.203927e-04
7.180285e-02 1.961021e-03 2.222895e-04
7.207367e-02 2.180019e-03 2.203288e-04
7.234448e-02 1.853941e-03 2.208530e-04
7.261530e-02 2.004281e-03 2.208644e-04
7.288611e-02 2.040811e-03 2.183423e-04
7.315692e-02 2.159670e-03 2.175984e-04
7.342774e-02 2.186960e-03 2.185491e-04
7.369855e-02 1.713481e-03 2.194688e-04
7.396936e-02 2.109710e-03 2.187586e-04
7.424019e-02 1.732970e-03 2.188246e-04
7.451100e-02 1.552889e-03 2.168367e-04
7.478181e-02 1.962839e-03 2.154795e-04
7.505263e-02 2.001850e-03 2.140900e-04
7.532344e-02 2.487520e-03 2.192670e-04
7.559425e-02 1.965011e-03 2.148796e-04
7.586507e-02 1.826771e-03 2.188702e-04
7.613588e-02 2.026441e-03 2.168013e-04
7.640669e-02 1.921881e-03 2.158410e-04
7.667751e-02 1.872269e-03 2.160263e-04
7.694832e-02 1.877639e-03 2.158563e-04
7.721914e-02 1.875510e-03 2.151937e-04
7.748996e-02 2.022101e-03 2.131889e-04
7.776077e-02 2.230981e-03 2.118999e-04
7.803158e-02 2.080951e-03 2.145376e-04
7.830240e-02 1.516839e-03 2.115882e-04
7.857321e-02 1.807600e-03 2.128041e-04
7.884403e-02 1.856210e-03 2.129426e-04
7.911484e-02 1.986420e-03 2.124025e-04
7.938565e-02 1.757789e-03 2.135597e-04
7.965647e-02 2.327250e-03 2.113045e-04
7.992728e-02 2.029050e-03 2.117972e-04
8.019809e-02 2.246480e-03 2.118498e-04
8.046892e-02 1.937499e-03 2.108767e-04
8.073973e-02 1.867641e-03 2.111501e-04
8.101054e-02 1.529751e-03 2.095686e-04
8.128136e-02 1.781302e-03 2.101187e-04
8.155217e-02 1.815550e-03 2.105330e-04
8.182298e-02 1.715241e-03 2.082743e-04
8.209380e-02 1.543511e-03 2.093851e-04
8.236461e-02 1.625109e-03 2.078703e-04
8.263543e-02 1.662310e-03 2.088015e-04
8.290624e-02 1.408929e-03 2.098705e-04
8.317705e-02 1.346089e-03 2.061001e-04
8.344787e-02 1.929199e-03 2.091325e-04
8.371869e-02 1.569631e-03 2.087969e-04
8.398950e-02 1.981879e-03 2.057269e-04
8.426031e-02 2.015250e-03 2.088541e-04
8.453113e-02 1.760900e-03 2.047787e-04
8.480194e-02 1.673201e-03 2.067269e-04
8.507276e-02 1.660531e-03 2.065266e-04
8.534357e-02 1.870880e-03 2.054453e-04
8.561438e-02 1.657760e-03 2.040240e-04
8.588520e-02 1.378570e-03 2.023666e-04
8.615601e-02 1.250170e-03 2.031120e-04
8.642682e-02 1.968201e-03 2.035166e-04
8.669765e-02 1.231480e-03 2.030279e-04
8.696846e-02 1.232810e-03 2.045906e-04
8.723927e-02 1.821391e-03 2.025640e-04
8.751009e-02 1.236860e-03 2.033382e-04
8.778090e-02 1.729520e-03 2.008896e-04
8.805171e-02 1.438169e-03 2.027858e-04
8.832253e-02 1.689930e-03 2.023167e-04
8.859334e-02 1.541762e-03 2.024990e-04
8.886416e-02 1.766670e-03 2.017870e-04
8.913497e-02 1.678230e-03 2.015097e-04
8.940578e-02 1.368741e-03 2.007005e-04
8.967660e-02 1.416691e-03 2.007248e-04
8.994742e-02 1.502251e-03 2.021313e-04
9.021823e-02 1.148140e-03 2.007793e-04
9.048904e-02 1.202680e-03 2.001563e-04
9.075986e-02 1.261400e-03 1.993734e-04
9.103067e-02 1.787059e-03 2.008775e-04
9.130149e-02 1.733359e-03 2.000386e-04
9.157230e-02 1.298470e-03 1.986467e-04
9.184311e-02 1.132879e-03 2.008100e-04
9.211393e-02 1.362709e-03 1.982406e-04
9.238474e-02 1.177380e-03 1.990109e-04
9.265555e-02 1.338011e-03 1.986309e-04
9.292637e-02 1.466431e-03 1.958588e-04
9.319719e-02 1.028461e-03 1.971576e-04
9.346800e-02 1.439551e-03 1.974738e-04
9.373882e-02 1.396729e-03 1.959598e-04
9.400963e-02 1.002710e-03 1.973201e-04
9.428044e-02 1.373950e-03 1.977345e-04
9.455126e-02 1.524609e-03 1.966061e-04
9.482207e-02 1.265530e-03 1.952439e-04
9.509289e-02 1.341170e-03 1.964770e-04
9.536370e-02 1.447629e-03 1.968457e-04
9.563451e-02 1.214469e-03 1.941988e-04
9.590533e-02 1.519879e-03 1.966719e-04
9.617615e-02 1.472490e-03 1.949727e-04
9.644696e-02 9.997990e-04 1.936791e-04
9.671777e-02 1.323050e-03 1.941870e-04
9.698859e-02 1.250571e-03 1.929389e-04
9.725940e-02 1.221091e-03 1.935152e-04
9.753022e-02 1.368539e-03 1.925385e-04
9.780103e-02 1.202861e-03 1.942423e-04
9.807184e-02 8.905903e-04 1.939987e-04
9.834266e-02 9.187106e-04 1.932386e-04
9.861347e-02 1.296081e-03 1.952455e-04
9.888428e-02 1.155440e-03 1.915260e-04
9.915510e-02 1.067281e-03 1.924543e-04
9.942592e-02 9.566098e-04 1.915457e-04
9.969673e-02 1.401991e-03 1.924110e-04
9.996755e-02 1.131300e-03 1.913291e-04
1.002384e-01 9.712093e-04 1.908335e-04
1.005092e-01 9.207409e-04 1.923753e-04
1.007800e-01 1.296120e-03 1.904201e-04
1.010508e-01 1.016170e-03 1.904540e-04
1.013216e-01 9.178389e-04 1.911449e-04
1.015924e-01 9.029396e-04 1.901094e-04
1.018632e-01 8.381307e-04 1.907565e-04
1.021341e-01 8.724611e-04 1.899923e-04
1.024049e-01 9.569209e-04 1.905193e-04
1.026757e-01 1.254350e-03 1.881854e-04
1.029465e-01 1.306590e-03 1.883936e-04
1.032173e-01 9.896196e-04 1.888774e-04
1.034881e-01 1.519561e-03 1.884025e-04
1.037589e-01 9.788610e-04 1.888178e-04
1.040298e-01 6.529801e-04 1.870222e-04
1.043006e-01 1.160150e-03 1.891920e-04
1.045714e-01 8.762609e-04 1.866829e-04
1.048422e-01 9.269584e-04 1.872363e-04
1.051130e-01 1.277320e-03 1.877332e-04
1.053838e-01 1.086900e-03 1.863974e-04
1.056546e-01 9.822100e-04 1.862822e-04
1.059255e-01 1.264419e-03 1.876904e-04
1.061963e-01 9.801798e-04 1.867130e-04
1.064671e-01 8.242615e-04 1.858920e-04
1.067379e-01 1.105860e-03 1.867714e-04
1.070087e-01 9.081401e-04 1.864716e-04
1.072795e-01 8.181892e-04 1.838856e-04
1.075503e-01 6.859191e-04 1.862033e-04
1.078212e-01 1.069300e-03 1.852994e-04
1.080920e-01 1.062820e-03 1.848617e-04
1.083628e-01 1.243480e-03 1.857532e-04
1.086336e-01 1.161460e-03 1.839419e-04
1.089044e-01 1.067990e-03 1.845571e-04
1.091752e-01 1.001939e-03 1.846436e-04
1.094460e-01 1.253391e-03 1.836326e-04
1.097169e-01 1.072630e-03 1.849937e-04
1.099877e-01 1.145551e-03 1.838495e-04
1.102585e-01 8.905493e-04 1.851033e-04
1.105293e-01 9.809192e-04 1.864512e-04
1.108001e-01 6.936304e-04 1.880728e-04
1.110709e-01 8.659698e-04 1.901239e-04
1.113417e-01 1.050379e-03 1.883206e-04
1.116126e-01 1.039801e-03 1.911430e-04
1.118834e-01 1.239318e-03 1.896983e-04
1.121542e-01 9.857602e-04 1.918184e-04
1.124250e-01 1.266791e-03 1.942890e-04
1.126958e-01 1.093760e-03 1.939176e-04
1.129666e-01 7.857904e-04 1.948726e-04
1.132374e-01 9.490903e-04 1.973094e-04
1.135083e-01 7.132702e-04 2.005344e-04
1.137791e-01 8.234791e-04 2.006458e-04
1.140499e-01 4.932191e-04 2.004825e-04
1.143207e-01 4.508998e-04 2.026768e-04
1.145915e-01 8.865092e-04 2.053691e-04
1.148623e-01 9.458996e-04 2.048424e-04
1.151332e-01 1.048779e-03 2.045883e-04
1.154040e-01 1.068180e-03 2.082880e-04
1.156748e-01 6.990284e-04 2.098686e-04
1.159456e-01 8.072611e-04 2.098908e-04
1.162164e-01 1.135960e-03 2.096813e-04
1.164872e-01 4.750304e-04 2.098642e-04
1.167580e-01 9.318888e-04 2.138051e-04
1.170288e-01 9.342097e-04 2.135366e-04
1.172997e-01 8.161105e-04 2.144023e-04
1.175705e-01 6.186590e-04 2.143215e-04
1.178413e-01 5.895309e-04 2.158050e-04
1.181121e-01 8.300394e-04 2.142036e-04
1.183829e-01 7.001702e-04 2.094266e-04
1.186537e-01 5.913600e-04 2.100897e-04
1.189246e-01 8.346196e-04 2.081650e-04
1.191954e-01 5.344413e-04 2.100815e-04
1.194662e-01 1.001721e-03 2.105438e-04
1.197370e-01 4.503783e-04 2.074859e-04
1.200078e-01 6.601904e-04 2.075911e-04
1.202786e-01 6.300211e-04 2.066939e-04
1.205494e-01 4.792288e-04 2.066582e-04
1.208202e-01 5.514212e-04 2.074084e-04
1.210911e-01 4.355200e-04 2.061584e-04
1.213619e-01 6.855410e-04 2.072261e-04
1.216327e-01 7.285904e-04 2.058808e-04
1.219035e-01 4.502404e-04 2.082208e-04
1.221743e-01 5.691703e-04 2.052944e-04
1.224451e-01 7.902496e-04 2.064960e-04
1.227160e-01 7.370990e-04 2.096460e-04
1.229868e-01 6.541200e-04 2.059113e-04
1.232576e-01 2.357401e-04 2.075333e-04
1.235284e-01 4.466996e-04 2.071553e-04
1.237992e-01 4.620403e-04 2.076361e-04
1.240700e-01 2.125185e-04 2.075798e-04
1.243408e-01 9.499416e-04 2.058698e-04
1.246117e-01 6.628204e-04 2.070612e-04
1.248825e-01 4.449710e-04 2.060720e-04
1.251533e-01 8.318294e-04 2.040536e-04
1.254241e-01 3.415197e-04 2.067404e-04
1.256949e-01 5.790312e-04 2.043063e-04
1.259657e-01 5.493686e-04 2.050814e-04
1.262365e-01 3.904495e-04 2.035071e-04
1.265074e-01 6.171297e-04 2.018973e-04
1.267782e-01 4.264005e-04 2.034981e-04
1.270490e-01 4.300009e-04 2.033021e-04
1.273198e-01 5.268212e-04 2.036741e-04
1.275906e-01 3.863908e-04 2.033150e-04
1.278614e-01 4.842617e-04 2.035205e-04
1.281322e-01 9.293612e-04 2.023207e-04
1.284031e-01 6.370712e-04 2.005035e-04
1.286739e-01 8.108802e-04 2.019929e-04
1.289447e-01 7.860307e-04 2.005827e-04
1.292155e-01 6.371997e-04 2.012041e-04
1.294863e-01 7.465202e-04 2.013170e-04
1.297571e-01 6.921813e-04 1.997930e-04
1.300279e-01 5.063992e-04 1.996039e-04
1.302988e-01 5.159304e-04 2.008985e-04
1.305696e-01 3.129505e-04 2.002878e-04
1.308404e-01 8.304287e-04 1.995269e-04
1.311112e-01 8.573011e-05 2.015703e-04
1.313820e-01 5.280897e-04 1.994126e-04
1.316528e-01 5.978998e-04 2.022136e-04
1.319236e-01 5.947892e-04 1.999266e-04
1.321945e-01 4.335903e-04 1.996435e-04
1.324653e-01 4.867408e-04 2.009568e-04
1.327361e-01 4.935600e-04 1.990947e-04
1.330069e-01 7.700492e-04 2.009930e-04
1.332777e-01 2.607014e-04 1.995949e-04
1.335485e-01 7.685497e-04 1.968581e-04
1.338193e-01 5.502012e-04 1.996306e-04
1.340902e-01 4.431289e-04 1.974357e-04
1.343610e-01 4.007891e-04 1.989316e-04
1.346318e-01 9.068307e-04 1.996834e-04
1.349026e-01 6.368589e-04 1.978761e-04
1.351734e-01 1.573805e-04 1.994152e-04
1.354442e-01 3.572106e-04 1.976709e-04
1.357151e-01 7.291511e-04 1.990280e-04
1.359859e-01 7.455498e-04 1.981857e-04
1.362567e-01 5.332809e-04 1.970802e-04
1.365275e-01 4.884694e-04 1.964682e-04
1.367983e-01 4.627090e-04 1.952695e-04
1.370691e-01 5.128495e-04 1.982640e-04
1.373399e-01 4.708208e-04 2.005462e-04
1.376107e-01 2.410077e-05 2.014194e-04
1.378816e-01 2.976693e-04 2.033202e-04
1.381524e-01 4.539993e-04 2.031301e-04
1.384232e-01 3.761891e-04 2.073913e-04
1.386940e-01 5.837157e-05 2.067285e-04
1.389648e-01 3.575888e-04 2.079761e-04
1.392356e-01 4.489291e-04 2.113457e-04
1.395064e-01 1.154616e-04 2.098340e-04
1.397773e-01 5.982295e-04 2.109318e-04
1.400481e-01 3.219992e-04 2.117128e-04
1.403189e-01 5.472396e-04 2.127310e-04
1.405897e-01 2.875403e-04 2.127886e-04
1.408605e-01 5.610604e-04 2.139101e-04
1.411313e-01 4.006289e-04 2.164869e-04
1.414021e-01 1.897402e-04 2.144888e-04
1.416730e-01 3.755689e-04 2.168361e-04
1.419438e-01 2.836790e-04 2.173073e-04
1.422146e-01 4.636087e-04 2.156486e-04
1.424854e-01 5.433299e-04 2.177304e-04
1.427562e-01 1.886096e-04 2.175549e-04
1.430270e-01 4.962105e-04 2.150527e-04
1.432979e-01 2.555605e-04 2.175701e-04
1.435687e-01 1.832414e-04 2.177809e-04
1.438395e-01 1.824405e-04 2.211401e-04
1.441103e-01 5.058311e-04 2.202257e-04
1.443811e-01 5.836897e-04 2.215407e-04
1.446519e-01 5.583689e-04 2.217728e-04
1.449227e-01 4.794504e-04 2.230087e-04
1.451935e-01 -4.228018e-05 2.208775e-04
1.454644e-01 2.840608e-04 2.236173e-04
1.457352e-01 7.313192e-04 2.241796e-04
1.460060e-01 2.741292e-04 2.212133e-04
1.462768e-01 2.470799e-04 2.245039e-04
1.465476e-01 2.350211e-04 2.256895e-04
1.468184e-01 3.399998e-04 2.288852e-04
1.470892e-01 6.876700e-04 2.281404e-04
1.473601e-01 1.422502e-04 2.257495e-04
1.476309e-01 6.117504e-04 2.259408e-04
1.479017e-01 4.771594e-04 2.264794e-04
1.481725e-01 6.067194e-04 2.239326e-04
1.484433e-01 9.542406e-04 2.245602e-04
1.487141e-01 2.093893e-04 2.262049e-04
1.489850e-01 8.198302e-04 2.261522e-04
1.492558e-01 3.687516e-04 2.239886e-04
1.495266e-01 4.800502e-04 2.266940e-04
1.497974e-01 4.465505e-04 2.225200e-04
1.500682e-01 -2.325103e-04 2.269757e-04
1.503390e-01 -3.348701e-04 2.259915e-04
1.506098e-01 4.718583e-04 2.223228e-04
1.508806e-01 -1.105685e-04 2.236918e-04
1.511515e-01 7.762015e-05 2.243062e-04
1.514223e-01 4.498884e-04 2.272720e-04
1.516931e-01 2.637208e-04 2.251496e-04
1.519639e-01 8.388050e-05 2.242765e-04
1.522347e-01 1.485385e-04 2.267675e-04
1.525055e-01 2.822801e-04 2.253130e-04
1.527763e-01 -7.141382e-06 2.281361e-04
1.530472e-01 5.039889e-04 2.238487e-04
1.533180e-01 4.585497e-04 2.246831e-04
1.535888e-01 -2.290308e-04 2.263560e-04
1.538596e-01 4.487988e-04 2.249295e-04
1.541304e-01 5.050898e-04 2.274478e-04
1.544012e-01 3.853198e-04 2.244224e-04
1.546721e-01 5.295612e-04 2.282619e-04
1.549429e-01 4.151706e-04 2.270288e-04
1.552137e-01 2.217013e-04 2.259031e-04
1.554845e-01 -8.992851e-05 2.272248e-04
1.557553e-01 1.666397e-04 2.257308e-04
1.560261e-01 4.862398e-04 2.279486e-04
1.562969e-01 3.449395e-04 2.258558e-04
1.565678e-01 3.799610e-04 2.238721e-04
1.568386e-01 5.118400e-04 2.280450e-04
1.571094e-01 3.609005e-04 2.268442e-04
1.573802e-01 4.831813e-04 2.278062e-04
1.576510e-01 4.779305e-04 2.252363e-04
1.579218e-01 -1.448803e-04 2.284225e-04
1.581926e-01 3.556609e-04 2.257781e-04
1.584634e-01 2.864003e-04 2.249814e-04
1.587343e-01 4.358795e-04 2.260051e-04
1.590051e-01 1.191404e-04 2.254320e-04
1.592759e-01 -2.512597e-04 2.257956e-04
1.595467e-01 1.191292e-04 2.246233e-04
1.598175e-01 1.761094e-04 2.246227e-04
1.600883e-01 8.733105e-04 2.237375e-04
1.603591e-01 5.256105e-04 2.248498e-04
1.606300e-01 3.098994e-04 2.248649e-04
1.609008e-01 1.378004e-04 2.222461e-04
1.611716e-01 8.323602e-04 2.238894e-04
1.614424e-01 3.820304e-04 2.242251e-04
1.617132e-01 -6.152131e-05 2.250269e-04
1.619840e-01 9.788945e-05 2.251665e-04
1.622549e-01 2.046507e-04 2.241358e-04
1.625257e-01 1.344904e-04 2.243163e-04
1.627965e-01 6.889924e-06 2.225511e-04
1.630673e-01 8.484907e-05 2.243714e-04
1.633381e-01 4.040003e-04 2.231480e-04
1.636089e-01 6.045401e-04 2.223807e-04
1.638797e-01 1.138002e-04 2.262223e-04
1.641506e-01 3.272612e-04 2.234236e-04
1.644214e-01 5.175918e-05 2.240007e-04
1.646922e-01 1.379605e-04 2.212964e-04
1.649630e-01 2.181605e-04 2.252282e-04
1.652338e-01 5.786866e-05 2.250942e-04
1.655046e-01 6.154925e-05 2.242329e-04
1.657754e-01 1.692101e-04 2.235849e-04
1.660462e-01 -4.397891e-05 2.254183e-04
1.663171e-01 2.496298e-04 2.243558e-04
1.665879e-01 1.234002e-04 2.230596e-04
1.668587e-01 1.150202e-04 2.252534e-04
1.671295e-01 4.817918e-05 2.264248e-04
1.674003e-01 1.530703e-04 2.247811e-04
1.676711e-01 6.176904e-05 2.325971e-04
1.679420e-01 1.376700e-04 2.366631e-04
1.682128e-01 3.019590e-04 2.379030e-04
1.684836e-01 6.123502e-04 2.456662e-04
1.687544e-01 -1.146011e-04 2.431920e-04
1.690252e-01 9.140000e-05 2.450252e-04
1.692960e-01 -3.156886e-04 2.447036e-04
1.695668e-01 1.663696e-04 2.511255e-04
1.698377e-01 1.942795e-04 2.510770e-04
1.701085e-01 3.030393e-04 2.506320e-04
1.703793e-01 1.826398e-04 2.560940e-04
1.706501e-01 3.454089e-05 2.547360e-04
1.709209e-01 4.638098e-04 2.601679e-04
1.711917e-01 4.099794e-04 2.604978e-04
1.714625e-01 -2.551302e-04 2.605111e-04
1.717333e-01 2.793092e-04 2.636648e-04
1.720042e-01 1.554694e-04 2.631265e-04
1.722750e-01 2.429802e-04 2.676462e-04
1.725458e-01 -8.593127e-05 2.670092e-04
1.728166e-01 -9.343028e-05 2.709594e-04
1.730874e-01 1.794603e-04 2.720059e-04
1.733582e-01 2.976879e-05 2.741027e-04
1.736291e-01 -2.390798e-04 2.762783e-04
1.738999e-01 3.535394e-04 2.737837e-04
1.741707e-01 3.095586e-04 2.821159e-04
1.744415e-01 2.674293e-04 2.801921e-04
1.747123e-01 -2.306141e-05 2.831463e-04
1.749831e-01 -1.056492e-04 2.714556e-04
1.752539e-01 3.821701e-04 2.631494e-04
1.755248e-01 2.926514e-04 2.655317e-04
1.757956e-01 2.934411e-04 2.577637e-04
1.760664e-01 2.477504e-04 2.611415e-04
1.763372e-01 -9.958073e-05 2.617007e-04
1.766080e-01 2.469700e-04 2.605452e-04
1.768788e-01 4.178286e-04 2.600221e-04
1.771496e-01 2.969597e-04 2.546641e-04
1.774205e-01 2.061017e-05 2.553379e-04
1.776913e-01 3.039204e-04 2.544007e-04
1.779621e-01 2.082605e-04 2.548451e-04
1.782329e-01 2.643894e-04 2.524565e-04
1.785037e-01 -1.145396e-04 2.485481e-04
1.787745e-01 7.710978e-05 2.516260e-04
1.790453e-01 2.964959e-05 2.481510e-04
1.793161e-01 3.389698e-04 2.501834e-04
1.795870e-01 1.611002e-05 2.480001e-04
1.798578e-01 1.838896e-04 2.480470e-04
1.801286e-01 2.358407e-04 2.487054e-04
1.803994e-01 2.775602e-04 2.439163e-04
1.806702e-01 -1.015402e-04 2.468261e-04
1.809410e-01 -3.759302e-04 2.452714e-04
1.812119e-01 -2.807099e-04 2.456885e-04
1.814827e-01 -1.257006e-04 2.448472e-04
1.817535e-01 7.037073e-05 2.418677e-04
1.820243e-01 2.597105e-04 2.457408e-04
1.822951e-01 1.475029e-05 2.425066e-04
1.825659e-01 8.657947e-05 2.445959e-04
1.828367e-01 1.439899e-04 2.436566e-04
1.831076e-01 1.276191e-04 2.391212e-04
1.833784e-01 -3.032796e-04 2.467643e-04
1.836492e-01 2.180394e-04 2.422279e-04
1.839200e-01 4.709698e-04 2.431475e-04
1.841908e-01 1.975708e-04 2.418502e-04
1.844616e-01 3.279988e-04 2.426152e-04
1.847324e-01 6.243028e-05 2.420397e-04
1.850033e-01 2.959110e-04 2.398204e-04
1.852741e-01 3.162604e-04 2.421579e-04
1.855449e-01 2.525598e-04 2.428589e-04
1.858157e-01 4.003011e-05 2.412997e-04
1.860865e-01 -4.273094e-05 2.418756e-04
1.863573e-01 1.838505e-04 2.406144e-04
1.866281e-01 2.967082e-04 2.416718e-04
1.868990e-01 1.883302e-04 2.403834e-04
1.871698e-01 2.207905e-04 2.418558e-04
1.874406e-01 -1.670793e-06 2.432849e-04
1.877114e-01 -1.842603e-04 2.380837e-04
1.879822e-01 3.011208e-04 2.416431e-04
1.882530e-01 -1.818873e-05 2.390551e-04
1.885238e-01 3.768094e-04 2.421324e-04
1.887947e-01 1.646411e-04 2.396370e-04
1.890655e-01 4.582293e-04 2.412437e-04
1.893363e-01 3.381204e-04 2.409628e-04
1.896071e-01 1.151115e-04 2.365614e-04
1.898779e-01 2.891403e-04 2.413935e-04
1.901487e-01 -4.599988e-05 2.394102e-04
1.904195e-01 -4.235301e-04 2.408205e-04
1.906904e-01 -1.086909e-04 2.436761e-04
1.909612e-01 -7.878989e-05 2.381328e-04
1.912320e-01 -1.282003e-04 2.415077e-04
1.915028e-01 5.009305e-04 2.384259e-04
1.917736e-01 3.446694e-04 2.385340e-04
1.920444e-01 4.906692e-04 2.399041e-04
1.923153e-01 -2.201516e-04 2.367767e-04
1.925861e-01 6.690193e-04 2.401758e-04
1.928569e-01 -2.282094e-04 2.391938e-04
1.931277e-01 7.683970e-05 2.391037e-04
1.933985e-01 -6.605685e-04 2.414294e-04
1.936693e-01 7.791072e-05 2.387885e-04
1.939401e-01 -2.370514e-04 2.415393e-04
1.942109e-01 -1.722910e-04 2.385039e-04
1.944818e-01 -9.656139e-05 2.390229e-04
1.947526e-01 1.009554e-06 2.390533e-04
1.950234e-01 2.968870e-05 2.381713e-04
1.952942e-01 -1.059584e-04 2.395909e-04
1.955650e-01 -8.271076e-05 2.373133e-04
1.958358e-01 2.009999e-04 2.400751e-04
1.961066e-01 1.406111e-05 2.387762e-04
1.963775e-01 4.648305e-04 2.379896e-04
1.966483e-01 -6.788038e-05 2.376075e-04
1.969191e-01 -1.879297e-04 2.372769e-04
1.971899e-01 5.586594e-04 2.402026e-04
1.974607e-01 -4.818495e-04 2.410876e-04
1.977315e-01 4.554614e-04 2.400365e-04
1.980023e-01 3.257990e-04 2.378628e-04
1.982732e-01 5.704910e-05 2.377902e-04
1.985440e-01 -1.643039e-05 2.390811e-04
1.988148e-01 7.767696e-04 2.399436e-04
1.990856e-01 -1.410898e-04 2.401331e-04
1.993564e-01 1.256298e-04 2.391219e-04
1.996272e-01 4.134513e-04 2.397739e-04
1.998980e-01 -1.199115e-04 2.386788e-04
2.001689e-01 9.015203e-07 2.369496e-04
2.004397e-01 -2.280008e-04 2.345143e-04
2.007105e-01 -4.018992e-04 2.356810e-04
2.009813e-01 8.065999e-05 2.354017e-04
2.012521e-01 -3.637001e-05 2.370555e-04
2.015229e-01 -1.324601e-04 2.354211e-04
2.017937e-01 8.000992e-05 2.382460e-04
2.020646e-01 -2.174601e-04 2.373246e-04
2.023354e-01 -1.161695e-04 2.356797e-04
2.026062e-01 5.882978e-05 2.339545e-04
2.028770e-01 -1.735687e-04 2.351889e-04
2.031478e-01 4.032608e-04 2.345132e-04
2.034186e-01 1.077708e-04 2.354566e-04
2.036894e-01 5.383044e-05 2.335899e-04
2.039603e-01 -3.681201e-04 2.330851e-04
2.042311e-01 -2.189707e-04 2.333150e-04
2.045019e-01 -5.952828e-05 2.349831e-04
2.047727e-01 2.038106e-05 2.337971e-04
2.050435e-01 -1.735706e-04 2.331332e-04
2.053143e-01 1.060609e-04 2.350440e-04
2.055852e-01 2.358109e-04 2.334636e-04
2.058560e-01 2.170894e-04 2.319938e-04
2.061268e-01 4.695915e-05 2.308888e-04
2.063976e-01 -1.638010e-05 2.324514e-04
2.066684e-01 -5.186815e-04 2.301679e-04
2.069392e-01 3.671087e-05 2.324402e-04
2.072100e-01 2.806298e-04 2.330852e-04
2.074808e-01 -2.390798e-04 2.303029e-04
2.077517e-01 -6.230399e-04 2.299060e-04
2.080225e-01 -1.138505e-04 2.314580e-04
2.082933e-01 -3.447011e-05 2.296896e-04
2.085641e-01 -3.692508e-04 2.320796e-04
2.088349e-01 -2.410598e-04 2.326931e-04
2.091057e-01 1.815315e-04 2.326390e-04
2.093765e-01 8.018129e-05 2.312844e-04
2.096474e-01 9.080395e-06 2.307683e-04
2.099182e-01 1.690499e-04 2.327477e-04
2.101890e-01 -5.197395e-04 2.297959e-04
2.104598e-01 2.133008e-04 2.326143e-04
2.107306e-01 -5.224701e-04 2.314671e-04
2.110014e-01 -6.018002e-04 2.315070e-04
2.112723e-01 -1.550000e-04 2.316334e-04
2.115431e-01 -1.811050e-05 2.300921e-04
2.118139e-01 -5.472694e-04 2.317432e-04
2.120847e-01 -1.315400e-04 2.320601e-04
2.123555e-01 1.396909e-04 2.325289e-04
2.126263e-01 -2.093799e-04 2.286363e-04
2.128971e-01 4.974939e-05 2.319434e-04
2.131680e-01 -2.019089e-04 2.318747e-04
2.134388e-01 -2.334602e-04 2.317675e-04
2.137096e-01 5.655922e-05 2.308891e-04
2.139804e-01 3.775507e-04 2.322532e-04
2.142512e-01 -3.174134e-05 2.313486e-04
2.145220e-01 -4.299004e-04 2.309399e-04
2.147928e-01 -1.466908e-04 2.317995e-04
2.150636e-01 9.715185e-05 2.294625e-04
2.153345e-01 1.050904e-04 2.309935e-04
2.156053e-01 -2.725981e-05 2.315969e-04
2.158761e-01 -2.088994e-04 2.319661e-04
2.161469e-01 5.125515e-04 2.290853e-04
2.164177e-01 2.446007e-04 2.311290e-04
2.166885e-01 -4.190095e-04 2.315518e-04
2.169593e-01 -3.154948e-05 2.308851e-04
2.172302e-01 1.524817e-04 2.319632e-04
2.175010e-01 6.168149e-05 2.304184e-04
2.177718e-01 3.925897e-05 2.320502e-04
2.180426e-01 -1.650099e-04 2.335270e-04
2.183134e-01 4.084390e-04 2.296461e-04
2.185842e-01 -3.295895e-04 2.307847e-04
2.188551e-01 -1.174603e-04 2.307317e-04
2.191259e-01 -4.638918e-05 2.318700e-04
2.193967e-01 6.660074e-05 2.300964e-04
2.196675e-01 -1.370106e-04 2.306777e-04
2.199383e-01 -2.080183e-04 2.276459e-04
2.202091e-01 6.172992e-05 2.288345e-04
2.204799e-01 1.732204e-04 2.262585e-04
2.207507e-01 4.598126e-05 2.281276e-04
2.210216e-01 -1.729690e-04 2.259180e-04
2.212924e-01 5.815923e-05 2.267418e-04
2.215632e-01 -1.289304e-04 2.260964e-04
2.218340e-01 3.288407e-04 2.282346e-04
2.221048e-01 4.469045e-05 2.258805e-04
2.223756e-01 8.537062e-05 2.261854e-04
2.226464e-01 -1.960900e-04 2.260600e-04
2.229173e-01 2.500694e-04 2.277859e-04
2.231881e-01 -4.096888e-05 2.266472e-04
2.234589e-01 4.430600e-04 2.268320e-04
2.237297e-01 -1.228396e-04 2.254672e-04
2.240005e-01 -2.928507e-04 2.262384e-04
2.242713e-01 -2.814494e-04 2.244561e-04
2.245422e-01 -8.289889e-05 2.261050e-04
2.248130e-01 1.161397e-04 2.274961e-04
2.250838e-01 -1.293998e-04 2.242905e-04
2.253546e-01 -2.774298e-04 2.269954e-04
2.256254e-01 1.363494e-04 2.255283e-04
2.258962e-01 -2.408288e-04 2.280885e-04
2.261670e-01 -6.726012e-05 2.350526e-04
2.264379e-01 -1.959410e-04 2.415566e-04
2.267087e-01 3.593210e-04 2.435242e-04
2.269795e-01 -7.185899e-05 2.445194e-04
2.272503e-01 5.302019e-05 2.473095e-04
2.275211e-01 -1.162309e-04 2.519508e-04
2.277919e-01 3.946386e-04 2.539946e-04
2.280627e-01 -3.471207e-04 2.575710e-04
2.283335e-01 -1.664702e-04 2.605994e-04
2.286044e-01 -2.134107e-04 2.597473e-04
2.288752e-01 -1.850910e-04 2.628160e-04
2.291460e-01 -1.151711e-04 2.639873e-04
2.294168e-01 3.684089e-04 2.706160e-04
2.296876e-01 1.825597e-04 2.723988e-04
2.299584e-01 2.481043e-05 2.721313e-04
2.302293e-01 9.069964e-05 2.795619e-04
2.305001e-01 1.339912e-04 2.778919e-04
2.307709e-01 3.467016e-04 2.806337e-04
2.310417e-01 -1.876205e-04 2.836720e-04
2.313125e-01 -4.984103e-04 2.844148e-04
2.315833e-01 -1.188200e-04 2.877462e-04
2.318541e-01 -1.359489e-04 2.909413e-04
2.321250e-01 -7.926300e-04 2.934415e-04
2.323958e-01 9.801984e-05 2.921754e-04
2.326666e-01 1.119301e-04 2.975398e-04
2.329374e-01 -5.509891e-04 3.001618e-04
2.332082e-01 8.708052e-05 2.981954e-04
2.334790e-01 -4.986506e-04 3.003824e-04
2.337498e-01 -2.280213e-04 3.095130e-04
2.340207e-01 5.780701e-04 3.110844e-04
2.342915e-01 -5.487408e-04 3.106394e-04
2.345623e-01 -1.712292e-04 3.116144e-04
2.348331e-01 1.473185e-04 3.166422e-04
2.351039e-01 -4.189089e-06 3.176981e-04
2.353747e-01 -4.344508e-04 3.201349e-04
2.356455e-01 -5.007796e-04 3.250246e-04
2.359163e-01 -4.206803e-04 3.231217e-04
2.361872e-01 -1.011081e-03 3.284024e-04
2.364580e-01 1.773592e-04 3.337358e-04
2.367288e-01 -2.508201e-04 3.339216e-04
2.369996e-01 -9.978935e-05 3.358681e-04
2.372704e-01 2.695788e-04 3.426955e-04
2.375412e-01 -2.631899e-04 3.407441e-04
2.378121e-01 -7.752702e-04 3.508940e-04
2.380829e-01 2.024099e-04 3.495205e-04
2.383537e-01 3.715102e-04 3.513784e-04
2.386245e-01 -7.746704e-04 3.636675e-04
2.388953e-01 2.577491e-04 3.579358e-04
2.391661e-01 7.255003e-04 3.611387e-04
2.394369e-01 5.226023e-05 3.666322e-04
2.397078e-01 -4.111603e-04 3.755853e-04
2.399786e-01 -1.643971e-05 3.768619e-04
2.402494e-01 1.528692e-04 3.764644e-04
2.405202e-01 -2.134796e-04 3.788730e-04
2.407910e-01 4.870072e-05 3.886748e-04
2.410618e-01 -2.070703e-04 3.911528e-04
2.413326e-01 1.973286e-04 3.914413e-04
2.416034e-01 -2.232790e-04 3.962330e-04
2.418743e-01 6.534494e-04 4.083164e-04
2.421451e-01 2.287999e-04 4.079390e-04
2.424159e-01 -3.706813e-04 4.140944e-04
2.426867e-01 -7.165112e-04 4.099202e-04
2.429575e-01 -2.789591e-04 4.257989e-04
2.432283e-01 -8.421950e-05 4.325864e-04
2.434992e-01 -5.142801e-04 4.254284e-04
2.437700e-01 -4.028212e-04 4.339256e-04
2.440408e-01 -4.525091e-04 4.443642e-04
2.443116e-01 -3.157705e-04 4.577933e-04
2.445824e-01 -8.615404e-04 4.522114e-04
2.448532e-01 -3.219415e-04 4.536713e-04
2.451240e-01 2.898201e-04 4.688299e-04
2.453949e-01 -3.708806e-04 4.744597e-04
2.456657e-01 1.702309e-04 4.795205e-04
2.459365e-01 2.840087e-04 4.870161e-04
2.462073e-01 -5.160198e-04 4.894453e-04
2.464781e-01 -5.158093e-04 4.945900e-04
2.467489e-01 3.300402e-04 5.122302e-04
2.470197e-01 -4.883502e-04 5.185363e-04
2.472906e-01 7.708613e-04 5.266937e-04
2.475614e-01 -1.218915e-05 5.296092e-04
2.478322e-01 -5.981289e-04 5.477204e-04
2.481030e-01 -3.723893e-04 5.403519e-04
2.483738e-01 -5.289093e-04 5.423698e-04
2.486446e-01 1.179203e-04 5.831306e-04
2.489154e-01 -2.896301e-04 5.985669e-04
2.491863e-01 -3.691949e-05 5.787735e-04
2.494571e-01 -1.181103e-04 6.099596e-04
2.497279e-01 1.694914e-04 6.275425e-04
2.499987e-01 -3.635306e-04 6.521062e-04
2.502695e-01 1.368504e-04 6.550025e-04
2.505403e-01 -9.379163e-05 6.774445e-04
2.508111e-01 -4.824996e-05 6.906952e-04
2.510819e-01 -1.638869e-03 7.145161e-04
2.513528e-01 9.922292e-04 7.204301e-04
2.516236e-01 2.085045e-05 7.323354e-04
2.518944e-01 8.602068e-05 7.633543e-04
2.521652e-01 5.399007e-04 8.309548e-04
2.524360e-01 1.186680e-03 8.224545e-04
2.527068e-01 -5.408004e-05 8.107906e-04
2.529776e-01 -8.688401e-04 8.380635e-04
2.532485e-01 -8.085389e-04 8.754828e-04
2.535193e-01 -3.873929e-05 9.146024e-04
2.537901e-01 7.917918e-05 8.994256e-04
2.540609e-01 3.181212e-04 9.092071e-04
2.543317e-01 -1.826584e-04 9.565687e-04
2.546025e-01 -1.417741e-03 9.773061e-04
2.548733e-01 1.165310e-03 1.054926e-03
2.551441e-01 3.762804e-04 1.036423e-03
2.554150e-01 -1.412870e-03 1.156190e-03
2.556858e-01 -7.472504e-04 1.126176e-03
2.559566e-01 -2.331911e-03 1.250082e-03
2.562274e-01 2.546292e-04 1.327356e-03
2.564982e-01 -6.295796e-04 1.441336e-03
2.567690e-01 -5.919486e-06 1.532582e-03
2.570398e-01 1.457440e-03 1.799061e-03
2.573107e-01 -6.978996e-04 1.882342e-03
2.575815e-01 -8.965805e-04 2.320225e-03
2.578523e-01 -1.089569e-03 3.099217e-03
2.581231e-01 -3.742788e-03 5.143613e-03
