3.286826e-03 1.665064e+01 0.000000e+00
3.557641e-03 2.014233e+01 3.431733e-01
3.828455e-03 1.804101e+01 1.992984e-01
4.099269e-03 1.617260e+01 1.541566e-01
4.370084e-03 1.438188e+01 1.120523e-01
4.640898e-03 1.294865e+01 7.915096e-02
4.911712e-03 1.183028e+01 6.614783e-02
5.182527e-03 1.092964e+01 5.461225e-02
5.453341e-03 1.023136e+01 5.014419e-02
5.724155e-03 9.585514e+00 3.812742e-02
5.994970e-03 9.041527e+00 3.502987e-02
6.265784e-03 8.503414e+00 3.118207e-02
6.536598e-03 8.023428e+00 2.539822e-02
6.807412e-03 7.563518e+00 2.472647e-02
7.078227e-03 7.146066e+00 2.354204e-02
7.349041e-03 6.741562e+00 2.182666e-02
7.619855e-03 6.310769e+00 1.875774e-02
7.890671e-03 5.949181e+00 1.774317e-02
8.161485e-03 5.545921e+00 1.669001e-02
8.432299e-03 5.187793e+00 1.513000e-02
8.703114e-03 4.883306e+00 1.474534e-02
8.973928e-03 4.552008e+00 1.375336e-02
9.244742e-03 4.249454e+00 1.289564e-02
9.515557e-03 3.966465e+00 1.227593e-02
9.786371e-03 3.709684e+00 1.127956e-02
1.005718e-02 3.458985e+00 1.060189e-02
1.032800e-02 3.200042e+00 9.512365e-03
1.059881e-02 2.976277e+00 8.895967e-03
1.086963e-02 2.772796e+00 8.469757e-03
1.114044e-02 2.583968e+00 8.150982e-03
1.141126e-02 2.396584e+00 7.411326e-03
1.168207e-02 2.224443e+00 7.115643e-03
1.195289e-02 2.071432e+00 6.603544e-03
1.222370e-02 1.921097e+00 6.179329e-03
1.249451e-02 1.783971e+00 5.900760e-03
1.276533e-02 1.667766e+00 5.609322e-03
1.303614e-02 1.540282e+00 5.102055e-03
1.330696e-02 1.442947e+00 4.869065e-03
1.357777e-02 1.332685e+00 4.817127e-03
1.384859e-02 1.241051e+00 4.456044e-03
1.411940e-02 1.148603e+00 4.206040e-03
1.439021e-02 1.069064e+00 3.926494e-03
1.466103e-02 9.910206e-01 3.634798e-03
1.493184e-02 9.175518e-01 3.549960e-03
1.520266e-02 8.534901e-01 3.391209e-03
1.547347e-02 7.900199e-01 3.153877e-03
1.574429e-02 7.375275e-01 3.069874e-03
1.601510e-02 6.779606e-01 2.885401e-03
1.628591e-02 6.278074e-01 2.667987e-03
1.655673e-02 5.896474e-01 2.518692e-03
1.682754e-02 5.424682e-01 2.460824e-03
1.709836e-02 5.019192e-01 2.356031e-03
1.736917e-02 4.634047e-01 2.259824e-03
1.763999e-02 4.283552e-01 2.187627e-03
1.791080e-02 3.972547e-01 2.045866e-03
1.818161e-02 3.633344e-01 1.996031e-03
1.845243e-02 3.345641e-01 1.974180e-03
1.872324e-02 3.081168e-01 1.878927e-03
1.899406e-02 2.845801e-01 1.773156e-03
1.926487e-02 2.628705e-01 1.738831e-03
1.953569e-02 2.418585e-01 1.633347e-03
1.980650e-02 2.172394e-01 1.567190e-03
2.007731e-02 1.994738e-01 1.499963e-03
2.034813e-02 1.842238e-01 1.422627e-03
2.061894e-02 1.656501e-01 1.395305e-03
2.088976e-02 1.544116e-01 1.338244e-03
2.116057e-02 1.427610e-01 1.293947e-03
2.143139e-02 1.289117e-01 1.258998e-03
2.170220e-02 1.191281e-01 1.213932e-03
2.197302e-02 1.082117e-01 1.159752e-03
2.224383e-02 9.720109e-02 1.089182e-03
2.251465e-02 8.935143e-02 1.080453e-03
2.278546e-02 8.292030e-02 1.027913e-03
2.305627e-02 7.633663e-02 1.000645e-03
2.332709e-02 7.031821e-02 9.383980e-04
2.359790e-02 6.629341e-02 9.080324e-04
2.386872e-02 6.026838e-02 8.922123e-04
2.413953e-02 5.810401e-02 8.515284e-04
2.441034e-02 5.290451e-02 8.233769e-04
2.468116e-02 5.133255e-02 8.271536e-04
2.495197e-02 4.797652e-02 7.719001e-04
2.522279e-02 4.642693e-02 7.998307e-04
2.549360e-02 4.405186e-02 7.675079e-04
2.576442e-02 4.372641e-02 7.516566e-04
2.603523e-02 4.324421e-02 7.553036e-04
2.630604e-02 4.272480e-02 7.258431e-04
2.657686e-02 4.039338e-02 7.292374e-04
2.684767e-02 3.938116e-02 7.139903e-04
2.711849e-02 3.917936e-02 7.103870e-04
2.738930e-02 3.860338e-02 7.048651e-04
2.766012e-02 3.971981e-02 6.868183e-04
2.793093e-02 3.969404e-02 6.866458e-04
2.820175e-02 4.040560e-02 6.743192e-04
2.847256e-02 4.018996e-02 6.636510e-04
2.874337e-02 3.820558e-02 6.583074e-04
2.901419e-02 3.761570e-02 6.468396e-04
2.928500e-02 3.752869e-02 6.421962e-04
2.955582e-02 3.920382e-02 6.458038e-04
2.982663e-02 3.702249e-02 6.404472e-04
3.009745e-02 3.706651e-02 6.375106e-04
3.036826e-02 3.575654e-02 6.288637e-04
3.063907e-02 3.461997e-02 6.329970e-04
3.090989e-02 3.571699e-02 6.238701e-04
3.118070e-02 3.661654e-02 6.367502e-04
3.145152e-02 3.457949e-02 6.078755e-04
3.172233e-02 3.447260e-02 6.004079e-04
3.199315e-02 3.301985e-02 5.908716e-04
3.226396e-02 3.347080e-02 6.033931e-04
3.253478e-02 3.291721e-02 5.911912e-04
3.280559e-02 3.164210e-02 5.690915e-04
3.307641e-02 3.096997e-02 5.822632e-04
3.334722e-02 2.989060e-02 5.620515e-04
3.361803e-02 2.928210e-02 5.689963e-04
3.388885e-02 2.905846e-02 5.596606e-04
3.415966e-02 2.669652e-02 5.501670e-04
3.443048e-02 2.738453e-02 5.493007e-04
3.470129e-02 2.666723e-02 5.416804e-04
3.497211e-02 2.449957e-02 5.388088e-04
3.524292e-02 2.463357e-02 5.292051e-04
3.551374e-02 2.394271e-02 5.382945e-04
3.578455e-02 2.285965e-02 5.279012e-04
3.605536e-02 2.210950e-02 5.097856e-04
3.632618e-02 2.215364e-02 5.142016e-04
3.659699e-02 2.134371e-02 5.020163e-04
3.686780e-02 2.026864e-02 4.951011e-04
3.713862e-02 2.013409e-02 4.834130e-04
3.740944e-02 2.038341e-02 4.942364e-04
3.768025e-02 1.938509e-02 4.885539e-04
3.795106e-02 1.826322e-02 4.783731e-04
3.822188e-02 1.752515e-02 4.753504e-04
3.849269e-02 1.627776e-02 4.689632e-04
3.876351e-02 1.656065e-02 4.681174e-04
3.903432e-02 1.662709e-02 4.694840e-04
3.930514e-02 1.584634e-02 4.605229e-04
3.957595e-02 1.543201e-02 4.545294e-04
3.984676e-02 1.513642e-02 4.549802e-04
4.011758e-02 1.511895e-02 4.574623e-04
4.038839e-02 1.485020e-02 4.492450e-04
4.065921e-02 1.400946e-02 4.470613e-04
4.093002e-02 1.346064e-02 4.548138e-04
4.120084e-02 1.388521e-02 4.385709e-04
4.147165e-02 1.341108e-02 4.410120e-04
4.174246e-02 1.236106e-02 4.325286e-04
4.201328e-02 1.311279e-02 4.339010e-04
4.228409e-02 1.211519e-02 4.302524e-04
4.255491e-02 1.232631e-02 4.271986e-04
4.282572e-02 1.177252e-02 4.270188e-04
4.309653e-02 1.140235e-02 4.192971e-04
4.336735e-02 1.125530e-02 4.171601e-04
4.363817e-02 1.154751e-02 4.147198e-04
4.390898e-02 1.139423e-02 4.107011e-04
4.417979e-02 1.123386e-02 4.145603e-04
4.445061e-02 1.103782e-02 4.096083e-04
4.472142e-02 1.052365e-02 4.062548e-04
4.499224e-02 1.095143e-02 4.093008e-04
4.526305e-02 1.074214e-02 4.046943e-04
4.553387e-02 9.660929e-03 3.941246e-04
4.580468e-02 1.004066e-02 4.001699e-04
4.607549e-02 1.044479e-02 3.980178e-04
4.634631e-02 1.019149e-02 4.013213e-04
4.661712e-02 1.007511e-02 4.002500e-04
4.688794e-02 9.587431e-03 3.919758e-04
4.715875e-02 9.933678e-03 3.866480e-04
4.742957e-02 9.867791e-03 3.836933e-04
4.770038e-02 9.259529e-03 3.847471e-04
4.797119e-02 9.323239e-03 3.831199e-04
4.824201e-02 8.923121e-03 3.782024e-04
4.851282e-02 8.497471e-03 3.855470e-04
4.878364e-02 9.121252e-03 3.776265e-04
4.905445e-02 9.281281e-03 3.713748e-04
4.932526e-02 9.337019e-03 3.801796e-04
4.959608e-02 8.066691e-03 3.740838e-04
4.986690e-02 8.633438e-03 3.761969e-04
5.013771e-02 8.431509e-03 3.726594e-04
5.040852e-02 8.230289e-03 3.717238e-04
5.067934e-02 9.042149e-03 3.711817e-04
5.095015e-02 8.210301e-03 3.632743e-04
5.122096e-02 8.164059e-03 3.638655e-04
5.149178e-02 7.489208e-03 3.663806e-04
5.176260e-02 8.109748e-03 3.680061e-04
5.203341e-02 8.133780e-03 3.675240e-04
5.230422e-02 7.452501e-03 3.553099e-04
5.257504e-02 7.156501e-03 3.544420e-04
5.284585e-02 7.586163e-03 3.582986e-04
5.311667e-02 7.290101e-03 3.543271e-04
5.338748e-02 7.152600e-03 3.606568e-04
5.365830e-02 6.930932e-03 3.542975e-04
5.392911e-02 6.862361e-03 3.590097e-04
5.419992e-02 7.664049e-03 3.635462e-04
5.447074e-02 7.688820e-03 3.573766e-04
5.474155e-02 6.411072e-03 3.666105e-04
5.501237e-02 6.480221e-03 3.703656e-04
5.528318e-02 6.842688e-03 3.758518e-04
5.555400e-02 6.719101e-03 3.747775e-04
5.582481e-02 6.300479e-03 3.715839e-04
5.609563e-02 6.894071e-03 3.753967e-04
5.636644e-02 6.811932e-03 3.794881e-04
5.663725e-02 6.802032e-03 3.769231e-04
5.690807e-02 5.532522e-03 3.777679e-04
5.717888e-02 6.618390e-03 3.793603e-04
5.744969e-02 5.463032e-03 3.787785e-04
5.772051e-02 5.944300e-03 3.779690e-04
5.799133e-02 6.755549e-03 3.817852e-04
5.826214e-02 5.856100e-03 3.834126e-04
5.853295e-02 5.919950e-03 3.839575e-04
5.880377e-02 6.023008e-03 3.830710e-04
5.907458e-02 5.497770e-03 3.795569e-04
5.934540e-02 5.480601e-03 3.803176e-04
5.961621e-02 5.350990e-03 3.814642e-04
5.988703e-02 4.965160e-03 3.762646e-04
6.015784e-02 5.741989e-03 3.870460e-04
6.042865e-02 5.265981e-03 3.914887e-04
6.069947e-02 4.195891e-03 3.697606e-04
6.097028e-02 4.995698e-03 3.724655e-04
6.124110e-02 5.353948e-03 3.717952e-04
6.151191e-02 5.736511e-03 3.700116e-04
6.178273e-02 5.485011e-03 3.702438e-04
6.205354e-02 4.686020e-03 3.597004e-04
6.232436e-02 4.787071e-03 3.685387e-04
6.259517e-02 5.704731e-03 3.655468e-04
6.286598e-02 5.217701e-03 3.589429e-04
6.313679e-02 5.386751e-03 3.625517e-04
6.340761e-02 5.555911e-03 3.576234e-04
6.367842e-02 4.475471e-03 3.599531e-04
6.394923e-02 4.851678e-03 3.611146e-04
6.422005e-02 4.172310e-03 3.583882e-04
6.449086e-02 4.634559e-03 3.614472e-04
6.476168e-02 5.031170e-03 3.581681e-04
6.503250e-02 5.183049e-03 3.608632e-04
6.530331e-02 4.737500e-03 3.569694e-04
6.557412e-02 4.631432e-03 3.550958e-04
6.584494e-02 4.765559e-03 3.566077e-04
6.611575e-02 4.636381e-03 3.562169e-04
6.638657e-02 4.727000e-03 3.524803e-04
6.665738e-02 4.103120e-03 3.508609e-04
6.692819e-02 4.292050e-03 3.543903e-04
6.719901e-02 4.304141e-03 3.498544e-04
6.746982e-02 3.393369e-03 3.487854e-04
6.774063e-02 3.618279e-03 3.482066e-04
6.801146e-02 3.836600e-03 3.472761e-04
6.828227e-02 3.848920e-03 3.429418e-04
6.855308e-02 3.955359e-03 3.463143e-04
6.882390e-02 4.314689e-03 3.461428e-04
6.909471e-02 4.144242e-03 3.419333e-04
6.936552e-02 3.930779e-03 3.411879e-04
6.963634e-02 4.538940e-03 3.452597e-04
6.990715e-02 3.172029e-03 3.393794e-04
7.017796e-02 3.881861e-03 3.418065e-04
7.044878e-02 3.820529e-03 3.459728e-04
7.071959e-02 4.246799e-03 3.406463e-04
7.099041e-02 3.742019e-03 3.387161e-04
7.126123e-02 3.771327e-03 3.329378e-04
7.153204e-02 3.036870e-03 3.306376e-04
7.180285e-02 3.742281e-03 3.393588e-04
7.207367e-02 3.390158e-03 3.387869e-04
7.234448e-02 3.491960e-03 3.351809e-04
7.261530e-02 3.208939e-03 3.354332e-04
7.288611e-02 4.145429e-03 3.328243e-04
7.315692e-02 3.216319e-03 3.318583e-04
7.342774e-02 3.936131e-03 3.298100e-04
7.369855e-02 3.774440e-03 3.335623e-04
7.396936e-02 3.322370e-03 3.319681e-04
7.424019e-02 3.386078e-03 3.370504e-04
7.451100e-02 3.825082e-03 3.315545e-04
7.478181e-02 3.397509e-03 3.298826e-04
7.505263e-02 3.094669e-03 3.276705e-04
7.532344e-02 3.572440e-03 3.308823e-04
7.559425e-02 3.296079e-03 3.294975e-04
7.586507e-02 3.264319e-03 3.289904e-04
7.613588e-02 3.203889e-03 3.333673e-04
7.640669e-02 3.513349e-03 3.333699e-04
7.667751e-02 3.937270e-03 3.346502e-04
7.694832e-02 2.975039e-03 3.260040e-04
7.721914e-02 3.373740e-03 3.270841e-04
7.748996e-02 3.297240e-03 3.288696e-04
7.776077e-02 3.053380e-03 3.212905e-04
7.803158e-02 3.631528e-03 3.333164e-04
7.830240e-02 3.266171e-03 3.193059e-04
7.857321e-02 3.422190e-03 3.234778e-04
7.884403e-02 2.748162e-03 3.242458e-04
7.911484e-02 3.958432e-03 3.233064e-04
7.938565e-02 3.300762e-03 3.323592e-04
7.965647e-02 2.655020e-03 3.198151e-04
7.992728e-02 2.823258e-03 3.177232e-04
8.019809e-02 2.571989e-03 3.164655e-04
8.046892e-02 2.840361e-03 3.184190e-04
8.073973e-02 2.829161e-03 3.231036e-04
8.101054e-02 3.125532e-03 3.227516e-04
8.128136e-02 2.723539e-03 3.171610e-04
8.155217e-02 2.304489e-03 3.162656e-04
8.182298e-02 2.480751e-03 3.169847e-04
8.209380e-02 2.830919e-03 3.170102e-04
8.236461e-02 3.226021e-03 3.139652e-04
8.263543e-02 1.944920e-03 3.102952e-04
8.290624e-02 2.784960e-03 3.191061e-04
8.317705e-02 2.475092e-03 3.139198e-04
8.344787e-02 2.116121e-03 3.159701e-04
8.371869e-02 3.370211e-03 3.179808e-04
8.398950e-02 2.914822e-03 3.145449e-04
8.426031e-02 2.626870e-03 3.126091e-04
8.453113e-02 2.414839e-03 3.096993e-04
8.480194e-02 2.814012e-03 3.153404e-04
8.507276e-02 2.162009e-03 3.081605e-04
8.534357e-02 2.390182e-03 3.101957e-04
8.561438e-02 2.511321e-03 3.088551e-04
8.588520e-02 2.553931e-03 3.096422e-04
8.615601e-02 2.281850e-03 3.065391e-04
8.642682e-02 2.052769e-03 3.061700e-04
8.669765e-02 2.795549e-03 3.080543e-04
8.696846e-02 1.810579e-03 3.059513e-04
8.723927e-02 2.600489e-03 3.075969e-04
8.751009e-02 2.493918e-03 3.043306e-04
8.778090e-02 2.045320e-03 3.025307e-04
8.805171e-02 2.490260e-03 3.042260e-04
8.832253e-02 2.503389e-03 3.064431e-04
8.859334e-02 2.152851e-03 3.072795e-04
8.886416e-02 2.407320e-03 3.027429e-04
8.913497e-02 2.553230e-03 3.059240e-04
8.940578e-02 2.193630e-03 3.021402e-04
8.967660e-02 2.351290e-03 3.027517e-04
8.994742e-02 2.025371e-03 3.085655e-04
9.021823e-02 2.614321e-03 3.036934e-04
9.048904e-02 1.698170e-03 2.969933e-04
9.075986e-02 2.235500e-03 3.056107e-04
9.103067e-02 1.955019e-03 2.993339e-04
9.130149e-02 2.274569e-03 3.020720e-04
9.157230e-02 2.294669e-03 3.009525e-04
9.184311e-02 2.145389e-03 3.027192e-04
9.211393e-02 1.593480e-03 3.002966e-04
9.238474e-02 2.930362e-03 3.007180e-04
9.265555e-02 2.108511e-03 3.009980e-04
9.292637e-02 2.075000e-03 2.951659e-04
9.319719e-02 2.590321e-03 2.985892e-04
9.346800e-02 1.968509e-03 2.965282e-04
9.373882e-02 1.604520e-03 2.999940e-04
9.400963e-02 2.224552e-03 2.953609e-04
9.428044e-02 1.839681e-03 2.976338e-04
9.455126e-02 2.224319e-03 3.011457e-04
9.482207e-02 1.825860e-03 2.929058e-04
9.509289e-02 2.232589e-03 2.949995e-04
9.536370e-02 1.584640e-03 2.965637e-04
9.563451e-02 2.162091e-03 2.946154e-04
9.590533e-02 2.099231e-03 2.962102e-04
9.617615e-02 1.848731e-03 2.909944e-04
9.644696e-02 1.807570e-03 2.935485e-04
9.671777e-02 1.986140e-03 2.948625e-04
9.698859e-02 1.999049e-03 2.919527e-04
9.725940e-02 1.622051e-03 2.902343e-04
9.753022e-02 1.073470e-03 2.869465e-04
9.780103e-02 1.678070e-03 2.892720e-04
9.807184e-02 1.373241e-03 2.908497e-04
9.834266e-02 1.404190e-03 2.918764e-04
9.861347e-02 2.119200e-03 2.920745e-04
9.888428e-02 1.602840e-03 2.859347e-04
9.915510e-02 1.535250e-03 2.909332e-04
9.942592e-02 1.702150e-03 2.883560e-04
9.969673e-02 1.813021e-03 2.882661e-04
9.996755e-02 1.492800e-03 2.871405e-04
1.002384e-01 1.631761e-03 2.866472e-04
1.005092e-01 1.883032e-03 2.909118e-04
1.007800e-01 1.455180e-03 2.868365e-04
1.010508e-01 1.902431e-03 2.913852e-04
1.013216e-01 1.401881e-03 2.868961e-04
1.015924e-01 9.343103e-04 2.828856e-04
1.018632e-01 1.541011e-03 2.852318e-04
1.021341e-01 1.539690e-03 2.824979e-04
1.024049e-01 1.231920e-03 2.861232e-04
1.026757e-01 1.222070e-03 2.879363e-04
1.029465e-01 1.549350e-03 2.868661e-04
1.032173e-01 1.638001e-03 2.858726e-04
1.034881e-01 1.612319e-03 2.827800e-04
1.037589e-01 1.886500e-03 2.843252e-04
1.040298e-01 1.577590e-03 2.843275e-04
1.043006e-01 1.372240e-03 2.835212e-04
1.045714e-01 1.897071e-03 2.827861e-04
1.048422e-01 1.194151e-03 2.792326e-04
1.051130e-01 1.610570e-03 2.811653e-04
1.053838e-01 1.143111e-03 2.819599e-04
1.056546e-01 1.182001e-03 2.806209e-04
1.059255e-01 1.391210e-03 2.787487e-04
1.061963e-01 1.049731e-03 2.778787e-04
1.064671e-01 1.885209e-03 2.835283e-04
1.067379e-01 1.539819e-03 2.837308e-04
1.070087e-01 1.210470e-03 2.813536e-04
1.072795e-01 1.411850e-03 2.762784e-04
1.075503e-01 8.513406e-04 2.767306e-04
1.078212e-01 1.607081e-03 2.775731e-04
1.080920e-01 1.541190e-03 2.769620e-04
1.083628e-01 1.480009e-03 2.787434e-04
1.086336e-01 1.730509e-03 2.792301e-04
1.089044e-01 1.063950e-03 2.778617e-04
1.091752e-01 1.493631e-03 2.789412e-04
1.094460e-01 9.730998e-04 2.733840e-04
1.097169e-01 1.085501e-03 2.715721e-04
1.099877e-01 1.313500e-03 2.736349e-04
1.102585e-01 1.698351e-03 2.767337e-04
1.105293e-01 1.158491e-03 2.801822e-04
1.108001e-01 1.154950e-03 2.826545e-04
1.110709e-01 6.582700e-04 2.833793e-04
1.113417e-01 1.315959e-03 2.826902e-04
1.116126e-01 1.390109e-03 2.812298e-04
1.118834e-01 1.145110e-03 2.835814e-04
1.121542e-01 1.180680e-03 2.868033e-04
1.124250e-01 4.381798e-04 2.920565e-04
1.126958e-01 1.820020e-03 2.962286e-04
1.129666e-01 1.151580e-03 2.945084e-04
1.132374e-01 1.222011e-03 3.010004e-04
1.135083e-01 9.183604e-04 2.988134e-04
1.137791e-01 1.005551e-03 3.012895e-04
1.140499e-01 1.096750e-03 3.004309e-04
1.143207e-01 7.148106e-04 3.075482e-04
1.145915e-01 1.234120e-03 3.085381e-04
1.148623e-01 1.422169e-03 3.124513e-04
1.151332e-01 8.683801e-04 3.086905e-04
1.154040e-01 1.374919e-03 3.111276e-04
1.156748e-01 1.669830e-03 3.131966e-04
1.159456e-01 1.100350e-03 3.163317e-04
1.162164e-01 1.818990e-03 3.192284e-04
1.164872e-01 1.610400e-03 3.173517e-04
1.167580e-01 8.136090e-04 3.195831e-04
1.170288e-01 9.464398e-04 3.188969e-04
1.172997e-01 1.109028e-03 3.203308e-04
1.175705e-01 1.477640e-03 3.236790e-04
1.178413e-01 1.208870e-03 3.224206e-04
1.181121e-01 1.036201e-03 3.209134e-04
1.183829e-01 1.071570e-03 3.139528e-04
1.186537e-01 1.328560e-03 3.181577e-04
1.189246e-01 1.415599e-03 3.107359e-04
1.191954e-01 1.294211e-03 3.149571e-04
1.194662e-01 8.061603e-04 3.131562e-04
1.197370e-01 8.734092e-04 3.085293e-04
1.200078e-01 1.326010e-03 3.100640e-04
1.202786e-01 8.422695e-04 3.117597e-04
1.205494e-01 1.076389e-03 3.091700e-04
1.208202e-01 1.348769e-03 3.139073e-04
1.210911e-01 1.521079e-03 3.118471e-04
1.213619e-01 1.165511e-03 3.109577e-04
1.216327e-01 1.389461e-03 3.126491e-04
1.219035e-01 5.468801e-04 3.095704e-04
1.221743e-01 1.404461e-03 3.116263e-04
1.224451e-01 1.160420e-03 3.129413e-04
1.227160e-01 1.521649e-03 3.145347e-04
1.229868e-01 1.052320e-03 3.071290e-04
1.232576e-01 8.718595e-04 3.105046e-04
1.235284e-01 5.740095e-04 3.113268e-04
1.237992e-01 1.295930e-03 3.091781e-04
1.240700e-01 5.908906e-04 3.091484e-04
1.243408e-01 9.121485e-04 3.097691e-04
1.246117e-01 8.137897e-04 3.056200e-04
1.248825e-01 6.307587e-04 3.061113e-04
1.251533e-01 1.364389e-03 3.096045e-04
1.254241e-01 9.581298e-04 3.124438e-04
1.256949e-01 9.033605e-04 3.046528e-04
1.259657e-01 8.570403e-04 3.055620e-04
1.262365e-01 9.614397e-04 3.058183e-04
1.265074e-01 1.037851e-03 3.054151e-04
1.267782e-01 1.143331e-03 3.071251e-04
1.270490e-01 1.026681e-03 3.005370e-04
1.273198e-01 6.956812e-04 3.055249e-04
1.275906e-01 2.504904e-04 3.018224e-04
1.278614e-01 5.453192e-04 3.019102e-04
1.281322e-01 8.436795e-04 3.012360e-04
1.284031e-01 7.172804e-04 3.009433e-04
1.286739e-01 1.214720e-03 3.039000e-04
1.289447e-01 1.471810e-03 2.987629e-04
1.292155e-01 8.257702e-04 3.037906e-04
1.294863e-01 5.878899e-04 2.971123e-04
1.297571e-01 6.427802e-04 2.976227e-04
1.300279e-01 1.070589e-03 3.013859e-04
1.302988e-01 1.226360e-03 3.040785e-04
1.305696e-01 1.033520e-03 3.018621e-04
1.308404e-01 7.132292e-04 2.998010e-04
1.311112e-01 6.871112e-04 2.973308e-04
1.313820e-01 4.174896e-04 2.945374e-04
1.316528e-01 1.087910e-03 3.003356e-04
1.319236e-01 1.162110e-03 2.992820e-04
1.321945e-01 4.625190e-04 2.983570e-04
1.324653e-01 7.885303e-04 3.013355e-04
1.327361e-01 8.548405e-04 2.956680e-04
1.330069e-01 6.203316e-04 2.934750e-04
1.332777e-01 1.251360e-03 2.950143e-04
1.335485e-01 1.891650e-03 2.971744e-04
1.338193e-01 1.266509e-03 2.983725e-04
1.340902e-01 6.559901e-04 2.972081e-04
1.343610e-01 7.514302e-04 2.976204e-04
1.346318e-01 1.192449e-03 2.995234e-04
1.349026e-01 1.143929e-03 2.962121e-04
1.351734e-01 6.438289e-04 3.008135e-04
1.354442e-01 6.575212e-04 2.957876e-04
1.357151e-01 1.080059e-03 2.984276e-04
1.359859e-01 -2.021305e-04 2.913086e-04
1.362567e-01 7.535815e-04 2.953066e-04
1.365275e-01 6.027315e-04 2.945595e-04
1.367983e-01 5.877018e-05 2.894964e-04
1.370691e-01 6.968398e-04 2.942410e-04
1.373399e-01 7.967297e-04 2.967370e-04
1.376107e-01 7.345490e-04 3.019448e-04
1.378816e-01 4.249699e-04 3.037575e-04
1.381524e-01 5.355198e-04 3.051554e-04
1.384232e-01 5.056597e-04 3.127489e-04
1.386940e-01 6.812997e-04 3.083708e-04
1.389648e-01 8.534100e-04 3.117781e-04
1.392356e-01 4.768502e-04 3.126824e-04
1.395064e-01 5.474500e-04 3.129520e-04
1.397773e-01 8.904599e-04 3.169583e-04
1.400481e-01 8.434504e-04 3.146647e-04
1.403189e-01 6.760899e-04 3.145408e-04
1.405897e-01 6.343685e-04 3.198924e-04
1.408605e-01 6.386600e-04 3.202595e-04
1.411313e-01 6.895699e-04 3.167117e-04
1.414021e-01 4.749782e-04 3.168869e-04
1.416730e-01 5.516410e-04 3.203654e-04
1.419438e-01 6.348118e-04 3.212844e-04
1.422146e-01 7.590000e-04 3.264076e-04
1.424854e-01 3.502592e-04 3.241703e-04
1.427562e-01 4.885998e-04 3.266635e-04
1.430270e-01 6.529186e-04 3.262541e-04
1.432979e-01 5.157888e-04 3.247507e-04
1.435687e-01 7.838104e-04 3.309157e-04
1.438395e-01 2.506804e-04 3.294451e-04
1.441103e-01 1.129370e-03 3.311175e-04
1.443811e-01 6.464906e-04 3.266715e-04
1.446519e-01 1.004949e-03 3.337839e-04
1.449227e-01 8.164607e-04 3.308433e-04
1.451935e-01 7.996000e-04 3.313423e-04
1.454644e-01 9.673405e-04 3.335591e-04
1.457352e-01 8.817501e-04 3.336430e-04
1.460060e-01 2.780799e-04 3.338070e-04
1.462768e-01 1.107398e-04 3.365481e-04
1.465476e-01 6.082393e-04 3.339945e-04
1.468184e-01 5.235914e-04 3.345939e-04
1.470892e-01 1.557898e-04 3.363414e-04
1.473601e-01 9.145699e-04 3.412595e-04
1.476309e-01 9.646900e-04 3.404711e-04
1.479017e-01 9.473972e-05 3.376665e-04
1.481725e-01 8.935500e-04 3.375803e-04
1.484433e-01 5.418397e-04 3.353265e-04
1.487141e-01 6.034598e-04 3.374087e-04
1.489850e-01 2.826415e-04 3.391412e-04
1.492558e-01 7.124301e-04 3.353672e-04
1.495266e-01 7.753894e-04 3.375882e-04
1.497974e-01 -1.366995e-05 3.327985e-04
1.500682e-01 1.241021e-03 3.372097e-04
1.503390e-01 5.667396e-04 3.381285e-04
1.506098e-01 6.176792e-04 3.355912e-04
1.508806e-01 3.047399e-04 3.385644e-04
1.511515e-01 8.359998e-04 3.315967e-04
1.514223e-01 2.477299e-04 3.425365e-04
1.516931e-01 7.703193e-04 3.359475e-04
1.519639e-01 -1.736917e-05 3.288859e-04
1.522347e-01 9.396300e-04 3.363061e-04
1.525055e-01 5.034897e-04 3.350366e-04
1.527763e-01 8.397400e-04 3.361181e-04
1.530472e-01 -2.173502e-04 3.318462e-04
1.533180e-01 5.391091e-04 3.341489e-04
1.535888e-01 1.103641e-03 3.397622e-04
1.538596e-01 1.048489e-03 3.325432e-04
1.541304e-01 1.235690e-03 3.417503e-04
1.544012e-01 2.536215e-04 3.345944e-04
1.546721e-01 1.040891e-03 3.390006e-04
1.549429e-01 4.741196e-04 3.341279e-04
1.552137e-01 8.233096e-04 3.407125e-04
1.554845e-01 8.681044e-05 3.382591e-04
1.557553e-01 -6.699003e-05 3.377211e-04
1.560261e-01 9.571705e-04 3.422400e-04
1.562969e-01 5.395412e-04 3.383880e-04
1.565678e-01 4.811808e-04 3.355013e-04
1.568386e-01 9.458903e-04 3.418508e-04
1.571094e-01 6.561801e-04 3.372682e-04
1.573802e-01 4.589092e-04 3.385494e-04
1.576510e-01 1.769904e-04 3.334739e-04
1.579218e-01 -1.681298e-04 3.372108e-04
1.581926e-01 9.489097e-04 3.430090e-04
1.584634e-01 5.034301e-04 3.369288e-04
1.587343e-01 4.029199e-04 3.333169e-04
1.590051e-01 1.017004e-05 3.321525e-04
1.592759e-01 3.763698e-04 3.307050e-04
1.595467e-01 5.964115e-04 3.362974e-04
1.598175e-01 -5.261041e-05 3.340517e-04
1.600883e-01 5.954131e-05 3.338271e-04
1.603591e-01 9.639002e-04 3.350723e-04
1.606300e-01 8.038096e-04 3.358429e-04
1.609008e-01 7.136296e-04 3.352126e-04
1.611716e-01 1.013879e-03 3.362253e-04
1.614424e-01 2.939999e-04 3.320180e-04
1.617132e-01 2.860501e-04 3.358943e-04
1.619840e-01 1.450684e-04 3.284706e-04
1.622549e-01 1.397803e-04 3.331474e-04
1.625257e-01 9.369887e-04 3.332496e-04
1.627965e-01 6.182808e-04 3.350119e-04
1.630673e-01 8.966960e-05 3.310650e-04
1.633381e-01 4.943386e-04 3.351966e-04
1.636089e-01 2.888199e-04 3.293288e-04
1.638797e-01 5.614292e-04 3.363636e-04
1.641506e-01 3.046915e-05 3.299013e-04
1.644214e-01 3.790688e-04 3.407646e-04
1.646922e-01 3.390014e-06 3.360655e-04
1.649630e-01 5.710889e-04 3.296321e-04
1.652338e-01 2.450198e-04 3.354956e-04
1.655046e-01 2.219100e-04 3.366726e-04
1.657754e-01 3.222097e-04 3.357938e-04
1.660462e-01 8.649286e-04 3.365539e-04
1.663171e-01 9.780005e-05 3.353188e-04
1.665879e-01 4.854500e-04 3.375612e-04
1.668587e-01 5.676504e-04 3.329705e-04
1.671295e-01 1.581013e-04 3.413494e-04
1.674003e-01 4.358385e-04 3.336905e-04
1.676711e-01 9.722896e-04 3.465456e-04
1.679420e-01 7.361192e-04 3.548950e-04
1.682128e-01 2.525505e-04 3.552824e-04
1.684836e-01 6.189700e-04 3.618704e-04
1.687544e-01 1.060251e-03 3.641673e-04
1.690252e-01 7.346589e-04 3.651330e-04
1.692960e-01 7.510204e-04 3.690437e-04
1.695668e-01 1.061400e-03 3.771833e-04
1.698377e-01 7.896703e-04 3.754733e-04
1.701085e-01 4.840400e-04 3.753185e-04
1.703793e-01 2.611000e-04 3.771743e-04
1.706501e-01 1.142889e-03 3.796438e-04
1.709209e-01 2.773814e-04 3.897531e-04
1.711917e-01 -4.661400e-04 3.824911e-04
1.714625e-01 -1.109596e-04 3.828798e-04
1.717333e-01 1.542771e-03 4.004204e-04
1.720042e-01 4.332997e-04 3.926898e-04
1.722750e-01 3.365688e-04 3.995732e-04
1.725458e-01 4.799906e-04 4.021564e-04
1.728166e-01 -8.868054e-05 3.938267e-04
1.730874e-01 6.627999e-04 4.011549e-04
1.733582e-01 6.745700e-04 4.084732e-04
1.736291e-01 6.828401e-04 4.104004e-04
1.738999e-01 6.702710e-04 4.160774e-04
1.741707e-01 -1.988914e-04 4.203823e-04
1.744415e-01 5.013887e-04 4.165331e-04
1.747123e-01 5.467981e-05 4.160235e-04
1.749831e-01 2.047308e-04 4.021559e-04
1.752539e-01 7.343404e-04 3.914912e-04
1.755248e-01 5.940907e-04 3.976216e-04
1.757956e-01 8.889604e-04 3.916621e-04
1.760664e-01 4.182998e-04 3.935379e-04
1.763372e-01 1.015149e-03 3.904427e-04
1.766080e-01 8.574296e-04 3.921458e-04
1.768788e-01 4.014298e-04 3.835003e-04
1.771496e-01 6.768312e-04 3.873593e-04
1.774205e-01 3.720596e-04 3.830868e-04
1.776913e-01 -1.688693e-04 3.772754e-04
1.779621e-01 6.329603e-04 3.841895e-04
1.782329e-01 6.678104e-04 3.797535e-04
1.785037e-01 -2.297387e-04 3.676859e-04
1.787745e-01 -2.301112e-04 3.760068e-04
1.790453e-01 3.439803e-04 3.713035e-04
1.793161e-01 1.183599e-04 3.691722e-04
1.795870e-01 6.650090e-04 3.751817e-04
1.798578e-01 4.045907e-04 3.613929e-04
1.801286e-01 3.793593e-04 3.727045e-04
1.803994e-01 3.981907e-04 3.635988e-04
1.806702e-01 -3.904849e-05 3.656053e-04
1.809410e-01 6.162003e-05 3.643651e-04
1.812119e-01 -2.133790e-04 3.639447e-04
1.814827e-01 -4.350021e-05 3.620923e-04
1.817535e-01 4.730113e-04 3.643778e-04
1.820243e-01 5.353987e-05 3.641271e-04
1.822951e-01 5.054809e-04 3.630012e-04
1.825659e-01 9.739902e-04 3.626709e-04
1.828367e-01 4.950203e-04 3.614231e-04
1.831076e-01 7.992499e-04 3.615788e-04
1.833784e-01 8.931011e-05 3.641233e-04
1.836492e-01 7.123798e-04 3.623272e-04
1.839200e-01 1.669805e-04 3.610596e-04
1.841908e-01 -1.655091e-04 3.576664e-04
1.844616e-01 2.461299e-04 3.623793e-04
1.847324e-01 5.050935e-05 3.614178e-04
1.850033e-01 5.019009e-04 3.596719e-04
1.852741e-01 6.430708e-04 3.645813e-04
1.855449e-01 5.622506e-04 3.561601e-04
1.858157e-01 3.132690e-04 3.576502e-04
1.860865e-01 -3.057905e-05 3.619438e-04
1.863573e-01 -5.245954e-05 3.566569e-04
1.866281e-01 1.740996e-04 3.608370e-04
1.868990e-01 1.125701e-03 3.574376e-04
1.871698e-01 6.629992e-04 3.601570e-04
1.874406e-01 3.008004e-04 3.615536e-04
1.877114e-01 3.660098e-06 3.606536e-04
1.879822e-01 -8.530915e-05 3.549157e-04
1.882530e-01 3.533009e-04 3.574870e-04
1.885238e-01 -9.291060e-05 3.596593e-04
1.887947e-01 2.164710e-04 3.604540e-04
1.890655e-01 5.969778e-06 3.592548e-04
1.893363e-01 2.145413e-04 3.585105e-04
1.896071e-01 6.758496e-04 3.540006e-04
1.898779e-01 4.317202e-04 3.596886e-04
1.901487e-01 2.095196e-04 3.599719e-04
1.904195e-01 8.227695e-04 3.542803e-04
1.906904e-01 -5.310029e-05 3.643066e-04
1.909612e-01 4.756190e-04 3.574220e-04
1.912320e-01 5.669203e-04 3.597397e-04
1.915028e-01 8.471701e-04 3.560319e-04
1.917736e-01 8.909609e-04 3.576390e-04
1.920444e-01 -3.318414e-04 3.540712e-04
1.923153e-01 1.177929e-03 3.582298e-04
1.925861e-01 7.443987e-04 3.668154e-04
1.928569e-01 -7.970259e-06 3.537090e-04
1.931277e-01 2.674814e-04 3.542059e-04
1.933985e-01 2.038609e-04 3.565841e-04
1.936693e-01 3.174208e-04 3.604391e-04
1.939401e-01 6.924942e-05 3.564283e-04
1.942109e-01 7.064398e-04 3.543295e-04
1.944818e-01 2.716295e-04 3.600688e-04
1.947526e-01 7.619597e-04 3.610721e-04
1.950234e-01 2.631117e-04 3.606691e-04
1.952942e-01 9.951927e-05 3.559053e-04
1.955650e-01 5.804598e-04 3.525234e-04
1.958358e-01 3.225598e-04 3.514943e-04
1.961066e-01 -2.782047e-05 3.571175e-04
1.963775e-01 5.941596e-04 3.555436e-04
1.966483e-01 2.039596e-04 3.529777e-04
1.969191e-01 6.405506e-04 3.582379e-04
1.971899e-01 5.894899e-04 3.554300e-04
1.974607e-01 5.092509e-04 3.542853e-04
1.977315e-01 1.549311e-04 3.574260e-04
1.980023e-01 -3.048312e-04 3.540440e-04
1.982732e-01 -3.716014e-04 3.537157e-04
1.985440e-01 5.155299e-04 3.552749e-04
1.988148e-01 2.591703e-04 3.469760e-04
1.990856e-01 2.996009e-04 3.558479e-04
1.993564e-01 5.831942e-05 3.546694e-04
1.996272e-01 4.594997e-04 3.566810e-04
1.998980e-01 3.340486e-04 3.515409e-04
2.001689e-01 1.960900e-04 3.511417e-04
2.004397e-01 1.057796e-04 3.484207e-04
2.007105e-01 3.669504e-04 3.479116e-04
2.009813e-01 1.404062e-05 3.500523e-04
2.012521e-01 4.204102e-04 3.504370e-04
2.015229e-01 4.070196e-04 3.572594e-04
2.017937e-01 7.576011e-04 3.545914e-04
2.020646e-01 5.306508e-04 3.551410e-04
2.023354e-01 1.910999e-04 3.524240e-04
2.026062e-01 2.114885e-04 3.473636e-04
2.028770e-01 2.418105e-04 3.512303e-04
2.031478e-01 4.146006e-04 3.488996e-04
2.034186e-01 8.936003e-04 3.572403e-04
2.036894e-01 -1.199804e-04 3.480924e-04
2.039603e-01 5.394109e-04 3.501443e-04
2.042311e-01 1.896992e-04 3.446388e-04
2.045019e-01 -3.097709e-04 3.444529e-04
2.047727e-01 6.045699e-04 3.535493e-04
2.050435e-01 5.843583e-04 3.461020e-04
2.053143e-01 5.747508e-04 3.536748e-04
2.055852e-01 5.657505e-04 3.480227e-04
2.058560e-01 3.943499e-04 3.484438e-04
2.061268e-01 5.585998e-04 3.488403e-04
2.063976e-01 -1.490600e-04 3.440808e-04
2.066684e-01 8.638017e-05 3.458042e-04
2.069392e-01 2.965704e-04 3.444281e-04
2.072100e-01 4.113298e-04 3.474440e-04
2.074808e-01 8.866098e-04 3.463946e-04
2.077517e-01 2.496094e-04 3.424132e-04
2.080225e-01 -1.227092e-04 3.442107e-04
2.082933e-01 -1.201183e-04 3.496547e-04
2.085641e-01 -3.942307e-04 3.407867e-04
2.088349e-01 6.080046e-05 3.443088e-04
2.091057e-01 8.722022e-05 3.449224e-04
2.093765e-01 -3.214292e-04 3.390137e-04
2.096474e-01 -1.590606e-04 3.444907e-04
2.099182e-01 -4.322901e-04 3.409993e-04
2.101890e-01 3.297701e-04 3.435341e-04
2.104598e-01 5.588215e-04 3.472161e-04
2.107306e-01 8.525811e-04 3.506636e-04
2.110014e-01 3.024004e-04 3.429872e-04
2.112723e-01 2.194215e-04 3.404298e-04
2.115431e-01 1.377203e-04 3.404251e-04
2.118139e-01 3.085099e-05 3.474968e-04
2.120847e-01 -1.704097e-04 3.482304e-04
2.123555e-01 1.624189e-04 3.472113e-04
2.126263e-01 1.419615e-04 3.456835e-04
2.128971e-01 1.512598e-04 3.401556e-04
2.131680e-01 2.146214e-04 3.443024e-04
2.134388e-01 -9.863079e-05 3.380874e-04
2.137096e-01 1.586303e-04 3.421675e-04
2.139804e-01 6.863102e-05 3.394168e-04
2.142512e-01 3.637001e-05 3.414353e-04
2.145220e-01 -1.426209e-04 3.515379e-04
2.147928e-01 -4.939698e-04 3.394990e-04
2.150636e-01 2.062302e-04 3.421190e-04
2.153345e-01 -3.451798e-04 3.434747e-04
2.156053e-01 9.114910e-04 3.496305e-04
2.158761e-01 2.444293e-04 3.410470e-04
2.161469e-01 4.322510e-04 3.447414e-04
2.164177e-01 6.641708e-04 3.461020e-04
2.166885e-01 4.244503e-04 3.468441e-04
2.169593e-01 5.154684e-04 3.471902e-04
2.172302e-01 6.652493e-04 3.468297e-04
2.175010e-01 8.370690e-04 3.440126e-04
2.177718e-01 -3.834888e-04 3.449223e-04
2.180426e-01 1.256093e-04 3.488112e-04
2.183134e-01 -1.379903e-04 3.400760e-04
2.185842e-01 6.071106e-04 3.424626e-04
2.188551e-01 8.806903e-04 3.494068e-04
2.191259e-01 1.810696e-04 3.453827e-04
2.193967e-01 3.596414e-04 3.410836e-04
2.196675e-01 -1.165085e-05 3.424190e-04
2.199383e-01 5.843118e-04 3.453389e-04
2.202091e-01 7.157810e-04 3.367619e-04
2.204799e-01 2.808198e-04 3.403566e-04
2.207507e-01 3.027208e-04 3.439446e-04
2.210216e-01 4.123095e-04 3.404221e-04
2.212924e-01 2.445802e-04 3.394191e-04
2.215632e-01 -4.690010e-04 3.384377e-04
2.218340e-01 6.818995e-04 3.357653e-04
2.221048e-01 4.016608e-04 3.395050e-04
2.223756e-01 2.452396e-04 3.395820e-04
2.226464e-01 3.862288e-04 3.402560e-04
2.229173e-01 7.771105e-04 3.447742e-04
2.231881e-01 3.319103e-04 3.397584e-04
2.234589e-01 -7.352047e-05 3.357875e-04
2.237297e-01 3.453903e-04 3.376309e-04
2.240005e-01 1.498293e-04 3.384524e-04
2.242713e-01 8.550100e-05 3.364253e-04
2.245422e-01 1.838710e-04 3.387008e-04
2.248130e-01 2.819002e-04 3.404093e-04
2.250838e-01 7.679313e-04 3.408580e-04
2.253546e-01 5.800277e-06 3.387092e-04
2.256254e-01 1.820792e-04 3.387122e-04
2.258962e-01 9.275414e-04 3.383536e-04
2.261670e-01 4.083198e-04 3.536594e-04
2.264379e-01 3.653020e-05 3.608666e-04
2.267087e-01 5.017705e-04 3.640220e-04
2.269795e-01 3.973693e-04 3.652721e-04
2.272503e-01 -8.374080e-05 3.701998e-04
2.275211e-01 4.897285e-04 3.814533e-04
2.277919e-01 4.741102e-04 3.805184e-04
2.280627e-01 5.484112e-04 3.808945e-04
2.283335e-01 1.302902e-04 3.924544e-04
2.286044e-01 5.826913e-04 3.925236e-04
2.288752e-01 5.153194e-04 3.939018e-04
2.291460e-01 3.099497e-04 3.913452e-04
2.294168e-01 1.094580e-03 4.065457e-04
2.296876e-01 8.197092e-04 4.081855e-04
2.299584e-01 4.884396e-04 4.034714e-04
2.302293e-01 3.141705e-04 4.133810e-04
2.305001e-01 1.411069e-03 4.216349e-04
2.307709e-01 3.879294e-04 4.258449e-04
2.310417e-01 1.461059e-03 4.245359e-04
2.313125e-01 6.543994e-04 4.218902e-04
2.315833e-01 1.245540e-03 4.300373e-04
2.318541e-01 1.089940e-03 4.379327e-04
2.321250e-01 1.143569e-03 4.464407e-04
2.323958e-01 1.062460e-03 4.437819e-04
2.326666e-01 1.376081e-03 4.485298e-04
2.329374e-01 1.942769e-03 4.619573e-04
2.332082e-01 8.244608e-04 4.511507e-04
2.334790e-01 2.281927e-05 4.469950e-04
2.337498e-01 1.137951e-03 4.655708e-04
2.340207e-01 6.385297e-04 4.535375e-04
2.342915e-01 1.465090e-03 4.705796e-04
2.345623e-01 1.513241e-03 4.763140e-04
2.348331e-01 2.144109e-04 4.726845e-04
2.351039e-01 7.049385e-04 4.750345e-04
2.353747e-01 1.176581e-03 4.883012e-04
2.356455e-01 1.079500e-03 4.926461e-04
2.359163e-01 4.880894e-04 4.917561e-04
2.361872e-01 8.040704e-04 5.072149e-04
2.364580e-01 6.375387e-04 4.840516e-04
2.367288e-01 1.150340e-03 5.038168e-04
2.369996e-01 1.143720e-03 5.037888e-04
2.372704e-01 5.701091e-04 5.256208e-04
2.375412e-01 8.315407e-04 5.157456e-04
2.378121e-01 2.043799e-03 5.339732e-04
2.380829e-01 1.223709e-03 5.224962e-04
2.383537e-01 2.206599e-03 5.358184e-04
2.386245e-01 1.261560e-03 5.381707e-04
2.388953e-01 2.388500e-03 5.443474e-04
2.391661e-01 2.240920e-03 5.567842e-04
2.394369e-01 1.185600e-03 5.442292e-04
2.397078e-01 1.584189e-03 5.799294e-04
2.399786e-01 2.848258e-03 5.832351e-04
2.402494e-01 2.269609e-03 5.803017e-04
2.405202e-01 2.222490e-03 5.808564e-04
2.407910e-01 6.590411e-04 5.908289e-04
2.410618e-01 9.723306e-04 5.902502e-04
2.413326e-01 3.521349e-03 6.023760e-04
2.416034e-01 1.917969e-03 5.935999e-04
2.418743e-01 1.550552e-03 6.184409e-04
2.421451e-01 1.996681e-03 6.212513e-04
2.424159e-01 1.569832e-03 6.172289e-04
2.426867e-01 1.485441e-03 6.303453e-04
2.429575e-01 2.047330e-03 6.288668e-04
2.432283e-01 2.210401e-03 6.534893e-04
2.434992e-01 1.163291e-03 6.562667e-04
2.437700e-01 1.960902e-03 6.611692e-04
2.440408e-01 2.226541e-03 6.714398e-04
2.443116e-01 2.196310e-03 7.046088e-04
2.445824e-01 3.069900e-04 6.666267e-04
2.448532e-01 1.432760e-03 6.976885e-04
2.451240e-01 9.459686e-04 6.992293e-04
2.453949e-01 2.813229e-03 7.360265e-04
2.456657e-01 1.425659e-03 7.339083e-04
2.459365e-01 1.301190e-03 7.220943e-04
2.462073e-01 1.577049e-03 7.241578e-04
2.464781e-01 1.691559e-03 7.664023e-04
2.467489e-01 2.196379e-03 7.735055e-04
2.470197e-01 -6.847903e-04 7.556453e-04
2.472906e-01 2.643790e-03 8.009222e-04
2.475614e-01 4.483499e-04 7.940025e-04
2.478322e-01 -3.061797e-04 8.242253e-04
2.481030e-01 1.070149e-03 8.037120e-04
2.483738e-01 1.345100e-03 8.569363e-04
2.486446e-01 3.825705e-04 8.919392e-04
2.489154e-01 9.022206e-04 9.115760e-04
2.491863e-01 -2.053790e-04 8.882128e-04
2.494571e-01 1.040511e-03 9.140995e-04
2.497279e-01 7.131994e-04 9.141177e-04
2.499987e-01 -1.084751e-03 9.553610e-04
2.502695e-01 -1.031905e-04 9.579352e-04
2.505403e-01 -9.617899e-04 9.742497e-04
2.508111e-01 -1.186691e-04 1.036077e-03
2.510819e-01 2.108939e-03 1.141572e-03
2.513528e-01 3.137197e-04 1.044844e-03
2.516236e-01 1.473460e-03 1.092255e-03
2.518944e-01 -6.235112e-04 1.136447e-03
2.521652e-01 9.324197e-04 1.258784e-03
2.524360e-01 1.427196e-04 1.238611e-03
2.527068e-01 1.530120e-03 1.190026e-03
2.529776e-01 1.244759e-03 1.253954e-03
2.532485e-01 -2.183504e-04 1.333297e-03
2.535193e-01 1.386400e-03 1.344133e-03
2.537901e-01 -1.977600e-03 1.357344e-03
2.540609e-01 1.741361e-03 1.484502e-03
2.543317e-01 -1.204740e-03 1.413718e-03
2.546025e-01 4.469901e-04 1.459266e-03
2.548733e-01 3.657695e-04 1.495276e-03
2.551441e-01 -8.932129e-05 1.594576e-03
2.554150e-01 -3.803913e-04 1.679760e-03
2.556858e-01 -2.851598e-04 1.720127e-03
2.559566e-01 7.467903e-04 1.842006e-03
2.562274e-01 7.665697e-04 1.956417e-03
2.564982e-01 2.098279e-03 2.227066e-03
2.567690e-01 -1.723370e-03 2.275049e-03
2.570398e-01 -1.274250e-03 2.659483e-03
2.573107e-01 3.083680e-03 2.823737e-03
2.575815e-01 -3.526099e-04 3.802491e-03
2.578523e-01 2.210811e-03 4.566750e-03
2.581231e-01 4.676301e-04 6.102153e-03
