3.286826e-03 1.588139e+01 0.000000e+00
3.557641e-03 1.925138e+01 4.784724e-01
3.828455e-03 1.436475e+01 2.675393e-01
4.099269e-03 1.087038e+01 1.927822e-01
4.370084e-03 7.981252e+00 1.289720e-01
4.640898e-03 5.942341e+00 7.910065e-02
4.911712e-03 4.593284e+00 6.315471e-02
5.182527e-03 3.653100e+00 4.477635e-02
5.453341e-03 2.984871e+00 3.650936e-02
5.724155e-03 2.446386e+00 2.639242e-02
5.994970e-03 2.114115e+00 2.280448e-02
6.265784e-03 1.781667e+00 1.886628e-02
6.536598e-03 1.517235e+00 1.406975e-02
6.807412e-03 1.288234e+00 1.260312e-02
7.078227e-03 1.110011e+00 1.075765e-02
7.349041e-03 9.841641e-01 9.065735e-03
7.619855e-03 8.448401e-01 7.884498e-03
7.890671e-03 7.422131e-01 6.899678e-03
8.161485e-03 6.391948e-01 5.972801e-03
8.432299e-03 5.687715e-01 5.457739e-03
8.703114e-03 5.057845e-01 5.001077e-03
8.973928e-03 4.411168e-01 4.396290e-03
9.244742e-03 3.913708e-01 3.933051e-03
9.515557e-03 3.499385e-01 3.639302e-03
9.786371e-03 3.113198e-01 3.329443e-03
1.005718e-02 2.840078e-01 3.140461e-03
1.032800e-02 2.520590e-01 2.851024e-03
1.059881e-02 2.282674e-01 2.635408e-03
1.086963e-02 2.089396e-01 2.502982e-03
1.114044e-02 1.857733e-01 2.341147e-03
1.141126e-02 1.706415e-01 2.189690e-03
1.168207e-02 1.579833e-01 2.071850e-03
1.195289e-02 1.424385e-01 1.935872e-03
1.222370e-02 1.290121e-01 1.845472e-03
1.249451e-02 1.200928e-01 1.707535e-03
1.276533e-02 1.084081e-01 1.664260e-03
1.303614e-02 9.992351e-02 1.539189e-03
1.330696e-02 9.166972e-02 1.520603e-03
1.357777e-02 8.364364e-02 1.398301e-03
1.384859e-02 7.958972e-02 1.374131e-03
1.411940e-02 7.432507e-02 1.291273e-03
1.439021e-02 6.979986e-02 1.209989e-03
1.466103e-02 6.167030e-02 1.185124e-03
1.493184e-02 5.927237e-02 1.142687e-03
1.520266e-02 5.523523e-02 1.128378e-03
1.547347e-02 4.990399e-02 1.074857e-03
1.574429e-02 4.722980e-02 1.035991e-03
1.601510e-02 4.345759e-02 9.779759e-04
1.628591e-02 4.195089e-02 9.830004e-04
1.655673e-02 3.636251e-02 9.353331e-04
1.682754e-02 3.734229e-02 9.116406e-04
1.709836e-02 3.414503e-02 8.861744e-04
1.736917e-02 3.294456e-02 8.656033e-04
1.763999e-02 2.994700e-02 8.454270e-04
1.791080e-02 2.785848e-02 8.231680e-04
1.818161e-02 2.608294e-02 7.970889e-04
1.845243e-02 2.350080e-02 8.097357e-04
1.872324e-02 2.402593e-02 7.912220e-04
1.899406e-02 2.063652e-02 7.828280e-04
1.926487e-02 2.117577e-02 7.751032e-04
1.953569e-02 1.982898e-02 7.540610e-04
1.980650e-02 1.947480e-02 7.643504e-04
2.007731e-02 1.809986e-02 7.230545e-04
2.034813e-02 1.662801e-02 7.227619e-04
2.061894e-02 1.518588e-02 7.037494e-04
2.088976e-02 1.552936e-02 7.095582e-04
2.116057e-02 1.536919e-02 6.922696e-04
2.143139e-02 1.410297e-02 6.878624e-04
2.170220e-02 1.360205e-02 6.937582e-04
2.197302e-02 1.313992e-02 6.622795e-04
2.224383e-02 1.183046e-02 6.476135e-04
2.251465e-02 1.196063e-02 6.452873e-04
2.278546e-02 1.155187e-02 6.359853e-04
2.305627e-02 1.109571e-02 6.244577e-04
2.332709e-02 9.341799e-03 5.989743e-04
2.359790e-02 9.661730e-03 5.883793e-04
2.386872e-02 8.614779e-03 5.872070e-04
2.413953e-02 9.650458e-03 5.783195e-04
2.441034e-02 9.492800e-03 5.677984e-04
2.468116e-02 9.057440e-03 5.650297e-04
2.495197e-02 8.503821e-03 5.533460e-04
2.522279e-02 8.065131e-03 5.428984e-04
2.549360e-02 8.844931e-03 5.411439e-04
2.576442e-02 7.678051e-03 5.269773e-04
2.603523e-02 6.893497e-03 5.276515e-04
2.630604e-02 6.992102e-03 5.192300e-04
2.657686e-02 6.861683e-03 5.248152e-04
2.684767e-02 6.500792e-03 5.099531e-04
2.711849e-02 6.148718e-03 5.071544e-04
2.738930e-02 5.044900e-03 4.997690e-04
2.766012e-02 6.050069e-03 4.921644e-04
2.793093e-02 5.384371e-03 4.855115e-04
2.820175e-02 5.417809e-03 4.754576e-04
2.847256e-02 4.989360e-03 4.786969e-04
2.874337e-02 4.997909e-03 4.703607e-04
2.901419e-02 4.768100e-03 4.564308e-04
2.928500e-02 4.341882e-03 4.604569e-04
2.955582e-02 5.288750e-03 4.607285e-04
2.982663e-02 4.104130e-03 4.500161e-04
3.009745e-02 4.079759e-03 4.474240e-04
3.036826e-02 4.328679e-03 4.428503e-04
3.063907e-02 4.148621e-03 4.339423e-04
3.090989e-02 3.357898e-03 4.370199e-04
3.118070e-02 3.818501e-03 4.347579e-04
3.145152e-02 4.206110e-03 4.331500e-04
3.172233e-02 4.338689e-03 4.303048e-04
3.199315e-02 2.972290e-03 4.195224e-04
3.226396e-02 3.549069e-03 4.273836e-04
3.253478e-02 3.688049e-03 4.190574e-04
3.280559e-02 3.394209e-03 4.160592e-04
3.307641e-02 2.700988e-03 4.159308e-04
3.334722e-02 3.507450e-03 4.110891e-04
3.361803e-02 3.228199e-03 4.103291e-04
3.388885e-02 3.369171e-03 4.015298e-04
3.415966e-02 3.721278e-03 4.057920e-04
3.443048e-02 3.416479e-03 4.030782e-04
3.470129e-02 3.339153e-03 4.029672e-04
3.497211e-02 3.411479e-03 4.064371e-04
3.524292e-02 3.009468e-03 3.952793e-04
3.551374e-02 3.044829e-03 3.993281e-04
3.578455e-02 2.237260e-03 3.935928e-04
3.605536e-02 2.487179e-03 3.862040e-04
3.632618e-02 2.272561e-03 3.891500e-04
3.659699e-02 3.040131e-03 3.876130e-04
3.686780e-02 2.153091e-03 3.804651e-04
3.713862e-02 2.058443e-03 3.812909e-04
3.740944e-02 3.229529e-03 3.785389e-04
3.768025e-02 2.406910e-03 3.737109e-04
3.795106e-02 2.029721e-03 3.730601e-04
3.822188e-02 2.544418e-03 3.752530e-04
3.849269e-02 2.835538e-03 3.687136e-04
3.876351e-02 2.266370e-03 3.710233e-04
3.903432e-02 2.099399e-03 3.653911e-04
3.930514e-02 2.643339e-03 3.627801e-04
3.957595e-02 2.391879e-03 3.598162e-04
3.984676e-02 1.825508e-03 3.568301e-04
4.011758e-02 1.830332e-03 3.572564e-04
4.038839e-02 1.802709e-03 3.560592e-04
4.065921e-02 2.239998e-03 3.508407e-04
4.093002e-02 1.934260e-03 3.541070e-04
4.120084e-02 1.729503e-03 3.533678e-04
4.147165e-02 1.869511e-03 3.502249e-04
4.174246e-02 2.563169e-03 3.469424e-04
4.201328e-02 2.451848e-03 3.451640e-04
4.228409e-02 1.200229e-03 3.430439e-04
4.255491e-02 1.882792e-03 3.429980e-04
4.282572e-02 2.200399e-03 3.450991e-04
4.309653e-02 1.548279e-03 3.400848e-04
4.336735e-02 1.435861e-03 3.405781e-04
4.363817e-02 1.632810e-03 3.467633e-04
4.390898e-02 1.397610e-03 3.422842e-04
4.417979e-02 1.516372e-03 3.359900e-04
4.445061e-02 1.288190e-03 3.348115e-04
4.472142e-02 1.520541e-03 3.348201e-04
4.499224e-02 1.463041e-03 3.358615e-04
4.526305e-02 1.577672e-03 3.357576e-04
4.553387e-02 1.787569e-03 3.365486e-04
4.580468e-02 1.068451e-03 3.235886e-04
4.607549e-02 1.235491e-03 3.271371e-04
4.634631e-02 1.190120e-03 3.246977e-04
4.661712e-02 1.339661e-03 3.272251e-04
4.688794e-02 1.768328e-03 3.223542e-04
4.715875e-02 1.819540e-03 3.227788e-04
4.742957e-02 1.494238e-03 3.210961e-04
4.770038e-02 1.539348e-03 3.156310e-04
4.797119e-02 1.211789e-03 3.187286e-04
4.824201e-02 1.022190e-03 3.176372e-04
4.851282e-02 9.708088e-04 3.163640e-04
4.878364e-02 1.136450e-03 3.110940e-04
4.905445e-02 1.649931e-03 3.148252e-04
4.932526e-02 1.083208e-03 3.109918e-04
4.959608e-02 1.132241e-03 3.126568e-04
4.986690e-02 1.176380e-03 3.105230e-04
5.013771e-02 1.063019e-03 3.072978e-04
5.040852e-02 1.519812e-03 3.084397e-04
5.067934e-02 1.469571e-03 3.078552e-04
5.095015e-02 1.648821e-03 3.030061e-04
5.122096e-02 9.317305e-04 3.079602e-04
5.149178e-02 1.017850e-03 3.041236e-04
5.176260e-02 1.424119e-03 3.050285e-04
5.203341e-02 1.555460e-03 3.048465e-04
5.230422e-02 1.407532e-03 3.001536e-04
5.257504e-02 1.177549e-03 3.020807e-04
5.284585e-02 5.332492e-04 2.968408e-04
5.311667e-02 5.894993e-04 2.988455e-04
5.338748e-02 1.513900e-03 3.077041e-04
5.365830e-02 1.010709e-03 3.000217e-04
5.392911e-02 7.752497e-04 3.033280e-04
5.419992e-02 8.629709e-04 3.055957e-04
5.447074e-02 1.557389e-03 3.037034e-04
5.474155e-02 1.693681e-03 3.109031e-04
5.501237e-02 1.052221e-03 3.111327e-04
5.528318e-02 9.560622e-04 3.154712e-04
5.555400e-02 1.062740e-03 3.181817e-04
5.582481e-02 1.864478e-03 3.200405e-04
5.609563e-02 1.336500e-03 3.238151e-04
5.636644e-02 1.408720e-03 3.224461e-04
5.663725e-02 6.810203e-04 3.224001e-04
5.690807e-02 8.986890e-04 3.240757e-04
5.717888e-02 1.113242e-03 3.209843e-04
5.744969e-02 7.744711e-04 3.278419e-04
5.772051e-02 7.906891e-04 3.241278e-04
5.799133e-02 7.541515e-04 3.245103e-04
5.826214e-02 4.302915e-04 3.258216e-04
5.853295e-02 4.403815e-04 3.260610e-04
5.880377e-02 9.112004e-04 3.245924e-04
5.907458e-02 5.729608e-04 3.217218e-04
5.934540e-02 1.014950e-03 3.246583e-04
5.961621e-02 9.610504e-04 3.255982e-04
5.988703e-02 1.319911e-03 3.285087e-04
6.015784e-02 1.064280e-03 3.279624e-04
6.042865e-02 9.648595e-04 3.301745e-04
6.069947e-02 4.464686e-04 3.190073e-04
6.097028e-02 2.478100e-04 3.218145e-04
6.124110e-02 8.829702e-04 3.158598e-04
6.151191e-02 9.958316e-04 3.151379e-04
6.178273e-02 6.654486e-04 3.195981e-04
6.205354e-02 4.026406e-04 3.098810e-04
6.232436e-02 8.470304e-04 3.145391e-04
6.259517e-02 7.695407e-04 3.116533e-04
6.286598e-02 5.656816e-04 3.129552e-04
6.313679e-02 6.313194e-04 3.103151e-04
6.340761e-02 1.052490e-03 3.086472e-04
6.367842e-02 1.167130e-03 3.127476e-04
6.394923e-02 9.653103e-04 3.091019e-04
6.422005e-02 7.172301e-04 3.083390e-04
6.449086e-02 8.561797e-04 3.100568e-04
6.476168e-02 8.261409e-04 3.071171e-04
6.503250e-02 6.579496e-04 3.076882e-04
6.530331e-02 9.303913e-04 3.055497e-04
6.557412e-02 1.408279e-03 3.091667e-04
6.584494e-02 9.915996e-04 3.073507e-04
6.611575e-02 8.808300e-04 3.037720e-04
6.638657e-02 4.083086e-04 3.025040e-04
6.665738e-02 6.416608e-04 3.030385e-04
6.692819e-02 8.905698e-04 3.078934e-04
6.719901e-02 1.085831e-03 3.027057e-04
6.746982e-02 7.487703e-04 3.000304e-04
6.774063e-02 6.833691e-04 3.062447e-04
6.801146e-02 6.049406e-04 3.039746e-04
6.828227e-02 5.898997e-04 2.983805e-04
6.855308e-02 6.967410e-04 3.018244e-04
6.882390e-02 6.878302e-04 3.012070e-04
6.909471e-02 8.052029e-05 2.984037e-04
6.936552e-02 1.027700e-03 2.982447e-04
6.963634e-02 7.833913e-04 2.999655e-04
6.990715e-02 1.044311e-03 2.995599e-04
7.017796e-02 4.218202e-04 2.905992e-04
7.044878e-02 7.582102e-04 2.961257e-04
7.071959e-02 4.162900e-04 2.942296e-04
7.099041e-02 6.207414e-04 2.987956e-04
7.126123e-02 4.749000e-04 2.960008e-04
7.153204e-02 1.240380e-03 2.951501e-04
7.180285e-02 5.740598e-04 2.936182e-04
7.207367e-02 5.778801e-04 2.977604e-04
7.234448e-02 6.538406e-04 2.933666e-04
7.261530e-02 1.100281e-03 2.953635e-04
7.288611e-02 6.125197e-04 2.908696e-04
7.315692e-02 7.746909e-04 2.897808e-04
7.342774e-02 3.672503e-04 2.942429e-04
7.369855e-02 4.753098e-04 2.938900e-04
7.396936e-02 5.974509e-04 2.918801e-04
7.424019e-02 1.286209e-03 2.947024e-04
7.451100e-02 6.687697e-04 2.904131e-04
7.478181e-02 3.116485e-04 2.878975e-04
7.505263e-02 9.434596e-04 2.865561e-04
7.532344e-02 1.060490e-03 2.937441e-04
7.559425e-02 6.009489e-04 2.901445e-04
7.586507e-02 7.279199e-04 2.910935e-04
7.613588e-02 1.222169e-03 2.889954e-04
7.640669e-02 5.608499e-04 2.890496e-04
7.667751e-02 4.986599e-04 2.848394e-04
7.694832e-02 1.689140e-03 2.854995e-04
7.721914e-02 3.164895e-04 2.854330e-04
7.748996e-02 6.499607e-04 2.860333e-04
7.776077e-02 5.373098e-04 2.829402e-04
7.803158e-02 4.994813e-04 2.846269e-04
7.830240e-02 1.433959e-03 2.893381e-04
7.857321e-02 1.199421e-03 2.859628e-04
7.884403e-02 2.779998e-04 2.866453e-04
7.911484e-02 6.161705e-04 2.817766e-04
7.938565e-02 4.594307e-04 2.823273e-04
7.965647e-02 8.683987e-04 2.793899e-04
7.992728e-02 6.216411e-04 2.832355e-04
8.019809e-02 9.659696e-04 2.810571e-04
8.046892e-02 1.018340e-03 2.801964e-04
8.073973e-02 9.636804e-04 2.838972e-04
8.101054e-02 6.678402e-04 2.792015e-04
8.128136e-02 5.973913e-04 2.802693e-04
8.155217e-02 3.345907e-04 2.788185e-04
8.182298e-02 9.373948e-05 2.808858e-04
8.209380e-02 5.323794e-04 2.768850e-04
8.236461e-02 5.754996e-04 2.742054e-04
8.263543e-02 4.187301e-04 2.788100e-04
8.290624e-02 8.725300e-04 2.802458e-04
8.317705e-02 6.023794e-04 2.760862e-04
8.344787e-02 9.459704e-04 2.796021e-04
8.371869e-02 2.624318e-04 2.757265e-04
8.398950e-02 5.991086e-04 2.747515e-04
8.426031e-02 8.754805e-04 2.794906e-04
8.453113e-02 3.048312e-04 2.774029e-04
8.480194e-02 9.506289e-04 2.760701e-04
8.507276e-02 6.723404e-04 2.771712e-04
8.534357e-02 3.106408e-04 2.703131e-04
8.561438e-02 1.990199e-04 2.698882e-04
8.588520e-02 4.811697e-04 2.704046e-04
8.615601e-02 6.299093e-04 2.740052e-04
8.642682e-02 1.170011e-03 2.738092e-04
8.669765e-02 2.685208e-04 2.713487e-04
8.696846e-02 3.955085e-04 2.725458e-04
8.723927e-02 4.153196e-04 2.676529e-04
8.751009e-02 8.285102e-04 2.707214e-04
8.778090e-02 5.814992e-05 2.684860e-04
8.805171e-02 3.588498e-04 2.690958e-04
8.832253e-02 9.718798e-04 2.673627e-04
8.859334e-02 1.727082e-04 2.709200e-04
8.886416e-02 6.798804e-04 2.685388e-04
8.913497e-02 3.053490e-04 2.678127e-04
8.940578e-02 -9.902939e-05 2.659942e-04
8.967660e-02 7.180497e-04 2.662906e-04
8.994742e-02 6.117113e-04 2.723688e-04
9.021823e-02 5.459506e-04 2.667658e-04
9.048904e-02 5.005691e-04 2.651708e-04
9.075986e-02 6.926302e-04 2.682829e-04
9.103067e-02 7.599965e-05 2.639144e-04
9.130149e-02 3.845710e-04 2.683194e-04
9.157230e-02 2.990589e-04 2.625002e-04
9.184311e-02 5.232692e-04 2.667293e-04
9.211393e-02 5.477108e-04 2.639602e-04
9.238474e-02 3.779083e-04 2.646764e-04
9.265555e-02 3.225394e-04 2.665666e-04
9.292637e-02 2.574809e-04 2.599619e-04
9.319719e-02 6.179400e-04 2.629371e-04
9.346800e-02 2.758000e-04 2.638727e-04
9.373882e-02 9.183604e-04 2.629296e-04
9.400963e-02 5.657040e-05 2.622563e-04
9.428044e-02 -5.066022e-05 2.625843e-04
9.455126e-02 5.868692e-04 2.612435e-04
9.482207e-02 4.670024e-05 2.569324e-04
9.509289e-02 -2.182014e-04 2.617255e-04
9.536370e-02 5.519018e-05 2.594514e-04
9.563451e-02 4.927386e-04 2.597780e-04
9.590533e-02 4.329998e-04 2.615445e-04
9.617615e-02 4.159901e-04 2.585627e-04
9.644696e-02 3.573094e-04 2.594357e-04
9.671777e-02 2.552010e-04 2.573800e-04
9.698859e-02 1.912098e-04 2.566983e-04
9.725940e-02 8.264501e-04 2.599917e-04
9.753022e-02 2.717301e-04 2.532028e-04
9.780103e-02 6.419905e-04 2.566089e-04
9.807184e-02 5.605090e-04 2.579300e-04
9.834266e-02 3.694985e-04 2.561765e-04
9.861347e-02 3.760699e-04 2.569145e-04
9.888428e-02 2.331100e-04 2.511691e-04
9.915510e-02 7.330701e-04 2.576844e-04
9.942592e-02 5.120412e-04 2.539630e-04
9.969673e-02 5.232394e-04 2.559900e-04
9.996755e-02 2.561901e-04 2.532350e-04
1.002384e-01 3.382117e-04 2.565349e-04
1.005092e-01 5.095098e-04 2.547801e-04
1.007800e-01 3.861301e-04 2.549524e-04
1.010508e-01 1.317803e-04 2.518586e-04
1.013216e-01 3.054291e-04 2.560826e-04
1.015924e-01 8.563306e-04 2.555014e-04
1.018632e-01 1.692995e-04 2.525550e-04
1.021341e-01 5.719494e-04 2.570398e-04
1.024049e-01 2.362989e-04 2.543933e-04
1.026757e-01 2.176706e-04 2.518065e-04
1.029465e-01 -9.714998e-05 2.531957e-04
1.032173e-01 1.963899e-04 2.539719e-04
1.034881e-01 3.449395e-04 2.526045e-04
1.037589e-01 6.286204e-04 2.497457e-04
1.040298e-01 4.032087e-04 2.512468e-04
1.043006e-01 9.357929e-05 2.486503e-04
1.045714e-01 5.858801e-04 2.502912e-04
1.048422e-01 7.971004e-04 2.528324e-04
1.051130e-01 2.433099e-04 2.498176e-04
1.053838e-01 1.286101e-04 2.514275e-04
1.056546e-01 4.570503e-04 2.496030e-04
1.059255e-01 4.956685e-04 2.490256e-04
1.061963e-01 1.912192e-04 2.464880e-04
1.064671e-01 6.318502e-04 2.506608e-04
1.067379e-01 2.864394e-04 2.493440e-04
1.070087e-01 5.674101e-04 2.500874e-04
1.072795e-01 5.629491e-04 2.472157e-04
1.075503e-01 6.217100e-04 2.502910e-04
1.078212e-01 3.551878e-05 2.469639e-04
1.080920e-01 9.246916e-04 2.468025e-04
1.083628e-01 8.031689e-04 2.486454e-04
1.086336e-01 5.798694e-04 2.461250e-04
1.089044e-01 1.432188e-04 2.488204e-04
1.091752e-01 5.020797e-04 2.466550e-04
1.094460e-01 3.749412e-04 2.440092e-04
1.097169e-01 5.696397e-04 2.463043e-04
1.099877e-01 2.519973e-05 2.421256e-04
1.102585e-01 -1.838189e-04 2.459276e-04
1.105293e-01 1.479704e-04 2.482700e-04
1.108001e-01 5.796999e-04 2.516975e-04
1.110709e-01 3.786497e-04 2.537434e-04
1.113417e-01 5.906094e-04 2.519869e-04
1.116126e-01 2.423394e-04 2.533544e-04
1.118834e-01 7.946100e-04 2.559301e-04
1.121542e-01 3.398992e-04 2.580850e-04
1.124250e-01 -7.325970e-05 2.580209e-04
1.126958e-01 1.114607e-04 2.581594e-04
1.129666e-01 3.016517e-04 2.615182e-04
1.132374e-01 1.428090e-05 2.637342e-04
1.135083e-01 2.183001e-04 2.702898e-04
1.137791e-01 5.220193e-04 2.700085e-04
1.140499e-01 -4.282612e-04 2.652676e-04
1.143207e-01 4.424993e-04 2.721871e-04
1.145915e-01 2.966411e-04 2.711541e-04
1.148623e-01 2.782792e-04 2.761597e-04
1.151332e-01 2.959389e-04 2.759725e-04
1.154040e-01 2.586897e-04 2.774142e-04
1.156748e-01 4.790500e-04 2.783522e-04
1.159456e-01 -7.595122e-05 2.794397e-04
1.162164e-01 3.333949e-05 2.812099e-04
1.164872e-01 3.689211e-04 2.846573e-04
1.167580e-01 1.500398e-04 2.854479e-04
1.170288e-01 5.227197e-04 2.861136e-04
1.172997e-01 5.126689e-04 2.862246e-04
1.175705e-01 8.661114e-05 2.871674e-04
1.178413e-01 4.986599e-04 2.899765e-04
1.181121e-01 8.402690e-04 2.846351e-04
1.183829e-01 7.858127e-05 2.797833e-04
1.186537e-01 -3.992412e-04 2.804223e-04
1.189246e-01 5.144998e-04 2.811808e-04
1.191954e-01 3.061909e-04 2.794164e-04
1.194662e-01 2.684202e-04 2.791242e-04
1.197370e-01 -4.274957e-05 2.762646e-04
1.200078e-01 1.149494e-04 2.779727e-04
1.202786e-01 1.481585e-04 2.773158e-04
1.205494e-01 -5.671941e-05 2.746527e-04
1.208202e-01 5.454700e-04 2.788816e-04
1.210911e-01 1.281871e-03 2.801204e-04
1.213619e-01 4.484300e-04 2.765392e-04
1.216327e-01 -3.437698e-04 2.762048e-04
1.219035e-01 2.683513e-04 2.758113e-04
1.221743e-01 3.735609e-04 2.799352e-04
1.224451e-01 7.108208e-04 2.806587e-04
1.227160e-01 5.878396e-04 2.798382e-04
1.229868e-01 -4.193932e-05 2.750098e-04
1.232576e-01 2.998505e-04 2.761786e-04
1.235284e-01 1.034904e-04 2.763762e-04
1.237992e-01 -9.869970e-05 2.760306e-04
1.240700e-01 -3.678203e-04 2.777508e-04
1.243408e-01 7.914789e-04 2.757212e-04
1.246117e-01 1.359917e-04 2.738235e-04
1.248825e-01 4.646592e-04 2.753480e-04
1.251533e-01 9.923987e-05 2.739943e-04
1.254241e-01 4.812106e-04 2.768930e-04
1.256949e-01 4.542395e-04 2.764659e-04
1.259657e-01 6.227698e-04 2.737186e-04
1.262365e-01 1.292303e-04 2.712741e-04
1.265074e-01 4.674084e-04 2.719596e-04
1.267782e-01 2.470054e-05 2.725988e-04
1.270490e-01 1.267586e-04 2.695012e-04
1.273198e-01 -1.050401e-04 2.727720e-04
1.275906e-01 4.864801e-04 2.696545e-04
1.278614e-01 2.207495e-04 2.688921e-04
1.281322e-01 2.391897e-04 2.692490e-04
1.284031e-01 1.660399e-04 2.692965e-04
1.286739e-01 -1.244489e-04 2.715561e-04
1.289447e-01 1.766998e-04 2.683975e-04
1.292155e-01 1.347084e-04 2.693257e-04
1.294863e-01 4.027802e-04 2.693302e-04
1.297571e-01 -9.255111e-05 2.712960e-04
1.300279e-01 4.326403e-04 2.696331e-04
1.302988e-01 4.054904e-04 2.693588e-04
1.305696e-01 4.065912e-04 2.709540e-04
1.308404e-01 1.575090e-04 2.676095e-04
1.311112e-01 1.349114e-04 2.689166e-04
1.313820e-01 2.191793e-04 2.659543e-04
1.316528e-01 -1.019891e-04 2.668684e-04
1.319236e-01 5.212016e-04 2.696508e-04
1.321945e-01 1.330506e-04 2.680142e-04
1.324653e-01 5.890299e-04 2.700973e-04
1.327361e-01 7.477514e-04 2.702108e-04
1.330069e-01 2.869088e-04 2.671685e-04
1.332777e-01 8.980930e-05 2.648782e-04
1.335485e-01 3.334507e-04 2.628947e-04
1.338193e-01 5.537588e-04 2.680663e-04
1.340902e-01 1.618695e-04 2.643596e-04
1.343610e-01 2.549104e-04 2.654019e-04
1.346318e-01 3.959052e-05 2.646614e-04
1.349026e-01 2.835486e-04 2.616318e-04
1.351734e-01 -2.887696e-04 2.642290e-04
1.354442e-01 7.674694e-04 2.653299e-04
1.357151e-01 -2.317876e-05 2.650082e-04
1.359859e-01 -3.084093e-04 2.627868e-04
1.362567e-01 8.714013e-05 2.631734e-04
1.365275e-01 4.654508e-04 2.638230e-04
1.367983e-01 2.620928e-05 2.612452e-04
1.370691e-01 1.177341e-03 2.696317e-04
1.373399e-01 -2.366211e-04 2.667828e-04
1.376107e-01 9.742100e-04 2.709748e-04
1.378816e-01 8.495506e-04 2.780114e-04
1.381524e-01 -4.735962e-05 2.738443e-04
1.384232e-01 3.535785e-04 2.777834e-04
1.386940e-01 3.677607e-04 2.783156e-04
1.389648e-01 -6.225146e-05 2.784579e-04
1.392356e-01 7.277913e-05 2.825263e-04
1.395064e-01 4.128106e-04 2.811613e-04
1.397773e-01 -1.309067e-05 2.819810e-04
1.400481e-01 2.233014e-04 2.801011e-04
1.403189e-01 2.913307e-04 2.870102e-04
1.405897e-01 -4.857387e-04 2.853396e-04
1.408605e-01 -8.769892e-05 2.867677e-04
1.411313e-01 1.915991e-04 2.898394e-04
1.414021e-01 7.145405e-04 2.860862e-04
1.416730e-01 -1.089685e-04 2.909595e-04
1.419438e-01 8.978881e-05 2.894617e-04
1.422146e-01 3.583003e-04 2.919949e-04
1.424854e-01 4.358105e-04 2.956735e-04
1.427562e-01 3.579501e-04 2.882289e-04
1.430270e-01 6.152596e-04 2.907692e-04
1.432979e-01 -2.434105e-05 2.888928e-04
1.435687e-01 5.993061e-05 2.911337e-04
1.438395e-01 2.060905e-04 2.979911e-04
1.441103e-01 -9.119511e-06 2.961724e-04
1.443811e-01 -4.212689e-04 2.953795e-04
1.446519e-01 4.127491e-04 2.945223e-04
1.449227e-01 -1.287609e-04 2.955239e-04
1.451935e-01 5.026199e-04 2.961592e-04
1.454644e-01 1.672097e-05 2.981912e-04
1.457352e-01 2.598204e-04 2.999166e-04
1.460060e-01 -8.706003e-05 2.983270e-04
1.462768e-01 3.713500e-04 3.015382e-04
1.465476e-01 8.086599e-04 2.997422e-04
1.468184e-01 -2.544001e-04 3.016842e-04
1.470892e-01 3.532507e-04 2.981205e-04
1.473601e-01 1.141317e-04 3.011394e-04
1.476309e-01 3.568493e-04 3.058017e-04
1.479017e-01 6.409362e-06 3.006672e-04
1.481725e-01 2.038907e-04 3.028402e-04
1.484433e-01 -1.407191e-04 2.986599e-04
1.487141e-01 2.171583e-04 3.015458e-04
1.489850e-01 2.916995e-04 3.034727e-04
1.492558e-01 3.715605e-04 3.019307e-04
1.495266e-01 2.716389e-04 3.040163e-04
1.497974e-01 4.354864e-05 2.957635e-04
1.500682e-01 -2.607685e-04 3.004241e-04
1.503390e-01 3.330708e-04 3.036405e-04
1.506098e-01 -1.254696e-04 3.022541e-04
1.508806e-01 9.847395e-04 3.032319e-04
1.511515e-01 3.869496e-04 2.990688e-04
1.514223e-01 -2.589598e-04 3.022220e-04
1.516931e-01 -3.990997e-04 3.010649e-04
1.519639e-01 6.060302e-04 3.000467e-04
1.522347e-01 1.302212e-04 2.985819e-04
1.525055e-01 -2.938695e-04 2.999848e-04
1.527763e-01 -3.298931e-05 3.069105e-04
1.530472e-01 1.531113e-04 2.960262e-04
1.533180e-01 3.627408e-04 3.038732e-04
1.535888e-01 3.810097e-04 3.021744e-04
1.538596e-01 6.740913e-05 3.016135e-04
1.541304e-01 2.176594e-04 3.022931e-04
1.544012e-01 -1.281500e-04 3.017914e-04
1.546721e-01 -4.398897e-04 3.002621e-04
1.549429e-01 -3.497992e-04 3.079583e-04
1.552137e-01 -1.416001e-04 3.028831e-04
1.554845e-01 -6.868131e-05 3.022103e-04
1.557553e-01 4.294906e-04 3.038484e-04
1.560261e-01 8.315034e-05 3.033426e-04
1.562969e-01 3.010798e-04 3.020082e-04
1.565678e-01 2.786908e-04 2.986923e-04
1.568386e-01 -2.460089e-04 3.016321e-04
1.571094e-01 6.873701e-04 3.083766e-04
1.573802e-01 5.443804e-04 3.026961e-04
1.576510e-01 -5.206894e-04 3.016811e-04
1.579218e-01 -2.972111e-04 3.014250e-04
1.581926e-01 1.043584e-04 3.033510e-04
1.584634e-01 3.799293e-04 3.033628e-04
1.587343e-01 2.286602e-04 3.019183e-04
1.590051e-01 -2.507996e-04 3.042810e-04
1.592759e-01 -1.848601e-04 3.010340e-04
1.595467e-01 1.518987e-05 3.002609e-04
1.598175e-01 -3.414098e-04 2.962723e-04
1.600883e-01 -1.425091e-04 2.982468e-04
1.603591e-01 4.062895e-04 3.017384e-04
1.606300e-01 4.189089e-06 3.002317e-04
1.609008e-01 9.657908e-04 2.986315e-04
1.611716e-01 5.068313e-04 3.054486e-04
1.614424e-01 -7.990934e-05 2.965101e-04
1.617132e-01 6.623995e-04 2.998441e-04
1.619840e-01 4.084986e-04 2.989946e-04
1.622549e-01 -3.558788e-04 2.979435e-04
1.625257e-01 8.907709e-04 3.020288e-04
1.627965e-01 -9.019114e-05 2.967201e-04
1.630673e-01 -1.138914e-04 2.989639e-04
1.633381e-01 4.456602e-04 2.991110e-04
1.636089e-01 -7.738918e-05 3.008821e-04
1.638797e-01 5.881302e-04 3.052177e-04
1.641506e-01 2.608076e-05 2.995654e-04
1.644214e-01 9.248964e-05 2.989911e-04
1.646922e-01 -4.928000e-05 3.018507e-04
1.649630e-01 3.327690e-04 3.018824e-04
1.652338e-01 -5.506091e-04 3.019348e-04
1.655046e-01 6.565899e-04 3.031732e-04
1.657754e-01 5.279500e-04 3.018233e-04
1.660462e-01 -2.174601e-04 2.997952e-04
1.663171e-01 -2.817605e-04 2.984634e-04
1.665879e-01 -1.334958e-05 3.001988e-04
1.668587e-01 2.965890e-04 3.038649e-04
1.671295e-01 5.888008e-05 3.001896e-04
1.674003e-01 5.053096e-04 3.006188e-04
1.676711e-01 -5.373918e-05 3.088720e-04
1.679420e-01 5.245302e-04 3.168550e-04
1.682128e-01 3.118403e-04 3.178255e-04
1.684836e-01 2.328400e-04 3.275595e-04
1.687544e-01 -3.706608e-04 3.229885e-04
1.690252e-01 7.256866e-05 3.298718e-04
1.692960e-01 3.154017e-05 3.238993e-04
1.695668e-01 -3.967695e-04 3.319039e-04
1.698377e-01 -3.294013e-04 3.300826e-04
1.701085e-01 3.857296e-04 3.385338e-04
1.703793e-01 -2.263114e-05 3.396327e-04
1.706501e-01 -2.651792e-04 3.367044e-04
1.709209e-01 6.983392e-04 3.421072e-04
1.711917e-01 2.768300e-04 3.434311e-04
1.714625e-01 -1.396891e-04 3.456553e-04
1.717333e-01 6.138217e-04 3.567901e-04
1.720042e-01 7.016417e-04 3.608450e-04
1.722750e-01 2.694409e-04 3.629632e-04
1.725458e-01 -8.257814e-04 3.552941e-04
1.728166e-01 4.787911e-04 3.584880e-04
1.730874e-01 -3.333203e-04 3.626581e-04
1.733582e-01 1.385063e-05 3.660276e-04
1.736291e-01 2.299603e-04 3.728125e-04
1.738999e-01 8.901991e-04 3.717381e-04
1.741707e-01 2.119094e-04 3.711659e-04
1.744415e-01 6.410796e-04 3.758479e-04
1.747123e-01 4.332494e-04 3.789201e-04
1.749831e-01 3.757197e-04 3.668892e-04
1.752539e-01 -3.950596e-04 3.530978e-04
1.755248e-01 1.917798e-04 3.585545e-04
1.757956e-01 5.996805e-04 3.501829e-04
1.760664e-01 -3.100391e-04 3.533050e-04
1.763372e-01 -2.301317e-04 3.500936e-04
1.766080e-01 7.518698e-04 3.467182e-04
1.768788e-01 1.031496e-04 3.483305e-04
1.771496e-01 3.904607e-04 3.413279e-04
1.774205e-01 -2.379604e-04 3.479637e-04
1.776913e-01 -4.938412e-04 3.406714e-04
1.779621e-01 2.185795e-04 3.401070e-04
1.782329e-01 -4.053116e-05 3.411490e-04
1.785037e-01 9.269398e-04 3.361925e-04
1.787745e-01 4.101396e-04 3.411365e-04
1.790453e-01 5.386807e-04 3.359152e-04
1.793161e-01 -1.309793e-04 3.329691e-04
1.795870e-01 3.752485e-04 3.357219e-04
1.798578e-01 3.080908e-04 3.331487e-04
1.801286e-01 2.870895e-05 3.362831e-04
1.803994e-01 -4.290976e-05 3.280336e-04
1.806702e-01 -6.870795e-04 3.236334e-04
1.809410e-01 2.553500e-04 3.314247e-04
1.812119e-01 -4.708022e-05 3.255843e-04
1.814827e-01 4.845504e-04 3.306951e-04
1.817535e-01 4.138015e-04 3.289685e-04
1.820243e-01 1.789015e-04 3.233982e-04
1.822951e-01 -7.230043e-05 3.263498e-04
1.825659e-01 9.527989e-05 3.235695e-04
1.828367e-01 -8.604862e-05 3.258571e-04
1.831076e-01 4.346706e-04 3.225383e-04
1.833784e-01 4.418492e-04 3.282259e-04
1.836492e-01 1.440402e-04 3.196716e-04
1.839200e-01 3.218893e-04 3.311154e-04
1.841908e-01 1.768097e-04 3.240682e-04
1.844616e-01 2.906006e-04 3.253571e-04
1.847324e-01 2.777800e-04 3.314172e-04
1.850033e-01 8.757040e-05 3.239103e-04
1.852741e-01 2.668109e-04 3.233713e-04
1.855449e-01 2.814196e-04 3.224485e-04
1.858157e-01 2.056304e-04 3.304670e-04
1.860865e-01 1.308601e-04 3.240164e-04
1.863573e-01 -6.264802e-04 3.205271e-04
1.866281e-01 5.237088e-04 3.262734e-04
1.868990e-01 8.613300e-04 3.262912e-04
1.871698e-01 -7.993914e-05 3.200301e-04
1.874406e-01 -2.939086e-04 3.202547e-04
1.877114e-01 -4.760921e-05 3.207266e-04
1.879822e-01 5.158912e-04 3.242180e-04
1.882530e-01 -2.221204e-04 3.202107e-04
1.885238e-01 1.546927e-05 3.238045e-04
1.887947e-01 -3.596805e-04 3.226215e-04
1.890655e-01 -1.753401e-04 3.220694e-04
1.893363e-01 1.589209e-04 3.233558e-04
1.896071e-01 3.406405e-04 3.200567e-04
1.898779e-01 3.620293e-04 3.251026e-04
1.901487e-01 2.447311e-04 3.207512e-04
1.904195e-01 5.755611e-04 3.255912e-04
1.906904e-01 1.506303e-04 3.238572e-04
1.909612e-01 2.300087e-04 3.194678e-04
1.912320e-01 8.158386e-04 3.242006e-04
1.915028e-01 1.525190e-04 3.201939e-04
1.917736e-01 -2.549496e-04 3.210663e-04
1.920444e-01 -5.526915e-04 3.219051e-04
1.923153e-01 -1.687706e-04 3.199187e-04
1.925861e-01 5.332790e-04 3.225008e-04
1.928569e-01 -1.378395e-04 3.181311e-04
1.931277e-01 1.638010e-05 3.199747e-04
1.933985e-01 -1.964383e-04 3.196955e-04
1.936693e-01 -1.348313e-04 3.196495e-04
1.939401e-01 7.517301e-04 3.261563e-04
1.942109e-01 -3.653001e-04 3.169354e-04
1.944818e-01 2.330802e-04 3.203902e-04
1.947526e-01 7.873029e-05 3.225441e-04
1.950234e-01 -3.082305e-04 3.195603e-04
1.952942e-01 1.627803e-04 3.240726e-04
1.955650e-01 3.019311e-04 3.191342e-04
1.958358e-01 -3.319792e-04 3.185038e-04
1.961066e-01 -2.222136e-05 3.205621e-04
1.963775e-01 -3.390703e-04 3.210544e-04
1.966483e-01 6.812811e-04 3.200356e-04
1.969191e-01 -2.329201e-04 3.202703e-04
1.971899e-01 -1.828801e-04 3.171758e-04
1.974607e-01 6.314088e-04 3.209865e-04
1.977315e-01 6.111395e-04 3.245850e-04
1.980023e-01 1.487713e-04 3.211610e-04
1.982732e-01 -1.191907e-04 3.182223e-04
1.985440e-01 3.555808e-04 3.218390e-04
1.988148e-01 -5.344115e-05 3.202506e-04
1.990856e-01 2.573002e-04 3.199874e-04
1.993564e-01 5.934294e-04 3.190474e-04
1.996272e-01 3.082789e-04 3.156311e-04
1.998980e-01 2.344009e-04 3.188658e-04
2.001689e-01 1.246203e-04 3.152035e-04
2.004397e-01 4.572105e-04 3.176811e-04
2.007105e-01 3.498904e-04 3.162045e-04
2.009813e-01 2.140198e-04 3.169486e-04
2.012521e-01 1.048706e-04 3.199374e-04
2.015229e-01 3.637094e-04 3.190159e-04
2.017937e-01 5.754996e-04 3.231705e-04
2.020646e-01 2.879594e-04 3.151964e-04
2.023354e-01 -2.488997e-04 3.184894e-04
2.026062e-01 5.471800e-04 3.179702e-04
2.028770e-01 -1.663007e-04 3.179503e-04
2.031478e-01 -9.050909e-04 3.130975e-04
2.034186e-01 6.192699e-04 3.180110e-04
2.036894e-01 6.482396e-04 3.154256e-04
2.039603e-01 9.555928e-05 3.163147e-04
2.042311e-01 1.206398e-04 3.129961e-04
2.045019e-01 -1.340304e-04 3.134714e-04
2.047727e-01 4.731007e-04 3.171071e-04
2.050435e-01 3.973395e-04 3.144698e-04
2.053143e-01 2.814401e-04 3.165427e-04
2.055852e-01 -2.010800e-04 3.109286e-04
2.058560e-01 -1.036711e-04 3.115840e-04
2.061268e-01 1.495313e-04 3.116420e-04
2.063976e-01 1.503415e-04 3.122609e-04
2.066684e-01 -1.551025e-05 3.070778e-04
2.069392e-01 1.700204e-04 3.105416e-04
2.072100e-01 5.985890e-04 3.116072e-04
2.074808e-01 4.030298e-04 3.132954e-04
2.077517e-01 1.354683e-04 3.083615e-04
2.080225e-01 7.741898e-04 3.132197e-04
2.082933e-01 -1.911707e-04 3.106929e-04
2.085641e-01 4.138108e-04 3.121931e-04
2.088349e-01 3.109109e-04 3.132123e-04
2.091057e-01 4.193094e-04 3.101913e-04
2.093765e-01 -2.662800e-04 3.090477e-04
2.096474e-01 7.153805e-04 3.141035e-04
2.099182e-01 4.373807e-04 3.147230e-04
2.101890e-01 6.355103e-04 3.105344e-04
2.104598e-01 8.082986e-04 3.120418e-04
2.107306e-01 1.256570e-03 3.166429e-04
2.110014e-01 1.100181e-03 3.192055e-04
2.112723e-01 1.491439e-03 3.160782e-04
2.115431e-01 1.824621e-03 3.170887e-04
2.118139e-01 2.759619e-03 3.218376e-04
2.120847e-01 3.221620e-03 3.240121e-04
2.123555e-01 3.199410e-03 3.231914e-04
2.126263e-01 3.353961e-03 3.234865e-04
2.128971e-01 2.679450e-03 3.204353e-04
2.131680e-01 2.117410e-03 3.162564e-04
2.134388e-01 1.807490e-03 3.181147e-04
2.137096e-01 1.181141e-03 3.104073e-04
2.139804e-01 1.091821e-03 3.121651e-04
2.142512e-01 9.309705e-04 3.113418e-04
2.145220e-01 7.326696e-04 3.120419e-04
2.147928e-01 7.115509e-04 3.151001e-04
2.150636e-01 7.149503e-04 3.105298e-04
2.153345e-01 3.703404e-04 3.097783e-04
2.156053e-01 2.927110e-04 3.105012e-04
2.158761e-01 -1.020730e-06 3.104154e-04
2.161469e-01 4.814211e-04 3.080796e-04
2.164177e-01 9.518862e-05 3.116520e-04
2.166885e-01 2.438799e-04 3.109974e-04
2.169593e-01 2.376307e-04 3.070409e-04
2.172302e-01 7.341392e-04 3.132755e-04
2.175010e-01 4.344210e-04 3.119616e-04
2.177718e-01 2.805199e-04 3.096082e-04
2.180426e-01 5.436391e-04 3.111954e-04
2.183134e-01 5.470105e-04 3.098755e-04
2.185842e-01 4.161391e-04 3.084667e-04
2.188551e-01 7.312931e-05 3.081349e-04
2.191259e-01 -9.685811e-04 3.047792e-04
2.193967e-01 4.229601e-04 3.076382e-04
2.196675e-01 4.016701e-04 3.076730e-04
2.199383e-01 -6.943010e-05 3.055564e-04
2.202091e-01 -6.311685e-04 3.067997e-04
2.204799e-01 4.169308e-04 3.066557e-04
2.207507e-01 -7.298961e-05 3.045752e-04
2.210216e-01 -1.782402e-04 3.056554e-04
2.212924e-01 -1.234002e-05 3.064952e-04
2.215632e-01 7.690601e-04 3.083474e-04
2.218340e-01 1.733992e-04 3.069678e-04
2.221048e-01 9.774975e-05 3.018670e-04
2.223756e-01 -2.852995e-04 3.029725e-04
2.226464e-01 2.050605e-04 3.042470e-04
2.229173e-01 4.521608e-04 3.075280e-04
2.231881e-01 1.651999e-04 3.045190e-04
2.234589e-01 5.293097e-04 3.039400e-04
2.237297e-01 -7.451884e-05 3.069386e-04
2.240005e-01 1.808107e-04 3.039127e-04
2.242713e-01 9.359792e-06 2.990146e-04
2.245422e-01 -7.724017e-05 3.024340e-04
2.248130e-01 -1.383200e-04 3.050785e-04
2.250838e-01 -3.840774e-06 3.027844e-04
2.253546e-01 3.095698e-04 3.037768e-04
2.256254e-01 1.527295e-04 3.030323e-04
2.258962e-01 1.191702e-04 3.030823e-04
2.261670e-01 -9.588897e-06 3.154152e-04
2.264379e-01 -4.656985e-05 3.227712e-04
2.267087e-01 -2.061948e-05 3.230839e-04
2.269795e-01 1.173094e-05 3.258329e-04
2.272503e-01 6.340072e-05 3.351125e-04
2.275211e-01 6.462410e-04 3.399677e-04
2.277919e-01 8.253716e-04 3.402459e-04
2.280627e-01 5.178507e-04 3.441638e-04
2.283335e-01 -9.124912e-05 3.471874e-04
2.286044e-01 -1.336001e-04 3.476272e-04
2.288752e-01 -1.155790e-04 3.589641e-04
2.291460e-01 5.800705e-04 3.582027e-04
2.294168e-01 3.052391e-04 3.598758e-04
2.296876e-01 2.064109e-04 3.665459e-04
2.299584e-01 2.092496e-04 3.643591e-04
2.302293e-01 6.918106e-04 3.772487e-04
2.305001e-01 5.005412e-04 3.802324e-04
2.307709e-01 1.075240e-03 3.815134e-04
2.310417e-01 3.878698e-04 3.782130e-04
2.313125e-01 8.594804e-04 3.883159e-04
2.315833e-01 1.074241e-03 3.923434e-04
2.318541e-01 -3.028493e-04 3.886299e-04
2.321250e-01 1.615994e-04 3.910418e-04
2.323958e-01 8.126013e-04 3.982062e-04
2.326666e-01 4.631300e-04 3.964196e-04
2.329374e-01 -3.626589e-04 4.054515e-04
2.332082e-01 6.132945e-05 4.068568e-04
2.334790e-01 9.546094e-04 4.065475e-04
2.337498e-01 -2.037007e-04 4.106984e-04
2.340207e-01 2.846401e-04 4.137345e-04
2.342915e-01 -3.135409e-04 4.242529e-04
2.345623e-01 1.132302e-04 4.220908e-04
2.348331e-01 5.734395e-04 4.288622e-04
2.351039e-01 3.313702e-04 4.374015e-04
2.353747e-01 4.344806e-04 4.378254e-04
2.356455e-01 -4.018284e-04 4.280313e-04
2.359163e-01 2.158303e-04 4.367964e-04
2.361872e-01 1.113761e-03 4.508541e-04
2.364580e-01 -4.954413e-04 4.465327e-04
2.367288e-01 -1.033239e-03 4.450452e-04
2.369996e-01 -9.796955e-05 4.466190e-04
2.372704e-01 -5.431008e-04 4.686914e-04
2.375412e-01 1.888201e-04 4.680563e-04
2.378121e-01 -3.456697e-04 4.620489e-04
2.380829e-01 -2.745390e-04 4.692932e-04
2.383537e-01 -1.125503e-04 4.699329e-04
2.386245e-01 3.256910e-04 4.827083e-04
2.388953e-01 1.036990e-04 4.880604e-04
2.391661e-01 1.059460e-03 5.006127e-04
2.394369e-01 2.433099e-04 4.883178e-04
2.397078e-01 4.938897e-04 5.028903e-04
2.399786e-01 2.845898e-04 5.057144e-04
2.402494e-01 3.985111e-04 4.975257e-04
2.405202e-01 2.375208e-04 5.079701e-04
2.407910e-01 1.639593e-04 5.236768e-04
2.410618e-01 -1.001349e-03 5.223451e-04
2.413326e-01 3.004484e-04 5.380817e-04
2.416034e-01 2.804901e-04 5.294214e-04
2.418743e-01 2.038106e-05 5.430932e-04
2.421451e-01 3.053397e-04 5.457229e-04
2.424159e-01 -7.060599e-04 5.533247e-04
2.426867e-01 -2.275966e-05 5.553198e-04
2.429575e-01 -5.839020e-05 5.625887e-04
2.432283e-01 -5.934015e-05 5.804214e-04
2.434992e-01 -5.323291e-04 5.661364e-04
2.437700e-01 8.079596e-04 5.778068e-04
2.440408e-01 -2.228599e-04 5.920837e-04
2.443116e-01 6.776098e-04 5.983263e-04
2.445824e-01 -8.131098e-04 5.832208e-04
2.448532e-01 -7.502604e-04 6.085547e-04
2.451240e-01 -3.616493e-04 6.142164e-04
2.453949e-01 -5.303491e-04 6.287089e-04
2.456657e-01 -9.289011e-04 6.495431e-04
2.459365e-01 1.960900e-04 6.532016e-04
2.462073e-01 1.315951e-03 6.587212e-04
2.464781e-01 8.396991e-05 6.629339e-04
2.467489e-01 1.644060e-03 6.972691e-04
2.470197e-01 -6.459299e-04 6.932204e-04
2.472906e-01 -1.384070e-03 6.984068e-04
2.475614e-01 -2.767500e-04 7.165445e-04
2.478322e-01 -9.854604e-04 7.263794e-04
2.481030e-01 -1.587812e-04 7.345093e-04
2.483738e-01 9.642802e-04 7.528668e-04
2.486446e-01 4.494693e-04 7.667951e-04
2.489154e-01 -1.367299e-03 7.878601e-04
2.491863e-01 5.931892e-04 7.966047e-04
2.494571e-01 1.354750e-03 8.149118e-04
2.497279e-01 -1.238989e-03 8.147733e-04
2.499987e-01 9.512007e-04 8.778282e-04
2.502695e-01 1.577450e-03 8.727774e-04
2.505403e-01 -7.645041e-05 8.952209e-04
2.508111e-01 -1.881668e-03 9.024109e-04
2.510819e-01 2.537150e-03 9.903282e-04
2.513528e-01 4.017986e-04 9.612822e-04
2.516236e-01 -6.753597e-04 1.003602e-03
2.518944e-01 9.293705e-04 1.030015e-03
2.521652e-01 -3.820099e-05 1.086896e-03
2.524360e-01 1.965579e-03 1.134861e-03
2.527068e-01 -1.211530e-03 1.091248e-03
2.529776e-01 1.264410e-03 1.194320e-03
2.532485e-01 3.453379e-03 1.205221e-03
2.535193e-01 -1.876071e-03 1.114866e-03
2.537901e-01 9.622984e-04 1.198883e-03
2.540609e-01 4.996303e-04 1.208043e-03
2.543317e-01 9.337794e-04 1.289383e-03
2.546025e-01 2.332000e-03 1.270496e-03
2.548733e-01 -1.428330e-03 1.350511e-03
2.551441e-01 9.570606e-04 1.392765e-03
2.554150e-01 -7.483698e-04 1.427300e-03
2.556858e-01 2.157189e-03 1.544360e-03
2.559566e-01 3.084093e-04 1.671014e-03
2.562274e-01 7.804018e-04 1.789815e-03
2.564982e-01 6.807111e-04 1.891791e-03
2.567690e-01 -1.075780e-03 2.045615e-03
2.570398e-01 -3.346840e-03 2.372516e-03
2.573107e-01 -4.281402e-04 2.326739e-03
2.575815e-01 7.698450e-03 3.443017e-03
2.578523e-01 2.004679e-03 4.239349e-03
2.581231e-01 3.067769e-03 8.006023e-03
