3.286826e-03 -2.442489e-01 0.000000e+00
3.557641e-03 -9.107304e-02 7.742239e-02
3.828455e-03 -8.034420e-02 4.721063e-02
4.099269e-03 -6.565714e-02 3.654605e-02
4.370084e-03 -5.717492e-02 2.681818e-02
4.640898e-03 -2.929306e-02 1.863935e-02
4.911712e-03 -3.350198e-02 1.628393e-02
5.182527e-03 -3.080404e-02 1.264395e-02
5.453341e-03 -1.868796e-02 1.157413e-02
5.724155e-03 -2.254605e-02 8.704713e-03
5.994970e-03 -3.539997e-02 7.514112e-03
6.265784e-03 -2.050906e-02 6.468503e-03
6.536598e-03 -2.390093e-02 5.292243e-03
6.807412e-03 -2.051520e-02 4.946720e-03
7.078227e-03 -2.118671e-02 4.149686e-03
7.349041e-03 -1.702243e-02 3.713793e-03
7.619855e-03 -1.749539e-02 3.351405e-03
7.890671e-03 -1.056281e-02 2.997153e-03
8.161485e-03 -9.371817e-03 2.716656e-03
8.432299e-03 -1.209980e-02 2.462961e-03
8.703114e-03 -1.227951e-02 2.251019e-03
8.973928e-03 -8.032680e-03 2.045883e-03
9.244742e-03 -9.574905e-03 1.932619e-03
9.515557e-03 -6.905809e-03 1.748385e-03
9.786371e-03 -7.046595e-03 1.573549e-03
1.005718e-02 -9.913102e-03 1.517696e-03
1.032800e-02 -6.986201e-03 1.366143e-03
1.059881e-02 -6.815195e-03 1.299796e-03
1.086963e-02 -6.033987e-03 1.238563e-03
1.114044e-02 -6.612107e-03 1.145276e-03
1.141126e-02 -7.973105e-03 1.120641e-03
1.168207e-02 -6.988898e-03 1.067290e-03
1.195289e-02 -7.207602e-03 1.007807e-03
1.222370e-02 -6.788000e-03 9.565667e-04
1.249451e-02 -4.849002e-03 9.255086e-04
1.276533e-02 -4.898600e-03 8.887727e-04
1.303614e-02 -3.821194e-03 8.342871e-04
1.330696e-02 -5.195245e-03 8.105245e-04
1.357777e-02 -4.004084e-03 8.030816e-04
1.384859e-02 -5.968057e-03 7.495754e-04
1.411940e-02 -4.005380e-03 7.247793e-04
1.439021e-02 -3.567733e-03 6.898305e-04
1.466103e-02 -3.739230e-03 6.838791e-04
1.493184e-02 -4.225805e-03 6.776983e-04
1.520266e-02 -4.188016e-03 6.364550e-04
1.547347e-02 -3.066108e-03 6.287165e-04
1.574429e-02 -2.397239e-03 6.070820e-04
1.601510e-02 -2.848130e-03 6.003233e-04
1.628591e-02 -2.835430e-03 5.879213e-04
1.655673e-02 -2.840430e-03 5.656344e-04
1.682754e-02 -2.124310e-03 5.492580e-04
1.709836e-02 -2.177693e-03 5.435122e-04
1.736917e-02 -1.554951e-03 5.280701e-04
1.763999e-02 -1.661077e-03 5.171644e-04
1.791080e-02 -2.893928e-03 4.997985e-04
1.818161e-02 -2.179679e-03 5.006888e-04
1.845243e-02 -2.044078e-03 5.070130e-04
1.872324e-02 -2.073281e-03 4.958345e-04
1.899406e-02 -2.045631e-03 4.879645e-04
1.926487e-02 -2.144381e-03 4.929553e-04
1.953569e-02 -2.054021e-03 4.829411e-04
1.980650e-02 -2.190530e-03 4.821500e-04
2.007731e-02 -5.753823e-04 4.744290e-04
2.034813e-02 -1.418669e-03 4.659357e-04
2.061894e-02 -2.121538e-03 4.656695e-04
2.088976e-02 -2.144441e-03 4.590679e-04
2.116057e-02 -1.474649e-03 4.562688e-04
2.143139e-02 -1.518328e-03 4.483298e-04
2.170220e-02 -1.414169e-03 4.500765e-04
2.197302e-02 -1.764141e-03 4.443057e-04
2.224383e-02 -6.460808e-04 4.328511e-04
2.251465e-02 -3.595129e-04 4.307886e-04
2.278546e-02 -1.301501e-03 4.175576e-04
2.305627e-02 -1.506548e-03 4.175233e-04
2.332709e-02 -1.178753e-03 4.108163e-04
2.359790e-02 -1.165610e-03 4.003009e-04
2.386872e-02 -7.004887e-04 4.020214e-04
2.413953e-02 -7.798709e-04 3.886486e-04
2.441034e-02 -1.889940e-03 3.801413e-04
2.468116e-02 -7.420778e-04 3.805340e-04
2.495197e-02 -1.447912e-03 3.765814e-04
2.522279e-02 -9.903088e-04 3.805188e-04
2.549360e-02 -1.040433e-03 3.672973e-04
2.576442e-02 -1.344010e-03 3.631629e-04
2.603523e-02 -8.114800e-04 3.660134e-04
2.630604e-02 -4.942901e-04 3.590663e-04
2.657686e-02 -5.587488e-04 3.570571e-04
2.684767e-02 -7.890798e-04 3.482850e-04
2.711849e-02 -2.419800e-04 3.498364e-04
2.738930e-02 -6.149709e-04 3.475615e-04
2.766012e-02 -1.552999e-04 3.394254e-04
2.793093e-02 1.488216e-04 3.392980e-04
2.820175e-02 -7.720999e-04 3.322902e-04
2.847256e-02 -9.245276e-04 3.330665e-04
2.874337e-02 -1.384802e-04 3.316179e-04
2.901419e-02 -2.764091e-04 3.197309e-04
2.928500e-02 -8.048601e-04 3.206604e-04
2.955582e-02 -1.063481e-03 3.194722e-04
2.982663e-02 -6.361604e-04 3.204755e-04
3.009745e-02 -1.079641e-03 3.183287e-04
3.036826e-02 -3.602505e-04 3.136413e-04
3.063907e-02 5.228072e-05 3.118847e-04
3.090989e-02 2.521798e-04 3.117961e-04
3.118070e-02 2.562702e-04 3.074023e-04
3.145152e-02 -4.897714e-04 3.056557e-04
3.172233e-02 -3.782324e-04 3.018377e-04
3.199315e-02 -8.377284e-04 3.027971e-04
3.226396e-02 -4.559606e-04 3.006416e-04
3.253478e-02 1.130104e-04 3.019452e-04
3.280559e-02 -6.143898e-04 2.951970e-04
3.307641e-02 -2.329051e-05 2.947386e-04
3.334722e-02 -1.406781e-04 2.921713e-04
3.361803e-02 -4.862398e-04 2.957143e-04
3.388885e-02 -9.243004e-04 2.879078e-04
3.415966e-02 -3.436990e-04 2.926841e-04
3.443048e-02 -1.541004e-04 2.886669e-04
3.470129e-02 3.391877e-05 2.861300e-04
3.497211e-02 7.173046e-05 2.885010e-04
3.524292e-02 -3.538989e-04 2.821114e-04
3.551374e-02 -6.197393e-04 2.835459e-04
3.578455e-02 -7.658079e-05 2.804404e-04
3.605536e-02 -5.660802e-04 2.788203e-04
3.632618e-02 -6.385893e-05 2.804090e-04
3.659699e-02 -3.098510e-04 2.752277e-04
3.686780e-02 1.006201e-04 2.765252e-04
3.713862e-02 -9.120591e-04 2.732196e-04
3.740944e-02 2.701022e-04 2.719823e-04
3.768025e-02 -2.703704e-04 2.693066e-04
3.795106e-02 -6.208792e-04 2.674388e-04
3.822188e-02 -2.736300e-04 2.699239e-04
3.849269e-02 -5.067680e-04 2.647233e-04
3.876351e-02 -4.156101e-04 2.656788e-04
3.903432e-02 7.230975e-05 2.641917e-04
3.930514e-02 1.642182e-04 2.634854e-04
3.957595e-02 -2.936702e-04 2.605830e-04
3.984676e-02 -3.423300e-04 2.585287e-04
4.011758e-02 -2.010912e-04 2.584743e-04
4.038839e-02 -2.776496e-04 2.586548e-04
4.065921e-02 -7.447973e-05 2.552480e-04
4.093002e-02 -1.487900e-04 2.580089e-04
4.120084e-02 -2.902895e-04 2.539582e-04
4.147165e-02 -5.712491e-04 2.536582e-04
4.174246e-02 -6.885100e-04 2.553113e-04
4.201328e-02 -5.719494e-04 2.540466e-04
4.228409e-02 -4.088487e-04 2.538182e-04
4.255491e-02 1.947209e-04 2.517754e-04
4.282572e-02 -7.322989e-05 2.505620e-04
4.309653e-02 -4.942156e-05 2.487962e-04
4.336735e-02 -2.183709e-04 2.484392e-04
4.363817e-02 2.793968e-05 2.479883e-04
4.390898e-02 -2.833698e-04 2.467432e-04
4.417979e-02 -3.448129e-05 2.456961e-04
4.445061e-02 -3.000814e-04 2.431177e-04
4.472142e-02 -6.975979e-05 2.429588e-04
4.499224e-02 3.668852e-05 2.437357e-04
4.526305e-02 -9.910017e-05 2.439208e-04
4.553387e-02 1.195297e-04 2.396806e-04
4.580468e-02 -2.958998e-04 2.403363e-04
4.607549e-02 7.418916e-06 2.387047e-04
4.634631e-02 -1.109298e-04 2.363419e-04
4.661712e-02 9.905919e-05 2.378611e-04
4.688794e-02 -7.811002e-05 2.361012e-04
4.715875e-02 -1.536682e-04 2.346952e-04
4.742957e-02 -2.810489e-04 2.336014e-04
4.770038e-02 3.538597e-04 2.318665e-04
4.797119e-02 1.339056e-05 2.329160e-04
4.824201e-02 -5.961899e-04 2.306741e-04
4.851282e-02 2.820399e-04 2.328830e-04
4.878364e-02 -1.655202e-04 2.307351e-04
4.905445e-02 -1.847912e-04 2.287510e-04
4.932526e-02 -1.313202e-04 2.283334e-04
4.959608e-02 -2.713799e-04 2.270470e-04
4.986690e-02 -1.016892e-04 2.281847e-04
5.013771e-02 1.101699e-04 2.272107e-04
5.040852e-02 -7.481873e-05 2.259755e-04
5.067934e-02 9.812042e-05 2.250104e-04
5.095015e-02 -1.636297e-04 2.226976e-04
5.122096e-02 2.511032e-05 2.234239e-04
5.149178e-02 -5.050302e-04 2.227210e-04
5.176260e-02 -2.813600e-04 2.224878e-04
5.203341e-02 5.112030e-05 2.248491e-04
5.230422e-02 1.366064e-05 2.182731e-04
5.257504e-02 -1.061894e-04 2.219280e-04
5.284585e-02 -2.596993e-04 2.182455e-04
5.311667e-02 -3.367849e-05 2.181395e-04
5.338748e-02 1.219604e-04 2.239773e-04
5.365830e-02 -4.746895e-04 2.212643e-04
5.392911e-02 1.700595e-04 2.250999e-04
5.419992e-02 1.469199e-04 2.244437e-04
5.447074e-02 2.207048e-05 2.212368e-04
5.474155e-02 7.447042e-05 2.263298e-04
5.501237e-02 -1.617689e-04 2.307238e-04
5.528318e-02 6.902963e-05 2.313249e-04
5.555400e-02 1.448803e-04 2.335930e-04
5.582481e-02 3.627110e-04 2.339122e-04
5.609563e-02 2.681408e-04 2.353294e-04
5.636644e-02 -4.386008e-04 2.374308e-04
5.663725e-02 -8.878112e-05 2.365035e-04
5.690807e-02 -2.944600e-04 2.387400e-04
5.717888e-02 1.107510e-04 2.366918e-04
5.744969e-02 -2.265107e-04 2.393672e-04
5.772051e-02 4.157312e-04 2.385259e-04
5.799133e-02 -1.467019e-05 2.365022e-04
5.826214e-02 -1.647212e-04 2.388104e-04
5.853295e-02 -2.760701e-04 2.404756e-04
5.880377e-02 9.858049e-05 2.394018e-04
5.907458e-02 1.923703e-04 2.388682e-04
5.934540e-02 -6.784704e-04 2.408758e-04
5.961621e-02 -4.304107e-04 2.426435e-04
5.988703e-02 -3.131907e-04 2.406127e-04
6.015784e-02 -1.057517e-04 2.414096e-04
6.042865e-02 -3.449395e-04 2.414759e-04
6.069947e-02 -2.316497e-04 2.378266e-04
6.097028e-02 -3.393926e-05 2.381817e-04
6.124110e-02 -2.053101e-04 2.324913e-04
6.151191e-02 -2.825297e-04 2.325285e-04
6.178273e-02 1.502708e-04 2.331101e-04
6.205354e-02 3.970098e-04 2.299783e-04
6.232436e-02 -1.681969e-05 2.327903e-04
6.259517e-02 2.394505e-04 2.292042e-04
6.286598e-02 -6.526895e-05 2.298048e-04
6.313679e-02 6.750226e-06 2.322009e-04
6.340761e-02 -3.965385e-04 2.267896e-04
6.367842e-02 1.494605e-04 2.278112e-04
6.394923e-02 -3.632996e-04 2.270029e-04
6.422005e-02 -2.888292e-04 2.309795e-04
6.449086e-02 -5.819201e-04 2.286703e-04
6.476168e-02 -2.469085e-04 2.238890e-04
6.503250e-02 1.685116e-04 2.275522e-04
6.530331e-02 -1.666807e-04 2.267732e-04
6.557412e-02 -3.463496e-04 2.259683e-04
6.584494e-02 -1.581945e-05 2.274668e-04
6.611575e-02 4.492141e-05 2.229718e-04
6.638657e-02 1.543686e-04 2.261339e-04
6.665738e-02 -2.222098e-04 2.242672e-04
6.692819e-02 -3.302507e-04 2.255923e-04
6.719901e-02 -5.330984e-04 2.238538e-04
6.746982e-02 -8.350052e-05 2.234831e-04
6.774063e-02 2.115313e-04 2.230330e-04
6.801146e-02 2.291594e-04 2.222710e-04
6.828227e-02 6.826967e-05 2.220863e-04
6.855308e-02 3.946498e-04 2.217071e-04
6.882390e-02 3.900491e-04 2.213673e-04
6.909471e-02 -6.287992e-04 2.203824e-04
6.936552e-02 3.431924e-05 2.191387e-04
6.963634e-02 -5.630776e-06 2.209021e-04
6.990715e-02 -5.161949e-05 2.209279e-04
7.017796e-02 -3.161840e-05 2.177680e-04
7.044878e-02 -1.017004e-05 2.182344e-04
7.071959e-02 4.101805e-04 2.164245e-04
7.099041e-02 -3.471803e-04 2.182022e-04
7.126123e-02 -2.660044e-05 2.184685e-04
7.153204e-02 -2.842788e-04 2.179380e-04
7.180285e-02 -4.277397e-04 2.157366e-04
7.207367e-02 1.025703e-04 2.168587e-04
7.234448e-02 -1.193900e-04 2.184023e-04
7.261530e-02 -1.389105e-04 2.175469e-04
7.288611e-02 2.662111e-04 2.147338e-04
7.315692e-02 -5.714037e-05 2.175946e-04
7.342774e-02 -4.539080e-05 2.158306e-04
7.369855e-02 2.995599e-04 2.154634e-04
7.396936e-02 4.937127e-05 2.165487e-04
7.424019e-02 1.941994e-05 2.165637e-04
7.451100e-02 -2.155900e-04 2.146254e-04
7.478181e-02 1.043994e-04 2.134909e-04
7.505263e-02 6.990880e-05 2.127067e-04
7.532344e-02 -1.959093e-04 2.172401e-04
7.559425e-02 3.879890e-05 2.123855e-04
7.586507e-02 1.132786e-04 2.139155e-04
7.613588e-02 -4.136935e-05 2.126250e-04
7.640669e-02 -3.008712e-04 2.121141e-04
7.667751e-02 -1.462903e-04 2.132649e-04
7.694832e-02 1.851786e-04 2.125782e-04
7.721914e-02 -2.218299e-04 2.110821e-04
7.748996e-02 1.157206e-04 2.120704e-04
7.776077e-02 -5.303100e-04 2.111449e-04
7.803158e-02 3.151968e-05 2.127253e-04
7.830240e-02 -9.633973e-05 2.104264e-04
7.857321e-02 -4.204791e-04 2.117146e-04
7.884403e-02 -2.419986e-04 2.101367e-04
7.911484e-02 -8.562952e-05 2.090003e-04
7.938565e-02 1.079105e-04 2.100364e-04
7.965647e-02 -7.131882e-05 2.069740e-04
7.992728e-02 -1.750402e-04 2.084881e-04
8.019809e-02 -2.285000e-04 2.088516e-04
8.046892e-02 -2.857856e-05 2.063531e-04
8.073973e-02 6.555021e-05 2.069057e-04
8.101054e-02 -1.985487e-04 2.072765e-04
8.128136e-02 1.434796e-04 2.058651e-04
8.155217e-02 3.855117e-05 2.083563e-04
8.182298e-02 -1.707803e-04 2.054795e-04
8.209380e-02 3.905036e-05 2.046789e-04
8.236461e-02 -3.271103e-04 2.068659e-04
8.263543e-02 3.972407e-04 2.037952e-04
8.290624e-02 -1.052506e-04 2.053173e-04
8.317705e-02 4.987791e-04 2.034666e-04
8.344787e-02 1.276899e-04 2.056250e-04
8.371869e-02 -2.295095e-04 2.053457e-04
8.398950e-02 -3.281999e-04 2.036429e-04
8.426031e-02 -9.875931e-05 2.035554e-04
8.453113e-02 5.574394e-04 2.037358e-04
8.480194e-02 3.548991e-04 2.041345e-04
8.507276e-02 4.705973e-05 2.035246e-04
8.534357e-02 3.949702e-04 2.024099e-04
8.561438e-02 -2.281498e-04 2.025029e-04
8.588520e-02 6.661005e-05 2.005725e-04
8.615601e-02 -2.483986e-04 2.013815e-04
8.642682e-02 3.202800e-04 2.018002e-04
8.669765e-02 -2.072398e-04 2.001139e-04
8.696846e-02 7.122010e-05 1.997828e-04
8.723927e-02 2.211109e-04 2.013472e-04
8.751009e-02 6.151013e-05 1.988773e-04
8.778090e-02 -1.589190e-04 1.995454e-04
8.805171e-02 -1.813695e-04 1.996914e-04
8.832253e-02 8.586980e-05 1.991447e-04
8.859334e-02 8.024089e-05 2.014580e-04
8.886416e-02 8.100085e-05 1.992609e-04
8.913497e-02 1.607705e-04 1.986598e-04
8.940578e-02 4.389137e-05 1.992600e-04
8.967660e-02 -2.649892e-04 1.990295e-04
8.994742e-02 -8.461066e-05 1.988964e-04
9.021823e-02 4.270114e-04 1.978713e-04
9.048904e-02 6.437860e-05 1.985525e-04
9.075986e-02 -1.454111e-04 1.980732e-04
9.103067e-02 4.115142e-05 1.978314e-04
9.130149e-02 -1.245402e-04 1.965990e-04
9.157230e-02 1.788903e-04 1.966661e-04
9.184311e-02 -9.373017e-05 1.974431e-04
9.211393e-02 6.531794e-04 1.968316e-04
9.238474e-02 7.899478e-06 1.956690e-04
9.265555e-02 4.292503e-04 1.974216e-04
9.292637e-02 2.341904e-04 1.949251e-04
9.319719e-02 -7.169880e-05 1.959772e-04
9.346800e-02 4.120171e-06 1.951210e-04
9.373882e-02 -2.847593e-04 1.955726e-04
9.400963e-02 9.329990e-05 1.947152e-04
9.428044e-02 1.119412e-04 1.949572e-04
9.455126e-02 -1.296494e-04 1.953152e-04
9.482207e-02 4.843995e-05 1.937414e-04
9.509289e-02 -1.411196e-04 1.931687e-04
9.536370e-02 -1.143701e-04 1.957271e-04
9.563451e-02 1.920797e-04 1.941385e-04
9.590533e-02 3.443845e-05 1.939584e-04
9.617615e-02 2.141297e-04 1.913836e-04
9.644696e-02 -2.207905e-04 1.933657e-04
9.671777e-02 4.941039e-05 1.926162e-04
9.698859e-02 5.070791e-04 1.916905e-04
9.725940e-02 3.975071e-05 1.922895e-04
9.753022e-02 -7.743947e-05 1.913571e-04
9.780103e-02 -2.965797e-04 1.932075e-04
9.807184e-02 -1.895055e-05 1.901424e-04
9.834266e-02 4.567020e-05 1.909767e-04
9.861347e-02 -3.506988e-05 1.911622e-04
9.888428e-02 2.140924e-05 1.892238e-04
9.915510e-02 -1.322217e-04 1.910730e-04
9.942592e-02 1.933500e-04 1.903230e-04
9.969673e-02 4.178416e-04 1.917721e-04
9.996755e-02 3.757402e-04 1.903612e-04
1.002384e-01 -1.376607e-04 1.878487e-04
1.005092e-01 1.648013e-04 1.895966e-04
1.007800e-01 3.707036e-05 1.897064e-04
1.010508e-01 4.710797e-04 1.905993e-04
1.013216e-01 -1.331214e-04 1.893209e-04
1.015924e-01 1.983903e-04 1.861315e-04
1.018632e-01 -1.641195e-04 1.891101e-04
1.021341e-01 1.442712e-04 1.875224e-04
1.024049e-01 -2.378393e-04 1.897059e-04
1.026757e-01 -3.208295e-04 1.872772e-04
1.029465e-01 2.367701e-04 1.870539e-04
1.032173e-01 7.866882e-05 1.875001e-04
1.034881e-01 -1.610070e-05 1.872326e-04
1.037589e-01 5.700998e-04 1.858593e-04
1.040298e-01 -3.379602e-04 1.857363e-04
1.043006e-01 2.869200e-04 1.873425e-04
1.045714e-01 -9.848922e-05 1.871807e-04
1.048422e-01 1.444295e-04 1.858790e-04
1.051130e-01 -2.862401e-04 1.860491e-04
1.053838e-01 -7.155910e-05 1.868041e-04
1.056546e-01 1.121107e-04 1.856773e-04
1.059255e-01 2.461709e-04 1.849474e-04
1.061963e-01 -3.170799e-04 1.856056e-04
1.064671e-01 3.226697e-04 1.847688e-04
1.067379e-01 -1.603402e-04 1.856342e-04
1.070087e-01 3.649089e-04 1.858129e-04
1.072795e-01 -1.905914e-04 1.839040e-04
1.075503e-01 -7.542036e-05 1.840432e-04
1.078212e-01 4.374050e-05 1.844931e-04
1.080920e-01 -1.523308e-04 1.849714e-04
1.083628e-01 7.575937e-05 1.837155e-04
1.086336e-01 2.992414e-04 1.826580e-04
1.089044e-01 -8.932129e-05 1.833799e-04
1.091752e-01 3.052801e-04 1.825015e-04
1.094460e-01 4.061610e-04 1.823592e-04
1.097169e-01 2.669394e-04 1.841547e-04
1.099877e-01 -6.085075e-05 1.818579e-04
1.102585e-01 -2.676100e-04 1.828109e-04
1.105293e-01 1.943707e-04 1.847617e-04
1.108001e-01 -1.369044e-05 1.869316e-04
1.110709e-01 -2.670009e-04 1.885150e-04
1.113417e-01 -1.154505e-04 1.864939e-04
1.116126e-01 -3.840961e-05 1.891417e-04
1.118834e-01 -5.568936e-05 1.880711e-04
1.121542e-01 2.099704e-04 1.903600e-04
1.124250e-01 1.924988e-04 1.921468e-04
1.126958e-01 2.252683e-04 1.943433e-04
1.129666e-01 2.357885e-04 1.929321e-04
1.132374e-01 -3.019348e-06 1.980188e-04
1.135083e-01 2.118703e-04 2.007230e-04
1.137791e-01 -1.005791e-04 1.995507e-04
1.140499e-01 -1.851302e-04 2.000690e-04
1.143207e-01 1.205318e-04 2.022403e-04
1.145915e-01 -3.216397e-04 2.022449e-04
1.148623e-01 1.127794e-04 2.039699e-04
1.151332e-01 -3.685299e-04 2.050539e-04
1.154040e-01 1.014024e-05 2.061042e-04
1.156748e-01 -2.427399e-04 2.084969e-04
1.159456e-01 1.454204e-04 2.093260e-04
1.162164e-01 3.617499e-04 2.097639e-04
1.164872e-01 -1.497716e-04 2.098670e-04
1.167580e-01 -1.601297e-04 2.119052e-04
1.170288e-01 1.861006e-04 2.137933e-04
1.172997e-01 -6.038491e-04 2.139707e-04
1.175705e-01 -5.024783e-04 2.143751e-04
1.178413e-01 -2.588406e-04 2.163573e-04
1.181121e-01 7.336959e-05 2.136206e-04
1.183829e-01 -9.910017e-05 2.099478e-04
1.186537e-01 -1.656096e-04 2.092623e-04
1.189246e-01 1.489893e-04 2.078327e-04
1.191954e-01 -1.013894e-04 2.071095e-04
1.194662e-01 -2.609007e-05 2.087827e-04
1.197370e-01 -1.454186e-04 2.062737e-04
1.200078e-01 2.036802e-04 2.069209e-04
1.202786e-01 -3.125891e-05 2.068869e-04
1.205494e-01 -2.656132e-05 2.042410e-04
1.208202e-01 -1.071598e-04 2.078339e-04
1.210911e-01 2.451297e-04 2.051505e-04
1.213619e-01 -1.508314e-04 2.075207e-04
1.216327e-01 -4.471112e-04 2.057379e-04
1.219035e-01 1.450405e-04 2.058626e-04
1.221743e-01 -1.380965e-05 2.071704e-04
1.224451e-01 -8.629635e-06 2.069215e-04
1.227160e-01 -2.619065e-05 2.067361e-04
1.229868e-01 1.099892e-05 2.045365e-04
1.232576e-01 -7.933006e-05 2.055372e-04
1.235284e-01 -1.602415e-04 2.067719e-04
1.237992e-01 -2.399087e-04 2.058539e-04
1.240700e-01 8.659437e-06 2.069934e-04
1.243408e-01 -4.300699e-04 2.062459e-04
1.246117e-01 -7.984973e-05 2.051792e-04
1.248825e-01 -6.187893e-05 2.056584e-04
1.251533e-01 2.686605e-04 2.047359e-04
1.254241e-01 5.836040e-05 2.048994e-04
1.256949e-01 1.443289e-04 2.042546e-04
1.259657e-01 4.526973e-05 2.019778e-04
1.262365e-01 -2.402700e-04 2.032783e-04
1.265074e-01 -8.282997e-05 2.012406e-04
1.267782e-01 2.250075e-06 2.028227e-04
1.270490e-01 6.571040e-05 2.009559e-04
1.273198e-01 -4.130397e-04 2.027084e-04
1.275906e-01 -1.770407e-04 2.016942e-04
1.278614e-01 2.571400e-04 2.025713e-04
1.281322e-01 2.788939e-05 2.029482e-04
1.284031e-01 -1.941305e-04 2.020502e-04
1.286739e-01 -1.420993e-04 2.022121e-04
1.289447e-01 -8.848868e-05 2.009141e-04
1.292155e-01 -9.644963e-05 2.020187e-04
1.294863e-01 3.635008e-04 2.008019e-04
1.297571e-01 -1.863018e-05 1.993252e-04
1.300279e-01 2.000500e-04 2.005543e-04
1.302988e-01 3.767945e-05 2.005116e-04
1.305696e-01 2.059899e-04 1.982558e-04
1.308404e-01 1.141187e-04 1.991365e-04
1.311112e-01 1.866613e-04 2.015840e-04
1.313820e-01 3.445391e-04 1.984584e-04
1.316528e-01 5.255993e-04 2.012020e-04
1.319236e-01 3.419388e-04 1.990985e-04
1.321945e-01 3.280118e-05 1.991951e-04
1.324653e-01 -2.802201e-04 2.004769e-04
1.327361e-01 -6.962009e-05 1.986982e-04
1.330069e-01 4.090928e-05 2.000524e-04
1.332777e-01 -2.532601e-04 1.981040e-04
1.335485e-01 8.605979e-05 1.969863e-04
1.338193e-01 2.274793e-04 2.017884e-04
1.340902e-01 4.968494e-04 1.975074e-04
1.343610e-01 1.337696e-04 1.975986e-04
1.346318e-01 -9.630062e-05 1.990199e-04
1.349026e-01 5.715899e-05 1.975629e-04
1.351734e-01 -1.008399e-04 1.972279e-04
1.354442e-01 2.385005e-04 1.972287e-04
1.357151e-01 3.428794e-04 1.982259e-04
1.359859e-01 -9.524077e-05 1.968562e-04
1.362567e-01 1.485087e-05 1.971604e-04
1.365275e-01 -2.572127e-05 1.976636e-04
1.367983e-01 1.883395e-04 1.941842e-04
1.370691e-01 9.867921e-05 1.988944e-04
1.373399e-01 -5.766936e-05 1.999988e-04
1.376107e-01 -2.471395e-04 2.005907e-04
1.378816e-01 -2.430696e-04 2.047225e-04
1.381524e-01 1.954697e-04 2.016165e-04
1.384232e-01 -1.064204e-04 2.064854e-04
1.386940e-01 3.447942e-05 2.056813e-04
1.389648e-01 -1.948103e-04 2.088247e-04
1.392356e-01 1.914799e-04 2.098312e-04
1.395064e-01 4.714299e-04 2.095077e-04
1.397773e-01 -1.127906e-04 2.088679e-04
1.400481e-01 -4.054047e-05 2.106984e-04
1.403189e-01 2.920907e-04 2.130709e-04
1.405897e-01 -1.819115e-04 2.111168e-04
1.408605e-01 7.555075e-05 2.119225e-04
1.411313e-01 2.613496e-04 2.146424e-04
1.414021e-01 8.961186e-06 2.133872e-04
1.416730e-01 5.062297e-04 2.165570e-04
1.419438e-01 -1.314096e-04 2.145967e-04
1.422146e-01 1.699701e-04 2.174559e-04
1.424854e-01 2.002809e-04 2.159951e-04
1.427562e-01 3.595389e-04 2.179333e-04
1.430270e-01 1.531299e-04 2.170794e-04
1.432979e-01 -3.218297e-04 2.172248e-04
1.435687e-01 3.211945e-05 2.190814e-04
1.438395e-01 -1.489706e-04 2.191863e-04
1.441103e-01 -2.057105e-04 2.205174e-04
1.443811e-01 -5.671009e-05 2.213407e-04
1.446519e-01 1.840293e-06 2.199035e-04
1.449227e-01 4.029814e-04 2.225334e-04
1.451935e-01 4.287995e-05 2.200428e-04
1.454644e-01 5.346704e-04 2.226728e-04
1.457352e-01 -1.176894e-04 2.248595e-04
1.460060e-01 -3.025122e-05 2.235570e-04
1.462768e-01 3.125686e-04 2.252364e-04
1.465476e-01 -2.948008e-05 2.227775e-04
1.468184e-01 -4.045013e-04 2.264042e-04
1.470892e-01 -1.804493e-04 2.248930e-04
1.473601e-01 -2.994016e-04 2.228882e-04
1.476309e-01 2.670512e-04 2.265938e-04
1.479017e-01 3.374610e-04 2.248225e-04
1.481725e-01 1.260508e-04 2.256118e-04
1.484433e-01 1.202598e-04 2.230161e-04
1.487141e-01 8.353032e-05 2.271526e-04
1.489850e-01 9.695068e-05 2.251354e-04
1.492558e-01 -5.850568e-06 2.244946e-04
1.495266e-01 -1.811981e-05 2.268878e-04
1.497974e-01 3.859308e-04 2.227429e-04
1.500682e-01 1.031905e-05 2.265203e-04
1.503390e-01 5.595013e-05 2.269067e-04
1.506098e-01 2.327599e-04 2.248472e-04
1.508806e-01 -3.128406e-04 2.250019e-04
1.511515e-01 -1.467951e-05 2.235566e-04
1.514223e-01 -1.499411e-04 2.257459e-04
1.516931e-01 -4.669651e-06 2.241970e-04
1.519639e-01 -2.606697e-04 2.234990e-04
1.522347e-01 1.072790e-04 2.263299e-04
1.525055e-01 5.330406e-04 2.226276e-04
1.527763e-01 1.490396e-04 2.252367e-04
1.530472e-01 1.708977e-05 2.250932e-04
1.533180e-01 1.835506e-04 2.264715e-04
1.535888e-01 1.443699e-04 2.272455e-04
1.538596e-01 -1.011044e-05 2.241499e-04
1.541304e-01 2.472699e-04 2.272033e-04
1.544012e-01 -3.447197e-04 2.244696e-04
1.546721e-01 3.043301e-04 2.266274e-04
1.549429e-01 -1.477003e-04 2.268356e-04
1.552137e-01 -7.647090e-05 2.273116e-04
1.554845e-01 3.419500e-04 2.257368e-04
1.557553e-01 3.910996e-05 2.259411e-04
1.560261e-01 2.359990e-04 2.265088e-04
1.562969e-01 3.846101e-04 2.267628e-04
1.565678e-01 2.338216e-04 2.247223e-04
1.568386e-01 7.781014e-05 2.293208e-04
1.571094e-01 -2.371594e-04 2.261819e-04
1.573802e-01 1.460202e-04 2.265045e-04
1.576510e-01 -3.832299e-04 2.263327e-04
1.579218e-01 1.242906e-04 2.259582e-04
1.581926e-01 6.329510e-04 2.246172e-04
1.584634e-01 4.389882e-05 2.254775e-04
1.587343e-01 -3.474019e-05 2.259323e-04
1.590051e-01 -3.330037e-05 2.261832e-04
1.592759e-01 3.060326e-06 2.256269e-04
1.595467e-01 4.128087e-04 2.254153e-04
1.598175e-01 -2.359040e-05 2.267249e-04
1.600883e-01 2.438501e-04 2.235914e-04
1.603591e-01 4.236214e-04 2.249163e-04
1.606300e-01 1.039207e-04 2.255888e-04
1.609008e-01 -1.696516e-04 2.239661e-04
1.611716e-01 -1.664199e-04 2.238427e-04
1.614424e-01 2.015810e-04 2.223327e-04
1.617132e-01 3.494490e-04 2.247631e-04
1.619840e-01 8.590519e-06 2.232976e-04
1.622549e-01 -8.592941e-05 2.241447e-04
1.625257e-01 -1.215301e-04 2.227414e-04
1.627965e-01 2.168603e-04 2.229925e-04
1.630673e-01 -4.149973e-06 2.233188e-04
1.633381e-01 -2.158117e-04 2.239334e-04
1.636089e-01 1.250897e-04 2.227995e-04
1.638797e-01 -1.724698e-04 2.256319e-04
1.641506e-01 1.676399e-04 2.236931e-04
1.644214e-01 7.344037e-05 2.240057e-04
1.646922e-01 -1.855604e-04 2.235614e-04
1.649630e-01 1.489930e-05 2.239967e-04
1.652338e-01 1.773499e-04 2.255631e-04
1.655046e-01 -1.750886e-05 2.240534e-04
1.657754e-01 -6.376021e-05 2.223094e-04
1.660462e-01 1.059994e-04 2.238421e-04
1.663171e-01 2.538897e-04 2.233858e-04
1.665879e-01 -1.992304e-04 2.239405e-04
1.668587e-01 1.299009e-05 2.252433e-04
1.671295e-01 -1.048986e-04 2.241659e-04
1.674003e-01 -6.619841e-06 2.248569e-04
1.676711e-01 -4.159492e-04 2.321033e-04
1.679420e-01 3.837384e-04 2.361165e-04
1.682128e-01 -5.753599e-04 2.356408e-04
1.684836e-01 -3.649909e-04 2.438295e-04
1.687544e-01 9.912066e-05 2.423015e-04
1.690252e-01 9.460002e-05 2.455599e-04
1.692960e-01 4.257802e-04 2.440391e-04
1.695668e-01 -1.516007e-04 2.514360e-04
1.698377e-01 3.135949e-05 2.493060e-04
1.701085e-01 -1.433883e-04 2.522524e-04
1.703793e-01 5.153604e-04 2.550813e-04
1.706501e-01 9.739958e-05 2.554429e-04
1.709209e-01 -3.905967e-05 2.585693e-04
1.711917e-01 6.575882e-05 2.602492e-04
1.714625e-01 -2.771001e-04 2.609170e-04
1.717333e-01 4.195701e-04 2.655023e-04
1.720042e-01 8.431897e-04 2.638013e-04
1.722750e-01 -3.304891e-05 2.688605e-04
1.725458e-01 1.434293e-04 2.684434e-04
1.728166e-01 1.806207e-04 2.709151e-04
1.730874e-01 -1.308136e-05 2.724029e-04
1.733582e-01 5.721599e-04 2.730245e-04
1.736291e-01 2.939794e-04 2.767824e-04
1.738999e-01 2.548285e-04 2.746177e-04
1.741707e-01 1.311004e-04 2.795552e-04
1.744415e-01 2.969801e-04 2.779440e-04
1.747123e-01 2.161972e-05 2.850459e-04
1.749831e-01 -2.787709e-04 2.717301e-04
1.752539e-01 -4.471187e-04 2.645869e-04
1.755248e-01 -9.110197e-06 2.662461e-04
1.757956e-01 -2.780911e-04 2.595310e-04
1.760664e-01 1.454297e-04 2.622198e-04
1.763372e-01 3.134403e-04 2.604966e-04
1.766080e-01 2.880096e-04 2.618115e-04
1.768788e-01 5.497802e-04 2.601688e-04
1.771496e-01 2.160985e-04 2.551557e-04
1.774205e-01 -3.479421e-06 2.565582e-04
1.776913e-01 1.116507e-04 2.538776e-04
1.779621e-01 2.012700e-04 2.551523e-04
1.782329e-01 2.809986e-05 2.547443e-04
1.785037e-01 -3.850590e-04 2.488960e-04
1.787745e-01 -9.892136e-05 2.554821e-04
1.790453e-01 2.262909e-04 2.486758e-04
1.793161e-01 3.907811e-04 2.499705e-04
1.795870e-01 -2.523698e-04 2.488872e-04
1.798578e-01 -2.066046e-05 2.483293e-04
1.801286e-01 1.147594e-04 2.497398e-04
1.803994e-01 -2.801791e-04 2.445985e-04
1.806702e-01 -1.219306e-04 2.449062e-04
1.809410e-01 2.912004e-04 2.454498e-04
1.812119e-01 -9.766035e-05 2.444643e-04
1.814827e-01 -2.161041e-05 2.452591e-04
1.817535e-01 4.513003e-04 2.432107e-04
1.820243e-01 -5.582310e-04 2.446392e-04
1.822951e-01 1.204945e-05 2.436982e-04
1.825659e-01 -5.107000e-04 2.435094e-04
1.828367e-01 -7.555075e-05 2.448931e-04
1.831076e-01 1.338515e-04 2.389129e-04
1.833784e-01 2.060309e-04 2.476631e-04
1.836492e-01 1.958106e-04 2.414346e-04
1.839200e-01 9.997934e-05 2.429056e-04
1.841908e-01 8.987077e-05 2.426217e-04
1.844616e-01 9.959005e-05 2.417235e-04
1.847324e-01 3.115889e-04 2.452573e-04
1.850033e-01 -2.146810e-04 2.417192e-04
1.852741e-01 -4.517604e-04 2.407162e-04
1.855449e-01 -1.043696e-04 2.423541e-04
1.858157e-01 1.063608e-04 2.425688e-04
1.860865e-01 -4.465096e-04 2.424795e-04
1.863573e-01 -1.587402e-04 2.415842e-04
1.866281e-01 1.431070e-05 2.439987e-04
1.868990e-01 1.077596e-04 2.400611e-04
1.871698e-01 -3.780890e-04 2.415238e-04
1.874406e-01 -4.265811e-04 2.419853e-04
1.877114e-01 -4.743040e-05 2.404802e-04
1.879822e-01 -5.568005e-05 2.424158e-04
1.882530e-01 7.522106e-05 2.391461e-04
1.885238e-01 3.548190e-04 2.417325e-04
1.887947e-01 -1.311302e-06 2.393595e-04
1.890655e-01 5.598702e-04 2.412290e-04
1.893363e-01 7.516891e-05 2.413940e-04
1.896071e-01 1.274608e-04 2.389191e-04
1.898779e-01 -1.295600e-04 2.415419e-04
1.901487e-01 2.048798e-04 2.383559e-04
1.904195e-01 2.287813e-04 2.413284e-04
1.906904e-01 1.377501e-04 2.410852e-04
1.909612e-01 1.138896e-04 2.368114e-04
1.912320e-01 2.397485e-04 2.429396e-04
1.915028e-01 -2.517495e-04 2.381807e-04
1.917736e-01 -3.674068e-05 2.405899e-04
1.920444e-01 3.742706e-04 2.374842e-04
1.923153e-01 4.147924e-05 2.379992e-04
1.925861e-01 -6.862916e-05 2.398014e-04
1.928569e-01 6.394088e-05 2.379978e-04
1.931277e-01 3.476795e-04 2.389437e-04
1.933985e-01 2.659988e-04 2.395799e-04
1.936693e-01 3.857706e-04 2.385515e-04
1.939401e-01 5.679950e-05 2.414760e-04
1.942109e-01 1.891814e-04 2.373247e-04
1.944818e-01 -8.252077e-05 2.391734e-04
1.947526e-01 -4.470702e-04 2.393542e-04
1.950234e-01 -2.596416e-04 2.383457e-04
1.952942e-01 -8.000992e-05 2.396819e-04
1.955650e-01 -3.064051e-05 2.401819e-04
1.958358e-01 3.324803e-04 2.390080e-04
1.961066e-01 3.993195e-04 2.392210e-04
1.963775e-01 8.984841e-05 2.397471e-04
1.966483e-01 2.169497e-04 2.388786e-04
1.969191e-01 -3.475901e-04 2.391632e-04
1.971899e-01 2.251007e-05 2.389250e-04
1.974607e-01 -6.703101e-05 2.412833e-04
1.977315e-01 -5.196799e-04 2.411489e-04
1.980023e-01 2.535060e-05 2.375834e-04
1.982732e-01 -1.872145e-05 2.381871e-04
1.985440e-01 2.490804e-04 2.398905e-04
1.988148e-01 3.766809e-04 2.376018e-04
1.990856e-01 2.308004e-04 2.385828e-04
1.993564e-01 2.355408e-04 2.393767e-04
1.996272e-01 -2.756398e-04 2.416773e-04
1.998980e-01 1.177005e-05 2.382265e-04
2.001689e-01 -3.613699e-04 2.366546e-04
2.004397e-01 -2.085511e-04 2.349019e-04
2.007105e-01 -1.130886e-04 2.328553e-04
2.009813e-01 6.746128e-05 2.356809e-04
2.012521e-01 3.502201e-04 2.359608e-04
2.015229e-01 4.309602e-04 2.390349e-04
2.017937e-01 1.523197e-04 2.372631e-04
2.020646e-01 -2.669301e-04 2.370264e-04
2.023354e-01 -2.920907e-04 2.350322e-04
2.026062e-01 1.136307e-04 2.350194e-04
2.028770e-01 -1.339484e-04 2.373868e-04
2.031478e-01 -5.436875e-05 2.341347e-04
2.034186e-01 2.059489e-04 2.366471e-04
2.036894e-01 -2.376586e-04 2.347402e-04
2.039603e-01 -4.917942e-05 2.348238e-04
2.042311e-01 -2.696794e-04 2.345876e-04
2.045019e-01 -2.120063e-05 2.338009e-04
2.047727e-01 4.241988e-05 2.342036e-04
2.050435e-01 1.494810e-04 2.328934e-04
2.053143e-01 1.690593e-04 2.343248e-04
2.055852e-01 -5.148295e-04 2.347992e-04
2.058560e-01 2.894793e-04 2.324785e-04
2.061268e-01 6.528012e-05 2.318235e-04
2.063976e-01 7.041171e-05 2.323657e-04
2.066684e-01 -7.087924e-05 2.327265e-04
2.069392e-01 -2.918299e-04 2.323049e-04
2.072100e-01 -1.579896e-05 2.339751e-04
2.074808e-01 2.107006e-04 2.317065e-04
2.077517e-01 5.136505e-04 2.321704e-04
2.080225e-01 -5.001202e-06 2.308193e-04
2.082933e-01 -3.889706e-04 2.315759e-04
2.085641e-01 2.730079e-05 2.313137e-04
2.088349e-01 1.998004e-04 2.337527e-04
2.091057e-01 -7.334910e-05 2.313965e-04
2.093765e-01 -2.448913e-04 2.306329e-04
2.096474e-01 2.200603e-04 2.323378e-04
2.099182e-01 3.319401e-04 2.343031e-04
2.101890e-01 2.059508e-04 2.309255e-04
2.104598e-01 -5.842112e-04 2.311100e-04
2.107306e-01 -5.555898e-05 2.309419e-04
2.110014e-01 1.856405e-04 2.324671e-04
2.112723e-01 5.906075e-05 2.319912e-04
2.115431e-01 2.280697e-04 2.308170e-04
2.118139e-01 -1.041200e-04 2.317215e-04
2.120847e-01 -4.002601e-04 2.322479e-04
2.123555e-01 -4.056599e-04 2.326605e-04
2.126263e-01 3.620982e-05 2.310033e-04
2.128971e-01 7.081963e-05 2.329048e-04
2.131680e-01 -2.923906e-04 2.302556e-04
2.134388e-01 -1.737792e-04 2.325708e-04
2.137096e-01 -3.168285e-04 2.303767e-04
2.139804e-01 -2.135392e-04 2.316890e-04
2.142512e-01 -1.185611e-04 2.314852e-04
2.145220e-01 2.227202e-04 2.339041e-04
2.147928e-01 -1.582205e-04 2.323130e-04
2.150636e-01 -1.060106e-04 2.310325e-04
2.153345e-01 2.108607e-04 2.317047e-04
2.156053e-01 3.563054e-05 2.317958e-04
2.158761e-01 1.493692e-04 2.335900e-04
2.161469e-01 4.338846e-05 2.309110e-04
2.164177e-01 -4.239101e-04 2.330297e-04
2.166885e-01 -3.793500e-04 2.305663e-04
2.169593e-01 -1.209900e-04 2.309536e-04
2.172302e-01 4.710201e-04 2.338697e-04
2.175010e-01 1.983792e-04 2.320673e-04
2.177718e-01 -2.166200e-04 2.308965e-04
2.180426e-01 -3.471300e-04 2.325354e-04
2.183134e-01 -1.906510e-04 2.310980e-04
2.185842e-01 1.075100e-04 2.302538e-04
2.188551e-01 -2.105311e-04 2.302190e-04
2.191259e-01 1.557209e-04 2.310637e-04
2.193967e-01 -8.177012e-05 2.303884e-04
2.196675e-01 3.783032e-05 2.305057e-04
2.199383e-01 5.968101e-05 2.301574e-04
2.202091e-01 6.507151e-05 2.291963e-04
2.204799e-01 -1.525804e-04 2.280151e-04
2.207507e-01 4.343987e-04 2.298555e-04
2.210216e-01 -1.623593e-04 2.286734e-04
2.212924e-01 1.889300e-04 2.285472e-04
2.215632e-01 5.673990e-05 2.281044e-04
2.218340e-01 1.429301e-04 2.270003e-04
2.221048e-01 -2.065189e-04 2.266057e-04
2.223756e-01 1.905002e-04 2.265597e-04
2.226464e-01 -1.674499e-04 2.277065e-04
2.229173e-01 9.609945e-05 2.276228e-04
2.231881e-01 -2.084393e-04 2.267826e-04
2.234589e-01 -7.437915e-05 2.270633e-04
2.237297e-01 1.774300e-04 2.269762e-04
2.240005e-01 -4.868489e-04 2.268992e-04
2.242713e-01 4.590489e-04 2.267662e-04
2.245422e-01 2.649389e-04 2.266210e-04
2.248130e-01 8.704886e-05 2.283468e-04
2.250838e-01 1.348499e-04 2.253091e-04
2.253546e-01 -3.165714e-04 2.267821e-04
2.256254e-01 1.486000e-04 2.262212e-04
2.258962e-01 -1.229793e-04 2.276056e-04
2.261670e-01 6.556883e-05 2.359719e-04
2.264379e-01 4.704408e-04 2.410933e-04
2.267087e-01 1.400802e-04 2.433686e-04
2.269795e-01 4.796870e-05 2.465463e-04
2.272503e-01 -7.553026e-05 2.471864e-04
2.275211e-01 -4.648045e-05 2.554468e-04
2.277919e-01 2.599303e-04 2.523750e-04
2.280627e-01 5.216785e-04 2.591824e-04
2.283335e-01 -7.846020e-05 2.593303e-04
2.286044e-01 -3.789198e-04 2.599642e-04
2.288752e-01 -4.038960e-05 2.658264e-04
2.291460e-01 -1.445003e-04 2.647321e-04
2.294168e-01 1.378302e-04 2.698825e-04
2.296876e-01 4.013404e-04 2.736860e-04
2.299584e-01 1.797192e-04 2.725514e-04
2.302293e-01 -5.255397e-04 2.764447e-04
2.305001e-01 5.685911e-05 2.815254e-04
2.307709e-01 -5.853903e-04 2.785115e-04
2.310417e-01 1.278892e-05 2.821775e-04
2.313125e-01 3.389083e-05 2.864902e-04
2.315833e-01 -1.224503e-04 2.878619e-04
2.318541e-01 -2.650898e-04 2.920287e-04
2.321250e-01 -2.700705e-04 2.940391e-04
2.323958e-01 -1.337007e-05 2.999984e-04
2.326666e-01 -5.299039e-05 2.966777e-04
2.329374e-01 -8.164905e-05 3.024027e-04
2.332082e-01 5.349088e-04 2.999649e-04
2.334790e-01 4.415959e-05 3.007237e-04
2.337498e-01 1.187995e-05 3.076710e-04
2.340207e-01 -6.712042e-05 3.106862e-04
2.342915e-01 -7.531587e-04 3.126589e-04
2.345623e-01 -2.091397e-04 3.170265e-04
2.348331e-01 -3.415998e-04 3.154748e-04
2.351039e-01 2.349000e-04 3.191225e-04
2.353747e-01 -3.101602e-04 3.228201e-04
2.356455e-01 -9.950250e-06 3.256781e-04
2.359163e-01 3.000498e-04 3.290175e-04
2.361872e-01 8.165296e-04 3.282190e-04
2.364580e-01 1.529101e-04 3.293806e-04
2.367288e-01 -2.545994e-04 3.333566e-04
2.369996e-01 -2.960190e-04 3.354017e-04
2.372704e-01 -2.322905e-04 3.423885e-04
2.375412e-01 -3.861617e-04 3.438374e-04
2.378121e-01 -9.597093e-05 3.509389e-04
2.380829e-01 1.200102e-04 3.485426e-04
2.383537e-01 6.410405e-04 3.527146e-04
2.386245e-01 7.903948e-05 3.619194e-04
2.388953e-01 -2.127886e-05 3.617794e-04
2.391661e-01 3.023501e-04 3.647492e-04
2.394369e-01 -9.221025e-05 3.672216e-04
2.397078e-01 -2.661385e-04 3.748391e-04
2.399786e-01 -3.849883e-04 3.739222e-04
2.402494e-01 2.110004e-05 3.769709e-04
2.405202e-01 8.849055e-05 3.795793e-04
2.407910e-01 7.588975e-05 3.890963e-04
2.410618e-01 5.953517e-04 3.888484e-04
2.413326e-01 4.425813e-04 3.950925e-04
2.416034e-01 -2.439395e-04 3.888436e-04
2.418743e-01 -3.173202e-04 4.031592e-04
2.421451e-01 -6.602388e-04 4.149539e-04
2.424159e-01 3.853515e-04 4.138887e-04
2.426867e-01 4.522130e-05 4.099068e-04
2.429575e-01 4.587006e-04 4.180572e-04
2.432283e-01 -2.340972e-05 4.302023e-04
2.434992e-01 5.031303e-04 4.232601e-04
2.437700e-01 -4.641004e-04 4.312599e-04
2.440408e-01 -9.397976e-05 4.479160e-04
2.443116e-01 2.978705e-04 4.485573e-04
2.445824e-01 -4.551001e-05 4.532248e-04
2.448532e-01 2.882089e-04 4.548483e-04
2.451240e-01 1.178104e-04 4.726560e-04
2.453949e-01 3.002509e-04 4.780979e-04
2.456657e-01 -8.083303e-04 4.777254e-04
2.459365e-01 4.173908e-04 4.875617e-04
2.462073e-01 5.365405e-04 4.922856e-04
2.464781e-01 5.394388e-04 5.095700e-04
2.467489e-01 6.992929e-05 5.127435e-04
2.470197e-01 -1.990404e-04 5.022183e-04
2.472906e-01 -5.562976e-05 5.291378e-04
2.475614e-01 -2.702717e-04 5.349775e-04
2.478322e-01 2.188701e-04 5.559029e-04
2.481030e-01 -1.101904e-04 5.434199e-04
2.483738e-01 -6.853007e-04 5.549167e-04
2.486446e-01 -9.920802e-04 5.795267e-04
2.489154e-01 -4.910007e-04 6.131816e-04
2.491863e-01 -1.372240e-03 5.843866e-04
2.494571e-01 -8.450896e-04 6.010706e-04
2.497279e-01 -1.559591e-03 6.267322e-04
2.499987e-01 2.446696e-04 6.382925e-04
2.502695e-01 -4.734490e-04 6.455072e-04
2.505403e-01 -2.569500e-04 6.598115e-04
2.508111e-01 -6.332397e-04 6.726049e-04
2.510819e-01 -5.233083e-04 7.193252e-04
2.513528e-01 1.290198e-04 7.213452e-04
2.516236e-01 -3.818888e-04 7.433777e-04
2.518944e-01 1.091260e-03 7.768731e-04
2.521652e-01 -1.116829e-03 8.068140e-04
2.524360e-01 1.641771e-03 8.365153e-04
2.527068e-01 1.592020e-03 7.941030e-04
2.529776e-01 1.921710e-04 8.486207e-04
2.532485e-01 9.364504e-04 8.799366e-04
2.535193e-01 7.123090e-04 9.155026e-04
2.537901e-01 2.727099e-04 9.080403e-04
2.540609e-01 -4.358813e-04 9.274255e-04
2.543317e-01 -4.639588e-04 9.633042e-04
2.546025e-01 -1.071420e-03 1.002004e-03
2.548733e-01 -1.300219e-03 1.044190e-03
2.551441e-01 4.382506e-04 1.068731e-03
2.554150e-01 3.327616e-04 1.108924e-03
2.556858e-01 1.748512e-03 1.182657e-03
2.559566e-01 -3.383011e-04 1.266267e-03
2.562274e-01 6.318297e-04 1.355756e-03
2.564982e-01 9.226017e-04 1.415498e-03
2.567690e-01 -1.222569e-03 1.596520e-03
2.570398e-01 5.105332e-03 1.861692e-03
2.573107e-01 2.219569e-03 1.900790e-03
2.575815e-01 -9.991713e-04 2.492045e-03
2.578523e-01 2.512850e-03 3.130376e-03
2.581231e-01 7.187948e-05 4.574267e-03
