3.286826e-03 9.273281e+01 0.000000e+00
3.557641e-03 1.133908e+02 2.659672e+00
3.828455e-03 9.964194e+01 1.415611e+00
4.099269e-03 8.700887e+01 1.060769e+00
4.370084e-03 7.524255e+01 8.122857e-01
4.640898e-03 6.582668e+01 5.823217e-01
4.911712e-03 5.752843e+01 5.346906e-01
5.182527e-03 5.092873e+01 4.268345e-01
5.453341e-03 4.556011e+01 3.919438e-01
5.724155e-03 4.074689e+01 3.103523e-01
5.994970e-03 3.694643e+01 2.970540e-01
6.265784e-03 3.344223e+01 2.643056e-01
6.536598e-03 3.047651e+01 2.114347e-01
6.807412e-03 2.778905e+01 2.052220e-01
7.078227e-03 2.538543e+01 1.746419e-01
7.349041e-03 2.352045e+01 1.574035e-01
7.619855e-03 2.168560e+01 1.406947e-01
7.890671e-03 2.013431e+01 1.243628e-01
8.161485e-03 1.862690e+01 1.119565e-01
8.432299e-03 1.748596e+01 1.011295e-01
8.703114e-03 1.642618e+01 9.981372e-02
8.973928e-03 1.541958e+01 7.837953e-02
9.244742e-03 1.459675e+01 7.293565e-02
9.515557e-03 1.382244e+01 7.008714e-02
9.786371e-03 1.318311e+01 6.696220e-02
1.005718e-02 1.258419e+01 6.014957e-02
1.032800e-02 1.197991e+01 4.997380e-02
1.059881e-02 1.142713e+01 5.030881e-02
1.086963e-02 1.091692e+01 4.759129e-02
1.114044e-02 1.031893e+01 4.206563e-02
1.141126e-02 9.801168e+00 4.236314e-02
1.168207e-02 9.187432e+00 3.915907e-02
1.195289e-02 8.578766e+00 3.727547e-02
1.222370e-02 7.967895e+00 3.447633e-02
1.249451e-02 7.355381e+00 3.415434e-02
1.276533e-02 6.761749e+00 3.218583e-02
1.303614e-02 6.217864e+00 2.978567e-02
1.330696e-02 5.757618e+00 2.758607e-02
1.357777e-02 5.294843e+00 2.657852e-02
1.384859e-02 4.925261e+00 2.374740e-02
1.411940e-02 4.559841e+00 2.149992e-02
1.439021e-02 4.246715e+00 2.003602e-02
1.466103e-02 3.975671e+00 1.850516e-02
1.493184e-02 3.725105e+00 1.769641e-02
1.520266e-02 3.506177e+00 1.643272e-02
1.547347e-02 3.286990e+00 1.489701e-02
1.574429e-02 3.080047e+00 1.420771e-02
1.601510e-02 2.896021e+00 1.376302e-02
1.628591e-02 2.751449e+00 1.328518e-02
1.655673e-02 2.605164e+00 1.268398e-02
1.682754e-02 2.458537e+00 1.211702e-02
1.709836e-02 2.325753e+00 1.068914e-02
1.736917e-02 2.204753e+00 1.048083e-02
1.763999e-02 2.068208e+00 1.013538e-02
1.791080e-02 1.969021e+00 9.793523e-03
1.818161e-02 1.867677e+00 9.355322e-03
1.845243e-02 1.754432e+00 8.994519e-03
1.872324e-02 1.659460e+00 8.564397e-03
1.899406e-02 1.586831e+00 8.188307e-03
1.926487e-02 1.499068e+00 7.792681e-03
1.953569e-02 1.417584e+00 7.645215e-03
1.980650e-02 1.345441e+00 7.777834e-03
2.007731e-02 1.289503e+00 7.410560e-03
2.034813e-02 1.213486e+00 7.148799e-03
2.061894e-02 1.147856e+00 6.544157e-03
2.088976e-02 1.094037e+00 6.207491e-03
2.116057e-02 1.042791e+00 6.328025e-03
2.143139e-02 9.942129e-01 6.026426e-03
2.170220e-02 9.356427e-01 5.840510e-03
2.197302e-02 8.971089e-01 5.490923e-03
2.224383e-02 8.522540e-01 5.208178e-03
2.251465e-02 8.061287e-01 5.497847e-03
2.278546e-02 7.704183e-01 4.798904e-03
2.305627e-02 7.345775e-01 4.942079e-03
2.332709e-02 6.878228e-01 4.520966e-03
2.359790e-02 6.552454e-01 4.251392e-03
2.386872e-02 6.228091e-01 4.294295e-03
2.413953e-02 6.020415e-01 3.987278e-03
2.441034e-02 5.564034e-01 3.835470e-03
2.468116e-02 5.314854e-01 3.728105e-03
2.495197e-02 4.978897e-01 3.624946e-03
2.522279e-02 4.683137e-01 3.505197e-03
2.549360e-02 4.390044e-01 3.293237e-03
2.576442e-02 4.171432e-01 3.110132e-03
2.603523e-02 3.944550e-01 3.105311e-03
2.630604e-02 3.684657e-01 2.941591e-03
2.657686e-02 3.428021e-01 2.888455e-03
2.684767e-02 3.235263e-01 2.709792e-03
2.711849e-02 3.068870e-01 2.634558e-03
2.738930e-02 2.825279e-01 2.441457e-03
2.766012e-02 2.688603e-01 2.345636e-03
2.793093e-02 2.520438e-01 2.308184e-03
2.820175e-02 2.357741e-01 2.250578e-03
2.847256e-02 2.199949e-01 2.092357e-03
2.874337e-02 2.092997e-01 2.077772e-03
2.901419e-02 1.937849e-01 2.005789e-03
2.928500e-02 1.783552e-01 1.963552e-03
2.955582e-02 1.714708e-01 1.880712e-03
2.982663e-02 1.620285e-01 1.795423e-03
3.009745e-02 1.513989e-01 1.728257e-03
3.036826e-02 1.440230e-01 1.710061e-03
3.063907e-02 1.355648e-01 1.608459e-03
3.090989e-02 1.273573e-01 1.550644e-03
3.118070e-02 1.172409e-01 1.511341e-03
3.145152e-02 1.117958e-01 1.454152e-03
3.172233e-02 1.003743e-01 1.393634e-03
3.199315e-02 9.646812e-02 1.412810e-03
3.226396e-02 8.971784e-02 1.332508e-03
3.253478e-02 8.612108e-02 1.328788e-03
3.280559e-02 7.724987e-02 1.257947e-03
3.307641e-02 7.522829e-02 1.218565e-03
3.334722e-02 7.021230e-02 1.171013e-03
3.361803e-02 6.464314e-02 1.176755e-03
3.388885e-02 6.097515e-02 1.137396e-03
3.415966e-02 5.957399e-02 1.093608e-03
3.443048e-02 5.455760e-02 1.096057e-03
3.470129e-02 4.875986e-02 1.043829e-03
3.497211e-02 4.692772e-02 1.055737e-03
3.524292e-02 4.533093e-02 1.021058e-03
3.551374e-02 4.061837e-02 1.007831e-03
3.578455e-02 3.919136e-02 9.599940e-04
3.605536e-02 3.701271e-02 9.634544e-04
3.632618e-02 3.416710e-02 9.693103e-04
3.659699e-02 3.059946e-02 9.012888e-04
3.686780e-02 2.867721e-02 9.055323e-04
3.713862e-02 2.890766e-02 8.734318e-04
3.740944e-02 2.643308e-02 8.283381e-04
3.768025e-02 2.512943e-02 8.354627e-04
3.795106e-02 2.494954e-02 8.574250e-04
3.822188e-02 2.293558e-02 8.370226e-04
3.849269e-02 1.999850e-02 7.781700e-04
3.876351e-02 1.999347e-02 7.684480e-04
3.903432e-02 1.979946e-02 7.882946e-04
3.930514e-02 1.915956e-02 7.671535e-04
3.957595e-02 1.826860e-02 7.691209e-04
3.984676e-02 1.738320e-02 7.448499e-04
4.011758e-02 1.594397e-02 7.380304e-04
4.038839e-02 1.617423e-02 7.559558e-04
4.065921e-02 1.540782e-02 7.458234e-04
4.093002e-02 1.556113e-02 7.332456e-04
4.120084e-02 1.361285e-02 7.102093e-04
4.147165e-02 1.482366e-02 7.336138e-04
4.174246e-02 1.404300e-02 7.175004e-04
4.201328e-02 1.383107e-02 7.100896e-04
4.228409e-02 1.511734e-02 7.168045e-04
4.255491e-02 1.366230e-02 6.969847e-04
4.282572e-02 1.238361e-02 7.004998e-04
4.309653e-02 1.331013e-02 7.027804e-04
4.336735e-02 1.404631e-02 6.941171e-04
4.363817e-02 1.315014e-02 6.896491e-04
4.390898e-02 1.325982e-02 6.870510e-04
4.417979e-02 1.333983e-02 6.943627e-04
4.445061e-02 1.322400e-02 6.729828e-04
4.472142e-02 1.277500e-02 6.806204e-04
4.499224e-02 1.261635e-02 6.778637e-04
4.526305e-02 1.311874e-02 6.842551e-04
4.553387e-02 1.298020e-02 6.633239e-04
4.580468e-02 1.316416e-02 6.773111e-04
4.607549e-02 1.329194e-02 6.629032e-04
4.634631e-02 1.354870e-02 6.668475e-04
4.661712e-02 1.396487e-02 6.801081e-04
4.688794e-02 1.372807e-02 6.560253e-04
4.715875e-02 1.424230e-02 6.546757e-04
4.742957e-02 1.441621e-02 6.560686e-04
4.770038e-02 1.550506e-02 6.746029e-04
4.797119e-02 1.584159e-02 6.610877e-04
4.824201e-02 1.457597e-02 6.714518e-04
4.851282e-02 1.323399e-02 6.405133e-04
4.878364e-02 1.407829e-02 6.460724e-04
4.905445e-02 1.716665e-02 6.574764e-04
4.932526e-02 1.520268e-02 6.565103e-04
4.959608e-02 1.480078e-02 6.321683e-04
4.986690e-02 1.512107e-02 6.567685e-04
5.013771e-02 1.446677e-02 6.672357e-04
5.040852e-02 1.535360e-02 6.539936e-04
5.067934e-02 1.546014e-02 6.529876e-04
5.095015e-02 1.649495e-02 6.532494e-04
5.122096e-02 1.688802e-02 6.716952e-04
5.149178e-02 1.510927e-02 6.649783e-04
5.176260e-02 1.556349e-02 6.456679e-04
5.203341e-02 1.703200e-02 6.445238e-04
5.230422e-02 1.600241e-02 6.324596e-04
5.257504e-02 1.696839e-02 6.441989e-04
5.284585e-02 1.633920e-02 6.305773e-04
5.311667e-02 1.820002e-02 6.437232e-04
5.338748e-02 1.703237e-02 6.418654e-04
5.365830e-02 1.737185e-02 6.410375e-04
5.392911e-02 1.739597e-02 6.387808e-04
5.419992e-02 1.868692e-02 6.610740e-04
5.447074e-02 1.687916e-02 6.283873e-04
5.474155e-02 1.807640e-02 6.617439e-04
5.501237e-02 1.851096e-02 6.817729e-04
5.528318e-02 1.700986e-02 6.711568e-04
5.555400e-02 1.734264e-02 6.958605e-04
5.582481e-02 1.677699e-02 6.752787e-04
5.609563e-02 1.876044e-02 7.031845e-04
5.636644e-02 1.813132e-02 6.855807e-04
5.663725e-02 1.694588e-02 6.945355e-04
5.690807e-02 1.723604e-02 7.163901e-04
5.717888e-02 1.699524e-02 6.789626e-04
5.744969e-02 1.518400e-02 6.754907e-04
5.772051e-02 1.676389e-02 7.076902e-04
5.799133e-02 1.663290e-02 6.954823e-04
5.826214e-02 1.754111e-02 7.079416e-04
5.853295e-02 1.795493e-02 6.958665e-04
5.880377e-02 1.596801e-02 6.924921e-04
5.907458e-02 1.688729e-02 7.007297e-04
5.934540e-02 1.601511e-02 6.936452e-04
5.961621e-02 1.610456e-02 6.983846e-04
5.988703e-02 1.512524e-02 6.979826e-04
6.015784e-02 1.665888e-02 6.837211e-04
6.042865e-02 1.592565e-02 7.007567e-04
6.069947e-02 1.692608e-02 7.059024e-04
6.097028e-02 1.413550e-02 6.634279e-04
6.124110e-02 1.487198e-02 6.423147e-04
6.151191e-02 1.462286e-02 6.527148e-04
6.178273e-02 1.512015e-02 6.638329e-04
6.205354e-02 1.467435e-02 6.641269e-04
6.232436e-02 1.437255e-02 6.655823e-04
6.259517e-02 1.426266e-02 6.818601e-04
6.286598e-02 1.508762e-02 6.564366e-04
6.313679e-02 1.413086e-02 6.540324e-04
6.340761e-02 1.434938e-02 6.507868e-04
6.367842e-02 1.315923e-02 6.241262e-04
6.394923e-02 1.361725e-02 6.444437e-04
6.422005e-02 1.221511e-02 6.439679e-04
6.449086e-02 1.285451e-02 6.469832e-04
6.476168e-02 1.314357e-02 6.263060e-04
6.503250e-02 1.220562e-02 6.331720e-04
6.530331e-02 1.299480e-02 6.236432e-04
6.557412e-02 1.158896e-02 6.019836e-04
6.584494e-02 1.155484e-02 6.148471e-04
6.611575e-02 1.151950e-02 6.005987e-04
6.638657e-02 1.107620e-02 6.175302e-04
6.665738e-02 1.170034e-02 6.313604e-04
6.692819e-02 1.059722e-02 6.134381e-04
6.719901e-02 1.028239e-02 6.120711e-04
6.746982e-02 1.174938e-02 6.099456e-04
6.774063e-02 8.560179e-03 5.900504e-04
6.801146e-02 9.637550e-03 5.883038e-04
6.828227e-02 8.989960e-03 6.121095e-04
6.855308e-02 9.044901e-03 6.092406e-04
6.882390e-02 9.339182e-03 5.978355e-04
6.909471e-02 9.482499e-03 5.981961e-04
6.936552e-02 9.916309e-03 5.995581e-04
6.963634e-02 8.031890e-03 5.843674e-04
6.990715e-02 9.204611e-03 5.860679e-04
7.017796e-02 8.344918e-03 5.894514e-04
7.044878e-02 7.806201e-03 5.753040e-04
7.071959e-02 8.351371e-03 5.788398e-04
7.099041e-02 7.959411e-03 5.866316e-04
7.126123e-02 6.716322e-03 5.553750e-04
7.153204e-02 6.963421e-03 5.850416e-04
7.180285e-02 6.794062e-03 5.780649e-04
7.207367e-02 7.613739e-03 5.714797e-04
7.234448e-02 8.147869e-03 5.668613e-04
7.261530e-02 7.140661e-03 5.761287e-04
7.288611e-02 6.361660e-03 5.489161e-04
7.315692e-02 7.005520e-03 5.558527e-04
7.342774e-02 6.384550e-03 5.580989e-04
7.369855e-02 6.525571e-03 5.639377e-04
7.396936e-02 6.102161e-03 5.505169e-04
7.424019e-02 4.574690e-03 5.498870e-04
7.451100e-02 6.330840e-03 5.641565e-04
7.478181e-02 5.660260e-03 5.474306e-04
7.505263e-02 5.441539e-03 5.370107e-04
7.532344e-02 5.136542e-03 5.546897e-04
7.559425e-02 4.446240e-03 5.412138e-04
7.586507e-02 4.672579e-03 5.475606e-04
7.613588e-02 4.216410e-03 5.334845e-04
7.640669e-02 4.234761e-03 5.300500e-04
7.667751e-02 4.598631e-03 5.536914e-04
7.694832e-02 4.930379e-03 5.369620e-04
7.721914e-02 3.266398e-03 5.215914e-04
7.748996e-02 3.885562e-03 5.260729e-04
7.776077e-02 3.002020e-03 5.213986e-04
7.803158e-02 3.066480e-03 5.197784e-04
7.830240e-02 3.973920e-03 5.152591e-04
7.857321e-02 4.658379e-03 5.430655e-04
7.884403e-02 3.658900e-03 5.222962e-04
7.911484e-02 4.285021e-03 5.253397e-04
7.938565e-02 3.661051e-03 5.316972e-04
7.965647e-02 3.458168e-03 5.288915e-04
7.992728e-02 3.661722e-03 5.327356e-04
8.019809e-02 3.346089e-03 5.103772e-04
8.046892e-02 3.934188e-03 5.174323e-04
8.073973e-02 3.440009e-03 5.226783e-04
8.101054e-02 3.683951e-03 5.105785e-04
8.128136e-02 2.969479e-03 5.081511e-04
8.155217e-02 2.997311e-03 5.075701e-04
8.182298e-02 3.083220e-03 5.123409e-04
8.209380e-02 2.974560e-03 5.057170e-04
8.236461e-02 4.586820e-03 5.136579e-04
8.263543e-02 3.319900e-03 4.984741e-04
8.290624e-02 3.136199e-03 5.123447e-04
8.317705e-02 2.290940e-03 5.086336e-04
8.344787e-02 3.125051e-03 5.032635e-04
8.371869e-02 3.656618e-03 5.162943e-04
8.398950e-02 2.882378e-03 5.132177e-04
8.426031e-02 3.401771e-03 4.982849e-04
8.453113e-02 2.790999e-03 5.010164e-04
8.480194e-02 2.428360e-03 5.020907e-04
8.507276e-02 2.528949e-03 4.967765e-04
8.534357e-02 2.731722e-03 4.909681e-04
8.561438e-02 3.497809e-03 5.087355e-04
8.588520e-02 3.836159e-03 5.019528e-04
8.615601e-02 2.832849e-03 4.893110e-04
8.642682e-02 3.133148e-03 5.012684e-04
8.669765e-02 2.474470e-03 4.933483e-04
8.696846e-02 3.242930e-03 4.941487e-04
8.723927e-02 2.809891e-03 5.043885e-04
8.751009e-02 4.369488e-03 5.069600e-04
8.778090e-02 4.797222e-03 5.096551e-04
8.805171e-02 3.377320e-03 4.921845e-04
8.832253e-02 3.790749e-03 4.995495e-04
8.859334e-02 3.258651e-03 5.023108e-04
8.886416e-02 4.040292e-03 4.921422e-04
8.913497e-02 2.983980e-03 5.018942e-04
8.940578e-02 3.285231e-03 4.939096e-04
8.967660e-02 3.280152e-03 4.837938e-04
8.994742e-02 3.066178e-03 4.988884e-04
9.021823e-02 3.623959e-03 4.960973e-04
9.048904e-02 3.019731e-03 4.880611e-04
9.075986e-02 2.768550e-03 4.894161e-04
9.103067e-02 3.136029e-03 4.866237e-04
9.130149e-02 2.859989e-03 4.930575e-04
9.157230e-02 3.821881e-03 4.938608e-04
9.184311e-02 3.599282e-03 5.027975e-04
9.211393e-02 3.621291e-03 4.819215e-04
9.238474e-02 3.513331e-03 4.905753e-04
9.265555e-02 3.535869e-03 4.863781e-04
9.292637e-02 3.411219e-03 4.923480e-04
9.319719e-02 2.895551e-03 4.850040e-04
9.346800e-02 3.529001e-03 4.808949e-04
9.373882e-02 2.968842e-03 4.914476e-04
9.400963e-02 3.526369e-03 4.919061e-04
9.428044e-02 2.625478e-03 4.856300e-04
9.455126e-02 3.164109e-03 4.902049e-04
9.482207e-02 4.037820e-03 4.816302e-04
9.509289e-02 3.667511e-03 4.904284e-04
9.536370e-02 3.471760e-03 4.795504e-04
9.563451e-02 3.895428e-03 4.788196e-04
9.590533e-02 3.463050e-03 4.837516e-04
9.617615e-02 3.033690e-03 4.817852e-04
9.644696e-02 3.274640e-03 4.770254e-04
9.671777e-02 3.333611e-03 4.854033e-04
9.698859e-02 3.439490e-03 4.903669e-04
9.725940e-02 4.074430e-03 4.830030e-04
9.753022e-02 3.529970e-03 4.788519e-04
9.780103e-02 3.156150e-03 4.799287e-04
9.807184e-02 4.418042e-03 4.808899e-04
9.834266e-02 2.934249e-03 4.735400e-04
9.861347e-02 2.896981e-03 4.716573e-04
9.888428e-02 3.448199e-03 4.696265e-04
9.915510e-02 3.043370e-03 4.829635e-04
9.942592e-02 3.756909e-03 4.719588e-04
9.969673e-02 4.098289e-03 4.683442e-04
9.996755e-02 3.015781e-03 4.648610e-04
1.002384e-01 3.148239e-03 4.688914e-04
1.005092e-01 3.653700e-03 4.760898e-04
1.007800e-01 3.376251e-03 4.654656e-04
1.010508e-01 3.672240e-03 4.788737e-04
1.013216e-01 2.893750e-03 4.692069e-04
1.015924e-01 3.306741e-03 4.666444e-04
1.018632e-01 2.733132e-03 4.717071e-04
1.021341e-01 3.617520e-03 4.623520e-04
1.024049e-01 2.527980e-03 4.663449e-04
1.026757e-01 3.111590e-03 4.644855e-04
1.029465e-01 2.742339e-03 4.667728e-04
1.032173e-01 4.101541e-03 4.791145e-04
1.034881e-01 3.345249e-03 4.712313e-04
1.037589e-01 2.820799e-03 4.510736e-04
1.040298e-01 3.622822e-03 4.596706e-04
1.043006e-01 2.115801e-03 4.605490e-04
1.045714e-01 3.020639e-03 4.572377e-04
1.048422e-01 3.642889e-03 4.641681e-04
1.051130e-01 2.800478e-03 4.556547e-04
1.053838e-01 2.477761e-03 4.554950e-04
1.056546e-01 3.614629e-03 4.572572e-04
1.059255e-01 1.834271e-03 4.550517e-04
1.061963e-01 2.704512e-03 4.567830e-04
1.064671e-01 2.114661e-03 4.594383e-04
1.067379e-01 2.971450e-03 4.607035e-04
1.070087e-01 3.843220e-03 4.703530e-04
1.072795e-01 3.883449e-03 4.677371e-04
1.075503e-01 2.547579e-03 4.617422e-04
1.078212e-01 2.489891e-03 4.549992e-04
1.080920e-01 2.813980e-03 4.618020e-04
1.083628e-01 2.860291e-03 4.538949e-04
1.086336e-01 2.012409e-03 4.494223e-04
1.089044e-01 2.637042e-03 4.542662e-04
1.091752e-01 1.883300e-03 4.496785e-04
1.094460e-01 2.207041e-03 4.517897e-04
1.097169e-01 2.721429e-03 4.560550e-04
1.099877e-01 2.085930e-03 4.443917e-04
1.102585e-01 2.027780e-03 4.457160e-04
1.105293e-01 2.499770e-03 4.521769e-04
1.108001e-01 2.395852e-03 4.647860e-04
1.110709e-01 2.808010e-03 4.534279e-04
1.113417e-01 9.350907e-04 4.523537e-04
1.116126e-01 2.159249e-03 4.617442e-04
1.118834e-01 2.153259e-03 4.692071e-04
1.121542e-01 2.338070e-03 4.709059e-04
1.124250e-01 1.642320e-03 4.684851e-04
1.126958e-01 2.192290e-03 4.767891e-04
1.129666e-01 2.412099e-03 4.796910e-04
1.132374e-01 1.984701e-03 4.925948e-04
1.135083e-01 1.354629e-03 4.839585e-04
1.137791e-01 1.610970e-03 4.864023e-04
1.140499e-01 1.241541e-03 4.910277e-04
1.143207e-01 1.218392e-03 4.861630e-04
1.145915e-01 2.407150e-03 4.996477e-04
1.148623e-01 2.031229e-03 5.013774e-04
1.151332e-01 2.202939e-03 4.916994e-04
1.154040e-01 9.141304e-04 4.878467e-04
1.156748e-01 2.493050e-03 5.087634e-04
1.159456e-01 1.783771e-03 5.065287e-04
1.162164e-01 2.109781e-03 5.128799e-04
1.164872e-01 1.352290e-03 5.034600e-04
1.167580e-01 2.791518e-03 5.238326e-04
1.170288e-01 2.072979e-03 5.221139e-04
1.172997e-01 2.102630e-03 5.324663e-04
1.175705e-01 1.470750e-03 5.202217e-04
1.178413e-01 9.915512e-04 5.288889e-04
1.181121e-01 2.266781e-03 5.153661e-04
1.183829e-01 1.359019e-03 5.210024e-04
1.186537e-01 1.596000e-03 5.118905e-04
1.189246e-01 1.736000e-03 5.063040e-04
1.191954e-01 1.680519e-03 5.070890e-04
1.194662e-01 1.678979e-03 5.011583e-04
1.197370e-01 1.865780e-03 5.061036e-04
1.200078e-01 2.160050e-03 5.079054e-04
1.202786e-01 9.013414e-04 4.973401e-04
1.205494e-01 1.771221e-03 5.084035e-04
1.208202e-01 1.207881e-03 5.083042e-04
1.210911e-01 4.626997e-05 4.791712e-04
1.213619e-01 1.316929e-03 4.986624e-04
1.216327e-01 1.140360e-03 5.050880e-04
1.219035e-01 2.128780e-03 5.069004e-04
1.221743e-01 2.282999e-03 5.122463e-04
1.224451e-01 2.355641e-03 5.006590e-04
1.227160e-01 1.108781e-03 5.056234e-04
1.229868e-01 1.311820e-03 4.931387e-04
1.232576e-01 8.889604e-04 4.936622e-04
1.235284e-01 1.940981e-03 5.039892e-04
1.237992e-01 1.056761e-03 4.896939e-04
1.240700e-01 9.253304e-04 4.904615e-04
1.243408e-01 1.108751e-03 5.000817e-04
1.246117e-01 1.566460e-03 4.894762e-04
1.248825e-01 1.010211e-03 4.949614e-04
1.251533e-01 1.497660e-03 5.150950e-04
1.254241e-01 7.561911e-04 5.079826e-04
1.256949e-01 6.057788e-04 4.867956e-04
1.259657e-01 8.051898e-04 4.956865e-04
1.262365e-01 1.718560e-03 4.868624e-04
1.265074e-01 2.425589e-03 4.953788e-04
1.267782e-01 2.127131e-03 5.107392e-04
1.270490e-01 8.796304e-04 4.815638e-04
1.273198e-01 1.936480e-03 4.871657e-04
1.275906e-01 2.784720e-03 5.050982e-04
1.278614e-01 5.340707e-04 4.806935e-04
1.281322e-01 1.564210e-03 4.973469e-04
1.284031e-01 1.671800e-03 4.807627e-04
1.286739e-01 1.964400e-03 4.914722e-04
1.289447e-01 9.128489e-04 4.792520e-04
1.292155e-01 1.768349e-03 4.931344e-04
1.294863e-01 1.195719e-03 4.729127e-04
1.297571e-01 2.463249e-03 4.766321e-04
1.300279e-01 2.487440e-03 4.947850e-04
1.302988e-01 1.798889e-03 4.928187e-04
1.305696e-01 1.562281e-03 4.870140e-04
1.308404e-01 1.892010e-03 4.917060e-04
1.311112e-01 1.736000e-03 4.816286e-04
1.313820e-01 2.453370e-03 4.894134e-04
1.316528e-01 2.442461e-03 4.952307e-04
1.319236e-01 2.296939e-03 4.831279e-04
1.321945e-01 1.726570e-03 4.809844e-04
1.324653e-01 1.709620e-03 4.912646e-04
1.327361e-01 1.681961e-03 4.863965e-04
1.330069e-01 1.697430e-03 4.931548e-04
1.332777e-01 8.228607e-04 4.755045e-04
1.335485e-01 1.795700e-03 4.869240e-04
1.338193e-01 2.127070e-03 4.869145e-04
1.340902e-01 1.937870e-03 4.896514e-04
1.343610e-01 1.037629e-03 4.834072e-04
1.346318e-01 1.527749e-03 4.742405e-04
1.349026e-01 1.053520e-03 4.792009e-04
1.351734e-01 9.211097e-04 4.720941e-04
1.354442e-01 2.049439e-03 4.889708e-04
1.357151e-01 2.202470e-03 4.928186e-04
1.359859e-01 1.679700e-03 4.893330e-04
1.362567e-01 2.233790e-03 4.777022e-04
1.365275e-01 1.702610e-03 4.826650e-04
1.367983e-01 2.567491e-03 4.840936e-04
1.370691e-01 2.321869e-03 4.848648e-04
1.373399e-01 2.081029e-03 4.952358e-04
1.376107e-01 1.034541e-03 4.829897e-04
1.378816e-01 1.288529e-03 4.932059e-04
1.381524e-01 1.675500e-03 4.952591e-04
1.384232e-01 7.732399e-04 5.108464e-04
1.386940e-01 1.212088e-03 5.132311e-04
1.389648e-01 9.155087e-04 4.964181e-04
1.392356e-01 2.398720e-03 5.292430e-04
1.395064e-01 2.224440e-03 5.067927e-04
1.397773e-01 1.296761e-03 4.948353e-04
1.400481e-01 1.547020e-03 5.203083e-04
1.403189e-01 8.621104e-04 5.252529e-04
1.405897e-01 9.991899e-04 5.150922e-04
1.408605e-01 2.746020e-03 5.252678e-04
1.411313e-01 1.144880e-03 5.285815e-04
1.414021e-01 1.021679e-03 5.151224e-04
1.416730e-01 1.472041e-03 5.251563e-04
1.419438e-01 9.631105e-04 5.289726e-04
1.422146e-01 1.830611e-03 5.340025e-04
1.424854e-01 2.455210e-03 5.374135e-04
1.427562e-01 1.661031e-03 5.271138e-04
1.430270e-01 1.333881e-03 5.092764e-04
1.432979e-01 2.449710e-03 5.279668e-04
1.435687e-01 2.812371e-03 5.552261e-04
1.438395e-01 2.149770e-03 5.420551e-04
1.441103e-01 2.147920e-03 5.352333e-04
1.443811e-01 1.353120e-03 5.472059e-04
1.446519e-01 1.518959e-03 5.293470e-04
1.449227e-01 1.035079e-03 5.351720e-04
1.451935e-01 1.003219e-03 5.250905e-04
1.454644e-01 1.237590e-03 5.468352e-04
1.457352e-01 1.202621e-03 5.405577e-04
1.460060e-01 2.121130e-03 5.326344e-04
1.462768e-01 1.068089e-03 5.405915e-04
1.465476e-01 2.235290e-03 5.752212e-04
1.468184e-01 1.120340e-03 5.561688e-04
1.470892e-01 1.469301e-03 5.500592e-04
1.473601e-01 1.888519e-03 5.611907e-04
1.476309e-01 1.581600e-03 5.504048e-04
1.479017e-01 1.296699e-04 5.288564e-04
1.481725e-01 8.502286e-04 5.530642e-04
1.484433e-01 8.257907e-04 5.207675e-04
1.487141e-01 6.855503e-04 5.364599e-04
1.489850e-01 1.991410e-03 5.453746e-04
1.492558e-01 3.019178e-03 5.415152e-04
1.495266e-01 1.487760e-03 5.421328e-04
1.497974e-01 1.923090e-03 5.362333e-04
1.500682e-01 2.155609e-03 5.424814e-04
1.503390e-01 2.162989e-03 5.453747e-04
1.506098e-01 1.072928e-03 5.351650e-04
1.508806e-01 1.084520e-03 5.433067e-04
1.511515e-01 2.299890e-03 5.384941e-04
1.514223e-01 1.987770e-03 5.513697e-04
1.516931e-01 1.369068e-03 5.415601e-04
1.519639e-01 1.395410e-03 5.479668e-04
1.522347e-01 1.095289e-03 5.369778e-04
1.525055e-01 6.148592e-04 5.469403e-04
1.527763e-01 2.287140e-03 5.600061e-04
1.530472e-01 1.272621e-03 5.396916e-04
1.533180e-01 2.125809e-03 5.564422e-04
1.535888e-01 1.828320e-03 5.600067e-04
1.538596e-01 2.228050e-03 5.447835e-04
1.541304e-01 1.053540e-03 5.417242e-04
1.544012e-01 1.901189e-03 5.378883e-04
1.546721e-01 3.637113e-04 5.472839e-04
1.549429e-01 1.690140e-03 5.426081e-04
1.552137e-01 4.837494e-04 5.331099e-04
1.554845e-01 3.411006e-04 5.351484e-04
1.557553e-01 2.114099e-03 5.392519e-04
1.560261e-01 6.894600e-04 5.402429e-04
1.562969e-01 2.587382e-04 5.303021e-04
1.565678e-01 1.257500e-03 5.363665e-04
1.568386e-01 8.455813e-04 5.427654e-04
1.571094e-01 7.318594e-04 5.578982e-04
1.573802e-01 3.211014e-05 5.395452e-04
1.576510e-01 2.455762e-03 5.520807e-04
1.579218e-01 8.598100e-04 5.531698e-04
1.581926e-01 3.817901e-04 5.401357e-04
1.584634e-01 6.395020e-05 5.453679e-04
1.587343e-01 1.130611e-03 5.521120e-04
1.590051e-01 1.389889e-03 5.523985e-04
1.592759e-01 1.200521e-03 5.379761e-04
1.595467e-01 1.919240e-03 5.483055e-04
1.598175e-01 8.562393e-04 5.414646e-04
1.600883e-01 7.004701e-04 5.310084e-04
1.603591e-01 1.481101e-03 5.529399e-04
1.606300e-01 2.835270e-03 5.439816e-04
1.609008e-01 8.727293e-04 5.406045e-04
1.611716e-01 1.116961e-03 5.291315e-04
1.614424e-01 1.812771e-03 5.415445e-04
1.617132e-01 1.467939e-03 5.401743e-04
1.619840e-01 2.634190e-04 5.354636e-04
1.622549e-01 8.974206e-04 5.349563e-04
1.625257e-01 2.150061e-03 5.430561e-04
1.627965e-01 1.164760e-03 5.462858e-04
1.630673e-01 1.374610e-03 5.369914e-04
1.633381e-01 9.314902e-04 5.375552e-04
1.636089e-01 1.748560e-03 5.466952e-04
1.638797e-01 9.634700e-04 5.497908e-04
1.641506e-01 1.530789e-03 5.475473e-04
1.644214e-01 1.057450e-03 5.370109e-04
1.646922e-01 1.346990e-03 5.514835e-04
1.649630e-01 7.783901e-04 5.251976e-04
1.652338e-01 1.853300e-03 5.496415e-04
1.655046e-01 1.259159e-03 5.412600e-04
1.657754e-01 1.466749e-03 5.478799e-04
1.660462e-01 1.576001e-03 5.492721e-04
1.663171e-01 1.302430e-03 5.414910e-04
1.665879e-01 8.378588e-04 5.325454e-04
1.668587e-01 6.866492e-04 5.417311e-04
1.671295e-01 8.642301e-04 5.389181e-04
1.674003e-01 1.210850e-03 5.407627e-04
1.676711e-01 9.042397e-04 5.559527e-04
1.679420e-01 1.192139e-03 5.849222e-04
1.682128e-01 4.783608e-04 5.456204e-04
1.684836e-01 6.511193e-04 5.883865e-04
1.687544e-01 2.023205e-04 5.723254e-04
1.690252e-01 1.894191e-03 5.854908e-04
1.692960e-01 2.164079e-03 6.012218e-04
1.695668e-01 2.449349e-03 6.192403e-04
1.698377e-01 1.285341e-03 6.137690e-04
1.701085e-01 6.587096e-04 6.035613e-04
1.703793e-01 2.251482e-03 6.371907e-04
1.706501e-01 9.865705e-04 6.129164e-04
1.709209e-01 2.819831e-03 6.546809e-04
1.711917e-01 1.383340e-03 6.302023e-04
1.714625e-01 1.877371e-03 6.291858e-04
1.717333e-01 7.933099e-04 6.498361e-04
1.720042e-01 1.324140e-03 6.428268e-04
1.722750e-01 1.334880e-03 6.591827e-04
1.725458e-01 -1.153685e-04 6.229655e-04
1.728166e-01 2.674051e-03 6.477856e-04
1.730874e-01 1.312722e-03 6.781245e-04
1.733582e-01 2.478100e-04 6.378148e-04
1.736291e-01 5.221199e-04 6.448440e-04
1.738999e-01 9.176098e-04 6.490454e-04
1.741707e-01 1.923870e-03 6.717933e-04
1.744415e-01 3.092129e-03 7.061815e-04
1.747123e-01 1.091549e-03 6.912527e-04
1.749831e-01 1.847491e-03 6.699561e-04
1.752539e-01 2.702830e-03 6.620440e-04
1.755248e-01 1.123682e-03 6.291797e-04
1.757956e-01 6.461199e-04 6.228677e-04
1.760664e-01 1.576010e-03 6.286382e-04
1.763372e-01 1.091160e-03 6.413000e-04
1.766080e-01 2.184689e-03 6.360810e-04
1.768788e-01 5.555302e-04 6.156175e-04
1.771496e-01 3.288690e-03 6.425911e-04
1.774205e-01 1.272140e-03 6.166136e-04
1.776913e-01 3.535897e-04 5.919124e-04
1.779621e-01 1.569670e-03 6.043008e-04
1.782329e-01 1.459509e-03 6.164334e-04
1.785037e-01 3.036011e-03 6.230438e-04
1.787745e-01 2.075490e-03 6.191432e-04
1.790453e-01 2.236519e-03 6.041906e-04
1.793161e-01 1.309130e-03 5.847252e-04
1.795870e-01 1.749005e-04 6.118092e-04
1.798578e-01 5.935803e-04 5.885967e-04
1.801286e-01 1.187541e-03 6.025836e-04
1.803994e-01 5.077291e-04 5.889453e-04
1.806702e-01 1.176879e-03 6.102216e-04
1.809410e-01 1.436461e-03 5.886040e-04
1.812119e-01 1.338290e-03 5.907585e-04
1.814827e-01 1.027610e-03 5.902989e-04
1.817535e-01 1.633231e-03 5.873161e-04
1.820243e-01 2.128139e-03 6.044513e-04
1.822951e-01 1.413401e-03 5.907369e-04
1.825659e-01 1.214590e-03 5.954061e-04
1.828367e-01 8.805208e-04 5.906102e-04
1.831076e-01 2.235340e-03 5.940995e-04
1.833784e-01 2.330206e-04 5.814602e-04
1.836492e-01 1.349470e-03 5.823144e-04
1.839200e-01 1.741201e-03 5.828785e-04
1.841908e-01 1.757039e-03 5.911800e-04
1.844616e-01 8.859895e-04 5.861124e-04
1.847324e-01 1.198059e-03 6.016492e-04
1.850033e-01 2.502250e-03 5.949709e-04
1.852741e-01 1.368340e-03 5.961705e-04
1.855449e-01 8.002408e-04 5.854301e-04
1.858157e-01 1.447670e-03 6.021390e-04
1.860865e-01 1.249090e-03 5.910945e-04
1.863573e-01 3.751591e-04 5.708007e-04
1.866281e-01 2.181809e-03 5.869846e-04
1.868990e-01 1.464851e-03 5.788267e-04
1.871698e-01 2.275720e-03 5.929564e-04
1.874406e-01 9.611808e-04 5.857965e-04
1.877114e-01 6.181803e-04 5.727204e-04
1.879822e-01 2.088688e-03 5.902028e-04
1.882530e-01 1.971601e-03 5.831062e-04
1.885238e-01 9.719189e-04 5.937097e-04
1.887947e-01 7.352903e-04 5.726833e-04
1.890655e-01 4.333891e-04 5.701450e-04
1.893363e-01 1.431501e-03 5.874415e-04
1.896071e-01 1.655519e-03 5.772993e-04
1.898779e-01 1.048561e-03 5.824122e-04
1.901487e-01 1.514470e-03 5.962536e-04
1.904195e-01 2.657030e-03 5.834214e-04
1.906904e-01 1.894150e-03 5.891099e-04
1.909612e-01 1.340011e-03 5.530218e-04
1.912320e-01 1.064040e-03 5.792265e-04
1.915028e-01 2.029670e-03 5.943400e-04
1.917736e-01 1.539130e-03 5.873893e-04
1.920444e-01 7.033087e-04 5.867300e-04
1.923153e-01 2.361400e-03 5.908313e-04
1.925861e-01 1.891080e-03 5.791385e-04
1.928569e-01 1.209421e-03 5.754204e-04
1.931277e-01 1.720898e-04 5.765801e-04
1.933985e-01 4.284102e-04 5.705492e-04
1.936693e-01 9.215493e-04 5.763636e-04
1.939401e-01 9.527300e-04 5.803433e-04
1.942109e-01 1.319550e-03 5.824340e-04
1.944818e-01 1.483100e-03 5.836989e-04
1.947526e-01 7.398613e-04 5.652033e-04
1.950234e-01 8.882210e-04 5.607318e-04
1.952942e-01 7.036589e-04 5.526518e-04
1.955650e-01 2.572659e-03 5.887347e-04
1.958358e-01 1.153819e-03 5.807148e-04
1.961066e-01 1.181839e-03 5.636078e-04
1.963775e-01 8.079596e-04 5.604114e-04
1.966483e-01 1.721499e-03 5.914812e-04
1.969191e-01 1.178220e-03 5.873150e-04
1.971899e-01 8.080900e-04 5.762203e-04
1.974607e-01 2.151670e-03 5.999852e-04
1.977315e-01 1.661200e-04 5.850539e-04
1.980023e-01 1.588348e-03 5.720278e-04
1.982732e-01 1.162540e-03 5.740881e-04
1.985440e-01 2.005680e-03 6.021944e-04
1.988148e-01 1.002761e-03 5.752766e-04
1.990856e-01 1.119630e-03 5.843679e-04
1.993564e-01 1.734290e-03 5.756467e-04
1.996272e-01 4.805494e-04 5.792143e-04
1.998980e-01 1.685396e-04 5.749291e-04
2.001689e-01 2.164660e-03 5.872674e-04
2.004397e-01 1.572471e-03 5.745775e-04
2.007105e-01 3.488101e-04 5.771463e-04
2.009813e-01 9.510498e-04 5.678207e-04
2.012521e-01 1.059681e-03 5.632902e-04
2.015229e-01 2.046410e-03 5.823448e-04
2.017937e-01 7.489994e-04 5.641986e-04
2.020646e-01 2.127860e-03 5.884078e-04
2.023354e-01 1.758641e-03 5.709931e-04
2.026062e-01 2.829909e-03 5.635760e-04
2.028770e-01 1.247050e-03 5.885447e-04
2.031478e-01 1.240259e-03 5.640162e-04
2.034186e-01 5.219206e-04 5.737642e-04
2.036894e-01 2.850691e-03 5.707784e-04
2.039603e-01 2.045540e-03 5.823650e-04
2.042311e-01 1.656890e-03 5.812573e-04
2.045019e-01 1.204899e-03 5.531981e-04
2.047727e-01 5.166009e-04 5.537660e-04
2.050435e-01 1.530340e-03 5.664768e-04
2.053143e-01 8.269306e-04 5.718730e-04
2.055852e-01 1.715530e-03 5.725288e-04
2.058560e-01 1.036940e-03 5.528892e-04
2.061268e-01 8.447599e-04 5.596855e-04
2.063976e-01 9.959210e-04 5.603713e-04
2.066684e-01 8.174013e-04 5.528468e-04
2.069392e-01 1.807539e-03 5.683700e-04
2.072100e-01 2.406891e-03 5.539656e-04
2.074808e-01 1.535231e-03 5.517970e-04
2.077517e-01 1.816159e-03 5.714786e-04
2.080225e-01 1.889272e-03 5.593709e-04
2.082933e-01 2.491498e-03 5.681663e-04
2.085641e-01 1.602171e-03 5.711607e-04
2.088349e-01 2.028961e-03 5.815531e-04
2.091057e-01 1.220439e-03 5.515029e-04
2.093765e-01 2.319090e-03 5.624389e-04
2.096474e-01 9.735897e-04 5.550336e-04
2.099182e-01 2.325030e-03 5.651842e-04
2.101890e-01 3.836382e-03 5.949111e-04
2.104598e-01 3.759291e-03 5.819388e-04
2.107306e-01 3.525401e-03 5.712538e-04
2.110014e-01 3.010869e-03 5.830340e-04
2.112723e-01 2.611399e-03 5.725006e-04
2.115431e-01 2.341440e-03 5.861729e-04
2.118139e-01 1.902150e-03 5.654038e-04
2.120847e-01 1.923900e-03 5.652621e-04
2.123555e-01 2.805110e-03 5.642357e-04
2.126263e-01 2.243871e-03 5.541564e-04
2.128971e-01 2.006089e-03 5.626120e-04
2.131680e-01 1.625130e-03 5.650673e-04
2.134388e-01 1.968579e-03 5.646796e-04
2.137096e-01 1.973081e-03 5.734660e-04
2.139804e-01 1.728078e-03 5.722592e-04
2.142512e-01 2.603330e-03 5.585708e-04
2.145220e-01 2.530010e-03 5.627534e-04
2.147928e-01 2.429010e-03 5.707966e-04
2.150636e-01 2.151320e-03 5.657689e-04
2.153345e-01 2.669079e-03 5.779424e-04
2.156053e-01 2.101850e-03 5.674937e-04
2.158761e-01 2.381070e-03 5.665951e-04
2.161469e-01 2.950100e-03 5.821937e-04
2.164177e-01 3.702831e-03 5.896014e-04
2.166885e-01 2.174970e-03 5.598220e-04
2.169593e-01 4.131781e-03 5.788534e-04
2.172302e-01 3.125049e-03 5.836305e-04
2.175010e-01 3.223071e-03 5.816174e-04
2.177718e-01 2.235509e-03 5.727158e-04
2.180426e-01 2.070960e-03 5.753917e-04
2.183134e-01 2.988501e-03 5.720493e-04
2.185842e-01 2.435960e-03 5.663401e-04
2.188551e-01 2.968330e-03 5.713604e-04
2.191259e-01 2.716780e-03 5.643049e-04
2.193967e-01 2.062200e-03 5.606127e-04
2.196675e-01 2.539031e-03 5.501658e-04
2.199383e-01 3.126051e-03 5.737522e-04
2.202091e-01 2.678780e-03 5.660086e-04
2.204799e-01 3.368890e-03 5.515588e-04
2.207507e-01 2.849679e-03 5.775775e-04
2.210216e-01 3.256371e-03 5.800160e-04
2.212924e-01 3.141860e-03 5.750545e-04
2.215632e-01 2.440890e-03 5.709578e-04
2.218340e-01 2.461251e-03 5.614068e-04
2.221048e-01 3.784990e-03 5.770615e-04
2.223756e-01 1.943860e-03 5.408000e-04
2.226464e-01 3.985191e-03 5.658199e-04
2.229173e-01 2.922280e-03 5.518720e-04
2.231881e-01 2.780851e-03 5.614639e-04
2.234589e-01 3.066460e-03 5.546831e-04
2.237297e-01 2.506690e-03 5.656791e-04
2.240005e-01 2.409130e-03 5.547996e-04
2.242713e-01 2.896760e-03 5.629683e-04
2.245422e-01 3.535099e-03 5.697668e-04
2.248130e-01 3.521390e-03 5.737634e-04
2.250838e-01 1.833681e-03 5.564403e-04
2.253546e-01 3.629809e-03 5.625233e-04
2.256254e-01 2.509600e-03 5.613991e-04
2.258962e-01 4.310360e-03 5.841177e-04
2.261670e-01 2.827741e-03 5.866037e-04
2.264379e-01 2.397070e-03 5.834730e-04
2.267087e-01 3.300380e-03 6.214848e-04
2.269795e-01 3.081599e-03 6.046042e-04
2.272503e-01 2.866479e-03 6.222791e-04
2.275211e-01 3.582919e-03 6.425670e-04
2.277919e-01 3.749041e-03 6.567865e-04
2.280627e-01 3.876770e-03 6.601689e-04
2.283335e-01 3.336430e-03 6.463404e-04
2.286044e-01 3.738040e-03 6.615529e-04
2.288752e-01 4.789891e-03 6.414610e-04
2.291460e-01 3.616061e-03 6.675561e-04
2.294168e-01 4.815429e-03 6.800714e-04
2.296876e-01 4.921570e-03 6.895140e-04
2.299584e-01 4.816679e-03 7.129549e-04
2.302293e-01 4.788822e-03 7.079400e-04
2.305001e-01 5.365962e-03 7.289226e-04
2.307709e-01 5.763801e-03 7.188612e-04
2.310417e-01 5.918790e-03 7.272545e-04
2.313125e-01 6.646462e-03 7.497074e-04
2.315833e-01 4.577411e-03 7.383564e-04
2.318541e-01 7.916490e-03 7.835062e-04
2.321250e-01 5.362920e-03 7.543006e-04
2.323958e-01 7.035552e-03 7.836189e-04
2.326666e-01 6.541168e-03 8.111197e-04
2.329374e-01 6.203599e-03 7.735005e-04
2.332082e-01 6.621491e-03 8.103675e-04
2.334790e-01 5.748581e-03 8.074867e-04
2.337498e-01 6.779959e-03 7.946132e-04
2.340207e-01 7.616641e-03 8.386095e-04
2.342915e-01 7.731810e-03 8.521385e-04
2.345623e-01 6.861160e-03 8.202641e-04
2.348331e-01 7.617269e-03 8.261936e-04
2.351039e-01 8.095840e-03 8.812800e-04
2.353747e-01 6.111220e-03 8.270647e-04
2.356455e-01 6.723670e-03 8.716437e-04
2.359163e-01 8.147560e-03 8.926605e-04
2.361872e-01 6.948700e-03 8.657161e-04
2.364580e-01 8.168200e-03 8.816932e-04
2.367288e-01 1.065948e-02 9.399345e-04
2.369996e-01 8.703580e-03 9.033840e-04
2.372704e-01 8.749280e-03 9.283504e-04
2.375412e-01 9.071810e-03 9.584270e-04
2.378121e-01 7.166112e-03 9.769037e-04
2.380829e-01 8.216789e-03 9.832924e-04
2.383537e-01 8.928839e-03 9.566594e-04
2.386245e-01 7.823270e-03 9.402149e-04
2.388953e-01 7.807950e-03 9.801122e-04
2.391661e-01 7.804221e-03 1.015917e-03
2.394369e-01 8.823181e-03 9.596487e-04
2.397078e-01 6.041070e-03 1.004596e-03
2.399786e-01 7.881291e-03 9.612244e-04
2.402494e-01 8.892352e-03 1.008844e-03
2.405202e-01 9.431090e-03 1.004251e-03
2.407910e-01 7.886140e-03 1.047826e-03
2.410618e-01 6.980650e-03 1.013798e-03
2.413326e-01 7.198000e-03 1.048041e-03
2.416034e-01 8.638190e-03 1.140530e-03
2.418743e-01 1.036230e-02 1.091779e-03
2.421451e-01 7.718010e-03 1.082054e-03
2.424159e-01 7.483440e-03 1.082507e-03
2.426867e-01 7.875690e-03 1.091121e-03
2.429575e-01 8.323209e-03 1.090260e-03
2.432283e-01 7.621109e-03 1.174177e-03
2.434992e-01 5.146218e-03 1.121707e-03
2.437700e-01 1.005559e-02 1.202579e-03
2.440408e-01 8.697659e-03 1.198470e-03
2.443116e-01 7.526100e-03 1.225457e-03
2.445824e-01 5.806310e-03 1.147004e-03
2.448532e-01 5.084250e-03 1.172080e-03
2.451240e-01 4.725479e-03 1.215621e-03
2.453949e-01 6.362582e-03 1.283286e-03
2.456657e-01 6.224278e-03 1.223713e-03
2.459365e-01 8.081459e-03 1.293916e-03
2.462073e-01 6.702850e-03 1.254347e-03
2.464781e-01 6.416641e-03 1.265001e-03
2.467489e-01 6.833071e-03 1.380253e-03
2.470197e-01 5.336270e-03 1.293416e-03
2.472906e-01 6.736118e-03 1.276499e-03
2.475614e-01 1.954660e-03 1.328159e-03
2.478322e-01 6.906280e-03 1.449390e-03
2.481030e-01 6.734429e-03 1.357183e-03
2.483738e-01 3.578890e-03 1.409356e-03
2.486446e-01 7.997250e-03 1.571717e-03
2.489154e-01 5.325619e-03 1.488160e-03
2.491863e-01 5.265661e-03 1.424678e-03
2.494571e-01 2.655279e-03 1.470204e-03
2.497279e-01 4.178761e-03 1.616567e-03
2.499987e-01 4.882768e-03 1.707967e-03
2.502695e-01 4.088452e-03 1.685356e-03
2.505403e-01 3.089512e-03 1.627780e-03
2.508111e-01 6.128671e-03 1.738103e-03
2.510819e-01 -5.341601e-04 1.835482e-03
2.513528e-01 4.255781e-03 1.728235e-03
2.516236e-01 2.299368e-03 1.777946e-03
2.518944e-01 3.615849e-03 1.914892e-03
2.521652e-01 1.374569e-03 1.990251e-03
2.524360e-01 4.477918e-03 2.061764e-03
2.527068e-01 5.221499e-03 2.178586e-03
2.529776e-01 4.925739e-03 2.178569e-03
2.532485e-01 1.449971e-03 2.351754e-03
2.535193e-01 5.524980e-03 2.330696e-03
2.537901e-01 2.834650e-03 2.296802e-03
2.540609e-01 3.612399e-03 2.321877e-03
2.543317e-01 4.222902e-03 2.436626e-03
2.546025e-01 1.963709e-03 2.522155e-03
2.548733e-01 4.867580e-03 2.653873e-03
2.551441e-01 -1.597600e-03 2.604318e-03
2.554150e-01 2.945930e-03 3.214024e-03
2.556858e-01 3.486210e-03 2.793204e-03
2.559566e-01 3.613494e-04 2.828755e-03
2.562274e-01 5.685594e-04 3.323913e-03
2.564982e-01 7.805340e-03 3.411754e-03
2.567690e-01 6.252171e-03 4.242424e-03
2.570398e-01 -6.525811e-03 3.613176e-03
2.573107e-01 4.112450e-03 4.423248e-03
2.575815e-01 3.214920e-03 6.671684e-03
2.578523e-01 5.640071e-03 7.457851e-03
2.581231e-01 6.767111e-03 1.406884e-02
