3.286826e-03 3.630829e-02 0.000000e+00
3.557641e-03 3.021588e-01 8.616886e-02
3.828455e-03 2.719359e-01 5.521871e-02
4.099269e-03 2.548609e-01 4.162246e-02
4.370084e-03 2.315559e-01 3.129657e-02
4.640898e-03 2.141030e-01 2.194723e-02
4.911712e-03 2.025199e-01 1.895538e-02
5.182527e-03 1.946790e-01 1.475608e-02
5.453341e-03 2.009710e-01 1.311234e-02
5.724155e-03 1.659670e-01 1.011612e-02
5.994970e-03 1.485699e-01 8.938209e-03
6.265784e-03 1.650561e-01 7.498944e-03
6.536598e-03 1.626801e-01 6.125363e-03
6.807412e-03 1.525560e-01 5.717756e-03
7.078227e-03 1.511700e-01 4.940887e-03
7.349041e-03 1.483235e-01 4.338002e-03
7.619855e-03 1.467048e-01 3.921203e-03
7.890671e-03 1.295049e-01 3.483937e-03
8.161485e-03 1.296339e-01 3.165485e-03
8.432299e-03 1.252819e-01 2.850351e-03
8.703114e-03 1.287257e-01 2.642504e-03
8.973928e-03 1.201854e-01 2.353872e-03
9.244742e-03 1.177984e-01 2.269360e-03
9.515557e-03 1.125009e-01 2.072687e-03
9.786371e-03 1.103426e-01 1.953198e-03
1.005718e-02 1.044475e-01 1.839188e-03
1.032800e-02 1.038679e-01 1.703305e-03
1.059881e-02 1.017057e-01 1.685741e-03
1.086963e-02 9.955201e-02 1.554398e-03
1.114044e-02 9.687740e-02 1.473578e-03
1.141126e-02 9.297310e-02 1.433634e-03
1.168207e-02 9.407420e-02 1.366688e-03
1.195289e-02 8.946330e-02 1.305521e-03
1.222370e-02 8.795250e-02 1.262234e-03
1.249451e-02 8.320640e-02 1.196953e-03
1.276533e-02 8.367329e-02 1.151110e-03
1.303614e-02 8.195236e-02 1.114956e-03
1.330696e-02 7.925388e-02 1.092552e-03
1.357777e-02 7.671366e-02 1.057984e-03
1.384859e-02 7.451938e-02 1.004642e-03
1.411940e-02 7.266241e-02 9.754424e-04
1.439021e-02 7.077499e-02 9.396926e-04
1.466103e-02 6.856864e-02 9.224468e-04
1.493184e-02 6.595434e-02 8.925725e-04
1.520266e-02 6.488781e-02 8.602376e-04
1.547347e-02 6.320757e-02 8.569974e-04
1.574429e-02 6.187299e-02 8.212618e-04
1.601510e-02 6.071294e-02 8.179441e-04
1.628591e-02 5.743488e-02 7.863274e-04
1.655673e-02 5.627942e-02 7.583139e-04
1.682754e-02 5.396920e-02 7.449790e-04
1.709836e-02 5.332090e-02 7.316879e-04
1.736917e-02 5.133776e-02 7.257272e-04
1.763999e-02 5.065633e-02 7.063898e-04
1.791080e-02 4.792376e-02 6.894316e-04
1.818161e-02 4.616632e-02 6.941328e-04
1.845243e-02 4.468671e-02 6.743408e-04
1.872324e-02 4.453830e-02 6.702497e-04
1.899406e-02 4.282129e-02 6.534348e-04
1.926487e-02 4.128210e-02 6.482881e-04
1.953569e-02 4.002584e-02 6.381563e-04
1.980650e-02 3.870881e-02 6.419611e-04
2.007731e-02 3.619852e-02 6.200571e-04
2.034813e-02 3.694072e-02 6.273844e-04
2.061894e-02 3.503164e-02 6.116140e-04
2.088976e-02 3.385299e-02 6.017661e-04
2.116057e-02 3.324214e-02 5.941443e-04
2.143139e-02 3.180136e-02 5.855108e-04
2.170220e-02 3.107571e-02 5.945907e-04
2.197302e-02 2.900751e-02 5.810233e-04
2.224383e-02 2.770591e-02 5.654317e-04
2.251465e-02 2.794307e-02 5.547198e-04
2.278546e-02 2.514811e-02 5.365354e-04
2.305627e-02 2.522636e-02 5.350636e-04
2.332709e-02 2.367179e-02 5.171384e-04
2.359790e-02 2.273827e-02 5.058994e-04
2.386872e-02 2.160847e-02 5.027427e-04
2.413953e-02 2.040189e-02 4.961683e-04
2.441034e-02 1.991697e-02 4.832982e-04
2.468116e-02 1.910170e-02 4.818809e-04
2.495197e-02 1.844926e-02 4.726958e-04
2.522279e-02 1.750466e-02 4.681273e-04
2.549360e-02 1.728904e-02 4.543555e-04
2.576442e-02 1.691227e-02 4.481177e-04
2.603523e-02 1.599915e-02 4.487418e-04
2.630604e-02 1.459801e-02 4.324499e-04
2.657686e-02 1.488361e-02 4.335253e-04
2.684767e-02 1.326464e-02 4.253806e-04
2.711849e-02 1.414456e-02 4.250254e-04
2.738930e-02 1.265582e-02 4.180762e-04
2.766012e-02 1.232849e-02 4.087714e-04
2.793093e-02 1.161334e-02 4.056496e-04
2.820175e-02 1.160079e-02 3.969327e-04
2.847256e-02 1.033539e-02 3.907048e-04
2.874337e-02 9.695671e-03 3.915604e-04
2.901419e-02 1.013278e-02 3.852513e-04
2.928500e-02 9.839337e-03 3.792495e-04
2.955582e-02 8.755602e-03 3.760960e-04
2.982663e-02 8.351821e-03 3.677492e-04
3.009745e-02 8.360051e-03 3.739076e-04
3.036826e-02 7.911708e-03 3.648272e-04
3.063907e-02 7.511459e-03 3.635693e-04
3.090989e-02 6.964289e-03 3.593952e-04
3.118070e-02 6.172881e-03 3.620565e-04
3.145152e-02 5.876839e-03 3.573530e-04
3.172233e-02 5.373769e-03 3.505986e-04
3.199315e-02 4.944272e-03 3.466944e-04
3.226396e-02 5.324930e-03 3.463058e-04
3.253478e-02 5.007561e-03 3.427506e-04
3.280559e-02 4.160319e-03 3.363383e-04
3.307641e-02 4.507702e-03 3.368811e-04
3.334722e-02 3.679320e-03 3.319310e-04
3.361803e-02 3.629290e-03 3.316697e-04
3.388885e-02 3.681257e-03 3.295149e-04
3.415966e-02 3.650010e-03 3.305478e-04
3.443048e-02 3.114328e-03 3.256906e-04
3.470129e-02 3.804941e-03 3.261408e-04
3.497211e-02 3.566671e-03 3.237524e-04
3.524292e-02 3.034029e-03 3.198224e-04
3.551374e-02 2.730589e-03 3.213945e-04
3.578455e-02 2.449039e-03 3.150394e-04
3.605536e-02 2.737880e-03 3.154999e-04
3.632618e-02 2.623782e-03 3.121477e-04
3.659699e-02 2.826240e-03 3.098882e-04
3.686780e-02 1.783740e-03 3.077148e-04
3.713862e-02 2.315689e-03 3.065007e-04
3.740944e-02 1.405090e-03 2.998175e-04
3.768025e-02 1.640031e-03 3.009005e-04
3.795106e-02 2.121370e-03 2.969921e-04
3.822188e-02 1.919579e-03 2.996702e-04
3.849269e-02 1.485981e-03 2.968685e-04
3.876351e-02 1.387291e-03 2.964594e-04
3.903432e-02 2.100561e-03 2.924756e-04
3.930514e-02 1.563700e-03 2.903648e-04
3.957595e-02 1.367679e-03 2.899390e-04
3.984676e-02 1.079731e-03 2.863842e-04
4.011758e-02 1.525709e-03 2.890330e-04
4.038839e-02 1.258761e-03 2.884325e-04
4.065921e-02 9.004921e-04 2.849905e-04
4.093002e-02 1.743007e-03 2.861154e-04
4.120084e-02 1.672400e-03 2.843389e-04
4.147165e-02 1.230538e-03 2.807462e-04
4.174246e-02 1.207268e-03 2.810036e-04
4.201328e-02 1.612499e-03 2.807513e-04
4.228409e-02 8.448213e-04 2.801779e-04
4.255491e-02 6.351601e-04 2.787948e-04
4.282572e-02 1.185132e-03 2.783120e-04
4.309653e-02 1.015609e-03 2.724039e-04
4.336735e-02 1.091162e-03 2.740051e-04
4.363817e-02 1.460090e-03 2.767956e-04
4.390898e-02 1.358759e-03 2.740824e-04
4.417979e-02 8.175485e-04 2.734728e-04
4.445061e-02 5.640686e-04 2.696593e-04
4.472142e-02 1.710670e-03 2.663589e-04
4.499224e-02 1.107249e-03 2.694883e-04
4.526305e-02 1.133921e-03 2.681945e-04
4.553387e-02 1.116170e-03 2.668666e-04
4.580468e-02 1.352161e-03 2.642752e-04
4.607549e-02 5.768314e-04 2.661057e-04
4.634631e-02 4.967805e-04 2.631497e-04
4.661712e-02 6.221700e-04 2.626601e-04
4.688794e-02 8.602887e-04 2.612242e-04
4.715875e-02 1.217749e-03 2.613238e-04
4.742957e-02 1.056451e-03 2.580936e-04
4.770038e-02 9.045489e-04 2.563996e-04
4.797119e-02 7.192194e-04 2.559125e-04
4.824201e-02 5.472973e-04 2.568620e-04
4.851282e-02 1.042010e-03 2.590647e-04
4.878364e-02 1.113812e-03 2.551452e-04
4.905445e-02 6.786007e-04 2.523115e-04
4.932526e-02 1.163762e-03 2.552143e-04
4.959608e-02 8.036997e-04 2.526794e-04
4.986690e-02 9.446293e-04 2.507097e-04
5.013771e-02 1.028121e-03 2.527160e-04
5.040852e-02 1.112811e-03 2.497994e-04
5.067934e-02 9.498410e-04 2.503181e-04
5.095015e-02 1.387101e-03 2.474609e-04
5.122096e-02 5.981699e-04 2.482089e-04
5.149178e-02 8.514393e-04 2.470525e-04
5.176260e-02 9.371005e-04 2.462895e-04
5.203341e-02 5.985796e-04 2.467293e-04
5.230422e-02 7.883795e-04 2.438594e-04
5.257504e-02 5.963985e-04 2.455049e-04
5.284585e-02 7.433910e-04 2.437668e-04
5.311667e-02 9.809397e-04 2.454286e-04
5.338748e-02 7.484201e-04 2.465423e-04
5.365830e-02 8.019004e-04 2.436479e-04
5.392911e-02 9.772591e-04 2.489344e-04
5.419992e-02 3.838390e-04 2.490603e-04
5.447074e-02 7.426217e-04 2.479717e-04
5.474155e-02 1.205619e-03 2.508543e-04
5.501237e-02 1.044700e-03 2.547775e-04
5.528318e-02 6.383993e-04 2.555312e-04
5.555400e-02 9.751115e-04 2.558266e-04
5.582481e-02 8.780994e-04 2.581310e-04
5.609563e-02 9.066090e-04 2.601689e-04
5.636644e-02 4.224703e-04 2.605370e-04
5.663725e-02 6.872602e-04 2.619821e-04
5.690807e-02 3.444813e-04 2.641737e-04
5.717888e-02 6.760284e-04 2.616508e-04
5.744969e-02 5.369503e-04 2.635434e-04
5.772051e-02 9.081606e-04 2.641763e-04
5.799133e-02 6.816294e-04 2.626255e-04
5.826214e-02 7.514302e-04 2.630636e-04
5.853295e-02 4.881900e-04 2.646504e-04
5.880377e-02 8.859802e-04 2.667115e-04
5.907458e-02 4.730597e-04 2.631402e-04
5.934540e-02 1.284970e-03 2.672604e-04
5.961621e-02 9.493101e-04 2.681107e-04
5.988703e-02 9.097196e-04 2.688364e-04
6.015784e-02 8.148700e-04 2.662189e-04
6.042865e-02 4.661307e-04 2.667962e-04
6.069947e-02 3.873203e-04 2.612902e-04
6.097028e-02 4.363898e-04 2.606238e-04
6.124110e-02 1.866613e-04 2.570192e-04
6.151191e-02 6.479900e-04 2.573984e-04
6.178273e-02 6.432608e-04 2.573496e-04
6.205354e-02 2.059899e-04 2.538752e-04
6.232436e-02 7.149894e-04 2.579046e-04
6.259517e-02 4.125088e-04 2.552609e-04
6.286598e-02 1.103550e-03 2.541944e-04
6.313679e-02 5.545802e-04 2.559857e-04
6.340761e-02 1.391284e-04 2.514744e-04
6.367842e-02 3.863201e-04 2.526861e-04
6.394923e-02 6.682687e-04 2.523651e-04
6.422005e-02 7.786211e-04 2.528415e-04
6.449086e-02 8.255802e-04 2.543188e-04
6.476168e-02 3.963504e-04 2.484270e-04
6.503250e-02 5.593896e-04 2.498939e-04
6.530331e-02 8.920208e-04 2.500296e-04
6.557412e-02 7.143896e-04 2.490995e-04
6.584494e-02 5.221013e-04 2.493868e-04
6.611575e-02 9.163693e-04 2.498850e-04
6.638657e-02 4.083496e-04 2.505476e-04
6.665738e-02 3.007054e-05 2.463321e-04
6.692819e-02 2.799109e-04 2.468854e-04
6.719901e-02 2.101101e-04 2.471501e-04
6.746982e-02 2.701208e-04 2.488733e-04
6.774063e-02 9.552296e-04 2.472250e-04
6.801146e-02 7.807501e-04 2.438543e-04
6.828227e-02 1.338171e-03 2.453523e-04
6.855308e-02 1.272988e-04 2.468781e-04
6.882390e-02 7.355213e-04 2.435763e-04
6.909471e-02 4.932284e-04 2.451257e-04
6.936552e-02 5.853400e-04 2.423607e-04
6.963634e-02 -1.196004e-05 2.446373e-04
6.990715e-02 1.877807e-04 2.424811e-04
7.017796e-02 3.700182e-04 2.382507e-04
7.044878e-02 4.285797e-04 2.418175e-04
7.071959e-02 5.254485e-04 2.412260e-04
7.099041e-02 -3.133006e-04 2.419332e-04
7.126123e-02 1.794789e-04 2.404756e-04
7.153204e-02 -6.958842e-06 2.388379e-04
7.180285e-02 4.125405e-04 2.397174e-04
7.207367e-02 3.012791e-04 2.381304e-04
7.234448e-02 -1.649000e-05 2.389430e-04
7.261530e-02 4.835501e-04 2.386007e-04
7.288611e-02 1.710504e-04 2.380437e-04
7.315692e-02 1.507495e-04 2.378381e-04
7.342774e-02 1.831315e-04 2.395118e-04
7.369855e-02 2.060197e-04 2.365760e-04
7.396936e-02 3.324002e-04 2.369972e-04
7.424019e-02 1.439098e-04 2.384904e-04
7.451100e-02 2.100486e-04 2.378514e-04
7.478181e-02 3.671702e-04 2.351642e-04
7.505263e-02 3.510006e-04 2.345247e-04
7.532344e-02 4.095193e-04 2.395702e-04
7.559425e-02 2.591200e-04 2.354479e-04
7.586507e-02 2.681315e-04 2.357394e-04
7.613588e-02 3.213193e-04 2.346164e-04
7.640669e-02 1.499504e-04 2.331949e-04
7.667751e-02 1.260098e-04 2.357931e-04
7.694832e-02 5.465690e-04 2.351292e-04
7.721914e-02 8.651614e-04 2.321031e-04
7.748996e-02 6.323494e-04 2.330847e-04
7.776077e-02 5.342495e-04 2.324554e-04
7.803158e-02 8.206591e-04 2.351395e-04
7.830240e-02 4.702695e-04 2.327151e-04
7.857321e-02 4.930999e-04 2.305885e-04
7.884403e-02 4.893206e-04 2.317008e-04
7.911484e-02 3.016200e-04 2.306448e-04
7.938565e-02 -1.410302e-04 2.314423e-04
7.965647e-02 -2.218988e-04 2.290616e-04
7.992728e-02 2.432112e-04 2.287548e-04
8.019809e-02 1.042411e-04 2.292916e-04
8.046892e-02 -1.656916e-04 2.287748e-04
8.073973e-02 4.406292e-04 2.302314e-04
8.101054e-02 2.338700e-04 2.272191e-04
8.128136e-02 -1.261011e-05 2.284629e-04
8.155217e-02 -3.536697e-04 2.275014e-04
8.182298e-02 6.873701e-04 2.282424e-04
8.209380e-02 5.454998e-04 2.273846e-04
8.236461e-02 -7.036887e-05 2.273429e-04
8.263543e-02 3.293995e-04 2.260571e-04
8.290624e-02 9.915903e-04 2.267067e-04
8.317705e-02 1.661088e-04 2.234836e-04
8.344787e-02 1.856294e-04 2.265074e-04
8.371869e-02 4.018694e-04 2.274264e-04
8.398950e-02 2.839789e-04 2.251274e-04
8.426031e-02 2.415814e-04 2.257461e-04
8.453113e-02 6.521717e-04 2.245819e-04
8.480194e-02 4.168097e-04 2.237477e-04
8.507276e-02 8.681975e-05 2.245115e-04
8.534357e-02 3.281310e-04 2.225628e-04
8.561438e-02 -1.487136e-05 2.235306e-04
8.588520e-02 1.999605e-04 2.227986e-04
8.615601e-02 5.374495e-04 2.223666e-04
8.642682e-02 5.378202e-04 2.233621e-04
8.669765e-02 -3.748704e-04 2.213516e-04
8.696846e-02 6.019883e-05 2.221364e-04
8.723927e-02 1.694895e-04 2.215482e-04
8.751009e-02 3.951807e-04 2.211555e-04
8.778090e-02 -9.100139e-05 2.182501e-04
8.805171e-02 6.250087e-04 2.217423e-04
8.832253e-02 3.302414e-04 2.203041e-04
8.859334e-02 8.275174e-05 2.199186e-04
8.886416e-02 3.167409e-04 2.194872e-04
8.913497e-02 -1.029409e-04 2.196162e-04
8.940578e-02 4.621223e-06 2.179350e-04
8.967660e-02 3.618896e-04 2.205040e-04
8.994742e-02 3.817398e-04 2.214069e-04
9.021823e-02 3.458913e-04 2.186343e-04
9.048904e-02 3.368501e-04 2.189820e-04
9.075986e-02 7.349066e-05 2.182483e-04
9.103067e-02 2.522208e-04 2.176130e-04
9.130149e-02 3.983285e-04 2.166485e-04
9.157230e-02 -1.415294e-04 2.184561e-04
9.184311e-02 -2.326202e-04 2.203197e-04
9.211393e-02 3.280006e-04 2.157059e-04
9.238474e-02 2.150796e-04 2.155870e-04
9.265555e-02 2.604816e-04 2.179992e-04
9.292637e-02 3.159903e-04 2.156978e-04
9.319719e-02 5.849823e-05 2.168750e-04
9.346800e-02 3.507305e-04 2.157305e-04
9.373882e-02 1.784191e-04 2.153622e-04
9.400963e-02 9.921007e-05 2.141220e-04
9.428044e-02 8.985028e-05 2.149612e-04
9.455126e-02 7.725190e-04 2.152291e-04
9.482207e-02 1.414306e-04 2.133712e-04
9.509289e-02 4.292708e-04 2.137350e-04
9.536370e-02 6.289966e-05 2.142812e-04
9.563451e-02 -2.688412e-04 2.133565e-04
9.590533e-02 4.393496e-04 2.143680e-04
9.617615e-02 -4.151016e-04 2.107436e-04
9.644696e-02 3.224798e-04 2.127958e-04
9.671777e-02 3.375895e-04 2.135300e-04
9.698859e-02 -3.779698e-04 2.105075e-04
9.725940e-02 4.029199e-04 2.133323e-04
9.753022e-02 6.209798e-04 2.107784e-04
9.780103e-02 3.441907e-04 2.130205e-04
9.807184e-02 -2.476014e-05 2.100247e-04
9.834266e-02 3.396161e-05 2.107004e-04
9.861347e-02 3.835801e-04 2.118861e-04
9.888428e-02 -1.344196e-04 2.095249e-04
9.915510e-02 4.142504e-04 2.118418e-04
9.942592e-02 1.783706e-04 2.097275e-04
9.969673e-02 4.170295e-04 2.108835e-04
9.996755e-02 1.741294e-04 2.093539e-04
1.002384e-01 2.098214e-04 2.074601e-04
1.005092e-01 2.329312e-04 2.106426e-04
1.007800e-01 3.160108e-04 2.095208e-04
1.010508e-01 2.507605e-04 2.094720e-04
1.013216e-01 3.648009e-04 2.093298e-04
1.015924e-01 2.277214e-04 2.081115e-04
1.018632e-01 1.693293e-04 2.081772e-04
1.021341e-01 -1.445487e-04 2.085895e-04
1.024049e-01 -8.795038e-05 2.073890e-04
1.026757e-01 4.230998e-05 2.066934e-04
1.029465e-01 5.982071e-05 2.068740e-04
1.032173e-01 2.072211e-04 2.076965e-04
1.034881e-01 -1.489595e-04 2.064044e-04
1.037589e-01 -2.677813e-04 2.062922e-04
1.040298e-01 8.204952e-05 2.045496e-04
1.043006e-01 4.058797e-04 2.055049e-04
1.045714e-01 1.911614e-04 2.046825e-04
1.048422e-01 -2.696309e-04 2.045248e-04
1.051130e-01 2.317000e-04 2.068153e-04
1.053838e-01 -7.165037e-05 2.052147e-04
1.056546e-01 3.273040e-05 2.057491e-04
1.059255e-01 7.067993e-05 2.046448e-04
1.061963e-01 3.126301e-04 2.045134e-04
1.064671e-01 1.122113e-04 2.050866e-04
1.067379e-01 2.031699e-04 2.028382e-04
1.070087e-01 5.680136e-05 2.039697e-04
1.072795e-01 1.751687e-04 2.027828e-04
1.075503e-01 3.394093e-04 2.034554e-04
1.078212e-01 2.259016e-05 2.032328e-04
1.080920e-01 4.818849e-05 2.026237e-04
1.083628e-01 -3.942493e-04 2.018386e-04
1.086336e-01 2.832692e-04 2.019286e-04
1.089044e-01 3.542937e-05 2.022131e-04
1.091752e-01 1.535602e-04 2.018901e-04
1.094460e-01 3.929287e-04 2.007696e-04
1.097169e-01 -3.781095e-04 2.016933e-04
1.099877e-01 5.717017e-05 2.015203e-04
1.102585e-01 1.288019e-05 2.008904e-04
1.105293e-01 2.648011e-04 2.036564e-04
1.108001e-01 1.403503e-04 2.063018e-04
1.110709e-01 -5.667098e-05 2.079220e-04
1.113417e-01 -1.268294e-04 2.060354e-04
1.116126e-01 7.407293e-04 2.102727e-04
1.118834e-01 -5.013123e-05 2.094579e-04
1.121542e-01 1.865793e-04 2.109223e-04
1.124250e-01 3.158413e-04 2.127563e-04
1.126958e-01 4.338790e-04 2.139106e-04
1.129666e-01 -2.553128e-05 2.145383e-04
1.132374e-01 -4.909988e-04 2.182043e-04
1.135083e-01 3.883988e-05 2.181821e-04
1.137791e-01 7.925928e-05 2.199774e-04
1.140499e-01 -1.079999e-04 2.194998e-04
1.143207e-01 2.093203e-04 2.236737e-04
1.145915e-01 -9.986944e-05 2.232981e-04
1.148623e-01 1.477096e-04 2.259740e-04
1.151332e-01 7.116050e-05 2.273706e-04
1.154040e-01 -4.546158e-05 2.278303e-04
1.156748e-01 7.273071e-05 2.292100e-04
1.159456e-01 1.294594e-04 2.298636e-04
1.162164e-01 -2.276003e-04 2.315135e-04
1.164872e-01 -1.928899e-04 2.301012e-04
1.167580e-01 2.614595e-04 2.348603e-04
1.170288e-01 -1.305901e-04 2.340613e-04
1.172997e-01 -5.571172e-06 2.358190e-04
1.175705e-01 2.911612e-04 2.339798e-04
1.178413e-01 -2.776496e-04 2.376231e-04
1.181121e-01 2.362113e-04 2.357569e-04
1.183829e-01 1.992006e-04 2.301805e-04
1.186537e-01 1.303386e-04 2.296003e-04
1.189246e-01 -1.601111e-04 2.308213e-04
1.191954e-01 5.158205e-04 2.307134e-04
1.194662e-01 3.718492e-04 2.305867e-04
1.197370e-01 -2.848096e-04 2.265098e-04
1.200078e-01 1.670495e-04 2.286650e-04
1.202786e-01 -3.515296e-04 2.263234e-04
1.205494e-01 5.446002e-05 2.265194e-04
1.208202e-01 7.209200e-04 2.304553e-04
1.210911e-01 2.151802e-04 2.251793e-04
1.213619e-01 -5.250797e-06 2.303484e-04
1.216327e-01 -3.870949e-05 2.268925e-04
1.219035e-01 1.434013e-04 2.287600e-04
1.221743e-01 6.804205e-04 2.286196e-04
1.224451e-01 -3.046300e-04 2.279881e-04
1.227160e-01 -1.071598e-04 2.292372e-04
1.229868e-01 1.931209e-04 2.267411e-04
1.232576e-01 1.946297e-04 2.280023e-04
1.235284e-01 7.630140e-05 2.283938e-04
1.237992e-01 3.644899e-04 2.276967e-04
1.240700e-01 -3.352594e-04 2.291290e-04
1.243408e-01 5.871989e-05 2.263156e-04
1.246117e-01 4.030019e-05 2.264570e-04
1.248825e-01 2.681296e-04 2.275138e-04
1.251533e-01 1.836941e-05 2.253530e-04
1.254241e-01 -1.529977e-05 2.258529e-04
1.256949e-01 2.591126e-05 2.252569e-04
1.259657e-01 -3.790893e-04 2.241052e-04
1.262365e-01 -3.556404e-04 2.235468e-04
1.265074e-01 -2.754610e-04 2.225093e-04
1.267782e-01 3.502592e-04 2.248200e-04
1.270490e-01 -2.801791e-04 2.217257e-04
1.273198e-01 -1.041386e-04 2.236163e-04
1.275906e-01 1.700595e-04 2.225922e-04
1.278614e-01 3.086962e-05 2.222258e-04
1.281322e-01 1.378302e-04 2.217428e-04
1.284031e-01 -3.214814e-04 2.228346e-04
1.286739e-01 1.771990e-04 2.243147e-04
1.289447e-01 1.530908e-05 2.214076e-04
1.292155e-01 1.190230e-06 2.220445e-04
1.294863e-01 1.263805e-04 2.201790e-04
1.297571e-01 -1.182202e-04 2.208723e-04
1.300279e-01 -2.795793e-04 2.202482e-04
1.302988e-01 2.481975e-05 2.215660e-04
1.305696e-01 -8.509122e-05 2.218060e-04
1.308404e-01 -1.508296e-04 2.204242e-04
1.311112e-01 1.714006e-05 2.218132e-04
1.313820e-01 -3.507920e-05 2.191086e-04
1.316528e-01 3.713928e-05 2.221343e-04
1.319236e-01 -5.153008e-05 2.195603e-04
1.321945e-01 -4.043300e-04 2.198804e-04
1.324653e-01 2.802387e-04 2.220132e-04
1.327361e-01 2.126954e-05 2.200449e-04
1.330069e-01 -1.426991e-04 2.188138e-04
1.332777e-01 3.537294e-04 2.200660e-04
1.335485e-01 -1.650304e-06 2.177102e-04
1.338193e-01 3.248788e-04 2.202602e-04
1.340902e-01 1.670904e-04 2.165645e-04
1.343610e-01 6.999820e-05 2.206582e-04
1.346318e-01 2.128705e-04 2.186292e-04
1.349026e-01 -2.708100e-05 2.174678e-04
1.351734e-01 1.894496e-04 2.191784e-04
1.354442e-01 4.680827e-06 2.176203e-04
1.357151e-01 4.034117e-05 2.181062e-04
1.359859e-01 -2.602600e-04 2.172481e-04
1.362567e-01 -1.230408e-04 2.165839e-04
1.365275e-01 1.259409e-04 2.170372e-04
1.367983e-01 -1.872703e-04 2.135428e-04
1.370691e-01 9.595975e-05 2.192363e-04
1.373399e-01 4.645213e-04 2.203245e-04
1.376107e-01 3.590193e-04 2.221261e-04
1.378816e-01 5.782954e-05 2.236829e-04
1.381524e-01 1.513697e-04 2.235685e-04
1.384232e-01 2.413597e-04 2.285683e-04
1.386940e-01 -3.990158e-05 2.268264e-04
1.389648e-01 1.605209e-04 2.291434e-04
1.392356e-01 3.352202e-04 2.317989e-04
1.395064e-01 -2.066605e-04 2.315286e-04
1.397773e-01 1.036897e-04 2.327129e-04
1.400481e-01 -5.675517e-04 2.315877e-04
1.403189e-01 -4.044287e-04 2.350050e-04
1.405897e-01 2.368409e-04 2.348016e-04
1.408605e-01 -1.288205e-04 2.353178e-04
1.411313e-01 -5.839020e-05 2.366807e-04
1.414021e-01 2.803095e-05 2.361615e-04
1.416730e-01 1.768004e-04 2.408109e-04
1.419438e-01 9.078532e-06 2.398569e-04
1.422146e-01 2.954900e-05 2.399009e-04
1.424854e-01 1.227707e-04 2.402395e-04
1.427562e-01 -1.828708e-04 2.399969e-04
1.430270e-01 -4.035290e-04 2.384494e-04
1.432979e-01 2.082102e-04 2.397111e-04
1.435687e-01 5.591102e-05 2.415118e-04
1.438395e-01 -7.873029e-05 2.421947e-04
1.441103e-01 -1.200903e-04 2.435388e-04
1.443811e-01 3.702603e-04 2.446811e-04
1.446519e-01 -3.529713e-06 2.437133e-04
1.449227e-01 -1.831688e-04 2.466200e-04
1.451935e-01 1.950096e-04 2.431627e-04
1.454644e-01 2.112798e-04 2.454251e-04
1.457352e-01 2.083909e-04 2.504268e-04
1.460060e-01 2.372600e-04 2.477650e-04
1.462768e-01 2.567004e-04 2.497709e-04
1.465476e-01 -9.073876e-05 2.467305e-04
1.468184e-01 8.009002e-05 2.508934e-04
1.470892e-01 -6.748922e-05 2.485689e-04
1.473601e-01 -2.450794e-04 2.491729e-04
1.476309e-01 3.855284e-04 2.495540e-04
1.479017e-01 2.959110e-04 2.495791e-04
1.481725e-01 -1.314599e-04 2.516587e-04
1.484433e-01 9.969994e-05 2.473680e-04
1.487141e-01 -2.864897e-04 2.487309e-04
1.489850e-01 6.141141e-06 2.466823e-04
1.492558e-01 -2.772398e-04 2.460061e-04
1.495266e-01 4.117936e-05 2.498484e-04
1.497974e-01 -9.755045e-05 2.442818e-04
1.500682e-01 -4.315395e-04 2.471537e-04
1.503390e-01 7.895939e-05 2.484096e-04
1.506098e-01 -9.034015e-05 2.453101e-04
1.508806e-01 1.692902e-04 2.470355e-04
1.511515e-01 1.340918e-04 2.454188e-04
1.514223e-01 1.302902e-04 2.489363e-04
1.516931e-01 -9.497069e-05 2.463770e-04
1.519639e-01 -4.203897e-04 2.473680e-04
1.522347e-01 5.355310e-04 2.497123e-04
1.525055e-01 -8.725002e-05 2.478868e-04
1.527763e-01 -1.802798e-04 2.501425e-04
1.530472e-01 3.030486e-04 2.475439e-04
1.533180e-01 4.298054e-05 2.501689e-04
1.535888e-01 1.626406e-04 2.506045e-04
1.538596e-01 1.651999e-04 2.472763e-04
1.541304e-01 -1.076199e-04 2.487158e-04
1.544012e-01 -1.674704e-04 2.458505e-04
1.546721e-01 -8.388050e-05 2.505264e-04
1.549429e-01 2.366398e-04 2.499917e-04
1.552137e-01 -7.670373e-06 2.482547e-04
1.554845e-01 -1.544300e-04 2.514836e-04
1.557553e-01 2.470799e-04 2.499880e-04
1.560261e-01 3.142785e-04 2.500746e-04
1.562969e-01 2.700090e-05 2.482055e-04
1.565678e-01 2.568103e-04 2.480921e-04
1.568386e-01 -4.257485e-04 2.494342e-04
1.571094e-01 6.615929e-05 2.512259e-04
1.573802e-01 -2.165902e-04 2.483982e-04
1.576510e-01 -1.476612e-04 2.481326e-04
1.579218e-01 2.117399e-04 2.504943e-04
1.581926e-01 9.817071e-05 2.485914e-04
1.584634e-01 -3.885496e-04 2.467833e-04
1.587343e-01 -1.111608e-04 2.476820e-04
1.590051e-01 -1.903605e-04 2.495252e-04
1.592759e-01 -8.925982e-05 2.497931e-04
1.595467e-01 -5.132146e-05 2.487811e-04
1.598175e-01 -3.533065e-05 2.482553e-04
1.600883e-01 6.254949e-05 2.470549e-04
1.603591e-01 -2.367049e-05 2.486764e-04
1.606300e-01 3.306698e-04 2.483975e-04
1.609008e-01 -1.033507e-04 2.478027e-04
1.611716e-01 2.739299e-04 2.473648e-04
1.614424e-01 6.731972e-05 2.460059e-04
1.617132e-01 3.111921e-05 2.480989e-04
1.619840e-01 -1.122206e-04 2.457631e-04
1.622549e-01 4.603900e-05 2.455748e-04
1.625257e-01 -2.240613e-04 2.475915e-04
1.627965e-01 -2.754517e-04 2.469910e-04
1.630673e-01 -4.906952e-05 2.452046e-04
1.633381e-01 5.564485e-04 2.495542e-04
1.636089e-01 -1.939610e-04 2.449818e-04
1.638797e-01 -1.079198e-04 2.485734e-04
1.641506e-01 1.907703e-04 2.461583e-04
1.644214e-01 1.717918e-05 2.455211e-04
1.646922e-01 1.526196e-04 2.458902e-04
1.649630e-01 -1.446605e-04 2.430626e-04
1.652338e-01 -1.651309e-04 2.489753e-04
1.655046e-01 2.296399e-04 2.473042e-04
1.657754e-01 4.725307e-04 2.461615e-04
1.660462e-01 -1.268703e-04 2.486806e-04
1.663171e-01 3.452599e-04 2.486533e-04
1.665879e-01 1.191795e-04 2.464551e-04
1.668587e-01 2.370011e-04 2.485174e-04
1.671295e-01 1.637489e-04 2.483742e-04
1.674003e-01 -1.375601e-04 2.459853e-04
1.676711e-01 -2.914295e-04 2.552973e-04
1.679420e-01 1.881085e-05 2.612052e-04
1.682128e-01 5.822070e-05 2.615057e-04
1.684836e-01 3.975201e-04 2.692132e-04
1.687544e-01 -1.661107e-05 2.655893e-04
1.690252e-01 1.006797e-04 2.697635e-04
1.692960e-01 2.298206e-04 2.687637e-04
1.695668e-01 -1.825206e-04 2.757374e-04
1.698377e-01 -2.025813e-04 2.763175e-04
1.701085e-01 3.288127e-05 2.791840e-04
1.703793e-01 3.966875e-05 2.829930e-04
1.706501e-01 -8.052960e-05 2.831973e-04
1.709209e-01 -1.073387e-04 2.857311e-04
1.711917e-01 -2.462789e-04 2.839252e-04
1.714625e-01 2.493504e-04 2.870553e-04
1.717333e-01 1.015998e-04 2.928438e-04
1.720042e-01 2.156012e-05 2.926434e-04
1.722750e-01 -4.354864e-05 2.972883e-04
1.725458e-01 -9.840354e-06 2.956931e-04
1.728166e-01 -1.941994e-05 2.940085e-04
1.730874e-01 3.289301e-04 3.025775e-04
1.733582e-01 -1.451205e-04 3.002366e-04
1.736291e-01 -4.154686e-04 3.041115e-04
1.738999e-01 5.862191e-04 3.018179e-04
1.741707e-01 6.535389e-04 3.081752e-04
1.744415e-01 8.654036e-05 3.092495e-04
1.747123e-01 -2.705492e-04 3.122667e-04
1.749831e-01 1.913123e-05 2.988421e-04
1.752539e-01 -1.255609e-04 2.888280e-04
1.755248e-01 4.465710e-04 2.932436e-04
1.757956e-01 5.111191e-04 2.878515e-04
1.760664e-01 7.412899e-04 2.888674e-04
1.763372e-01 1.896489e-04 2.868979e-04
1.766080e-01 -2.035499e-04 2.864773e-04
1.768788e-01 3.752392e-04 2.843009e-04
1.771496e-01 -4.003700e-04 2.820318e-04
1.774205e-01 7.263012e-05 2.837259e-04
1.776913e-01 4.373007e-04 2.808073e-04
1.779621e-01 -2.810992e-04 2.831887e-04
1.782329e-01 1.655202e-04 2.799942e-04
1.785037e-01 3.905967e-05 2.741769e-04
1.787745e-01 1.880396e-04 2.793755e-04
1.790453e-01 -2.884697e-04 2.783350e-04
1.793161e-01 -2.694391e-04 2.731110e-04
1.795870e-01 -1.017395e-04 2.769244e-04
1.798578e-01 -7.664971e-05 2.700757e-04
1.801286e-01 9.370968e-05 2.759615e-04
1.803994e-01 1.573600e-04 2.696484e-04
1.806702e-01 -4.553050e-05 2.718405e-04
1.809410e-01 7.968023e-05 2.718897e-04
1.812119e-01 -4.409309e-04 2.704347e-04
1.814827e-01 5.868077e-05 2.714899e-04
1.817535e-01 -2.048798e-04 2.683840e-04
1.820243e-01 -3.716294e-04 2.689056e-04
1.822951e-01 1.593996e-04 2.669481e-04
1.825659e-01 6.810948e-05 2.661713e-04
1.828367e-01 -1.780093e-04 2.703304e-04
1.831076e-01 5.468987e-04 2.666327e-04
1.833784e-01 -3.560800e-04 2.705644e-04
1.836492e-01 2.303496e-04 2.652182e-04
1.839200e-01 -3.398806e-04 2.688112e-04
1.841908e-01 -3.185403e-04 2.681786e-04
1.844616e-01 8.966960e-05 2.695110e-04
1.847324e-01 -2.227295e-04 2.691856e-04
1.850033e-01 -1.955889e-04 2.668695e-04
1.852741e-01 -5.798414e-04 2.652934e-04
1.855449e-01 -3.618002e-05 2.670405e-04
1.858157e-01 8.446909e-05 2.700552e-04
1.860865e-01 8.545071e-05 2.681059e-04
1.863573e-01 -6.017089e-05 2.643897e-04
1.866281e-01 3.951900e-04 2.667446e-04
1.868990e-01 3.287885e-04 2.643944e-04
1.871698e-01 2.045389e-04 2.681290e-04
1.874406e-01 1.275111e-04 2.680197e-04
1.877114e-01 -1.037493e-04 2.650780e-04
1.879822e-01 -3.417786e-04 2.667179e-04
1.882530e-01 1.164805e-04 2.652025e-04
1.885238e-01 1.065098e-04 2.646332e-04
1.887947e-01 -1.057200e-04 2.673350e-04
1.890655e-01 1.427103e-04 2.638669e-04
1.893363e-01 -4.047100e-04 2.677354e-04
1.896071e-01 1.811013e-04 2.633461e-04
1.898779e-01 -3.477409e-04 2.653312e-04
1.901487e-01 -3.911499e-04 2.636444e-04
1.904195e-01 -3.354307e-04 2.667125e-04
1.906904e-01 -6.342605e-04 2.668540e-04
1.909612e-01 -2.163704e-04 2.623110e-04
1.912320e-01 -1.153108e-04 2.655264e-04
1.915028e-01 4.071929e-05 2.624787e-04
1.917736e-01 8.897856e-05 2.645641e-04
1.920444e-01 -2.226606e-04 2.636190e-04
1.923153e-01 -3.753975e-05 2.632193e-04
1.925861e-01 6.720982e-05 2.662171e-04
1.928569e-01 1.724008e-04 2.626428e-04
1.931277e-01 1.796987e-04 2.641765e-04
1.933985e-01 5.603954e-05 2.637381e-04
1.936693e-01 -2.706498e-04 2.649001e-04
1.939401e-01 6.709993e-05 2.641647e-04
1.942109e-01 -2.036411e-04 2.633891e-04
1.944818e-01 -4.489496e-04 2.647237e-04
1.947526e-01 -3.549997e-04 2.648227e-04
1.950234e-01 -1.935288e-04 2.611213e-04
1.952942e-01 -4.706904e-05 2.654239e-04
1.955650e-01 -1.612306e-04 2.640131e-04
1.958358e-01 -2.021194e-04 2.630801e-04
1.961066e-01 -7.267706e-04 2.627281e-04
1.963775e-01 2.128687e-04 2.648545e-04
1.966483e-01 -2.460908e-04 2.638598e-04
1.969191e-01 2.212208e-04 2.646707e-04
1.971899e-01 -3.531110e-04 2.652884e-04
1.974607e-01 -4.678890e-04 2.647028e-04
1.977315e-01 1.084395e-04 2.640282e-04
1.980023e-01 2.679974e-05 2.622965e-04
1.982732e-01 -4.034098e-04 2.620860e-04
1.985440e-01 -2.149995e-04 2.655318e-04
1.988148e-01 9.769015e-05 2.645152e-04
1.990856e-01 -1.460202e-04 2.625583e-04
1.993564e-01 2.743900e-04 2.623500e-04
1.996272e-01 -1.474991e-04 2.646005e-04
1.998980e-01 3.520194e-04 2.620688e-04
2.001689e-01 -7.543899e-05 2.594679e-04
2.004397e-01 -4.460104e-05 2.592655e-04
2.007105e-01 1.325198e-04 2.593951e-04
2.009813e-01 1.749713e-04 2.592423e-04
2.012521e-01 -2.084710e-04 2.633122e-04
2.015229e-01 2.310053e-05 2.606767e-04
2.017937e-01 -1.189299e-04 2.626548e-04
2.020646e-01 2.942793e-04 2.606820e-04
2.023354e-01 -1.972113e-04 2.613985e-04
2.026062e-01 -3.986191e-04 2.593676e-04
2.028770e-01 -1.151804e-04 2.596272e-04
2.031478e-01 -3.595706e-04 2.602971e-04
2.034186e-01 -1.306813e-04 2.602839e-04
2.036894e-01 -4.335903e-04 2.586784e-04
2.039603e-01 -1.298599e-04 2.595962e-04
2.042311e-01 -1.617596e-04 2.597456e-04
2.045019e-01 2.022497e-04 2.567712e-04
2.047727e-01 -2.527293e-04 2.576335e-04
2.050435e-01 -2.179295e-06 2.590331e-04
2.053143e-01 2.359692e-04 2.594835e-04
2.055852e-01 -1.472700e-04 2.572138e-04
2.058560e-01 -1.476612e-04 2.565266e-04
2.061268e-01 -1.508798e-04 2.575897e-04
2.063976e-01 1.016594e-04 2.567104e-04
2.066684e-01 -8.445047e-05 2.553601e-04
2.069392e-01 3.366917e-05 2.575123e-04
2.072100e-01 -6.093308e-04 2.552346e-04
2.074808e-01 2.612006e-04 2.568977e-04
2.077517e-01 4.800037e-05 2.548270e-04
2.080225e-01 -1.661684e-04 2.567125e-04
2.082933e-01 1.739152e-05 2.551541e-04
2.085641e-01 3.810190e-04 2.535056e-04
2.088349e-01 4.545972e-05 2.574286e-04
2.091057e-01 -6.476790e-04 2.534725e-04
2.093765e-01 -5.308166e-05 2.544201e-04
2.096474e-01 -2.089497e-04 2.558539e-04
2.099182e-01 -8.979812e-06 2.561189e-04
2.101890e-01 4.031137e-05 2.563967e-04
2.104598e-01 3.710389e-06 2.533267e-04
2.107306e-01 -2.467502e-04 2.572822e-04
2.110014e-01 -2.691187e-04 2.563679e-04
2.112723e-01 2.689101e-05 2.541670e-04
2.115431e-01 -1.021009e-04 2.553633e-04
2.118139e-01 -2.964493e-04 2.566792e-04
2.120847e-01 5.359016e-05 2.562428e-04
2.123555e-01 1.945999e-04 2.560195e-04
2.126263e-01 1.244098e-04 2.539563e-04
2.128971e-01 -2.143290e-04 2.577463e-04
2.131680e-01 -1.446996e-04 2.553039e-04
2.134388e-01 -1.758393e-04 2.573194e-04
2.137096e-01 -3.576893e-04 2.553016e-04
2.139804e-01 3.618710e-04 2.554394e-04
2.142512e-01 2.469700e-04 2.548995e-04
2.145220e-01 1.040883e-04 2.558486e-04
2.147928e-01 -2.682898e-04 2.556936e-04
2.150636e-01 1.523905e-04 2.547639e-04
2.153345e-01 2.227295e-04 2.569974e-04
2.156053e-01 -1.473986e-04 2.564243e-04
2.158761e-01 -1.103487e-04 2.557186e-04
2.161469e-01 -5.280301e-04 2.545363e-04
2.164177e-01 -1.085196e-04 2.550530e-04
2.166885e-01 2.655685e-04 2.552190e-04
2.169593e-01 -3.616996e-04 2.547674e-04
2.172302e-01 3.010109e-04 2.579404e-04
2.175010e-01 -2.636611e-04 2.541836e-04
2.177718e-01 -1.483392e-04 2.545665e-04
2.180426e-01 1.246687e-04 2.551740e-04
2.183134e-01 1.204703e-04 2.530821e-04
2.185842e-01 -1.534075e-05 2.540377e-04
2.188551e-01 -2.338290e-04 2.544455e-04
2.191259e-01 -2.818108e-04 2.548900e-04
2.193967e-01 1.365710e-04 2.540244e-04
2.196675e-01 -8.003972e-05 2.534912e-04
2.199383e-01 2.752058e-05 2.513621e-04
2.202091e-01 1.008809e-04 2.531942e-04
2.204799e-01 -3.427304e-04 2.503307e-04
2.207507e-01 -1.094863e-05 2.559633e-04
2.210216e-01 2.605803e-04 2.517057e-04
2.212924e-01 7.935055e-05 2.522825e-04
2.215632e-01 9.392947e-05 2.513115e-04
2.218340e-01 -2.651401e-04 2.510423e-04
2.221048e-01 2.066605e-04 2.486632e-04
2.223756e-01 1.295600e-04 2.515708e-04
2.226464e-01 2.979115e-05 2.515716e-04
2.229173e-01 3.137998e-05 2.514789e-04
2.231881e-01 -2.737492e-04 2.490534e-04
2.234589e-01 -1.210906e-05 2.496967e-04
2.237297e-01 3.401190e-04 2.493900e-04
2.240005e-01 7.577054e-05 2.473834e-04
2.242713e-01 -9.546988e-05 2.481550e-04
2.245422e-01 -5.227886e-05 2.501472e-04
2.248130e-01 4.460793e-04 2.506367e-04
2.250838e-01 -3.601052e-05 2.492118e-04
2.253546e-01 -2.324097e-04 2.493927e-04
2.256254e-01 -3.034007e-04 2.495020e-04
2.258962e-01 -1.939312e-04 2.504128e-04
2.261670e-01 -2.442505e-04 2.590482e-04
2.264379e-01 -3.717393e-04 2.669342e-04
2.267087e-01 3.218688e-04 2.694950e-04
2.269795e-01 1.478195e-04 2.724071e-04
2.272503e-01 2.164897e-04 2.731404e-04
2.275211e-01 8.993037e-05 2.787225e-04
2.277919e-01 3.350694e-04 2.797977e-04
2.280627e-01 1.877211e-04 2.862132e-04
2.283335e-01 4.171710e-04 2.894179e-04
2.286044e-01 -6.970018e-05 2.905531e-04
2.288752e-01 -4.666895e-04 2.934550e-04
2.291460e-01 6.663054e-05 2.942048e-04
2.294168e-01 1.618713e-04 2.999470e-04
2.296876e-01 -4.634988e-04 3.004025e-04
2.299584e-01 -7.634889e-04 2.997210e-04
2.302293e-01 -8.199196e-04 3.037380e-04
2.305001e-01 -3.615804e-04 3.082509e-04
2.307709e-01 2.238117e-04 3.076536e-04
2.310417e-01 -9.527989e-05 3.132698e-04
2.313125e-01 3.371499e-04 3.171911e-04
2.315833e-01 -1.044944e-05 3.178607e-04
2.318541e-01 -5.358104e-04 3.230782e-04
2.321250e-01 -7.366091e-04 3.255263e-04
2.323958e-01 -2.577417e-04 3.264454e-04
2.326666e-01 -5.388800e-04 3.279234e-04
2.329374e-01 8.538365e-06 3.345685e-04
2.332082e-01 8.503161e-05 3.309416e-04
2.334790e-01 -8.315034e-05 3.342902e-04
2.337498e-01 -5.491078e-05 3.388624e-04
2.340207e-01 -2.354793e-04 3.422665e-04
2.342915e-01 4.963949e-05 3.429631e-04
2.345623e-01 -5.096011e-05 3.422617e-04
2.348331e-01 -1.485404e-04 3.483401e-04
2.351039e-01 -4.219115e-04 3.562072e-04
2.353747e-01 -1.066811e-04 3.547198e-04
2.356455e-01 -9.297021e-05 3.623477e-04
2.359163e-01 -7.220600e-04 3.605434e-04
2.361872e-01 1.692902e-04 3.633942e-04
2.364580e-01 -7.394906e-04 3.697859e-04
2.367288e-01 -3.008898e-04 3.710075e-04
2.369996e-01 3.029909e-04 3.719390e-04
2.372704e-01 -2.566166e-05 3.762215e-04
2.375412e-01 5.485285e-04 3.784343e-04
2.378121e-01 -3.245994e-04 3.825052e-04
2.380829e-01 -1.791995e-04 3.821550e-04
2.383537e-01 -3.347397e-04 3.898572e-04
2.386245e-01 4.804600e-04 4.007677e-04
2.388953e-01 4.685111e-05 3.941220e-04
2.391661e-01 -6.084889e-05 4.012812e-04
2.394369e-01 5.025044e-05 3.987798e-04
2.397078e-01 5.377196e-04 4.071410e-04
2.399786e-01 -1.249015e-04 4.105016e-04
2.402494e-01 2.049841e-05 4.184385e-04
2.405202e-01 -1.708902e-04 4.201553e-04
2.407910e-01 -1.028830e-03 4.280456e-04
2.410618e-01 2.778489e-04 4.319135e-04
2.413326e-01 2.630204e-04 4.383120e-04
2.416034e-01 3.185123e-07 4.364302e-04
2.418743e-01 -2.394095e-04 4.470424e-04
2.421451e-01 4.448798e-04 4.511436e-04
2.424159e-01 2.727490e-04 4.539082e-04
2.426867e-01 8.430332e-06 4.555308e-04
2.429575e-01 1.158901e-04 4.682093e-04
2.432283e-01 -3.638696e-04 4.721260e-04
2.434992e-01 1.266506e-04 4.746388e-04
2.437700e-01 -9.970814e-04 4.786544e-04
2.440408e-01 3.481694e-04 4.931904e-04
2.443116e-01 -2.177507e-04 4.965370e-04
2.445824e-01 -4.483610e-04 4.923310e-04
2.448532e-01 -7.987302e-04 5.034905e-04
2.451240e-01 1.032159e-03 5.189154e-04
2.453949e-01 -8.544400e-04 5.216527e-04
2.456657e-01 -6.056409e-04 5.237267e-04
2.459365e-01 -1.037581e-03 5.277969e-04
2.462073e-01 1.864396e-04 5.438190e-04
2.464781e-01 -4.864987e-04 5.611567e-04
2.467489e-01 7.036403e-04 5.565159e-04
2.470197e-01 -9.677000e-04 5.625464e-04
2.472906e-01 -5.157702e-04 5.724412e-04
2.475614e-01 1.382083e-05 5.901261e-04
2.478322e-01 -4.984289e-04 6.011821e-04
2.481030e-01 -7.437188e-04 5.893474e-04
2.483738e-01 3.661811e-04 6.131603e-04
2.486446e-01 -2.774689e-04 6.406718e-04
2.489154e-01 2.177097e-04 6.571553e-04
2.491863e-01 -1.007969e-03 6.433993e-04
2.494571e-01 -9.319298e-04 6.555756e-04
2.497279e-01 9.919498e-04 6.986753e-04
2.499987e-01 1.374409e-04 7.250001e-04
2.502695e-01 6.513894e-04 7.223427e-04
2.505403e-01 1.219170e-03 7.483605e-04
2.508111e-01 1.808703e-04 7.588840e-04
2.510819e-01 5.882047e-05 7.749034e-04
2.513528e-01 -8.120909e-04 7.855544e-04
2.516236e-01 5.749986e-05 8.155867e-04
2.518944e-01 -6.982498e-04 8.246028e-04
2.521652e-01 6.614011e-04 8.922649e-04
2.524360e-01 1.344196e-04 9.308071e-04
2.527068e-01 -4.639402e-04 8.645468e-04
2.529776e-01 -5.608406e-04 9.652320e-04
2.532485e-01 6.627794e-04 9.777666e-04
2.535193e-01 -1.549888e-03 1.007927e-03
2.537901e-01 -2.346300e-04 1.017452e-03
2.540609e-01 -2.376400e-04 1.020046e-03
2.543317e-01 -1.835190e-04 1.069106e-03
2.546025e-01 -1.020551e-03 1.082207e-03
2.548733e-01 8.045789e-04 1.153994e-03
2.551441e-01 -5.639903e-05 1.160153e-03
2.554150e-01 -2.153289e-03 1.203587e-03
2.556858e-01 1.151461e-03 1.314506e-03
2.559566e-01 -3.725085e-04 1.373378e-03
2.562274e-01 8.244216e-04 1.391926e-03
2.564982e-01 -8.153915e-05 1.518777e-03
2.567690e-01 -1.014361e-03 1.714393e-03
2.570398e-01 1.030421e-03 1.875062e-03
2.573107e-01 3.288612e-04 2.274592e-03
2.575815e-01 1.406331e-03 2.965732e-03
2.578523e-01 1.357118e-03 4.130234e-03
2.581231e-01 6.123669e-03 5.467228e-03
