3.286826e-03 1.069317e-01 0.000000e+00
3.557641e-03 2.777452e-01 7.840488e-02
3.828455e-03 2.414451e-01 4.936827e-02
4.099269e-03 1.891370e-01 3.728884e-02
4.370084e-03 1.780429e-01 2.767933e-02
4.640898e-03 1.606128e-01 1.948818e-02
4.911712e-03 1.602570e-01 1.704591e-02
5.182527e-03 1.354980e-01 1.316143e-02
5.453341e-03 1.181530e-01 1.196193e-02
5.724155e-03 1.173739e-01 9.222359e-03
5.994970e-03 9.847391e-02 8.053743e-03
6.265784e-03 9.552509e-02 6.602945e-03
6.536598e-03 8.621740e-02 5.394342e-03
6.807412e-03 9.402734e-02 5.080768e-03
7.078227e-03 7.724708e-02 4.319588e-03
7.349041e-03 7.381392e-02 3.870070e-03
7.619855e-03 6.446627e-02 3.417645e-03
7.890671e-03 6.546980e-02 3.071758e-03
8.161485e-03 5.655470e-02 2.767555e-03
8.432299e-03 5.612209e-02 2.492206e-03
8.703114e-03 5.074412e-02 2.320887e-03
8.973928e-03 4.760212e-02 2.087489e-03
9.244742e-03 4.757741e-02 1.905074e-03
9.515557e-03 4.727449e-02 1.762907e-03
9.786371e-03 4.361270e-02 1.657771e-03
1.005718e-02 3.803429e-02 1.539139e-03
1.032800e-02 3.679590e-02 1.439261e-03
1.059881e-02 3.485729e-02 1.371915e-03
1.086963e-02 3.357930e-02 1.290238e-03
1.114044e-02 3.140441e-02 1.208436e-03
1.141126e-02 3.091820e-02 1.135640e-03
1.168207e-02 2.513730e-02 1.098065e-03
1.195289e-02 2.624360e-02 1.067029e-03
1.222370e-02 2.463780e-02 1.024360e-03
1.249451e-02 2.452359e-02 9.594835e-04
1.276533e-02 2.232140e-02 9.246479e-04
1.303614e-02 1.928498e-02 8.638131e-04
1.330696e-02 1.964290e-02 8.370326e-04
1.357777e-02 2.001901e-02 8.214196e-04
1.384859e-02 1.860604e-02 7.870681e-04
1.411940e-02 1.742844e-02 7.519862e-04
1.439021e-02 1.725588e-02 7.184893e-04
1.466103e-02 1.734008e-02 7.041371e-04
1.493184e-02 1.709559e-02 6.951568e-04
1.520266e-02 1.435406e-02 6.734013e-04
1.547347e-02 1.414587e-02 6.452260e-04
1.574429e-02 1.365882e-02 6.295248e-04
1.601510e-02 1.348296e-02 6.202973e-04
1.628591e-02 1.244434e-02 6.038695e-04
1.655673e-02 1.175482e-02 5.886438e-04
1.682754e-02 1.158337e-02 5.773070e-04
1.709836e-02 1.047344e-02 5.565818e-04
1.736917e-02 9.963401e-03 5.535196e-04
1.763999e-02 1.006058e-02 5.378166e-04
1.791080e-02 1.018080e-02 5.197034e-04
1.818161e-02 8.599821e-03 5.232923e-04
1.845243e-02 9.435300e-03 5.251082e-04
1.872324e-02 9.432603e-03 5.121685e-04
1.899406e-02 8.376259e-03 5.024114e-04
1.926487e-02 6.638821e-03 4.972041e-04
1.953569e-02 6.967198e-03 4.945404e-04
1.980650e-02 7.829640e-03 4.885090e-04
2.007731e-02 6.560773e-03 4.837211e-04
2.034813e-02 6.531939e-03 4.841345e-04
2.061894e-02 6.717008e-03 4.751270e-04
2.088976e-02 7.000159e-03 4.671647e-04
2.116057e-02 6.496511e-03 4.654036e-04
2.143139e-02 6.354559e-03 4.583322e-04
2.170220e-02 6.203443e-03 4.640237e-04
2.197302e-02 6.221920e-03 4.551773e-04
2.224383e-02 5.805880e-03 4.445106e-04
2.251465e-02 6.089441e-03 4.371267e-04
2.278546e-02 4.817691e-03 4.282552e-04
2.305627e-02 4.110340e-03 4.266434e-04
2.332709e-02 4.409920e-03 4.220475e-04
2.359790e-02 4.151598e-03 4.040591e-04
2.386872e-02 3.639612e-03 4.081206e-04
2.413953e-02 4.903961e-03 3.986402e-04
2.441034e-02 4.030190e-03 3.926951e-04
2.468116e-02 3.775880e-03 3.859640e-04
2.495197e-02 3.798880e-03 3.824898e-04
2.522279e-02 3.145557e-03 3.793207e-04
2.549360e-02 3.394991e-03 3.760101e-04
2.576442e-02 2.944928e-03 3.686911e-04
2.603523e-02 3.509540e-03 3.715870e-04
2.630604e-02 3.164321e-03 3.598822e-04
2.657686e-02 3.001500e-03 3.621080e-04
2.684767e-02 2.925690e-03 3.554963e-04
2.711849e-02 3.230080e-03 3.540326e-04
2.738930e-02 3.345240e-03 3.503809e-04
2.766012e-02 2.824672e-03 3.456321e-04
2.793093e-02 2.430029e-03 3.468230e-04
2.820175e-02 2.459880e-03 3.367779e-04
2.847256e-02 2.710730e-03 3.335429e-04
2.874337e-02 2.017450e-03 3.350562e-04
2.901419e-02 2.428830e-03 3.276183e-04
2.928500e-02 2.728671e-03 3.268722e-04
2.955582e-02 2.034660e-03 3.212246e-04
2.982663e-02 2.402548e-03 3.199268e-04
3.009745e-02 1.589429e-03 3.229571e-04
3.036826e-02 2.213299e-03 3.114235e-04
3.063907e-02 2.124261e-03 3.142334e-04
3.090989e-02 1.746379e-03 3.147319e-04
3.118070e-02 2.293359e-03 3.124312e-04
3.145152e-02 1.248877e-03 3.072186e-04
3.172233e-02 1.310918e-03 3.067939e-04
3.199315e-02 1.737732e-03 3.027751e-04
3.226396e-02 2.179172e-03 3.008524e-04
3.253478e-02 1.367290e-03 3.015068e-04
3.280559e-02 1.764849e-03 2.988046e-04
3.307641e-02 1.779869e-03 2.950343e-04
3.334722e-02 1.653068e-03 2.931575e-04
3.361803e-02 1.018338e-03 2.981058e-04
3.388885e-02 1.014218e-03 2.937028e-04
3.415966e-02 1.388501e-03 2.940586e-04
3.443048e-02 1.123160e-03 2.923568e-04
3.470129e-02 1.536941e-03 2.874273e-04
3.497211e-02 1.594398e-03 2.865078e-04
3.524292e-02 1.112340e-03 2.823076e-04
3.551374e-02 6.134808e-04 2.846016e-04
3.578455e-02 1.250379e-03 2.812961e-04
3.605536e-02 1.135852e-03 2.810816e-04
3.632618e-02 8.837394e-04 2.814963e-04
3.659699e-02 1.242379e-03 2.773955e-04
3.686780e-02 6.104782e-04 2.796012e-04
3.713862e-02 1.226069e-03 2.744877e-04
3.740944e-02 7.923376e-04 2.722522e-04
3.768025e-02 1.119450e-03 2.713906e-04
3.795106e-02 8.598287e-04 2.688700e-04
3.822188e-02 1.119122e-03 2.701027e-04
3.849269e-02 7.931013e-04 2.656098e-04
3.876351e-02 2.652798e-04 2.652481e-04
3.903432e-02 7.033497e-04 2.651571e-04
3.930514e-02 1.167299e-03 2.649176e-04
3.957595e-02 1.024229e-03 2.628063e-04
3.984676e-02 1.105869e-03 2.580410e-04
4.011758e-02 8.199997e-04 2.608277e-04
4.038839e-02 1.118660e-03 2.576962e-04
4.065921e-02 4.775301e-04 2.568100e-04
4.093002e-02 9.461697e-04 2.568619e-04
4.120084e-02 4.956797e-04 2.571715e-04
4.147165e-02 5.942900e-04 2.545046e-04
4.174246e-02 5.979203e-04 2.550340e-04
4.201328e-02 1.297910e-03 2.520389e-04
4.228409e-02 3.267191e-04 2.527810e-04
4.255491e-02 5.246606e-04 2.491819e-04
4.282572e-02 6.564800e-04 2.520236e-04
4.309653e-02 3.832392e-04 2.478413e-04
4.336735e-02 6.336216e-04 2.481377e-04
4.363817e-02 7.347800e-04 2.465989e-04
4.390898e-02 7.263944e-05 2.473092e-04
4.417979e-02 4.496500e-04 2.472715e-04
4.445061e-02 6.480794e-04 2.430231e-04
4.472142e-02 3.831908e-04 2.413837e-04
4.499224e-02 9.861030e-05 2.443934e-04
4.526305e-02 9.223800e-04 2.409404e-04
4.553387e-02 7.035695e-04 2.409215e-04
4.580468e-02 5.079005e-04 2.400253e-04
4.607549e-02 3.740899e-04 2.392923e-04
4.634631e-02 7.139295e-04 2.368127e-04
4.661712e-02 6.496608e-04 2.392325e-04
4.688794e-02 5.932506e-04 2.370860e-04
4.715875e-02 6.906185e-04 2.356527e-04
4.742957e-02 2.866816e-04 2.315063e-04
4.770038e-02 4.235990e-04 2.329898e-04
4.797119e-02 5.849600e-04 2.322225e-04
4.824201e-02 2.882313e-04 2.300338e-04
4.851282e-02 5.646590e-04 2.325805e-04
4.878364e-02 6.682202e-04 2.304459e-04
4.905445e-02 4.760195e-04 2.285829e-04
4.932526e-02 3.522299e-04 2.290196e-04
4.959608e-02 1.448896e-04 2.270792e-04
4.986690e-02 8.326024e-05 2.275275e-04
5.013771e-02 2.472792e-04 2.271745e-04
5.040852e-02 2.506189e-04 2.261189e-04
5.067934e-02 4.123487e-04 2.272719e-04
5.095015e-02 6.892104e-04 2.231752e-04
5.122096e-02 -4.132837e-05 2.237145e-04
5.149178e-02 5.375706e-04 2.230402e-04
5.176260e-02 7.344186e-04 2.235470e-04
5.203341e-02 5.102605e-04 2.233350e-04
5.230422e-02 4.834402e-04 2.194048e-04
5.257504e-02 5.228389e-04 2.216563e-04
5.284585e-02 2.409108e-04 2.195323e-04
5.311667e-02 6.448403e-04 2.199246e-04
5.338748e-02 2.696905e-04 2.235479e-04
5.365830e-02 -5.255081e-05 2.218708e-04
5.392911e-02 2.370700e-04 2.219726e-04
5.419992e-02 2.868697e-04 2.243207e-04
5.447074e-02 2.509914e-05 2.215888e-04
5.474155e-02 2.248306e-04 2.268232e-04
5.501237e-02 7.180870e-05 2.286213e-04
5.528318e-02 1.428816e-04 2.323826e-04
5.555400e-02 -1.875907e-04 2.331892e-04
5.582481e-02 3.497694e-04 2.335946e-04
5.609563e-02 3.983993e-04 2.333546e-04
5.636644e-02 3.534686e-04 2.363114e-04
5.663725e-02 3.027599e-04 2.361155e-04
5.690807e-02 3.010500e-04 2.365433e-04
5.717888e-02 3.826786e-04 2.348006e-04
5.744969e-02 -2.379399e-04 2.392419e-04
5.772051e-02 2.247598e-04 2.391549e-04
5.799133e-02 -3.413614e-04 2.372820e-04
5.826214e-02 6.362498e-04 2.380505e-04
5.853295e-02 3.435705e-04 2.392400e-04
5.880377e-02 4.580002e-04 2.391393e-04
5.907458e-02 2.666805e-04 2.383346e-04
5.934540e-02 8.488074e-05 2.409162e-04
5.961621e-02 2.964698e-04 2.429251e-04
5.988703e-02 1.294110e-04 2.420148e-04
6.015784e-02 -8.716993e-05 2.396841e-04
6.042865e-02 -2.787095e-04 2.427449e-04
6.069947e-02 3.310498e-04 2.368561e-04
6.097028e-02 1.574121e-05 2.387067e-04
6.124110e-02 5.128048e-05 2.333055e-04
6.151191e-02 -1.172200e-04 2.328554e-04
6.178273e-02 5.198494e-04 2.324618e-04
6.205354e-02 3.059395e-04 2.289836e-04
6.232436e-02 2.128799e-04 2.310876e-04
6.259517e-02 8.092076e-05 2.280548e-04
6.286598e-02 4.511885e-04 2.296068e-04
6.313679e-02 1.823492e-04 2.295099e-04
6.340761e-02 1.997501e-04 2.268939e-04
6.367842e-02 -3.908947e-05 2.266064e-04
6.394923e-02 3.259201e-04 2.262978e-04
6.422005e-02 4.414693e-04 2.282154e-04
6.449086e-02 4.857890e-04 2.291006e-04
6.476168e-02 2.962500e-04 2.242878e-04
6.503250e-02 -2.187993e-04 2.263615e-04
6.530331e-02 2.715606e-04 2.242111e-04
6.557412e-02 -1.343898e-04 2.260990e-04
6.584494e-02 2.196096e-04 2.254336e-04
6.611575e-02 -1.232605e-04 2.249385e-04
6.638657e-02 1.414996e-04 2.236273e-04
6.665738e-02 2.031103e-04 2.234077e-04
6.692819e-02 -5.075894e-04 2.230441e-04
6.719901e-02 9.723008e-05 2.223637e-04
6.746982e-02 -1.496896e-04 2.239767e-04
6.774063e-02 1.156703e-04 2.234260e-04
6.801146e-02 2.131797e-04 2.215715e-04
6.828227e-02 3.016610e-04 2.209536e-04
6.855308e-02 4.440807e-04 2.224434e-04
6.882390e-02 2.210494e-04 2.208582e-04
6.909471e-02 3.475398e-04 2.210270e-04
6.936552e-02 -1.880005e-04 2.191800e-04
6.963634e-02 -1.850016e-04 2.193853e-04
6.990715e-02 3.113095e-04 2.209284e-04
7.017796e-02 2.313405e-04 2.163681e-04
7.044878e-02 3.291797e-04 2.162472e-04
7.071959e-02 -4.597306e-04 2.167925e-04
7.099041e-02 -3.820807e-04 2.196648e-04
7.126123e-02 4.444793e-04 2.155378e-04
7.153204e-02 -1.301058e-05 2.151506e-04
7.180285e-02 1.519211e-04 2.179300e-04
7.207367e-02 1.778193e-04 2.156341e-04
7.234448e-02 -6.799959e-05 2.176372e-04
7.261530e-02 -2.720803e-04 2.146591e-04
7.288611e-02 2.702810e-04 2.149835e-04
7.315692e-02 2.944097e-04 2.135979e-04
7.342774e-02 3.416091e-05 2.152254e-04
7.369855e-02 -1.841001e-04 2.148705e-04
7.396936e-02 3.438015e-04 2.152040e-04
7.424019e-02 -7.599033e-05 2.144522e-04
7.451100e-02 -5.938113e-05 2.144979e-04
7.478181e-02 6.194972e-05 2.105503e-04
7.505263e-02 6.131306e-04 2.116696e-04
7.532344e-02 2.714712e-04 2.161431e-04
7.559425e-02 4.206989e-04 2.114595e-04
7.586507e-02 -4.091989e-04 2.147640e-04
7.613588e-02 4.061498e-04 2.120872e-04
7.640669e-02 2.034903e-04 2.113443e-04
7.667751e-02 2.454706e-04 2.126080e-04
7.694832e-02 1.952499e-04 2.119397e-04
7.721914e-02 -9.359792e-06 2.109660e-04
7.748996e-02 4.994608e-04 2.102915e-04
7.776077e-02 5.920809e-04 2.085213e-04
7.803158e-02 4.826300e-04 2.117253e-04
7.830240e-02 -1.070201e-04 2.082967e-04
7.857321e-02 -5.199946e-05 2.097780e-04
7.884403e-02 -4.774891e-05 2.104730e-04
7.911484e-02 1.363494e-04 2.074096e-04
7.938565e-02 3.227089e-04 2.104845e-04
7.965647e-02 2.429616e-04 2.072105e-04
7.992728e-02 5.010199e-04 2.075342e-04
8.019809e-02 2.537500e-04 2.081266e-04
8.046892e-02 8.245930e-05 2.065575e-04
8.073973e-02 -4.060008e-05 2.062431e-04
8.101054e-02 6.408989e-05 2.064116e-04
8.128136e-02 5.143136e-05 2.063666e-04
8.155217e-02 4.459172e-06 2.062216e-04
8.182298e-02 1.389533e-06 2.049992e-04
8.209380e-02 1.432206e-04 2.068299e-04
8.236461e-02 -1.138709e-04 2.050132e-04
8.263543e-02 1.324713e-04 2.059993e-04
8.290624e-02 -3.126077e-05 2.057868e-04
8.317705e-02 1.247004e-04 2.037261e-04
8.344787e-02 1.441203e-04 2.052321e-04
8.371869e-02 -1.928192e-04 2.048817e-04
8.398950e-02 1.675598e-04 2.025197e-04
8.426031e-02 1.137909e-04 2.042467e-04
8.453113e-02 1.377296e-04 2.016088e-04
8.480194e-02 4.497301e-04 2.025467e-04
8.507276e-02 3.060140e-05 2.042464e-04
8.534357e-02 2.550203e-04 2.018311e-04
8.561438e-02 1.765490e-04 2.012314e-04
8.588520e-02 -5.641952e-05 2.000426e-04
8.615601e-02 5.804002e-05 2.011627e-04
8.642682e-02 2.941210e-04 2.002999e-04
8.669765e-02 1.548305e-04 2.010723e-04
8.696846e-02 -1.985002e-04 2.011947e-04
8.723927e-02 2.523605e-04 1.990834e-04
8.751009e-02 -3.159214e-04 2.003028e-04
8.778090e-02 1.041498e-04 1.981054e-04
8.805171e-02 -3.569014e-05 2.003632e-04
8.832253e-02 7.198937e-05 1.996521e-04
8.859334e-02 3.713910e-04 2.007998e-04
8.886416e-02 2.520513e-04 1.987635e-04
8.913497e-02 3.968291e-04 1.984700e-04
8.940578e-02 2.041217e-04 1.984617e-04
8.967660e-02 2.430100e-04 1.976409e-04
8.994742e-02 1.746900e-04 1.980950e-04
9.021823e-02 -1.430102e-04 1.982000e-04
9.048904e-02 -1.020394e-04 1.975541e-04
9.075986e-02 8.165091e-05 1.979009e-04
9.103067e-02 3.073886e-04 1.970611e-04
9.130149e-02 2.912600e-04 1.966742e-04
9.157230e-02 -1.535695e-04 1.955477e-04
9.184311e-02 -1.567993e-04 1.975232e-04
9.211393e-02 -2.351999e-04 1.960837e-04
9.238474e-02 -2.520904e-05 1.964043e-04
9.265555e-02 6.463006e-05 1.969342e-04
9.292637e-02 1.434311e-04 1.942172e-04
9.319719e-02 -6.485917e-05 1.952663e-04
9.346800e-02 7.680990e-05 1.949803e-04
9.373882e-02 1.697298e-04 1.934802e-04
9.400963e-02 -6.051920e-05 1.959222e-04
9.428044e-02 1.754910e-04 1.945810e-04
9.455126e-02 1.690798e-04 1.936505e-04
9.482207e-02 -2.415814e-04 1.923812e-04
9.509289e-02 2.145097e-04 1.935130e-04
9.536370e-02 -2.053007e-05 1.942820e-04
9.563451e-02 2.048090e-04 1.912681e-04
9.590533e-02 2.039894e-04 1.934832e-04
9.617615e-02 2.980605e-04 1.919629e-04
9.644696e-02 8.356944e-05 1.921156e-04
9.671777e-02 1.474507e-04 1.916476e-04
9.698859e-02 2.390910e-04 1.903812e-04
9.725940e-02 -3.178976e-05 1.904004e-04
9.753022e-02 4.005097e-04 1.907242e-04
9.780103e-02 2.356507e-04 1.921864e-04
9.807184e-02 -3.551096e-04 1.911290e-04
9.834266e-02 -2.996605e-04 1.902687e-04
9.861347e-02 1.577400e-04 1.918582e-04
9.888428e-02 -9.752996e-05 1.891796e-04
9.915510e-02 -2.247300e-04 1.900542e-04
9.942592e-02 -1.330413e-04 1.892218e-04
9.969673e-02 -1.533888e-05 1.897656e-04
9.996755e-02 5.669147e-05 1.889792e-04
1.002384e-01 3.065094e-04 1.884600e-04
1.005092e-01 -1.351107e-04 1.902570e-04
1.007800e-01 2.283808e-04 1.885666e-04
1.010508e-01 8.967146e-05 1.902679e-04
1.013216e-01 -2.521016e-04 1.885237e-04
1.015924e-01 9.389594e-06 1.876750e-04
1.018632e-01 -1.957305e-04 1.886441e-04
1.021341e-01 -1.285300e-04 1.880852e-04
1.024049e-01 -8.663908e-05 1.876304e-04
1.026757e-01 1.904089e-04 1.862711e-04
1.029465e-01 1.827888e-04 1.864740e-04
1.032173e-01 1.501683e-04 1.875247e-04
1.034881e-01 2.803206e-04 1.857930e-04
1.037589e-01 -2.841502e-04 1.864681e-04
1.040298e-01 -7.924996e-05 1.847454e-04
1.043006e-01 1.689419e-06 1.867613e-04
1.045714e-01 2.629496e-04 1.865682e-04
1.048422e-01 9.247847e-05 1.854219e-04
1.051130e-01 1.404602e-04 1.842606e-04
1.053838e-01 3.333390e-04 1.851826e-04
1.056546e-01 -2.090707e-04 1.844861e-04
1.059255e-01 1.477990e-04 1.855193e-04
1.061963e-01 -2.334900e-04 1.840425e-04
1.064671e-01 5.076081e-05 1.847080e-04
1.067379e-01 3.165491e-04 1.851830e-04
1.070087e-01 2.895109e-05 1.858099e-04
1.072795e-01 6.496906e-05 1.820941e-04
1.075503e-01 -1.348797e-04 1.845801e-04
1.078212e-01 2.958290e-04 1.836254e-04
1.080920e-01 -1.616906e-04 1.820384e-04
1.083628e-01 1.886114e-05 1.830011e-04
1.086336e-01 1.133811e-04 1.822828e-04
1.089044e-01 2.884511e-04 1.835178e-04
1.091752e-01 1.766291e-04 1.824147e-04
1.094460e-01 5.340204e-06 1.819214e-04
1.097169e-01 1.325291e-04 1.826930e-04
1.099877e-01 -2.870392e-04 1.815032e-04
1.102585e-01 2.377592e-04 1.842200e-04
1.105293e-01 -1.447797e-04 1.839502e-04
1.108001e-01 -4.551001e-05 1.875457e-04
1.110709e-01 -3.574975e-05 1.882591e-04
1.113417e-01 2.183951e-05 1.860505e-04
1.116126e-01 1.958497e-04 1.895522e-04
1.118834e-01 2.024490e-04 1.875235e-04
1.121542e-01 4.143082e-05 1.902493e-04
1.124250e-01 3.438294e-04 1.921169e-04
1.126958e-01 3.563203e-04 1.921073e-04
1.129666e-01 -2.801977e-05 1.930553e-04
1.132374e-01 1.208000e-04 1.964377e-04
1.135083e-01 -4.494935e-05 1.990202e-04
1.137791e-01 1.624990e-04 1.988309e-04
1.140499e-01 -1.227707e-04 1.993212e-04
1.143207e-01 9.896979e-05 2.020495e-04
1.145915e-01 -1.647100e-04 2.032017e-04
1.148623e-01 -8.061901e-05 2.032604e-04
1.151332e-01 2.261493e-04 2.027602e-04
1.154040e-01 1.675598e-04 2.057113e-04
1.156748e-01 -1.750886e-06 2.062454e-04
1.159456e-01 3.853105e-04 2.093669e-04
1.162164e-01 5.057100e-04 2.088387e-04
1.164872e-01 2.326407e-04 2.099959e-04
1.167580e-01 -2.522506e-04 2.117475e-04
1.170288e-01 -5.261041e-05 2.120987e-04
1.172997e-01 -1.016073e-05 2.133572e-04
1.175705e-01 -1.149606e-04 2.131117e-04
1.178413e-01 -3.509037e-05 2.144331e-04
1.181121e-01 -1.688097e-04 2.119771e-04
1.183829e-01 -6.513111e-05 2.086399e-04
1.186537e-01 -8.109957e-05 2.088811e-04
1.189246e-01 1.620501e-04 2.068854e-04
1.191954e-01 -2.730098e-04 2.074022e-04
1.194662e-01 -1.226496e-04 2.083940e-04
1.197370e-01 5.111843e-05 2.065276e-04
1.200078e-01 5.420297e-06 2.070805e-04
1.202786e-01 3.200900e-04 2.061970e-04
1.205494e-01 -1.255311e-04 2.055878e-04
1.208202e-01 -1.684986e-04 2.073811e-04
1.210911e-01 -2.071001e-04 2.046548e-04
1.213619e-01 -1.007803e-04 2.067075e-04
1.216327e-01 3.027003e-04 2.050236e-04
1.219035e-01 -3.427900e-04 2.052549e-04
1.221743e-01 6.886944e-05 2.051542e-04
1.224451e-01 4.625209e-04 2.060376e-04
1.227160e-01 2.246592e-04 2.070584e-04
1.229868e-01 3.107395e-04 2.055336e-04
1.232576e-01 -1.411699e-04 2.072535e-04
1.235284e-01 -2.671964e-05 2.064236e-04
1.237992e-01 -1.674797e-04 2.068815e-04
1.240700e-01 -2.536215e-04 2.064888e-04
1.243408e-01 3.207903e-04 2.046969e-04
1.246117e-01 -3.590900e-04 2.056212e-04
1.248825e-01 6.692111e-05 2.051373e-04
1.251533e-01 6.416999e-05 2.033801e-04
1.254241e-01 -3.211014e-05 2.048385e-04
1.256949e-01 8.055009e-05 2.028379e-04
1.259657e-01 -1.851469e-06 2.032819e-04
1.262365e-01 1.640059e-05 2.033094e-04
1.265074e-01 4.480202e-04 2.021449e-04
1.267782e-01 -9.644963e-05 2.026022e-04
1.270490e-01 -9.593926e-05 2.022638e-04
1.273198e-01 -1.243502e-04 2.029503e-04
1.275906e-01 -4.769992e-04 2.011964e-04
1.278614e-01 2.021901e-04 2.019782e-04
1.281322e-01 3.981609e-04 2.007579e-04
1.284031e-01 2.371315e-04 2.000872e-04
1.286739e-01 1.246389e-04 2.008817e-04
1.289447e-01 3.607403e-04 2.001991e-04
1.292155e-01 1.546089e-04 2.009331e-04
1.294863e-01 -1.962613e-04 2.004546e-04
1.297571e-01 2.460796e-04 1.988851e-04
1.300279e-01 -5.696900e-05 1.987917e-04
1.302988e-01 6.612390e-07 1.997749e-04
1.305696e-01 -1.197197e-04 1.991643e-04
1.308404e-01 -1.290813e-06 1.983613e-04
1.311112e-01 2.268702e-06 2.008582e-04
1.313820e-01 -1.543295e-04 1.982739e-04
1.316528e-01 2.195500e-04 2.008060e-04
1.319236e-01 3.340989e-04 1.989948e-04
1.321945e-01 -1.468137e-05 1.977888e-04
1.324653e-01 -1.852494e-04 2.000032e-04
1.327361e-01 2.400018e-05 1.967997e-04
1.330069e-01 -2.177060e-05 1.993350e-04
1.332777e-01 -5.451962e-05 1.987759e-04
1.335485e-01 4.649684e-04 1.972022e-04
1.338193e-01 7.588975e-05 1.990964e-04
1.340902e-01 -7.764064e-05 1.971057e-04
1.343610e-01 -2.199300e-04 1.974886e-04
1.346318e-01 9.309500e-06 1.973643e-04
1.349026e-01 4.752912e-05 1.965292e-04
1.351734e-01 -2.159309e-04 1.984270e-04
1.354442e-01 4.710630e-06 1.965320e-04
1.357151e-01 -1.297891e-05 1.978590e-04
1.359859e-01 -7.282011e-05 1.958642e-04
1.362567e-01 -2.213791e-04 1.965546e-04
1.365275e-01 -1.795106e-04 1.957395e-04
1.367983e-01 -1.204498e-04 1.950113e-04
1.370691e-01 -2.211705e-04 1.967353e-04
1.373399e-01 -3.824998e-04 1.989952e-04
1.376107e-01 -2.510808e-04 2.016213e-04
1.378816e-01 8.580834e-05 2.029534e-04
1.381524e-01 1.335703e-04 2.034361e-04
1.384232e-01 3.702007e-05 2.070794e-04
1.386940e-01 -3.605988e-04 2.059586e-04
1.389648e-01 -2.856310e-04 2.063959e-04
1.392356e-01 -2.062004e-04 2.110863e-04
1.395064e-01 -1.469199e-04 2.080826e-04
1.397773e-01 1.459010e-05 2.095418e-04
1.400481e-01 1.740400e-04 2.102694e-04
1.403189e-01 2.689660e-06 2.127420e-04
1.405897e-01 1.015216e-04 2.121350e-04
1.408605e-01 1.913495e-04 2.119714e-04
1.411313e-01 -9.969994e-05 2.158030e-04
1.414021e-01 -8.446909e-05 2.141954e-04
1.416730e-01 -9.468012e-05 2.154870e-04
1.419438e-01 9.153970e-05 2.151138e-04
1.422146e-01 -6.530993e-05 2.154223e-04
1.424854e-01 2.429504e-04 2.175659e-04
1.427562e-01 -3.783889e-04 2.155305e-04
1.430270e-01 7.144175e-05 2.154984e-04
1.432979e-01 -1.669005e-04 2.155077e-04
1.435687e-01 2.686400e-04 2.174338e-04
1.438395e-01 -6.501935e-05 2.190733e-04
1.441103e-01 1.233909e-04 2.193971e-04
1.443811e-01 -2.258401e-04 2.185389e-04
1.446519e-01 1.204684e-04 2.200388e-04
1.449227e-01 3.289413e-04 2.221202e-04
1.451935e-01 2.163406e-04 2.207576e-04
1.454644e-01 1.406409e-04 2.234145e-04
1.457352e-01 4.183296e-04 2.230750e-04
1.460060e-01 9.477884e-05 2.213533e-04
1.462768e-01 1.555905e-04 2.238146e-04
1.465476e-01 6.041117e-05 2.251630e-04
1.468184e-01 -3.398899e-04 2.268157e-04
1.470892e-01 -3.041700e-04 2.250210e-04
1.473601e-01 -5.841069e-05 2.256621e-04
1.476309e-01 1.577809e-04 2.245860e-04
1.479017e-01 -3.763996e-04 2.241358e-04
1.481725e-01 4.762504e-04 2.244129e-04
1.484433e-01 5.119406e-04 2.231413e-04
1.487141e-01 -2.070144e-05 2.259438e-04
1.489850e-01 1.881197e-04 2.248906e-04
1.492558e-01 -5.609915e-05 2.229871e-04
1.495266e-01 3.469307e-04 2.248455e-04
1.497974e-01 -1.606494e-04 2.214152e-04
1.500682e-01 4.866906e-05 2.263974e-04
1.503390e-01 -3.215894e-04 2.256756e-04
1.506098e-01 2.866890e-04 2.233628e-04
1.508806e-01 -9.479001e-05 2.241123e-04
1.511515e-01 7.294863e-05 2.239926e-04
1.514223e-01 1.841001e-04 2.265158e-04
1.516931e-01 4.039593e-04 2.257052e-04
1.519639e-01 1.053102e-04 2.240506e-04
1.522347e-01 -5.203113e-04 2.253255e-04
1.525055e-01 3.839098e-04 2.253811e-04
1.527763e-01 1.606997e-04 2.268594e-04
1.530472e-01 3.155693e-04 2.228917e-04
1.533180e-01 1.209714e-04 2.248666e-04
1.535888e-01 -4.522111e-04 2.261322e-04
1.538596e-01 2.204087e-04 2.232274e-04
1.541304e-01 -2.019815e-04 2.253814e-04
1.544012e-01 -4.032068e-05 2.230063e-04
1.546721e-01 -2.820045e-06 2.271209e-04
1.549429e-01 1.661200e-04 2.254226e-04
1.552137e-01 1.152605e-04 2.256666e-04
1.554845e-01 -3.871992e-04 2.244111e-04
1.557553e-01 1.452900e-04 2.261515e-04
1.560261e-01 1.626797e-04 2.279952e-04
1.562969e-01 5.606003e-05 2.256999e-04
1.565678e-01 3.896803e-04 2.249801e-04
1.568386e-01 -8.466095e-05 2.266921e-04
1.571094e-01 1.086108e-04 2.259118e-04
1.573802e-01 -1.459084e-04 2.264487e-04
1.576510e-01 2.956502e-04 2.249737e-04
1.579218e-01 -2.243910e-04 2.277403e-04
1.581926e-01 -3.482960e-05 2.248946e-04
1.584634e-01 2.177805e-04 2.250400e-04
1.587343e-01 1.943856e-05 2.257031e-04
1.590051e-01 -3.618002e-05 2.240303e-04
1.592759e-01 -2.611596e-04 2.247563e-04
1.595467e-01 8.242950e-05 2.240983e-04
1.598175e-01 3.491994e-04 2.249285e-04
1.600883e-01 3.554709e-04 2.237284e-04
1.603591e-01 1.865905e-04 2.243427e-04
1.606300e-01 8.424930e-05 2.244697e-04
1.609008e-01 -1.482591e-04 2.221760e-04
1.611716e-01 3.501792e-04 2.236867e-04
1.614424e-01 -1.424402e-04 2.225183e-04
1.617132e-01 -1.550913e-04 2.242697e-04
1.619840e-01 9.520911e-05 2.241798e-04
1.622549e-01 -8.136034e-05 2.225687e-04
1.625257e-01 -4.239380e-06 2.237784e-04
1.627965e-01 1.619607e-04 2.228680e-04
1.630673e-01 -1.077801e-04 2.230183e-04
1.633381e-01 2.344605e-04 2.227003e-04
1.636089e-01 5.959198e-04 2.213833e-04
1.638797e-01 1.181494e-04 2.260553e-04
1.641506e-01 2.163313e-04 2.228886e-04
1.644214e-01 -7.039122e-05 2.235681e-04
1.646922e-01 3.828108e-04 2.218683e-04
1.649630e-01 -6.985106e-05 2.234302e-04
1.652338e-01 2.341699e-04 2.250537e-04
1.655046e-01 -7.226132e-05 2.232344e-04
1.657754e-01 2.354011e-05 2.230253e-04
1.660462e-01 -3.870390e-04 2.238290e-04
1.663171e-01 1.023691e-04 2.236877e-04
1.665879e-01 -2.700388e-04 2.228343e-04
1.668587e-01 -2.508201e-04 2.240679e-04
1.671295e-01 -1.249593e-04 2.262800e-04
1.674003e-01 1.990907e-04 2.245874e-04
1.676711e-01 -5.262159e-05 2.327200e-04
1.679420e-01 6.206892e-05 2.367204e-04
1.682128e-01 8.489005e-05 2.372564e-04
1.684836e-01 -1.254193e-04 2.421523e-04
1.687544e-01 1.372695e-04 2.429913e-04
1.690252e-01 4.399512e-04 2.453786e-04
1.692960e-01 -3.313199e-04 2.443450e-04
1.695668e-01 1.088306e-04 2.508439e-04
1.698377e-01 2.851002e-04 2.510236e-04
1.701085e-01 5.659405e-04 2.518355e-04
1.703793e-01 1.260396e-04 2.549984e-04
1.706501e-01 8.952059e-05 2.546980e-04
1.709209e-01 6.051790e-04 2.597979e-04
1.711917e-01 3.889091e-04 2.593278e-04
1.714625e-01 -1.937989e-04 2.598834e-04
1.717333e-01 1.221802e-04 2.644248e-04
1.720042e-01 -1.196396e-04 2.640558e-04
1.722750e-01 4.703589e-04 2.661401e-04
1.725458e-01 6.867945e-05 2.654153e-04
1.728166e-01 1.451597e-04 2.725696e-04
1.730874e-01 -1.066700e-04 2.714809e-04
1.733582e-01 -1.173094e-05 2.735697e-04
1.736291e-01 1.884904e-04 2.775229e-04
1.738999e-01 1.848508e-04 2.721619e-04
1.741707e-01 1.927484e-04 2.816417e-04
1.744415e-01 4.079789e-04 2.794692e-04
1.747123e-01 -1.833010e-04 2.828344e-04
1.749831e-01 -1.994092e-04 2.713662e-04
1.752539e-01 1.835898e-04 2.645563e-04
1.755248e-01 -8.801930e-05 2.629179e-04
1.757956e-01 2.416000e-04 2.589118e-04
1.760664e-01 3.152508e-04 2.621459e-04
1.763372e-01 -4.232097e-04 2.604620e-04
1.766080e-01 -4.442502e-04 2.578294e-04
1.768788e-01 3.749393e-04 2.587573e-04
1.771496e-01 3.892500e-04 2.543716e-04
1.774205e-01 -8.559041e-05 2.572799e-04
1.776913e-01 4.402399e-04 2.532988e-04
1.779621e-01 1.084898e-04 2.539703e-04
1.782329e-01 -7.287040e-05 2.525317e-04
1.785037e-01 -1.980923e-05 2.486434e-04
1.787745e-01 6.747991e-05 2.514789e-04
1.790453e-01 6.823055e-05 2.476536e-04
1.793161e-01 8.407980e-05 2.491429e-04
1.795870e-01 3.947504e-04 2.490387e-04
1.798578e-01 7.459894e-06 2.463794e-04
1.801286e-01 -2.449993e-04 2.492106e-04
1.803994e-01 3.576707e-04 2.442136e-04
1.806702e-01 -4.166402e-04 2.465171e-04
1.809410e-01 3.046915e-05 2.458791e-04
1.812119e-01 -9.252876e-05 2.445216e-04
1.814827e-01 -3.354400e-04 2.441368e-04
1.817535e-01 -6.052852e-05 2.424176e-04
1.820243e-01 1.095701e-04 2.462942e-04
1.822951e-01 4.034117e-05 2.449844e-04
1.825659e-01 -4.960410e-04 2.426716e-04
1.828367e-01 4.792958e-05 2.443897e-04
1.831076e-01 2.705697e-04 2.390084e-04
1.833784e-01 -3.503393e-04 2.452777e-04
1.836492e-01 -7.476099e-05 2.426914e-04
1.839200e-01 3.706012e-04 2.424016e-04
1.841908e-01 2.107099e-04 2.416565e-04
1.844616e-01 2.784394e-04 2.410012e-04
1.847324e-01 3.657602e-04 2.439054e-04
1.850033e-01 1.006909e-04 2.411397e-04
1.852741e-01 9.811111e-05 2.426198e-04
1.855449e-01 4.447997e-05 2.408502e-04
1.858157e-01 2.044793e-04 2.407837e-04
1.860865e-01 3.670491e-04 2.444388e-04
1.863573e-01 -4.653074e-05 2.384111e-04
1.866281e-01 -7.826090e-05 2.407887e-04
1.868990e-01 -2.196990e-04 2.387419e-04
1.871698e-01 2.538040e-05 2.402909e-04
1.874406e-01 4.038699e-04 2.438548e-04
1.877114e-01 2.324898e-04 2.385029e-04
1.879822e-01 3.808700e-04 2.431581e-04
1.882530e-01 -2.963096e-04 2.393537e-04
1.885238e-01 4.076399e-04 2.407425e-04
1.887947e-01 7.116050e-05 2.384644e-04
1.890655e-01 1.255386e-04 2.413405e-04
1.893363e-01 -2.970919e-05 2.405035e-04
1.896071e-01 -7.101893e-05 2.356153e-04
1.898779e-01 2.222601e-04 2.414037e-04
1.901487e-01 1.308415e-04 2.397760e-04
1.904195e-01 2.113916e-05 2.408638e-04
1.906904e-01 -8.378010e-04 2.432341e-04
1.909612e-01 -2.033990e-04 2.374329e-04
1.912320e-01 3.854297e-04 2.416942e-04
1.915028e-01 5.338993e-04 2.396639e-04
1.917736e-01 5.283952e-05 2.372778e-04
1.920444e-01 3.362391e-04 2.390172e-04
1.923153e-01 -2.051312e-04 2.368061e-04
1.925861e-01 5.707201e-04 2.402506e-04
1.928569e-01 -1.281388e-04 2.379073e-04
1.931277e-01 1.401100e-04 2.389851e-04
1.933985e-01 -2.179090e-04 2.404358e-04
1.936693e-01 8.310936e-05 2.383625e-04
1.939401e-01 -1.818705e-04 2.417174e-04
1.942109e-01 1.494996e-04 2.379157e-04
1.944818e-01 2.533495e-04 2.394952e-04
1.947526e-01 -9.419024e-05 2.414023e-04
1.950234e-01 1.614895e-04 2.390147e-04
1.952942e-01 -1.223683e-04 2.382451e-04
1.955650e-01 7.359870e-05 2.364449e-04
1.958358e-01 -3.778599e-04 2.388160e-04
1.961066e-01 1.316704e-04 2.375772e-04
1.963775e-01 7.910896e-04 2.386149e-04
1.966483e-01 -9.347126e-05 2.357581e-04
1.969191e-01 -1.074001e-05 2.384400e-04
1.971899e-01 1.907907e-05 2.385034e-04
1.974607e-01 -4.490204e-04 2.407359e-04
1.977315e-01 1.917109e-04 2.403894e-04
1.980023e-01 3.098100e-04 2.365514e-04
1.982732e-01 7.492863e-05 2.380916e-04
1.985440e-01 -1.961365e-06 2.386831e-04
1.988148e-01 5.390905e-04 2.393339e-04
1.990856e-01 -2.267994e-04 2.388523e-04
1.993564e-01 -2.120007e-04 2.396395e-04
1.996272e-01 1.661107e-04 2.387795e-04
1.998980e-01 -9.800121e-05 2.377229e-04
2.001689e-01 -2.660900e-04 2.361253e-04
2.004397e-01 8.609146e-06 2.343561e-04
2.007105e-01 -2.008192e-04 2.360277e-04
2.009813e-01 2.288315e-04 2.363067e-04
2.012521e-01 9.635091e-05 2.363773e-04
2.015229e-01 -1.432095e-04 2.361939e-04
2.017937e-01 -1.092199e-04 2.372800e-04
2.020646e-01 5.454011e-05 2.370734e-04
2.023354e-01 -1.866929e-05 2.357935e-04
2.026062e-01 1.224503e-04 2.355282e-04
2.028770e-01 3.238022e-05 2.366320e-04
2.031478e-01 3.792495e-04 2.351542e-04
2.034186e-01 4.026294e-04 2.356179e-04
2.036894e-01 -1.072697e-04 2.321039e-04
2.039603e-01 -3.888402e-04 2.336733e-04
2.042311e-01 7.102080e-05 2.337984e-04
2.045019e-01 -1.198184e-04 2.351404e-04
2.047727e-01 2.152193e-04 2.334629e-04
2.050435e-01 -1.629908e-04 2.328850e-04
2.053143e-01 9.026006e-05 2.341515e-04
2.055852e-01 1.492295e-04 2.337158e-04
2.058560e-01 2.574697e-04 2.309179e-04
2.061268e-01 1.283493e-04 2.320121e-04
2.063976e-01 1.188796e-04 2.324598e-04
2.066684e-01 1.070835e-05 2.325336e-04
2.069392e-01 -9.126961e-05 2.320643e-04
2.072100e-01 -1.363195e-04 2.315473e-04
2.074808e-01 4.153401e-04 2.318629e-04
2.077517e-01 -4.202873e-05 2.303758e-04
2.080225e-01 -6.167032e-05 2.317065e-04
2.082933e-01 -2.314206e-04 2.294195e-04
2.085641e-01 1.396984e-05 2.316373e-04
2.088349e-01 1.606401e-04 2.343352e-04
2.091057e-01 -1.365896e-04 2.305112e-04
2.093765e-01 -6.567873e-05 2.299373e-04
2.096474e-01 -2.592988e-05 2.315923e-04
2.099182e-01 2.438091e-04 2.325074e-04
2.101890e-01 -1.596306e-04 2.291749e-04
2.104598e-01 1.197606e-04 2.313262e-04
2.107306e-01 -1.960006e-04 2.316310e-04
2.110014e-01 -2.638008e-04 2.320933e-04
2.112723e-01 -1.341496e-04 2.310371e-04
2.115431e-01 5.500950e-05 2.304289e-04
2.118139e-01 -4.747100e-04 2.319486e-04
2.120847e-01 -1.230799e-04 2.320028e-04
2.123555e-01 3.761984e-05 2.325628e-04
2.126263e-01 -1.763999e-04 2.298201e-04
2.128971e-01 -4.519708e-04 2.305012e-04
2.131680e-01 -2.473593e-04 2.304582e-04
2.134388e-01 -4.624594e-04 2.299409e-04
2.137096e-01 -1.483038e-05 2.307027e-04
2.139804e-01 1.606811e-04 2.300135e-04
2.142512e-01 -9.796023e-05 2.308533e-04
2.145220e-01 -5.440786e-06 2.322588e-04
2.147928e-01 -9.116903e-05 2.304489e-04
2.150636e-01 4.682615e-04 2.299057e-04
2.153345e-01 -1.521967e-05 2.321399e-04
2.156053e-01 -2.181008e-04 2.314815e-04
2.158761e-01 3.709905e-04 2.321651e-04
2.161469e-01 1.281016e-04 2.276996e-04
2.164177e-01 1.691282e-06 2.300841e-04
2.166885e-01 3.655069e-05 2.320233e-04
2.169593e-01 -6.685965e-05 2.316087e-04
2.172302e-01 5.011074e-05 2.316248e-04
2.175010e-01 1.172107e-04 2.307070e-04
2.177718e-01 1.856405e-04 2.330034e-04
2.180426e-01 -2.140906e-04 2.333997e-04
2.183134e-01 1.167003e-04 2.281684e-04
2.185842e-01 -2.354812e-04 2.298713e-04
2.188551e-01 1.030043e-06 2.306383e-04
2.191259e-01 -4.447997e-05 2.320774e-04
2.193967e-01 -1.610182e-04 2.296016e-04
2.196675e-01 -3.579091e-04 2.287707e-04
2.199383e-01 9.166077e-05 2.286891e-04
2.202091e-01 9.799935e-05 2.285598e-04
2.204799e-01 2.711900e-04 2.274637e-04
2.207507e-01 -1.943205e-04 2.280654e-04
2.210216e-01 2.282299e-04 2.266259e-04
2.212924e-01 6.865691e-04 2.284653e-04
2.215632e-01 -1.491513e-04 2.268844e-04
2.218340e-01 -3.422983e-05 2.282992e-04
2.221048e-01 9.620562e-06 2.259657e-04
2.223756e-01 3.894214e-04 2.261803e-04
2.226464e-01 2.593715e-04 2.278775e-04
2.229173e-01 -7.924996e-05 2.261013e-04
2.231881e-01 6.229989e-05 2.260805e-04
2.234589e-01 1.113899e-04 2.275699e-04
2.237297e-01 3.220290e-04 2.265846e-04
2.240005e-01 -1.997501e-04 2.255561e-04
2.242713e-01 -1.434889e-04 2.242876e-04
2.245422e-01 -3.833100e-04 2.264380e-04
2.248130e-01 1.336988e-04 2.276046e-04
2.250838e-01 -1.483206e-04 2.255839e-04
2.253546e-01 -3.045313e-04 2.267986e-04
2.256254e-01 4.456006e-05 2.255201e-04
2.258962e-01 -2.060290e-04 2.277414e-04
2.261670e-01 3.983211e-04 2.355571e-04
2.264379e-01 -9.261072e-05 2.404315e-04
2.267087e-01 2.147406e-04 2.433645e-04
2.269795e-01 1.478698e-04 2.440005e-04
2.272503e-01 -1.179986e-04 2.474383e-04
2.275211e-01 9.175017e-05 2.516029e-04
2.277919e-01 4.661698e-04 2.539703e-04
2.280627e-01 -2.771094e-04 2.580545e-04
2.283335e-01 -5.893037e-05 2.614221e-04
2.286044e-01 -2.278704e-04 2.609272e-04
2.288752e-01 -2.200305e-04 2.648675e-04
2.291460e-01 7.059984e-05 2.635045e-04
2.294168e-01 4.630797e-04 2.707751e-04
2.296876e-01 3.849193e-04 2.730414e-04
2.299584e-01 8.348003e-05 2.729458e-04
2.302293e-01 -1.774170e-05 2.779965e-04
2.305001e-01 4.264601e-04 2.774016e-04
2.307709e-01 2.040602e-04 2.800901e-04
2.310417e-01 -9.519048e-05 2.842801e-04
2.313125e-01 -1.779012e-05 2.845323e-04
2.315833e-01 -2.444312e-04 2.846605e-04
2.318541e-01 -4.211292e-04 2.924786e-04
2.321250e-01 1.337007e-05 2.946440e-04
2.323958e-01 6.876197e-04 2.940124e-04
2.326666e-01 1.996383e-04 2.970332e-04
2.329374e-01 -1.309197e-04 3.020479e-04
2.332082e-01 5.210936e-05 2.990234e-04
2.334790e-01 -2.438296e-04 3.019921e-04
2.337498e-01 -4.092101e-04 3.093499e-04
2.340207e-01 6.930009e-04 3.109100e-04
2.342915e-01 -3.869999e-04 3.134489e-04
2.345623e-01 -8.776039e-05 3.130998e-04
2.348331e-01 2.843291e-04 3.167852e-04
2.351039e-01 -1.384690e-04 3.172879e-04
2.353747e-01 -2.596304e-04 3.215567e-04
2.356455e-01 1.051091e-04 3.264923e-04
2.359163e-01 -4.460290e-04 3.260110e-04
2.361872e-01 -2.719909e-04 3.329365e-04
2.364580e-01 -4.185308e-04 3.300288e-04
2.367288e-01 -8.523837e-05 3.357549e-04
2.369996e-01 -4.973002e-04 3.334354e-04
2.372704e-01 2.734400e-04 3.429538e-04
2.375412e-01 -5.770102e-04 3.403460e-04
2.378121e-01 -4.979204e-04 3.498929e-04
2.380829e-01 -6.561503e-04 3.466396e-04
2.383537e-01 1.781508e-04 3.499242e-04
2.386245e-01 -4.794598e-04 3.660902e-04
2.388953e-01 2.270993e-04 3.571892e-04
2.391661e-01 6.880388e-04 3.615125e-04
2.394369e-01 6.037299e-04 3.654013e-04
2.397078e-01 -1.919493e-04 3.753933e-04
2.399786e-01 -8.523092e-05 3.748172e-04
2.402494e-01 -1.070406e-04 3.794549e-04
2.405202e-01 -2.214592e-04 3.795530e-04
2.407910e-01 -1.922585e-04 3.847763e-04
2.410618e-01 5.560927e-05 3.911120e-04
2.413326e-01 2.584290e-04 3.917950e-04
2.416034e-01 -3.226586e-04 3.951343e-04
2.418743e-01 1.406409e-04 4.005656e-04
2.421451e-01 -3.734101e-04 4.064599e-04
2.424159e-01 -7.476509e-04 4.079136e-04
2.426867e-01 -6.975979e-05 4.124663e-04
2.429575e-01 -1.231004e-04 4.223381e-04
2.432283e-01 -3.042389e-04 4.272729e-04
2.434992e-01 -3.163405e-04 4.279861e-04
2.437700e-01 -3.931001e-04 4.357377e-04
2.440408e-01 -9.089801e-04 4.430783e-04
2.443116e-01 -5.892701e-04 4.562592e-04
2.445824e-01 -3.781002e-04 4.555491e-04
2.448532e-01 -5.707014e-04 4.540132e-04
2.451240e-01 2.383906e-04 4.648297e-04
2.453949e-01 -6.007794e-04 4.742804e-04
2.456657e-01 2.400707e-04 4.738303e-04
2.459365e-01 1.276787e-04 4.808783e-04
2.462073e-01 -3.574695e-04 4.870438e-04
2.464781e-01 -2.445299e-04 5.013969e-04
2.467489e-01 3.072601e-04 5.133917e-04
2.470197e-01 -1.599304e-04 5.129404e-04
2.472906e-01 1.438297e-04 5.149115e-04
2.475614e-01 5.893912e-04 5.366758e-04
2.478322e-01 -7.829890e-04 5.443204e-04
2.481030e-01 5.272608e-04 5.424592e-04
2.483738e-01 -9.776093e-05 5.458394e-04
2.486446e-01 -2.458598e-04 5.912554e-04
2.489154e-01 -5.729906e-04 5.963726e-04
2.491863e-01 3.189966e-05 5.857133e-04
2.494571e-01 9.387732e-07 6.081571e-04
2.497279e-01 6.987303e-04 6.269592e-04
2.499987e-01 3.680587e-06 6.505672e-04
2.502695e-01 4.861988e-04 6.547727e-04
2.505403e-01 -1.045130e-03 6.742356e-04
2.508111e-01 4.725810e-04 7.017317e-04
2.510819e-01 -5.946103e-04 7.293921e-04
2.513528e-01 2.273005e-04 7.107417e-04
2.516236e-01 8.557197e-04 7.483319e-04
2.518944e-01 1.112800e-04 7.640242e-04
2.521652e-01 8.798018e-05 8.297641e-04
2.524360e-01 1.754610e-03 8.258056e-04
2.527068e-01 -1.023393e-04 8.078308e-04
2.529776e-01 -1.971796e-04 8.471243e-04
2.532485e-01 9.154398e-04 8.965865e-04
2.535193e-01 -9.356998e-05 9.102613e-04
2.537901e-01 -5.589817e-04 8.934026e-04
2.540609e-01 2.184603e-04 8.906917e-04
2.543317e-01 -1.400290e-03 9.421395e-04
2.546025e-01 6.715190e-04 1.001042e-03
2.548733e-01 6.639194e-04 1.037585e-03
2.551441e-01 8.151121e-05 1.069869e-03
2.554150e-01 -5.375966e-05 1.159375e-03
2.556858e-01 -4.809350e-06 1.116610e-03
2.559566e-01 -4.484616e-04 1.303267e-03
2.562274e-01 4.116688e-04 1.324721e-03
2.564982e-01 -7.119607e-04 1.440372e-03
2.567690e-01 1.620691e-03 1.627759e-03
2.570398e-01 2.255261e-03 1.841845e-03
2.573107e-01 -9.735301e-04 1.867571e-03
2.575815e-01 -1.561090e-03 2.537767e-03
2.578523e-01 -3.424700e-03 3.030619e-03
2.581231e-01 -2.406139e-03 4.408364e-03
