3.286826e-03 9.550699e+01 0.000000e+00
3.557641e-03 1.144429e+02 2.788228e+00
3.828455e-03 8.636504e+01 1.602530e+00
4.099269e-03 6.523464e+01 1.131475e+00
4.370084e-03 4.814977e+01 7.621308e-01
4.640898e-03 3.559837e+01 4.870198e-01
4.911712e-03 2.676818e+01 3.624909e-01
5.182527e-03 2.048284e+01 2.452296e-01
5.453341e-03 1.614553e+01 1.942028e-01
5.724155e-03 1.274755e+01 1.245664e-01
5.994970e-03 1.046026e+01 1.045936e-01
6.265784e-03 8.619059e+00 7.869122e-02
6.536598e-03 7.232524e+00 5.579978e-02
6.807412e-03 6.156656e+00 4.831000e-02
7.078227e-03 5.278980e+00 3.785186e-02
7.349041e-03 4.613982e+00 2.895308e-02
7.619855e-03 4.037821e+00 2.395434e-02
7.890671e-03 3.569868e+00 2.071827e-02
8.161485e-03 3.104536e+00 1.796192e-02
8.432299e-03 2.783635e+00 1.552090e-02
8.703114e-03 2.502079e+00 1.342150e-02
8.973928e-03 2.216955e+00 1.186730e-02
9.244742e-03 1.969746e+00 1.070459e-02
9.515557e-03 1.769543e+00 1.010199e-02
9.786371e-03 1.598087e+00 8.967715e-03
1.005718e-02 1.435278e+00 8.332503e-03
1.032800e-02 1.290348e+00 7.128449e-03
1.059881e-02 1.173065e+00 6.754399e-03
1.086963e-02 1.050647e+00 6.064134e-03
1.114044e-02 9.561313e-01 5.635712e-03
1.141126e-02 8.613250e-01 5.078466e-03
1.168207e-02 7.893350e-01 4.647212e-03
1.195289e-02 7.181510e-01 4.308039e-03
1.222370e-02 6.598006e-01 4.073680e-03
1.249451e-02 5.985368e-01 3.758724e-03
1.276533e-02 5.509374e-01 3.664018e-03
1.303614e-02 5.088906e-01 3.292048e-03
1.330696e-02 4.693176e-01 3.235992e-03
1.357777e-02 4.319046e-01 3.018407e-03
1.384859e-02 3.975464e-01 2.805632e-03
1.411940e-02 3.717305e-01 2.697007e-03
1.439021e-02 3.465189e-01 2.488621e-03
1.466103e-02 3.222976e-01 2.319011e-03
1.493184e-02 2.960307e-01 2.316206e-03
1.520266e-02 2.759045e-01 2.120622e-03
1.547347e-02 2.561999e-01 2.050319e-03
1.574429e-02 2.404793e-01 1.997357e-03
1.601510e-02 2.217182e-01 1.878773e-03
1.628591e-02 2.064780e-01 1.847446e-03
1.655673e-02 1.961262e-01 1.750661e-03
1.682754e-02 1.801156e-01 1.753105e-03
1.709836e-02 1.666795e-01 1.631935e-03
1.736917e-02 1.592747e-01 1.583593e-03
1.763999e-02 1.500768e-01 1.573786e-03
1.791080e-02 1.400633e-01 1.457537e-03
1.818161e-02 1.305365e-01 1.430546e-03
1.845243e-02 1.228650e-01 1.405099e-03
1.872324e-02 1.167625e-01 1.407833e-03
1.899406e-02 1.079539e-01 1.344434e-03
1.926487e-02 1.033938e-01 1.325573e-03
1.953569e-02 9.836283e-02 1.279676e-03
1.980650e-02 9.164037e-02 1.264339e-03
2.007731e-02 8.790758e-02 1.197592e-03
2.034813e-02 8.168320e-02 1.209952e-03
2.061894e-02 7.706395e-02 1.199655e-03
2.088976e-02 7.025620e-02 1.108870e-03
2.116057e-02 6.797595e-02 1.084932e-03
2.143139e-02 6.400272e-02 1.092609e-03
2.170220e-02 6.281674e-02 1.093032e-03
2.197302e-02 5.910050e-02 1.053947e-03
2.224383e-02 5.800286e-02 1.034931e-03
2.251465e-02 5.347841e-02 1.002691e-03
2.278546e-02 5.042040e-02 9.782342e-04
2.305627e-02 4.822904e-02 9.476241e-04
2.332709e-02 4.668818e-02 9.050879e-04
2.359790e-02 4.284978e-02 8.893442e-04
2.386872e-02 4.174886e-02 8.727699e-04
2.413953e-02 3.989706e-02 8.709126e-04
2.441034e-02 3.831129e-02 8.479088e-04
2.468116e-02 3.781094e-02 8.362481e-04
2.495197e-02 3.408688e-02 8.098238e-04
2.522279e-02 3.354916e-02 8.098132e-04
2.549360e-02 3.207026e-02 7.868205e-04
2.576442e-02 3.098923e-02 7.700727e-04
2.603523e-02 2.864564e-02 7.445503e-04
2.630604e-02 2.683049e-02 7.323405e-04
2.657686e-02 2.639059e-02 7.354029e-04
2.684767e-02 2.476239e-02 7.102531e-04
2.711849e-02 2.419557e-02 7.074649e-04
2.738930e-02 2.267765e-02 6.934757e-04
2.766012e-02 2.303099e-02 6.824037e-04
2.793093e-02 2.171059e-02 6.878723e-04
2.820175e-02 2.228256e-02 6.672466e-04
2.847256e-02 2.027963e-02 6.521867e-04
2.874337e-02 1.802915e-02 6.419398e-04
2.901419e-02 1.811733e-02 6.240626e-04
2.928500e-02 1.779666e-02 6.193345e-04
2.955582e-02 1.693946e-02 6.136102e-04
2.982663e-02 1.719272e-02 6.154111e-04
3.009745e-02 1.643981e-02 6.144835e-04
3.036826e-02 1.597077e-02 5.851955e-04
3.063907e-02 1.503484e-02 5.853204e-04
3.090989e-02 1.431636e-02 5.774512e-04
3.118070e-02 1.386183e-02 5.868290e-04
3.145152e-02 1.382455e-02 5.627894e-04
3.172233e-02 1.437831e-02 5.621817e-04
3.199315e-02 1.327073e-02 5.557298e-04
3.226396e-02 1.328875e-02 5.658523e-04
3.253478e-02 1.397895e-02 5.594130e-04
3.280559e-02 1.193755e-02 5.435336e-04
3.307641e-02 1.244598e-02 5.492896e-04
3.334722e-02 1.171700e-02 5.417616e-04
3.361803e-02 1.162069e-02 5.369312e-04
3.388885e-02 1.138202e-02 5.245799e-04
3.415966e-02 1.105340e-02 5.434620e-04
3.443048e-02 1.084171e-02 5.300494e-04
3.470129e-02 9.690780e-03 5.140597e-04
3.497211e-02 9.648029e-03 5.140686e-04
3.524292e-02 9.769298e-03 5.151173e-04
3.551374e-02 1.007757e-02 5.103173e-04
3.578455e-02 8.950461e-03 5.000968e-04
3.605536e-02 8.923300e-03 4.978539e-04
3.632618e-02 9.120129e-03 5.073054e-04
3.659699e-02 8.460499e-03 4.835357e-04
3.686780e-02 8.464191e-03 4.893424e-04
3.713862e-02 8.132920e-03 4.803723e-04
3.740944e-02 7.996321e-03 4.845920e-04
3.768025e-02 7.329993e-03 4.723418e-04
3.795106e-02 7.940479e-03 4.740174e-04
3.822188e-02 7.612709e-03 4.758282e-04
3.849269e-02 7.555548e-03 4.613759e-04
3.876351e-02 7.378191e-03 4.684618e-04
3.903432e-02 6.287321e-03 4.599673e-04
3.930514e-02 6.137658e-03 4.596786e-04
3.957595e-02 7.182587e-03 4.571334e-04
3.984676e-02 6.818190e-03 4.511103e-04
4.011758e-02 6.925680e-03 4.635362e-04
4.038839e-02 6.999519e-03 4.508144e-04
4.065921e-02 6.739020e-03 4.487610e-04
4.093002e-02 5.867708e-03 4.524572e-04
4.120084e-02 5.331881e-03 4.348266e-04
4.147165e-02 5.977698e-03 4.401582e-04
4.174246e-02 6.297769e-03 4.403089e-04
4.201328e-02 5.848289e-03 4.342343e-04
4.228409e-02 4.605070e-03 4.330329e-04
4.255491e-02 4.968520e-03 4.259126e-04
4.282572e-02 5.926609e-03 4.301798e-04
4.309653e-02 4.892349e-03 4.178591e-04
4.336735e-02 5.341012e-03 4.246930e-04
4.363817e-02 4.537530e-03 4.218918e-04
4.390898e-02 4.510153e-03 4.260852e-04
4.417979e-02 4.673813e-03 4.180828e-04
4.445061e-02 4.778638e-03 4.203968e-04
4.472142e-02 4.159182e-03 4.148396e-04
4.499224e-02 4.920442e-03 4.205273e-04
4.526305e-02 4.231751e-03 4.108185e-04
4.553387e-02 4.138809e-03 4.036560e-04
4.580468e-02 4.197530e-03 4.016228e-04
4.607549e-02 3.767790e-03 4.089950e-04
4.634631e-02 4.564041e-03 4.035145e-04
4.661712e-02 4.641300e-03 4.096527e-04
4.688794e-02 4.540648e-03 4.019270e-04
4.715875e-02 3.997840e-03 4.001272e-04
4.742957e-02 3.954349e-03 3.966732e-04
4.770038e-02 3.967920e-03 3.925698e-04
4.797119e-02 3.579181e-03 3.913525e-04
4.824201e-02 3.628649e-03 3.914560e-04
4.851282e-02 2.505900e-03 3.835023e-04
4.878364e-02 2.906630e-03 3.813914e-04
4.905445e-02 4.311681e-03 3.822282e-04
4.932526e-02 3.398990e-03 3.830347e-04
4.959608e-02 3.286751e-03 3.816579e-04
4.986690e-02 3.843311e-03 3.841350e-04
5.013771e-02 3.987372e-03 3.837748e-04
5.040852e-02 3.298549e-03 3.853022e-04
5.067934e-02 3.331032e-03 3.729236e-04
5.095015e-02 3.262039e-03 3.719992e-04
5.122096e-02 2.352910e-03 3.734364e-04
5.149178e-02 3.083851e-03 3.715989e-04
5.176260e-02 3.537249e-03 3.776801e-04
5.203341e-02 3.739191e-03 3.732886e-04
5.230422e-02 3.029199e-03 3.652269e-04
5.257504e-02 2.831422e-03 3.714975e-04
5.284585e-02 3.361588e-03 3.740229e-04
5.311667e-02 2.605179e-03 3.608501e-04
5.338748e-02 3.002631e-03 3.727430e-04
5.365830e-02 2.518438e-03 3.662605e-04
5.392911e-02 3.261909e-03 3.703758e-04
5.419992e-02 2.552278e-03 3.703230e-04
5.447074e-02 1.980098e-03 3.613615e-04
5.474155e-02 2.756301e-03 3.731504e-04
5.501237e-02 2.825389e-03 3.845145e-04
5.528318e-02 2.493940e-03 3.848983e-04
5.555400e-02 3.236622e-03 3.861911e-04
5.582481e-02 2.944138e-03 3.873927e-04
5.609563e-02 2.856869e-03 3.876914e-04
5.636644e-02 2.450639e-03 3.914357e-04
5.663725e-02 1.979180e-03 3.936655e-04
5.690807e-02 2.682701e-03 4.001951e-04
5.717888e-02 1.845812e-03 3.895703e-04
5.744969e-02 1.811551e-03 3.956490e-04
5.772051e-02 2.384949e-03 3.967354e-04
5.799133e-02 2.443502e-03 3.932725e-04
5.826214e-02 1.521252e-03 3.922379e-04
5.853295e-02 2.685321e-03 3.972099e-04
5.880377e-02 2.077531e-03 3.998608e-04
5.907458e-02 1.699241e-03 3.942206e-04
5.934540e-02 2.531240e-03 4.033018e-04
5.961621e-02 2.306301e-03 3.986222e-04
5.988703e-02 2.636021e-03 3.901681e-04
6.015784e-02 2.022529e-03 3.939562e-04
6.042865e-02 1.993628e-03 4.036621e-04
6.069947e-02 2.289509e-03 3.866818e-04
6.097028e-02 2.340222e-03 3.988182e-04
6.124110e-02 1.897741e-03 3.832616e-04
6.151191e-02 2.273500e-03 3.812386e-04
6.178273e-02 1.537539e-03 3.806427e-04
6.205354e-02 1.978882e-03 3.805692e-04
6.232436e-02 1.710830e-03 3.792554e-04
6.259517e-02 1.968732e-03 3.823131e-04
6.286598e-02 1.670592e-03 3.795998e-04
6.313679e-02 2.057271e-03 3.771983e-04
6.340761e-02 2.457250e-03 3.739554e-04
6.367842e-02 1.856409e-03 3.787052e-04
6.394923e-02 1.663361e-03 3.667920e-04
6.422005e-02 1.779260e-03 3.702419e-04
6.449086e-02 2.119619e-03 3.801326e-04
6.476168e-02 1.622891e-03 3.716164e-04
6.503250e-02 1.774149e-03 3.768299e-04
6.530331e-02 1.816420e-03 3.659794e-04
6.557412e-02 1.471929e-03 3.723140e-04
6.584494e-02 2.327539e-03 3.724465e-04
6.611575e-02 2.098411e-03 3.715294e-04
6.638657e-02 1.837609e-03 3.712611e-04
6.665738e-02 1.186702e-03 3.664754e-04
6.692819e-02 1.837609e-03 3.679664e-04
6.719901e-02 2.198469e-03 3.646620e-04
6.746982e-02 1.498839e-03 3.675358e-04
6.774063e-02 1.566380e-03 3.668734e-04
6.801146e-02 1.063868e-03 3.671225e-04
6.828227e-02 1.286319e-03 3.574928e-04
6.855308e-02 2.531590e-03 3.715318e-04
6.882390e-02 2.087630e-03 3.688257e-04
6.909471e-02 1.545139e-03 3.597308e-04
6.936552e-02 1.444409e-03 3.654641e-04
6.963634e-02 1.827972e-03 3.585534e-04
6.990715e-02 2.300430e-03 3.661632e-04
7.017796e-02 1.630472e-03 3.614614e-04
7.044878e-02 9.925794e-04 3.589454e-04
7.071959e-02 1.341492e-03 3.569988e-04
7.099041e-02 1.303181e-03 3.591320e-04
7.126123e-02 7.069483e-04 3.542361e-04
7.153204e-02 1.884390e-03 3.578847e-04
7.180285e-02 1.141120e-03 3.570204e-04
7.207367e-02 2.153991e-03 3.632803e-04
7.234448e-02 1.706170e-03 3.515964e-04
7.261530e-02 1.592182e-03 3.522060e-04
7.288611e-02 1.312800e-03 3.512720e-04
7.315692e-02 1.373440e-03 3.501348e-04
7.342774e-02 1.073681e-03 3.516494e-04
7.369855e-02 1.870159e-03 3.571398e-04
7.396936e-02 1.332531e-03 3.539097e-04
7.424019e-02 1.610219e-03 3.488071e-04
7.451100e-02 1.472900e-03 3.500713e-04
7.478181e-02 1.219159e-03 3.487159e-04
7.505263e-02 1.823150e-03 3.452210e-04
7.532344e-02 1.854930e-03 3.577292e-04
7.559425e-02 1.002191e-03 3.450146e-04
7.586507e-02 1.242969e-03 3.510811e-04
7.613588e-02 1.496410e-03 3.469211e-04
7.640669e-02 1.735520e-03 3.477043e-04
7.667751e-02 1.508001e-03 3.490243e-04
7.694832e-02 3.249871e-03 3.527850e-04
7.721914e-02 1.729319e-03 3.503863e-04
7.748996e-02 1.649270e-03 3.442537e-04
7.776077e-02 2.011199e-03 3.463669e-04
7.803158e-02 1.635060e-03 3.507099e-04
7.830240e-02 1.431400e-03 3.413165e-04
7.857321e-02 1.222420e-03 3.395769e-04
7.884403e-02 1.040651e-03 3.431977e-04
7.911484e-02 1.467580e-03 3.428685e-04
7.938565e-02 2.068181e-03 3.445641e-04
7.965647e-02 1.626009e-03 3.443292e-04
7.992728e-02 2.076451e-03 3.399208e-04
8.019809e-02 1.829190e-03 3.406358e-04
8.046892e-02 1.511389e-03 3.390159e-04
8.073973e-02 1.851549e-03 3.429363e-04
8.101054e-02 1.755770e-03 3.356569e-04
8.128136e-02 1.920750e-03 3.426286e-04
8.155217e-02 1.576640e-03 3.434452e-04
8.182298e-02 1.466518e-03 3.386599e-04
8.209380e-02 2.240479e-03 3.404266e-04
8.236461e-02 1.700250e-03 3.377642e-04
8.263543e-02 1.876840e-03 3.407471e-04
8.290624e-02 1.373790e-03 3.386985e-04
8.317705e-02 1.535369e-03 3.349100e-04
8.344787e-02 1.217891e-03 3.348533e-04
8.371869e-02 1.319701e-03 3.331850e-04
8.398950e-02 1.774069e-03 3.305765e-04
8.426031e-02 2.138611e-03 3.378175e-04
8.453113e-02 9.929314e-04 3.354091e-04
8.480194e-02 1.662159e-03 3.391862e-04
8.507276e-02 1.553789e-03 3.352371e-04
8.534357e-02 1.025170e-03 3.317688e-04
8.561438e-02 1.946231e-03 3.333085e-04
8.588520e-02 1.340099e-03 3.270796e-04
8.615601e-02 1.525311e-03 3.299584e-04
8.642682e-02 2.287351e-03 3.294542e-04
8.669765e-02 1.316631e-03 3.307165e-04
8.696846e-02 1.252638e-03 3.238580e-04
8.723927e-02 1.232320e-03 3.253534e-04
8.751009e-02 1.062950e-03 3.221953e-04
8.778090e-02 1.417940e-03 3.289240e-04
8.805171e-02 1.453700e-03 3.294899e-04
8.832253e-02 2.007531e-03 3.231741e-04
8.859334e-02 9.401385e-04 3.255268e-04
8.886416e-02 1.538871e-03 3.249950e-04
8.913497e-02 1.237970e-03 3.254051e-04
8.940578e-02 1.142161e-03 3.259820e-04
8.967660e-02 1.516171e-03 3.261762e-04
8.994742e-02 1.383871e-03 3.289907e-04
9.021823e-02 1.960441e-03 3.230123e-04
9.048904e-02 1.140729e-03 3.238509e-04
9.075986e-02 1.599690e-03 3.262216e-04
9.103067e-02 8.345991e-04 3.203449e-04
9.130149e-02 8.449499e-04 3.184549e-04
9.157230e-02 1.157250e-03 3.185897e-04
9.184311e-02 1.002800e-03 3.223328e-04
9.211393e-02 1.708031e-03 3.202050e-04
9.238474e-02 6.937087e-04 3.194874e-04
9.265555e-02 8.296203e-04 3.164490e-04
9.292637e-02 1.370540e-03 3.150758e-04
9.319719e-02 1.029670e-03 3.192397e-04
9.346800e-02 1.295999e-03 3.172891e-04
9.373882e-02 9.422097e-04 3.133659e-04
9.400963e-02 1.570171e-03 3.205537e-04
9.428044e-02 1.412001e-03 3.178597e-04
9.455126e-02 1.312170e-03 3.148319e-04
9.482207e-02 1.206139e-03 3.141516e-04
9.509289e-02 1.518389e-03 3.193621e-04
9.536370e-02 1.414010e-03 3.194586e-04
9.563451e-02 1.011949e-03 3.142932e-04
9.590533e-02 1.511650e-03 3.146858e-04
9.617615e-02 1.643490e-03 3.153023e-04
9.644696e-02 1.323469e-03 3.178056e-04
9.671777e-02 1.104731e-03 3.155049e-04
9.698859e-02 7.768106e-04 3.066063e-04
9.725940e-02 1.327110e-03 3.138310e-04
9.753022e-02 9.099115e-04 3.133144e-04
9.780103e-02 1.195999e-03 3.140994e-04
9.807184e-02 6.132498e-04 3.087955e-04
9.834266e-02 1.770640e-03 3.120976e-04
9.861347e-02 1.262810e-03 3.075150e-04
9.888428e-02 1.236768e-03 3.078968e-04
9.915510e-02 1.221389e-03 3.114225e-04
9.942592e-02 1.435231e-03 3.096700e-04
9.969673e-02 1.442660e-03 3.140680e-04
9.996755e-02 1.248181e-03 3.095985e-04
1.002384e-01 9.671208e-04 3.110804e-04
1.005092e-01 7.159095e-04 3.066628e-04
1.007800e-01 1.395101e-03 3.073837e-04
1.010508e-01 1.040410e-03 3.061404e-04
1.013216e-01 1.311351e-03 3.105261e-04
1.015924e-01 1.569269e-03 3.079321e-04
1.018632e-01 1.276819e-03 3.073499e-04
1.021341e-01 1.339890e-03 3.029836e-04
1.024049e-01 7.212386e-04 3.062095e-04
1.026757e-01 1.045460e-03 3.062065e-04
1.029465e-01 1.457160e-03 3.077221e-04
1.032173e-01 4.542302e-04 3.032098e-04
1.034881e-01 1.280330e-03 3.038006e-04
1.037589e-01 1.549730e-03 3.061724e-04
1.040298e-01 1.083810e-03 3.032367e-04
1.043006e-01 9.469297e-04 3.033497e-04
1.045714e-01 1.216222e-03 3.012497e-04
1.048422e-01 9.964705e-04 3.071639e-04
1.051130e-01 1.247611e-03 3.018378e-04
1.053838e-01 1.435069e-03 3.079936e-04
1.056546e-01 1.459200e-03 3.040705e-04
1.059255e-01 1.205880e-03 3.008180e-04
1.061963e-01 1.087110e-03 2.979843e-04
1.064671e-01 7.980298e-04 2.981360e-04
1.067379e-01 1.678770e-03 3.021513e-04
1.070087e-01 1.020670e-03 3.042030e-04
1.072795e-01 1.377899e-03 3.022760e-04
1.075503e-01 5.418006e-04 2.945248e-04
1.078212e-01 9.512287e-04 2.973744e-04
1.080920e-01 1.246331e-03 2.988321e-04
1.083628e-01 9.563901e-04 2.952400e-04
1.086336e-01 1.091730e-03 2.908271e-04
1.089044e-01 1.243899e-03 2.978556e-04
1.091752e-01 8.727796e-04 2.995342e-04
1.094460e-01 1.604650e-03 2.987919e-04
1.097169e-01 9.919610e-04 2.952987e-04
1.099877e-01 1.375729e-03 2.985014e-04
1.102585e-01 8.693598e-04 2.969635e-04
1.105293e-01 8.214992e-04 3.002691e-04
1.108001e-01 7.694792e-04 3.026521e-04
1.110709e-01 1.163520e-03 3.076444e-04
1.113417e-01 1.680071e-03 3.041675e-04
1.116126e-01 1.630271e-03 3.092378e-04
1.118834e-01 1.087980e-03 3.085750e-04
1.121542e-01 6.996486e-04 3.086434e-04
1.124250e-01 1.242280e-03 3.167367e-04
1.126958e-01 9.173397e-04 3.148334e-04
1.129666e-01 1.006940e-03 3.157979e-04
1.132374e-01 4.676506e-04 3.136762e-04
1.135083e-01 1.373390e-03 3.272742e-04
1.137791e-01 6.574895e-04 3.210145e-04
1.140499e-01 8.485094e-04 3.220357e-04
1.143207e-01 7.608291e-04 3.257433e-04
1.145915e-01 8.874312e-04 3.251024e-04
1.148623e-01 7.141605e-04 3.301253e-04
1.151332e-01 1.112249e-03 3.282029e-04
1.154040e-01 1.171721e-03 3.376991e-04
1.156748e-01 1.457790e-03 3.382348e-04
1.159456e-01 1.573900e-03 3.449397e-04
1.162164e-01 9.888001e-04 3.381928e-04
1.164872e-01 1.472231e-03 3.400869e-04
1.167580e-01 1.204250e-03 3.485273e-04
1.170288e-01 1.015300e-03 3.486755e-04
1.172997e-01 1.644660e-03 3.465044e-04
1.175705e-01 9.471010e-04 3.434484e-04
1.178413e-01 1.112660e-03 3.471697e-04
1.181121e-01 1.321450e-03 3.431309e-04
1.183829e-01 6.877501e-04 3.400827e-04
1.186537e-01 1.110090e-03 3.455372e-04
1.189246e-01 1.375701e-03 3.440037e-04
1.191954e-01 7.393211e-04 3.357872e-04
1.194662e-01 8.457508e-04 3.417204e-04
1.197370e-01 1.382319e-03 3.348278e-04
1.200078e-01 9.899288e-04 3.339860e-04
1.202786e-01 9.240303e-04 3.313906e-04
1.205494e-01 2.002081e-03 3.378386e-04
1.208202e-01 8.094218e-04 3.328118e-04
1.210911e-01 9.674598e-04 3.298079e-04
1.213619e-01 1.081470e-03 3.353500e-04
1.216327e-01 9.072609e-04 3.373199e-04
1.219035e-01 7.503815e-04 3.305611e-04
1.221743e-01 8.566901e-04 3.302727e-04
1.224451e-01 1.324620e-03 3.346114e-04
1.227160e-01 6.081797e-04 3.334641e-04
1.229868e-01 1.281580e-03 3.372930e-04
1.232576e-01 1.486151e-03 3.385431e-04
1.235284e-01 1.316110e-03 3.379899e-04
1.237992e-01 5.629193e-04 3.288887e-04
1.240700e-01 1.170689e-03 3.359281e-04
1.243408e-01 9.618104e-04 3.354821e-04
1.246117e-01 1.080191e-03 3.315187e-04
1.248825e-01 1.813950e-03 3.397911e-04
1.251533e-01 6.818101e-04 3.286456e-04
1.254241e-01 1.172651e-03 3.336814e-04
1.256949e-01 4.896689e-04 3.246794e-04
1.259657e-01 1.003210e-03 3.279102e-04
1.262365e-01 8.571111e-04 3.295125e-04
1.265074e-01 2.886485e-04 3.242873e-04
1.267782e-01 1.808040e-03 3.335140e-04
1.270490e-01 7.960293e-04 3.279707e-04
1.273198e-01 8.121300e-04 3.238251e-04
1.275906e-01 1.833720e-03 3.278157e-04
1.278614e-01 1.053631e-03 3.263650e-04
1.281322e-01 2.836399e-04 3.238815e-04
1.284031e-01 1.416501e-03 3.240087e-04
1.286739e-01 7.136408e-04 3.264085e-04
1.289447e-01 1.133490e-03 3.254681e-04
1.292155e-01 1.111088e-03 3.311932e-04
1.294863e-01 6.133504e-04 3.208892e-04
1.297571e-01 7.007886e-04 3.257741e-04
1.300279e-01 1.017690e-03 3.235174e-04
1.302988e-01 1.265021e-03 3.245588e-04
1.305696e-01 9.648595e-04 3.282945e-04
1.308404e-01 9.319689e-04 3.234460e-04
1.311112e-01 1.271820e-03 3.275811e-04
1.313820e-01 9.164903e-04 3.233759e-04
1.316528e-01 1.022020e-03 3.263215e-04
1.319236e-01 4.121400e-04 3.198431e-04
1.321945e-01 1.125010e-03 3.211070e-04
1.324653e-01 1.173200e-03 3.239480e-04
1.327361e-01 1.118140e-03 3.232853e-04
1.330069e-01 1.496769e-03 3.276631e-04
1.332777e-01 1.521209e-03 3.274504e-04
1.335485e-01 1.648121e-03 3.194676e-04
1.338193e-01 1.799120e-03 3.254399e-04
1.340902e-01 1.195319e-03 3.237782e-04
1.343610e-01 1.044990e-03 3.231140e-04
1.346318e-01 6.874111e-04 3.186890e-04
1.349026e-01 1.205619e-03 3.195191e-04
1.351734e-01 7.883199e-04 3.188676e-04
1.354442e-01 1.816159e-03 3.228684e-04
1.357151e-01 8.285604e-04 3.183891e-04
1.359859e-01 1.628339e-03 3.240118e-04
1.362567e-01 8.003004e-04 3.227400e-04
1.365275e-01 1.226149e-03 3.195689e-04
1.367983e-01 1.099339e-03 3.186819e-04
1.370691e-01 1.579521e-03 3.217386e-04
1.373399e-01 1.422070e-03 3.267932e-04
1.376107e-01 1.117799e-03 3.233656e-04
1.378816e-01 4.477594e-04 3.299882e-04
1.381524e-01 1.444260e-03 3.325627e-04
1.384232e-01 8.395985e-04 3.374679e-04
1.386940e-01 1.313111e-03 3.361579e-04
1.389648e-01 6.863084e-04 3.414140e-04
1.392356e-01 9.702090e-04 3.407180e-04
1.395064e-01 1.838207e-04 3.332128e-04
1.397773e-01 1.357920e-03 3.452727e-04
1.400481e-01 1.354221e-03 3.446187e-04
1.403189e-01 1.328981e-03 3.496291e-04
1.405897e-01 1.012141e-03 3.434115e-04
1.408605e-01 5.751904e-04 3.460750e-04
1.411313e-01 9.351205e-04 3.493197e-04
1.414021e-01 5.841199e-04 3.436506e-04
1.416730e-01 1.427541e-03 3.538795e-04
1.419438e-01 9.864401e-04 3.540014e-04
1.422146e-01 5.839299e-04 3.474940e-04
1.424854e-01 8.440204e-04 3.507749e-04
1.427562e-01 8.950401e-04 3.476169e-04
1.430270e-01 1.114279e-03 3.499348e-04
1.432979e-01 7.753801e-04 3.536966e-04
1.435687e-01 9.267908e-04 3.538938e-04
1.438395e-01 1.321349e-03 3.587193e-04
1.441103e-01 -5.196780e-07 3.539308e-04
1.443811e-01 9.133797e-04 3.591431e-04
1.446519e-01 6.542094e-04 3.568293e-04
1.449227e-01 1.417840e-03 3.637032e-04
1.451935e-01 7.392000e-04 3.599058e-04
1.454644e-01 1.710681e-03 3.658052e-04
1.457352e-01 1.026580e-03 3.644265e-04
1.460060e-01 5.938914e-04 3.588327e-04
1.462768e-01 1.140200e-03 3.684377e-04
1.465476e-01 1.575440e-03 3.648416e-04
1.468184e-01 4.009008e-04 3.699270e-04
1.470892e-01 1.347881e-03 3.731613e-04
1.473601e-01 7.970203e-04 3.670443e-04
1.476309e-01 7.701106e-04 3.665513e-04
1.479017e-01 1.104590e-03 3.630210e-04
1.481725e-01 5.049407e-04 3.650837e-04
1.484433e-01 1.115711e-03 3.646826e-04
1.487141e-01 1.315359e-03 3.696506e-04
1.489850e-01 9.371694e-04 3.647882e-04
1.492558e-01 1.276121e-03 3.679762e-04
1.495266e-01 8.567795e-04 3.705926e-04
1.497974e-01 1.211669e-03 3.538038e-04
1.500682e-01 5.428903e-04 3.633844e-04
1.503390e-01 9.958595e-04 3.629193e-04
1.506098e-01 3.433004e-04 3.648088e-04
1.508806e-01 7.995889e-04 3.604609e-04
1.511515e-01 7.466301e-04 3.618965e-04
1.514223e-01 7.008091e-04 3.615896e-04
1.516931e-01 2.632402e-04 3.648549e-04
1.519639e-01 6.469991e-04 3.648128e-04
1.522347e-01 7.108301e-04 3.682455e-04
1.525055e-01 1.899069e-03 3.676429e-04
1.527763e-01 7.352997e-04 3.711718e-04
1.530472e-01 1.110261e-03 3.609500e-04
1.533180e-01 1.150539e-03 3.640550e-04
1.535888e-01 1.338409e-03 3.657864e-04
1.538596e-01 3.238693e-04 3.680934e-04
1.541304e-01 1.339179e-03 3.700378e-04
1.544012e-01 5.130805e-04 3.638727e-04
1.546721e-01 8.687712e-04 3.718865e-04
1.549429e-01 7.229391e-04 3.767931e-04
1.552137e-01 4.736707e-04 3.663545e-04
1.554845e-01 1.107680e-03 3.699879e-04
1.557553e-01 1.077820e-03 3.715054e-04
1.560261e-01 1.432320e-03 3.647244e-04
1.562969e-01 2.467800e-04 3.603051e-04
1.565678e-01 1.237661e-03 3.634656e-04
1.568386e-01 9.421501e-04 3.687168e-04
1.571094e-01 9.488687e-04 3.651259e-04
1.573802e-01 1.084151e-03 3.718254e-04
1.576510e-01 6.032810e-04 3.646048e-04
1.579218e-01 1.223911e-03 3.710812e-04
1.581926e-01 1.091110e-03 3.662957e-04
1.584634e-01 1.148900e-03 3.657762e-04
1.587343e-01 1.522241e-03 3.661611e-04
1.590051e-01 4.685801e-04 3.655697e-04
1.592759e-01 5.612690e-04 3.609778e-04
1.595467e-01 1.007430e-03 3.653032e-04
1.598175e-01 1.157479e-03 3.657751e-04
1.600883e-01 7.537901e-04 3.624770e-04
1.603591e-01 8.682609e-04 3.576913e-04
1.606300e-01 5.449299e-04 3.624297e-04
1.609008e-01 6.735008e-04 3.573722e-04
1.611716e-01 1.056800e-03 3.658949e-04
1.614424e-01 7.971507e-04 3.647702e-04
1.617132e-01 8.206591e-04 3.659568e-04
1.619840e-01 1.051379e-03 3.626347e-04
1.622549e-01 7.302109e-04 3.651987e-04
1.625257e-01 9.814594e-04 3.620424e-04
1.627965e-01 2.241191e-04 3.613758e-04
1.630673e-01 1.133069e-03 3.599915e-04
1.633381e-01 1.100000e-03 3.604904e-04
1.636089e-01 5.582906e-04 3.599663e-04
1.638797e-01 6.301403e-04 3.632424e-04
1.641506e-01 8.449703e-04 3.664356e-04
1.644214e-01 1.093680e-03 3.598611e-04
1.646922e-01 1.144061e-03 3.647704e-04
1.649630e-01 7.376391e-04 3.638979e-04
1.652338e-01 7.164907e-04 3.642703e-04
1.655046e-01 5.283300e-04 3.596629e-04
1.657754e-01 9.810794e-04 3.611778e-04
1.660462e-01 5.930308e-04 3.608061e-04
1.663171e-01 8.839592e-04 3.618254e-04
1.665879e-01 9.895712e-04 3.672175e-04
1.668587e-01 4.532933e-05 3.623672e-04
1.671295e-01 5.401894e-04 3.591446e-04
1.674003e-01 1.123510e-03 3.615328e-04
1.676711e-01 1.077380e-03 3.771954e-04
1.679420e-01 1.046201e-03 3.841143e-04
1.682128e-01 1.002159e-03 3.798937e-04
1.684836e-01 4.368704e-04 3.942959e-04
1.687544e-01 8.048099e-04 3.978789e-04
1.690252e-01 9.661987e-04 3.968038e-04
1.692960e-01 5.617291e-04 3.912329e-04
1.695668e-01 1.056941e-03 4.031831e-04
1.698377e-01 1.228569e-03 4.051501e-04
1.701085e-01 7.082298e-04 4.093066e-04
1.703793e-01 1.327259e-03 4.170142e-04
1.706501e-01 7.840600e-04 4.094599e-04
1.709209e-01 1.100270e-03 4.174246e-04
1.711917e-01 9.187497e-04 4.156270e-04
1.714625e-01 1.714351e-03 4.260075e-04
1.717333e-01 1.809981e-03 4.342028e-04
1.720042e-01 2.371401e-03 4.349987e-04
1.722750e-01 1.587531e-03 4.338129e-04
1.725458e-01 8.761697e-04 4.299087e-04
1.728166e-01 1.241870e-03 4.355497e-04
1.730874e-01 5.198400e-04 4.374077e-04
1.733582e-01 4.423410e-04 4.404207e-04
1.736291e-01 1.307571e-03 4.528234e-04
1.738999e-01 1.159260e-03 4.446410e-04
1.741707e-01 7.167999e-04 4.544065e-04
1.744415e-01 2.116721e-03 4.642045e-04
1.747123e-01 1.395671e-03 4.555443e-04
1.749831e-01 8.980408e-04 4.397728e-04
1.752539e-01 9.043701e-04 4.328024e-04
1.755248e-01 7.020291e-04 4.282546e-04
1.757956e-01 9.696092e-04 4.188823e-04
1.760664e-01 1.190081e-03 4.277190e-04
1.763372e-01 6.085094e-04 4.202647e-04
1.766080e-01 1.787920e-03 4.219294e-04
1.768788e-01 1.089390e-03 4.181360e-04
1.771496e-01 1.002710e-03 4.082036e-04
1.774205e-01 8.079484e-04 4.139099e-04
1.776913e-01 1.070149e-03 4.171561e-04
1.779621e-01 1.329800e-03 4.130785e-04
1.782329e-01 8.840691e-04 4.071670e-04
1.785037e-01 1.310760e-03 4.050982e-04
1.787745e-01 1.306981e-03 4.099707e-04
1.790453e-01 8.517001e-04 4.012787e-04
1.793161e-01 4.983712e-04 4.057522e-04
1.795870e-01 1.287399e-03 4.054699e-04
1.798578e-01 9.323098e-04 3.983983e-04
1.801286e-01 1.108989e-03 4.053829e-04
1.803994e-01 1.137799e-03 3.938461e-04
1.806702e-01 3.968105e-04 3.984587e-04
1.809410e-01 1.346810e-03 4.003239e-04
1.812119e-01 9.489506e-04 3.950257e-04
1.814827e-01 1.213921e-03 3.941982e-04
1.817535e-01 5.595516e-04 3.906805e-04
1.820243e-01 3.828406e-04 3.994996e-04
1.822951e-01 7.028002e-04 3.934533e-04
1.825659e-01 9.529199e-04 3.968540e-04
1.828367e-01 7.181205e-04 4.013533e-04
1.831076e-01 9.418502e-04 3.912567e-04
1.833784e-01 1.438349e-03 3.965931e-04
1.836492e-01 1.052119e-03 3.973361e-04
1.839200e-01 1.367170e-03 3.970609e-04
1.841908e-01 1.134090e-03 3.883139e-04
1.844616e-01 7.021111e-04 3.862773e-04
1.847324e-01 8.476488e-04 4.033229e-04
1.850033e-01 1.233419e-03 3.923526e-04
1.852741e-01 9.076409e-04 3.875900e-04
1.855449e-01 6.674584e-04 3.888612e-04
1.858157e-01 6.094687e-04 3.864020e-04
1.860865e-01 9.930898e-04 3.838141e-04
1.863573e-01 1.279190e-04 3.893462e-04
1.866281e-01 1.242248e-03 3.964663e-04
1.868990e-01 1.273120e-03 3.936781e-04
1.871698e-01 8.242000e-04 3.953679e-04
1.874406e-01 7.991903e-04 3.917714e-04
1.877114e-01 1.123279e-03 3.903920e-04
1.879822e-01 1.180781e-03 3.972280e-04
1.882530e-01 1.075769e-03 3.872863e-04
1.885238e-01 1.394529e-03 3.885767e-04
1.887947e-01 3.790502e-04 3.897126e-04
1.890655e-01 1.630209e-03 4.010525e-04
1.893363e-01 7.200912e-04 3.938969e-04
1.896071e-01 8.778498e-04 3.841707e-04
1.898779e-01 1.533329e-03 3.959475e-04
1.901487e-01 1.555892e-03 3.888092e-04
1.904195e-01 1.124321e-03 3.927007e-04
1.906904e-01 1.076190e-03 3.949947e-04
1.909612e-01 7.994082e-04 3.868044e-04
1.912320e-01 1.373740e-03 3.934388e-04
1.915028e-01 8.505806e-04 3.873853e-04
1.917736e-01 7.651504e-04 3.917668e-04
1.920444e-01 8.443687e-04 3.858125e-04
1.923153e-01 1.842570e-03 3.918510e-04
1.925861e-01 1.653589e-03 3.943941e-04
1.928569e-01 1.644300e-03 3.884272e-04
1.931277e-01 1.294501e-03 3.901110e-04
1.933985e-01 1.502451e-03 3.920430e-04
1.936693e-01 1.385929e-03 3.882275e-04
1.939401e-01 1.728801e-03 3.886076e-04
1.942109e-01 1.363389e-03 3.901765e-04
1.944818e-01 1.651749e-03 3.911813e-04
1.947526e-01 1.734111e-03 3.953929e-04
1.950234e-01 4.095696e-04 3.792440e-04
1.952942e-01 3.619604e-04 3.884091e-04
1.955650e-01 1.096802e-03 3.896115e-04
1.958358e-01 2.764799e-04 3.827450e-04
1.961066e-01 1.047499e-03 3.878538e-04
1.963775e-01 1.020830e-03 3.928314e-04
1.966483e-01 9.308103e-04 3.895671e-04
1.969191e-01 1.522079e-03 3.943070e-04
1.971899e-01 6.874893e-04 3.836038e-04
1.974607e-01 1.617849e-03 3.896508e-04
1.977315e-01 2.361771e-03 3.930693e-04
1.980023e-01 1.388181e-03 3.860601e-04
1.982732e-01 1.400029e-03 3.927755e-04
1.985440e-01 1.631990e-03 3.868962e-04
1.988148e-01 2.012160e-03 3.924327e-04
1.990856e-01 1.357200e-03 3.958494e-04
1.993564e-01 1.564220e-03 3.856263e-04
1.996272e-01 1.191810e-03 3.863632e-04
1.998980e-01 1.230510e-03 3.845759e-04
2.001689e-01 1.738761e-03 3.929522e-04
2.004397e-01 1.290601e-03 3.878090e-04
2.007105e-01 1.775190e-03 3.808209e-04
2.009813e-01 1.642210e-03 3.839044e-04
2.012521e-01 1.587551e-03 3.886134e-04
2.015229e-01 1.478560e-03 3.847839e-04
2.017937e-01 1.286820e-03 3.874798e-04
2.020646e-01 1.414821e-03 3.862861e-04
2.023354e-01 5.497392e-04 3.871799e-04
2.026062e-01 7.269401e-04 3.759861e-04
2.028770e-01 1.351500e-03 3.865132e-04
2.031478e-01 1.162099e-03 3.840189e-04
2.034186e-01 1.547629e-03 3.842572e-04
2.036894e-01 1.178710e-03 3.788931e-04
2.039603e-01 1.594320e-03 3.873569e-04
2.042311e-01 1.132559e-03 3.808991e-04
2.045019e-01 7.994305e-04 3.772932e-04
2.047727e-01 1.813220e-03 3.818158e-04
2.050435e-01 1.369309e-03 3.811589e-04
2.053143e-01 1.294069e-03 3.833349e-04
2.055852e-01 1.313439e-03 3.770958e-04
2.058560e-01 1.524940e-03 3.824872e-04
2.061268e-01 4.845913e-04 3.767866e-04
2.063976e-01 2.051171e-03 3.838961e-04
2.066684e-01 1.164069e-03 3.764666e-04
2.069392e-01 1.790160e-03 3.818050e-04
2.072100e-01 1.243209e-03 3.748971e-04
2.074808e-01 2.049051e-03 3.751913e-04
2.077517e-01 5.535595e-04 3.755805e-04
2.080225e-01 2.000811e-03 3.802094e-04
2.082933e-01 1.128349e-03 3.749491e-04
2.085641e-01 1.467390e-03 3.833992e-04
2.088349e-01 1.681210e-03 3.781558e-04
2.091057e-01 1.462979e-03 3.767395e-04
2.093765e-01 1.943601e-03 3.851491e-04
2.096474e-01 2.294620e-03 3.852478e-04
2.099182e-01 1.787990e-03 3.880519e-04
2.101890e-01 1.865240e-03 3.774140e-04
2.104598e-01 2.759520e-03 3.868382e-04
2.107306e-01 3.488969e-03 3.894736e-04
2.110014e-01 2.613900e-03 3.907876e-04
2.112723e-01 4.159259e-03 3.935415e-04
2.115431e-01 4.195152e-03 3.890302e-04
2.118139e-01 5.357459e-03 3.976977e-04
2.120847e-01 5.864002e-03 4.016720e-04
2.123555e-01 6.872870e-03 4.108404e-04
2.126263e-01 9.349510e-03 4.117419e-04
2.128971e-01 1.106299e-02 4.295627e-04
2.131680e-01 1.463909e-02 4.426322e-04
2.134388e-01 2.068780e-02 4.693088e-04
2.137096e-01 2.126938e-02 4.683481e-04
2.139804e-01 1.580110e-02 4.486316e-04
2.142512e-01 1.220373e-02 4.273391e-04
2.145220e-01 8.835129e-03 4.172592e-04
2.147928e-01 6.915351e-03 4.123209e-04
2.150636e-01 6.522270e-03 4.044698e-04
2.153345e-01 4.780659e-03 4.014039e-04
2.156053e-01 4.379598e-03 3.939431e-04
2.158761e-01 3.134290e-03 3.882080e-04
2.161469e-01 3.316840e-03 3.928019e-04
2.164177e-01 2.532749e-03 3.877548e-04
2.166885e-01 2.323881e-03 3.840148e-04
2.169593e-01 2.021510e-03 3.844289e-04
2.172302e-01 2.595730e-03 3.792725e-04
2.175010e-01 2.102161e-03 3.786407e-04
2.177718e-01 2.096539e-03 3.762457e-04
2.180426e-01 2.145238e-03 3.806753e-04
2.183134e-01 1.933711e-03 3.771559e-04
2.185842e-01 1.931230e-03 3.789204e-04
2.188551e-01 1.993520e-03 3.738082e-04
2.191259e-01 1.242749e-03 3.767476e-04
2.193967e-01 1.116728e-03 3.687811e-04
2.196675e-01 1.317220e-03 3.763819e-04
2.199383e-01 9.683203e-04 3.760922e-04
2.202091e-01 1.095781e-03 3.759298e-04
2.204799e-01 1.115039e-03 3.710451e-04
2.207507e-01 2.053021e-03 3.775268e-04
2.210216e-01 1.621271e-03 3.729982e-04
2.212924e-01 1.684861e-03 3.678363e-04
2.215632e-01 1.778061e-03 3.693726e-04
2.218340e-01 5.696695e-04 3.721022e-04
2.221048e-01 2.020121e-03 3.701278e-04
2.223756e-01 4.926100e-04 3.657618e-04
2.226464e-01 1.163011e-03 3.761696e-04
2.229173e-01 1.528680e-03 3.717918e-04
2.231881e-01 8.324888e-04 3.658267e-04
2.234589e-01 9.988099e-04 3.649846e-04
2.237297e-01 1.800600e-04 3.651532e-04
2.240005e-01 1.403050e-03 3.711322e-04
2.242713e-01 1.269860e-03 3.646753e-04
2.245422e-01 8.925702e-04 3.606873e-04
2.248130e-01 1.084190e-03 3.666302e-04
2.250838e-01 6.107893e-04 3.665660e-04
2.253546e-01 1.125351e-03 3.724005e-04
2.256254e-01 1.825500e-03 3.693761e-04
2.258962e-01 1.674891e-03 3.704350e-04
2.261670e-01 1.459470e-03 3.822210e-04
2.264379e-01 1.186009e-03 3.899397e-04
2.267087e-01 1.420090e-03 4.001895e-04
2.269795e-01 1.294391e-03 3.982111e-04
2.272503e-01 1.162490e-03 4.078917e-04
2.275211e-01 1.171490e-03 4.100720e-04
2.277919e-01 1.622060e-03 4.192196e-04
2.280627e-01 6.547011e-05 4.110217e-04
2.283335e-01 1.685521e-03 4.194193e-04
2.286044e-01 7.221792e-04 4.245145e-04
2.288752e-01 1.578679e-03 4.406316e-04
2.291460e-01 2.611671e-03 4.401147e-04
2.294168e-01 2.135059e-03 4.459568e-04
2.296876e-01 2.450000e-03 4.519892e-04
2.299584e-01 3.337009e-03 4.609663e-04
2.302293e-01 2.969150e-03 4.612020e-04
2.305001e-01 3.995549e-03 4.825799e-04
2.307709e-01 4.729360e-03 4.879650e-04
2.310417e-01 5.237630e-03 4.783738e-04
2.313125e-01 4.846321e-03 4.940113e-04
2.315833e-01 3.763350e-03 4.840754e-04
2.318541e-01 2.505790e-03 4.847439e-04
2.321250e-01 2.569661e-03 4.888100e-04
2.323958e-01 2.865020e-03 4.863429e-04
2.326666e-01 1.820739e-03 4.897070e-04
2.329374e-01 2.186751e-03 4.999482e-04
2.332082e-01 1.424629e-03 4.845857e-04
2.334790e-01 2.139131e-03 4.997374e-04
2.337498e-01 7.736292e-04 5.033098e-04
2.340207e-01 5.204212e-04 5.023211e-04
2.342915e-01 6.910693e-04 5.038433e-04
2.345623e-01 9.215698e-04 5.125844e-04
2.348331e-01 1.533449e-03 5.214701e-04
2.351039e-01 2.605598e-04 5.229971e-04
2.353747e-01 1.175990e-03 5.214672e-04
2.356455e-01 1.249511e-03 5.229785e-04
2.359163e-01 6.307997e-04 5.309041e-04
2.361872e-01 9.730905e-04 5.236474e-04
2.364580e-01 2.874788e-04 5.374616e-04
2.367288e-01 1.063282e-03 5.528758e-04
2.369996e-01 4.463699e-04 5.444381e-04
2.372704e-01 7.168688e-04 5.644555e-04
2.375412e-01 1.426620e-03 5.537249e-04
2.378121e-01 2.548931e-03 5.826066e-04
2.380829e-01 -4.245993e-04 5.585911e-04
2.383537e-01 8.587986e-04 5.701420e-04
2.386245e-01 9.751003e-04 6.011456e-04
2.388953e-01 1.519179e-03 5.966154e-04
2.391661e-01 7.606186e-04 5.854190e-04
2.394369e-01 3.301296e-04 5.859334e-04
2.397078e-01 1.711870e-03 6.074241e-04
2.399786e-01 4.906487e-04 6.057663e-04
2.402494e-01 1.330040e-03 6.088118e-04
2.405202e-01 1.244280e-03 6.277913e-04
2.407910e-01 9.920709e-04 6.409428e-04
2.410618e-01 1.378091e-03 6.405329e-04
2.413326e-01 7.179789e-04 6.353155e-04
2.416034e-01 1.215849e-03 6.379691e-04
2.418743e-01 2.009861e-03 6.722476e-04
2.421451e-01 3.651008e-04 6.503962e-04
2.424159e-01 2.228096e-04 6.495236e-04
2.426867e-01 1.617119e-03 6.735427e-04
2.429575e-01 6.573796e-04 6.914152e-04
2.432283e-01 -1.335405e-04 6.899035e-04
2.434992e-01 1.274411e-03 6.919070e-04
2.437700e-01 2.146199e-03 7.073616e-04
2.440408e-01 1.272239e-03 7.214093e-04
2.443116e-01 5.132388e-04 7.188297e-04
2.445824e-01 1.202490e-03 7.322782e-04
2.448532e-01 6.451700e-04 7.343201e-04
2.451240e-01 1.307901e-03 7.936995e-04
2.453949e-01 1.097601e-03 7.751114e-04
2.456657e-01 -2.959110e-04 7.709904e-04
2.459365e-01 -1.834594e-04 7.789094e-04
2.462073e-01 1.498291e-03 7.950574e-04
2.464781e-01 1.318200e-03 8.332734e-04
2.467489e-01 2.424721e-03 8.155622e-04
2.470197e-01 9.758491e-04 8.396770e-04
2.472906e-01 2.259500e-04 8.182995e-04
2.475614e-01 8.509196e-04 8.665843e-04
2.478322e-01 2.300497e-04 8.701400e-04
2.481030e-01 6.068405e-04 8.648872e-04
2.483738e-01 7.395502e-04 8.666096e-04
2.486446e-01 2.352340e-03 9.369968e-04
2.489154e-01 -2.816394e-04 9.439796e-04
2.491863e-01 2.268590e-03 9.603660e-04
2.494571e-01 1.269391e-03 9.436283e-04
2.497279e-01 1.235541e-03 1.042313e-03
2.499987e-01 2.493206e-04 1.010626e-03
2.502695e-01 2.390388e-04 1.060895e-03
2.505403e-01 9.668600e-04 1.102913e-03
2.508111e-01 1.147810e-03 1.132670e-03
2.510819e-01 9.222496e-04 1.153031e-03
2.513528e-01 5.797092e-04 1.164182e-03
2.516236e-01 1.234049e-03 1.210878e-03
2.518944e-01 1.026580e-03 1.248214e-03
2.521652e-01 -6.145407e-04 1.263800e-03
2.524360e-01 8.223020e-05 1.263687e-03
2.527068e-01 2.527200e-04 1.281126e-03
2.529776e-01 1.333760e-03 1.407998e-03
2.532485e-01 4.592799e-04 1.353905e-03
2.535193e-01 1.173988e-04 1.456826e-03
2.537901e-01 -4.216097e-05 1.469670e-03
2.540609e-01 2.092101e-03 1.439481e-03
2.543317e-01 1.901891e-03 1.503850e-03
2.546025e-01 3.002120e-03 1.645895e-03
2.548733e-01 4.315600e-04 1.775050e-03
2.551441e-01 4.518013e-04 1.599258e-03
2.554150e-01 9.053890e-04 2.030045e-03
2.556858e-01 -7.072911e-04 1.929818e-03
2.559566e-01 9.623002e-04 2.230750e-03
2.562274e-01 -1.029050e-03 2.055078e-03
2.564982e-01 1.307080e-03 2.312946e-03
2.567690e-01 6.671492e-04 2.411683e-03
2.570398e-01 -3.931390e-03 2.729244e-03
2.573107e-01 -2.092160e-03 3.019593e-03
2.575815e-01 1.689142e-03 4.332328e-03
2.578523e-01 3.853340e-03 4.910601e-03
2.581231e-01 2.216962e-02 1.055971e-02
