3.286826e-03 3.998141e-01 0.000000e+00
3.557641e-03 2.125053e-01 1.160116e-01
3.828455e-03 2.180963e-01 7.052716e-02
4.099269e-03 1.985121e-01 5.677531e-02
4.370084e-03 2.684579e-01 4.349480e-02
4.640898e-03 2.679319e-01 3.015247e-02
4.911712e-03 2.439420e-01 2.628601e-02
5.182527e-03 3.004550e-01 2.032334e-02
5.453341e-03 2.819730e-01 1.825896e-02
5.724155e-03 2.789350e-01 1.399914e-02
5.994970e-03 2.765180e-01 1.240582e-02
6.265784e-03 2.869850e-01 1.055053e-02
6.536598e-03 2.759328e-01 8.348205e-03
6.807412e-03 2.740631e-01 8.037237e-03
7.078227e-03 2.887094e-01 7.208058e-03
7.349041e-03 2.728857e-01 6.244437e-03
7.619855e-03 2.690477e-01 5.696735e-03
7.890671e-03 2.741228e-01 4.908784e-03
8.161485e-03 2.792579e-01 4.770579e-03
8.432299e-03 2.678491e-01 4.426823e-03
8.703114e-03 2.669805e-01 4.101733e-03
8.973928e-03 2.706068e-01 3.907147e-03
9.244742e-03 2.613055e-01 3.721752e-03
9.515557e-03 2.563760e-01 3.521895e-03
9.786371e-03 2.556347e-01 3.171808e-03
1.005718e-02 2.496825e-01 3.072504e-03
1.032800e-02 2.479082e-01 3.016544e-03
1.059881e-02 2.469617e-01 2.877102e-03
1.086963e-02 2.374277e-01 2.720779e-03
1.114044e-02 2.412785e-01 2.616099e-03
1.141126e-02 2.305771e-01 2.606471e-03
1.168207e-02 2.307231e-01 2.505792e-03
1.195289e-02 2.271877e-01 2.351323e-03
1.222370e-02 2.242021e-01 2.312835e-03
1.249451e-02 2.172109e-01 2.215698e-03
1.276533e-02 2.134638e-01 2.195029e-03
1.303614e-02 2.122631e-01 2.074674e-03
1.330696e-02 2.057001e-01 2.058420e-03
1.357777e-02 1.971134e-01 1.978272e-03
1.384859e-02 1.951047e-01 1.904038e-03
1.411940e-02 1.919504e-01 1.824430e-03
1.439021e-02 1.869238e-01 1.800776e-03
1.466103e-02 1.820784e-01 1.724123e-03
1.493184e-02 1.760098e-01 1.716873e-03
1.520266e-02 1.758182e-01 1.656796e-03
1.547347e-02 1.698325e-01 1.616786e-03
1.574429e-02 1.660359e-01 1.547015e-03
1.601510e-02 1.608129e-01 1.528431e-03
1.628591e-02 1.541279e-01 1.489322e-03
1.655673e-02 1.545307e-01 1.466006e-03
1.682754e-02 1.511181e-01 1.417987e-03
1.709836e-02 1.448322e-01 1.408896e-03
1.736917e-02 1.406235e-01 1.355955e-03
1.763999e-02 1.379686e-01 1.343342e-03
1.791080e-02 1.362270e-01 1.289688e-03
1.818161e-02 1.298371e-01 1.319556e-03
1.845243e-02 1.265657e-01 1.281320e-03
1.872324e-02 1.214068e-01 1.249228e-03
1.899406e-02 1.215156e-01 1.252108e-03
1.926487e-02 1.180676e-01 1.244841e-03
1.953569e-02 1.134615e-01 1.214385e-03
1.980650e-02 1.082791e-01 1.193928e-03
2.007731e-02 1.051060e-01 1.191543e-03
2.034813e-02 1.022744e-01 1.186057e-03
2.061894e-02 9.997672e-02 1.151116e-03
2.088976e-02 9.637666e-02 1.123688e-03
2.116057e-02 9.158902e-02 1.105989e-03
2.143139e-02 9.023623e-02 1.105032e-03
2.170220e-02 8.884768e-02 1.091573e-03
2.197302e-02 8.505531e-02 1.077794e-03
2.224383e-02 8.210654e-02 1.039771e-03
2.251465e-02 8.002266e-02 1.039342e-03
2.278546e-02 7.846261e-02 9.629594e-04
2.305627e-02 7.541002e-02 9.810613e-04
2.332709e-02 7.234360e-02 9.471190e-04
2.359790e-02 6.954200e-02 9.281519e-04
2.386872e-02 6.695688e-02 9.300492e-04
2.413953e-02 6.695735e-02 8.897346e-04
2.441034e-02 6.236124e-02 8.557106e-04
2.468116e-02 5.920519e-02 8.482115e-04
2.495197e-02 5.851354e-02 8.273022e-04
2.522279e-02 5.575688e-02 8.231643e-04
2.549360e-02 5.424232e-02 8.107849e-04
2.576442e-02 5.209550e-02 7.857375e-04
2.603523e-02 5.150208e-02 7.928156e-04
2.630604e-02 4.815510e-02 7.738393e-04
2.657686e-02 4.526703e-02 7.397722e-04
2.684767e-02 4.494901e-02 7.390715e-04
2.711849e-02 4.418203e-02 7.248157e-04
2.738930e-02 4.063218e-02 7.347355e-04
2.766012e-02 3.927405e-02 6.988882e-04
2.793093e-02 3.856759e-02 7.048805e-04
2.820175e-02 3.789569e-02 6.782094e-04
2.847256e-02 3.677299e-02 6.760573e-04
2.874337e-02 3.450964e-02 6.636364e-04
2.901419e-02 3.305922e-02 6.339243e-04
2.928500e-02 3.241111e-02 6.328682e-04
2.955582e-02 3.203838e-02 6.217773e-04
2.982663e-02 3.000628e-02 6.320209e-04
3.009745e-02 2.960085e-02 6.176126e-04
3.036826e-02 2.774213e-02 5.904622e-04
3.063907e-02 2.705903e-02 6.059105e-04
3.090989e-02 2.644996e-02 5.883826e-04
3.118070e-02 2.576952e-02 5.826064e-04
3.145152e-02 2.503112e-02 5.697924e-04
3.172233e-02 2.389126e-02 5.765824e-04
3.199315e-02 2.413492e-02 5.732341e-04
3.226396e-02 2.343739e-02 5.703915e-04
3.253478e-02 2.074112e-02 5.562645e-04
3.280559e-02 2.090002e-02 5.506389e-04
3.307641e-02 2.004729e-02 5.438431e-04
3.334722e-02 2.018705e-02 5.399358e-04
3.361803e-02 1.859339e-02 5.279998e-04
3.388885e-02 1.885229e-02 5.189094e-04
3.415966e-02 1.911012e-02 5.304080e-04
3.443048e-02 1.756141e-02 5.245948e-04
3.470129e-02 1.693868e-02 5.157317e-04
3.497211e-02 1.619763e-02 5.043490e-04
3.524292e-02 1.556005e-02 5.047878e-04
3.551374e-02 1.555513e-02 5.068084e-04
3.578455e-02 1.497421e-02 4.950711e-04
3.605536e-02 1.553185e-02 4.887151e-04
3.632618e-02 1.393414e-02 4.949680e-04
3.659699e-02 1.431834e-02 4.856423e-04
3.686780e-02 1.351462e-02 4.850530e-04
3.713862e-02 1.350866e-02 4.777299e-04
3.740944e-02 1.297347e-02 4.758242e-04
3.768025e-02 1.237242e-02 4.682794e-04
3.795106e-02 1.206916e-02 4.684037e-04
3.822188e-02 1.190106e-02 4.687669e-04
3.849269e-02 1.135609e-02 4.550632e-04
3.876351e-02 1.214864e-02 4.595665e-04
3.903432e-02 1.120124e-02 4.479450e-04
3.930514e-02 1.167137e-02 4.529541e-04
3.957595e-02 1.130573e-02 4.524268e-04
3.984676e-02 1.049100e-02 4.456346e-04
4.011758e-02 1.075475e-02 4.452035e-04
4.038839e-02 9.834871e-03 4.403556e-04
4.065921e-02 9.868480e-03 4.363410e-04
4.093002e-02 1.080433e-02 4.438968e-04
4.120084e-02 1.005210e-02 4.324513e-04
4.147165e-02 1.010006e-02 4.358169e-04
4.174246e-02 1.039269e-02 4.353720e-04
4.201328e-02 9.565931e-03 4.273499e-04
4.228409e-02 9.582888e-03 4.252197e-04
4.255491e-02 1.025016e-02 4.230783e-04
4.282572e-02 9.676240e-03 4.226120e-04
4.309653e-02 9.432212e-03 4.190573e-04
4.336735e-02 9.825021e-03 4.182085e-04
4.363817e-02 9.342428e-03 4.203972e-04
4.390898e-02 8.962758e-03 4.202666e-04
4.417979e-02 8.535489e-03 4.200569e-04
4.445061e-02 8.519679e-03 4.114877e-04
4.472142e-02 8.280501e-03 4.124620e-04
4.499224e-02 9.485271e-03 4.154308e-04
4.526305e-02 8.496922e-03 4.082700e-04
4.553387e-02 9.746581e-03 4.073238e-04
4.580468e-02 8.467231e-03 4.063525e-04
4.607549e-02 9.118859e-03 4.021382e-04
4.634631e-02 8.098740e-03 3.974690e-04
4.661712e-02 7.927381e-03 3.959696e-04
4.688794e-02 8.445241e-03 3.954377e-04
4.715875e-02 8.998930e-03 3.928085e-04
4.742957e-02 8.429930e-03 3.901529e-04
4.770038e-02 8.449510e-03 3.863333e-04
4.797119e-02 7.808998e-03 3.853935e-04
4.824201e-02 7.994298e-03 3.851375e-04
4.851282e-02 8.101169e-03 3.867549e-04
4.878364e-02 7.968988e-03 3.808186e-04
4.905445e-02 7.934920e-03 3.838868e-04
4.932526e-02 8.466642e-03 3.861948e-04
4.959608e-02 7.283099e-03 3.802689e-04
4.986690e-02 7.895403e-03 3.791567e-04
5.013771e-02 7.877212e-03 3.789655e-04
5.040852e-02 7.429101e-03 3.728703e-04
5.067934e-02 7.005122e-03 3.764479e-04
5.095015e-02 7.910658e-03 3.703970e-04
5.122096e-02 7.143699e-03 3.698841e-04
5.149178e-02 7.261071e-03 3.677083e-04
5.176260e-02 7.837821e-03 3.703991e-04
5.203341e-02 7.384051e-03 3.711893e-04
5.230422e-02 7.447958e-03 3.663575e-04
5.257504e-02 7.427920e-03 3.669686e-04
5.284585e-02 7.712200e-03 3.639509e-04
5.311667e-02 7.166687e-03 3.688241e-04
5.338748e-02 7.173531e-03 3.687687e-04
5.365830e-02 6.964110e-03 3.649432e-04
5.392911e-02 7.326089e-03 3.711037e-04
5.419992e-02 6.701048e-03 3.744643e-04
5.447074e-02 6.840881e-03 3.659857e-04
5.474155e-02 6.862979e-03 3.794585e-04
5.501237e-02 6.795108e-03 3.782760e-04
5.528318e-02 6.086141e-03 3.823315e-04
5.555400e-02 7.241748e-03 3.894937e-04
5.582481e-02 6.506052e-03 3.833495e-04
5.609563e-02 6.544549e-03 3.884434e-04
5.636644e-02 6.397992e-03 3.865119e-04
5.663725e-02 6.324187e-03 3.912645e-04
5.690807e-02 6.830730e-03 3.941293e-04
5.717888e-02 6.611750e-03 3.882086e-04
5.744969e-02 6.208260e-03 3.952710e-04
5.772051e-02 6.172620e-03 3.948739e-04
5.799133e-02 6.046757e-03 3.895086e-04
5.826214e-02 7.198161e-03 4.017184e-04
5.853295e-02 6.660698e-03 3.945521e-04
5.880377e-02 7.278878e-03 3.974384e-04
5.907458e-02 6.295299e-03 3.919691e-04
5.934540e-02 6.157722e-03 3.926871e-04
5.961621e-02 6.566940e-03 3.956347e-04
5.988703e-02 6.079789e-03 3.979141e-04
6.015784e-02 6.930100e-03 3.995119e-04
6.042865e-02 5.933801e-03 3.911998e-04
6.069947e-02 6.506760e-03 3.892435e-04
6.097028e-02 6.447408e-03 3.908155e-04
6.124110e-02 6.086441e-03 3.814053e-04
6.151191e-02 5.973771e-03 3.865966e-04
6.178273e-02 6.154869e-03 3.920111e-04
6.205354e-02 5.896950e-03 3.764968e-04
6.232436e-02 5.889481e-03 3.814287e-04
6.259517e-02 5.252941e-03 3.766058e-04
6.286598e-02 5.548460e-03 3.710001e-04
6.313679e-02 5.978039e-03 3.795771e-04
6.340761e-02 5.790960e-03 3.742352e-04
6.367842e-02 5.759818e-03 3.726487e-04
6.394923e-02 6.197751e-03 3.679343e-04
6.422005e-02 5.897589e-03 3.707228e-04
6.449086e-02 5.801441e-03 3.782516e-04
6.476168e-02 5.902329e-03 3.708454e-04
6.503250e-02 4.976610e-03 3.692124e-04
6.530331e-02 5.388912e-03 3.713060e-04
6.557412e-02 5.336581e-03 3.686551e-04
6.584494e-02 4.138429e-03 3.704284e-04
6.611575e-02 5.252838e-03 3.710481e-04
6.638657e-02 5.356401e-03 3.678929e-04
6.665738e-02 5.320098e-03 3.642915e-04
6.692819e-02 5.392641e-03 3.680431e-04
6.719901e-02 5.212342e-03 3.622102e-04
6.746982e-02 4.976029e-03 3.646442e-04
6.774063e-02 4.350971e-03 3.662647e-04
6.801146e-02 5.680628e-03 3.665231e-04
6.828227e-02 4.969779e-03 3.611258e-04
6.855308e-02 5.585892e-03 3.620702e-04
6.882390e-02 5.371120e-03 3.649176e-04
6.909471e-02 4.801260e-03 3.589449e-04
6.936552e-02 5.736230e-03 3.620639e-04
6.963634e-02 4.810631e-03 3.599936e-04
6.990715e-02 4.214242e-03 3.610163e-04
7.017796e-02 4.740320e-03 3.580191e-04
7.044878e-02 4.967179e-03 3.572949e-04
7.071959e-02 4.046019e-03 3.465754e-04
7.099041e-02 4.626749e-03 3.570915e-04
7.126123e-02 4.540071e-03 3.506912e-04
7.153204e-02 4.945170e-03 3.523240e-04
7.180285e-02 5.056461e-03 3.558610e-04
7.207367e-02 4.529130e-03 3.516206e-04
7.234448e-02 4.786471e-03 3.534182e-04
7.261530e-02 4.728111e-03 3.526179e-04
7.288611e-02 4.536230e-03 3.508106e-04
7.315692e-02 5.224070e-03 3.497129e-04
7.342774e-02 4.737079e-03 3.507239e-04
7.369855e-02 4.310502e-03 3.501111e-04
7.396936e-02 4.980590e-03 3.481819e-04
7.424019e-02 4.482018e-03 3.509858e-04
7.451100e-02 4.438700e-03 3.453518e-04
7.478181e-02 4.626689e-03 3.451174e-04
7.505263e-02 3.682232e-03 3.419721e-04
7.532344e-02 4.575711e-03 3.512993e-04
7.559425e-02 4.499301e-03 3.445375e-04
7.586507e-02 4.776161e-03 3.466633e-04
7.613588e-02 4.865041e-03 3.454787e-04
7.640669e-02 4.343338e-03 3.406527e-04
7.667751e-02 4.331660e-03 3.445953e-04
7.694832e-02 3.706831e-03 3.395318e-04
7.721914e-02 4.438231e-03 3.417109e-04
7.748996e-02 3.998650e-03 3.411008e-04
7.776077e-02 3.932739e-03 3.400231e-04
7.803158e-02 4.290149e-03 3.420609e-04
7.830240e-02 3.747422e-03 3.370892e-04
7.857321e-02 4.573818e-03 3.402107e-04
7.884403e-02 3.584670e-03 3.388415e-04
7.911484e-02 3.992539e-03 3.379552e-04
7.938565e-02 4.785901e-03 3.441351e-04
7.965647e-02 4.470471e-03 3.379354e-04
7.992728e-02 4.033681e-03 3.349557e-04
8.019809e-02 4.227420e-03 3.343779e-04
8.046892e-02 3.497871e-03 3.354644e-04
8.073973e-02 4.327521e-03 3.391098e-04
8.101054e-02 3.750181e-03 3.336298e-04
8.128136e-02 4.136369e-03 3.362618e-04
8.155217e-02 3.161749e-03 3.346545e-04
8.182298e-02 3.665559e-03 3.320792e-04
8.209380e-02 4.076568e-03 3.326599e-04
8.236461e-02 4.202470e-03 3.286583e-04
8.263543e-02 4.027152e-03 3.310748e-04
8.290624e-02 3.595358e-03 3.305984e-04
8.317705e-02 3.871411e-03 3.302017e-04
8.344787e-02 3.455879e-03 3.308483e-04
8.371869e-02 3.870049e-03 3.320282e-04
8.398950e-02 3.330240e-03 3.264600e-04
8.426031e-02 3.323939e-03 3.330674e-04
8.453113e-02 4.064398e-03 3.261905e-04
8.480194e-02 3.625270e-03 3.304173e-04
8.507276e-02 3.707280e-03 3.245294e-04
8.534357e-02 3.645681e-03 3.269566e-04
8.561438e-02 3.467541e-03 3.269454e-04
8.588520e-02 3.464850e-03 3.224910e-04
8.615601e-02 3.565632e-03 3.235659e-04
8.642682e-02 3.641183e-03 3.250852e-04
8.669765e-02 3.454318e-03 3.202231e-04
8.696846e-02 3.784569e-03 3.249939e-04
8.723927e-02 3.473921e-03 3.217626e-04
8.751009e-02 3.451608e-03 3.252368e-04
8.778090e-02 3.638599e-03 3.215164e-04
8.805171e-02 3.019320e-03 3.236193e-04
8.832253e-02 3.277242e-03 3.235759e-04
8.859334e-02 3.737502e-03 3.219578e-04
8.886416e-02 3.471991e-03 3.183572e-04
8.913497e-02 3.300838e-03 3.194156e-04
8.940578e-02 3.764398e-03 3.199830e-04
8.967660e-02 3.365360e-03 3.208535e-04
8.994742e-02 3.490850e-03 3.198254e-04
9.021823e-02 3.491212e-03 3.169201e-04
9.048904e-02 3.172820e-03 3.188182e-04
9.075986e-02 3.119439e-03 3.156737e-04
9.103067e-02 2.848059e-03 3.150895e-04
9.130149e-02 3.007820e-03 3.171525e-04
9.157230e-02 3.047539e-03 3.139023e-04
9.184311e-02 3.577860e-03 3.192660e-04
9.211393e-02 3.636181e-03 3.135837e-04
9.238474e-02 3.162198e-03 3.104604e-04
9.265555e-02 2.774451e-03 3.191706e-04
9.292637e-02 2.900602e-03 3.132746e-04
9.319719e-02 2.938371e-03 3.161591e-04
9.346800e-02 3.477570e-03 3.145776e-04
9.373882e-02 3.050318e-03 3.140464e-04
9.400963e-02 3.128799e-03 3.129400e-04
9.428044e-02 3.248218e-03 3.123303e-04
9.455126e-02 3.360331e-03 3.147751e-04
9.482207e-02 3.020579e-03 3.133105e-04
9.509289e-02 3.441401e-03 3.147468e-04
9.536370e-02 3.078418e-03 3.163592e-04
9.563451e-02 2.983321e-03 3.093414e-04
9.590533e-02 3.141871e-03 3.105420e-04
9.617615e-02 2.999701e-03 3.072350e-04
9.644696e-02 2.630670e-03 3.053336e-04
9.671777e-02 3.142091e-03 3.072441e-04
9.698859e-02 3.804831e-03 3.070635e-04
9.725940e-02 3.011880e-03 3.083147e-04
9.753022e-02 2.666110e-03 3.056027e-04
9.780103e-02 2.738271e-03 3.056023e-04
9.807184e-02 2.952298e-03 3.028053e-04
9.834266e-02 3.274869e-03 3.075487e-04
9.861347e-02 2.449010e-03 3.075425e-04
9.888428e-02 2.727041e-03 3.029919e-04
9.915510e-02 2.856093e-03 3.072664e-04
9.942592e-02 3.004691e-03 3.009046e-04
9.969673e-02 2.783861e-03 3.024434e-04
9.996755e-02 2.480960e-03 3.027324e-04
1.002384e-01 2.999909e-03 3.048272e-04
1.005092e-01 3.193999e-03 3.040722e-04
1.007800e-01 2.358589e-03 3.025453e-04
1.010508e-01 2.846330e-03 3.047503e-04
1.013216e-01 2.556598e-03 3.034833e-04
1.015924e-01 2.348680e-03 2.985685e-04
1.018632e-01 2.063978e-03 3.017645e-04
1.021341e-01 2.952268e-03 3.035974e-04
1.024049e-01 2.511390e-03 3.004388e-04
1.026757e-01 2.809241e-03 2.959425e-04
1.029465e-01 2.528779e-03 2.981002e-04
1.032173e-01 2.841899e-03 2.998359e-04
1.034881e-01 2.208678e-03 2.961966e-04
1.037589e-01 2.612460e-03 2.986387e-04
1.040298e-01 2.494920e-03 2.979244e-04
1.043006e-01 2.431141e-03 2.995702e-04
1.045714e-01 2.415659e-03 2.967081e-04
1.048422e-01 2.602359e-03 2.939042e-04
1.051130e-01 2.485638e-03 2.971044e-04
1.053838e-01 2.910072e-03 2.997170e-04
1.056546e-01 1.813751e-03 2.957295e-04
1.059255e-01 2.311781e-03 2.931049e-04
1.061963e-01 2.304539e-03 2.957910e-04
1.064671e-01 2.565401e-03 2.902276e-04
1.067379e-01 2.646599e-03 2.930952e-04
1.070087e-01 2.526781e-03 2.951772e-04
1.072795e-01 2.708830e-03 2.953069e-04
1.075503e-01 2.589261e-03 2.956557e-04
1.078212e-01 2.186012e-03 2.936787e-04
1.080920e-01 1.969161e-03 2.922545e-04
1.083628e-01 2.947219e-03 2.937935e-04
1.086336e-01 2.096329e-03 2.895899e-04
1.089044e-01 2.520628e-03 2.914373e-04
1.091752e-01 2.344711e-03 2.912817e-04
1.094460e-01 1.712121e-03 2.859080e-04
1.097169e-01 2.180759e-03 2.925783e-04
1.099877e-01 2.236171e-03 2.885225e-04
1.102585e-01 2.552401e-03 2.925481e-04
1.105293e-01 2.389170e-03 2.960607e-04
1.108001e-01 2.261978e-03 2.970407e-04
1.110709e-01 2.332969e-03 3.002645e-04
1.113417e-01 2.422670e-03 2.975346e-04
1.116126e-01 2.107190e-03 3.018736e-04
1.118834e-01 2.034772e-03 3.022971e-04
1.121542e-01 1.970448e-03 3.034026e-04
1.124250e-01 2.103100e-03 3.075271e-04
1.126958e-01 2.780888e-03 3.096866e-04
1.129666e-01 2.243130e-03 3.070623e-04
1.132374e-01 2.062829e-03 3.127321e-04
1.135083e-01 1.890140e-03 3.158759e-04
1.137791e-01 1.831729e-03 3.150071e-04
1.140499e-01 2.227372e-03 3.183540e-04
1.143207e-01 1.816658e-03 3.195888e-04
1.145915e-01 2.065131e-03 3.199946e-04
1.148623e-01 2.342360e-03 3.276330e-04
1.151332e-01 2.608621e-03 3.285002e-04
1.154040e-01 2.105990e-03 3.278434e-04
1.156748e-01 2.120670e-03 3.277509e-04
1.159456e-01 2.084589e-03 3.349515e-04
1.162164e-01 1.991261e-03 3.324458e-04
1.164872e-01 1.129998e-03 3.303457e-04
1.167580e-01 2.491159e-03 3.427068e-04
1.170288e-01 2.647551e-03 3.410521e-04
1.172997e-01 2.136771e-03 3.375990e-04
1.175705e-01 2.375059e-03 3.417974e-04
1.178413e-01 1.961222e-03 3.403162e-04
1.181121e-01 1.125719e-03 3.335657e-04
1.183829e-01 1.674220e-03 3.299369e-04
1.186537e-01 2.090320e-03 3.318422e-04
1.189246e-01 2.417522e-03 3.285689e-04
1.191954e-01 1.767380e-03 3.266853e-04
1.194662e-01 1.706360e-03 3.307113e-04
1.197370e-01 1.764242e-03 3.243194e-04
1.200078e-01 2.901979e-03 3.311027e-04
1.202786e-01 2.138821e-03 3.240276e-04
1.205494e-01 1.569901e-03 3.238819e-04
1.208202e-01 1.929820e-03 3.288775e-04
1.210911e-01 1.259770e-03 3.213727e-04
1.213619e-01 2.124840e-03 3.269034e-04
1.216327e-01 1.660300e-03 3.234744e-04
1.219035e-01 1.996389e-03 3.231571e-04
1.221743e-01 2.162831e-03 3.281962e-04
1.224451e-01 1.822220e-03 3.246734e-04
1.227160e-01 2.074849e-03 3.267616e-04
1.229868e-01 1.383750e-03 3.224154e-04
1.232576e-01 1.785839e-03 3.264825e-04
1.235284e-01 1.500951e-03 3.292502e-04
1.237992e-01 1.680508e-03 3.248190e-04
1.240700e-01 1.913210e-03 3.269393e-04
1.243408e-01 1.742490e-03 3.273125e-04
1.246117e-01 1.557741e-03 3.244825e-04
1.248825e-01 1.915861e-03 3.233305e-04
1.251533e-01 1.644708e-03 3.215066e-04
1.254241e-01 1.732351e-03 3.248493e-04
1.256949e-01 2.335981e-03 3.248446e-04
1.259657e-01 1.357229e-03 3.223016e-04
1.262365e-01 1.285430e-03 3.213515e-04
1.265074e-01 1.959220e-03 3.170335e-04
1.267782e-01 1.682732e-03 3.186654e-04
1.270490e-01 8.035395e-04 3.153752e-04
1.273198e-01 1.904240e-03 3.203324e-04
1.275906e-01 1.079910e-03 3.143485e-04
1.278614e-01 1.458958e-03 3.163615e-04
1.281322e-01 1.302110e-03 3.192107e-04
1.284031e-01 2.024142e-03 3.151028e-04
1.286739e-01 1.770690e-03 3.192750e-04
1.289447e-01 1.781082e-03 3.190039e-04
1.292155e-01 1.406318e-03 3.172737e-04
1.294863e-01 1.830932e-03 3.182375e-04
1.297571e-01 1.337580e-03 3.133954e-04
1.300279e-01 1.965461e-03 3.177902e-04
1.302988e-01 1.955802e-03 3.170620e-04
1.305696e-01 1.884719e-03 3.155187e-04
1.308404e-01 1.523890e-03 3.127654e-04
1.311112e-01 1.209890e-03 3.135024e-04
1.313820e-01 1.612293e-03 3.189149e-04
1.316528e-01 1.211181e-03 3.146396e-04
1.319236e-01 1.350800e-03 3.121402e-04
1.321945e-01 1.428271e-03 3.127964e-04
1.324653e-01 1.254629e-03 3.156046e-04
1.327361e-01 1.327520e-03 3.130930e-04
1.330069e-01 1.400741e-03 3.147164e-04
1.332777e-01 1.595819e-03 3.146959e-04
1.335485e-01 1.874220e-03 3.093248e-04
1.338193e-01 1.335870e-03 3.182554e-04
1.340902e-01 1.622109e-03 3.119450e-04
1.343610e-01 1.093220e-03 3.148055e-04
1.346318e-01 1.369109e-03 3.108644e-04
1.349026e-01 1.358299e-03 3.098335e-04
1.351734e-01 1.222940e-03 3.134433e-04
1.354442e-01 9.557586e-04 3.100167e-04
1.357151e-01 1.967588e-03 3.128970e-04
1.359859e-01 8.482002e-04 3.089437e-04
1.362567e-01 1.195740e-03 3.073812e-04
1.365275e-01 1.498410e-03 3.074990e-04
1.367983e-01 1.566580e-03 3.082627e-04
1.370691e-01 1.048559e-03 3.131167e-04
1.373399e-01 1.141250e-03 3.156432e-04
1.376107e-01 1.726400e-03 3.192019e-04
1.378816e-01 1.514181e-03 3.228910e-04
1.381524e-01 1.619320e-03 3.227802e-04
1.384232e-01 1.304090e-03 3.244041e-04
1.386940e-01 1.267860e-03 3.225775e-04
1.389648e-01 1.675541e-03 3.326897e-04
1.392356e-01 1.025990e-03 3.302885e-04
1.395064e-01 1.796611e-03 3.267214e-04
1.397773e-01 1.610400e-03 3.308397e-04
1.400481e-01 1.695579e-03 3.325047e-04
1.403189e-01 1.265271e-03 3.329685e-04
1.405897e-01 8.243695e-04 3.315286e-04
1.408605e-01 1.358289e-03 3.333928e-04
1.411313e-01 1.538200e-03 3.359051e-04
1.414021e-01 1.324279e-03 3.354418e-04
1.416730e-01 1.289800e-03 3.420140e-04
1.419438e-01 1.708981e-03 3.400925e-04
1.422146e-01 1.559589e-03 3.439436e-04
1.424854e-01 1.178041e-03 3.395776e-04
1.427562e-01 1.132650e-03 3.379499e-04
1.430270e-01 1.138331e-03 3.390941e-04
1.432979e-01 1.519719e-03 3.448876e-04
1.435687e-01 1.429940e-03 3.427370e-04
1.438395e-01 1.511062e-03 3.473578e-04
1.441103e-01 1.838360e-03 3.453158e-04
1.443811e-01 1.825731e-03 3.492622e-04
1.446519e-01 1.765531e-03 3.434673e-04
1.449227e-01 1.023179e-03 3.492058e-04
1.451935e-01 1.273649e-03 3.473038e-04
1.454644e-01 1.318630e-03 3.516970e-04
1.457352e-01 1.038460e-03 3.505734e-04
1.460060e-01 1.178861e-03 3.504871e-04
1.462768e-01 4.926808e-04 3.502778e-04
1.465476e-01 7.359292e-04 3.494992e-04
1.468184e-01 1.334101e-03 3.579604e-04
1.470892e-01 1.358191e-03 3.572754e-04
1.473601e-01 1.140559e-03 3.533899e-04
1.476309e-01 1.460770e-03 3.615234e-04
1.479017e-01 1.095349e-03 3.537029e-04
1.481725e-01 6.722305e-04 3.541147e-04
1.484433e-01 1.206249e-03 3.556938e-04
1.487141e-01 1.593871e-03 3.552794e-04
1.489850e-01 1.172649e-03 3.540633e-04
1.492558e-01 7.132515e-04 3.527795e-04
1.495266e-01 1.720570e-03 3.566007e-04
1.497974e-01 8.423403e-04 3.503538e-04
1.500682e-01 1.417689e-03 3.520996e-04
1.503390e-01 1.362510e-03 3.531229e-04
1.506098e-01 7.954910e-04 3.493129e-04
1.508806e-01 1.309030e-03 3.527478e-04
1.511515e-01 9.460002e-04 3.550169e-04
1.514223e-01 1.879459e-03 3.559470e-04
1.516931e-01 8.069593e-04 3.499632e-04
1.519639e-01 5.464610e-04 3.486643e-04
1.522347e-01 1.111429e-03 3.592931e-04
1.525055e-01 1.073580e-03 3.540381e-04
1.527763e-01 1.386730e-03 3.581643e-04
1.530472e-01 1.298031e-03 3.518230e-04
1.533180e-01 6.919093e-04 3.555246e-04
1.535888e-01 5.294215e-04 3.513677e-04
1.538596e-01 1.101529e-03 3.547885e-04
1.541304e-01 1.204301e-03 3.571464e-04
1.544012e-01 8.051414e-04 3.502630e-04
1.546721e-01 1.671759e-03 3.562958e-04
1.549429e-01 1.817197e-04 3.543565e-04
1.552137e-01 1.080941e-03 3.578920e-04
1.554845e-01 8.247197e-04 3.513055e-04
1.557553e-01 1.299011e-03 3.556763e-04
1.560261e-01 1.361191e-03 3.560504e-04
1.562969e-01 1.055840e-03 3.534864e-04
1.565678e-01 1.180010e-03 3.534647e-04
1.568386e-01 1.182429e-03 3.573143e-04
1.571094e-01 8.575991e-04 3.573127e-04
1.573802e-01 1.005610e-03 3.547318e-04
1.576510e-01 9.808298e-04 3.537043e-04
1.579218e-01 4.524700e-04 3.532336e-04
1.581926e-01 7.606298e-04 3.533709e-04
1.584634e-01 1.111120e-03 3.521141e-04
1.587343e-01 1.091419e-03 3.541570e-04
1.590051e-01 9.865798e-04 3.503258e-04
1.592759e-01 1.388140e-03 3.559157e-04
1.595467e-01 3.048293e-04 3.486098e-04
1.598175e-01 9.055287e-04 3.490467e-04
1.600883e-01 1.275040e-03 3.504869e-04
1.603591e-01 1.204820e-03 3.531691e-04
1.606300e-01 7.776208e-04 3.528179e-04
1.609008e-01 8.076690e-04 3.480500e-04
1.611716e-01 8.541308e-04 3.474406e-04
1.614424e-01 1.029050e-03 3.489498e-04
1.617132e-01 9.444095e-04 3.560022e-04
1.619840e-01 1.525780e-03 3.504518e-04
1.622549e-01 1.017591e-03 3.474103e-04
1.625257e-01 1.232179e-03 3.528953e-04
1.627965e-01 6.151590e-04 3.526977e-04
1.630673e-01 7.395800e-04 3.545575e-04
1.633381e-01 7.483903e-04 3.507694e-04
1.636089e-01 1.648389e-03 3.562432e-04
1.638797e-01 8.715503e-04 3.538220e-04
1.641506e-01 8.037798e-04 3.484571e-04
1.644214e-01 4.606806e-04 3.460280e-04
1.646922e-01 8.378290e-04 3.517682e-04
1.649630e-01 6.392114e-04 3.451953e-04
1.652338e-01 1.546530e-03 3.573433e-04
1.655046e-01 9.061601e-04 3.544652e-04
1.657754e-01 5.108211e-04 3.492873e-04
1.660462e-01 3.950205e-04 3.501584e-04
1.663171e-01 4.883204e-04 3.484467e-04
1.665879e-01 8.157007e-04 3.568416e-04
1.668587e-01 1.979191e-04 3.502481e-04
1.671295e-01 1.096770e-03 3.550803e-04
1.674003e-01 8.476898e-04 3.504143e-04
1.676711e-01 4.602708e-04 3.602319e-04
1.679420e-01 4.172605e-04 3.673274e-04
1.682128e-01 3.067087e-04 3.735465e-04
1.684836e-01 3.311001e-04 3.754576e-04
1.687544e-01 9.464882e-04 3.772729e-04
1.690252e-01 1.319500e-03 3.885956e-04
1.692960e-01 2.338104e-04 3.824983e-04
1.695668e-01 1.224060e-03 3.908085e-04
1.698377e-01 6.712694e-04 3.913796e-04
1.701085e-01 6.417800e-04 3.985781e-04
1.703793e-01 -3.015995e-05 3.955723e-04
1.706501e-01 1.170771e-03 4.054381e-04
1.709209e-01 3.304407e-04 4.042132e-04
1.711917e-01 8.558203e-04 4.080761e-04
1.714625e-01 6.140191e-04 4.064344e-04
1.717333e-01 4.766807e-04 4.170677e-04
1.720042e-01 1.077361e-03 4.148391e-04
1.722750e-01 4.961286e-04 4.229452e-04
1.725458e-01 1.091110e-03 4.208911e-04
1.728166e-01 6.892104e-04 4.235978e-04
1.730874e-01 1.298871e-03 4.273447e-04
1.733582e-01 9.295512e-04 4.296087e-04
1.736291e-01 8.153189e-04 4.384041e-04
1.738999e-01 7.360503e-04 4.343316e-04
1.741707e-01 1.294449e-03 4.417237e-04
1.744415e-01 7.517096e-04 4.364242e-04
1.747123e-01 5.715005e-04 4.376936e-04
1.749831e-01 -4.717000e-04 4.200556e-04
1.752539e-01 -1.854710e-04 4.047327e-04
1.755248e-01 8.916501e-04 4.189134e-04
1.757956e-01 3.113206e-04 4.056015e-04
1.760664e-01 1.039609e-03 4.113363e-04
1.763372e-01 4.362296e-04 4.107892e-04
1.766080e-01 6.342996e-04 4.066352e-04
1.768788e-01 4.918389e-04 4.024098e-04
1.771496e-01 1.660241e-03 4.044485e-04
1.774205e-01 3.737099e-04 4.038448e-04
1.776913e-01 7.784795e-04 3.981488e-04
1.779621e-01 4.785098e-04 4.017194e-04
1.782329e-01 9.317100e-04 3.985843e-04
1.785037e-01 1.225781e-03 3.888945e-04
1.787745e-01 8.137301e-04 3.905334e-04
1.790453e-01 -3.721938e-05 3.920203e-04
1.793161e-01 -2.591703e-04 3.869328e-04
1.795870e-01 7.450189e-04 3.945998e-04
1.798578e-01 2.255291e-04 3.829806e-04
1.801286e-01 2.742093e-04 3.872703e-04
1.803994e-01 5.176608e-04 3.790721e-04
1.806702e-01 5.586613e-04 3.825887e-04
1.809410e-01 4.531499e-04 3.884406e-04
1.812119e-01 1.329679e-03 3.879736e-04
1.814827e-01 9.838790e-04 3.853743e-04
1.817535e-01 7.178709e-04 3.760257e-04
1.820243e-01 8.344408e-04 3.790654e-04
1.822951e-01 4.402604e-04 3.814457e-04
1.825659e-01 3.574993e-04 3.803938e-04
1.828367e-01 4.883800e-04 3.835054e-04
1.831076e-01 -9.099953e-05 3.735504e-04
1.833784e-01 2.607498e-04 3.816274e-04
1.836492e-01 3.199596e-04 3.796266e-04
1.839200e-01 8.494202e-04 3.812649e-04
1.841908e-01 6.830208e-04 3.791886e-04
1.844616e-01 8.210503e-04 3.788792e-04
1.847324e-01 7.062703e-04 3.817234e-04
1.850033e-01 9.447206e-04 3.797760e-04
1.852741e-01 9.443108e-04 3.788862e-04
1.855449e-01 7.742811e-04 3.738247e-04
1.858157e-01 6.808694e-04 3.824823e-04
1.860865e-01 2.107024e-05 3.790909e-04
1.863573e-01 4.890896e-04 3.793344e-04
1.866281e-01 7.380601e-04 3.793177e-04
1.868990e-01 2.425611e-04 3.798541e-04
1.871698e-01 3.982503e-04 3.782351e-04
1.874406e-01 7.780995e-04 3.757623e-04
1.877114e-01 1.088139e-03 3.787770e-04
1.879822e-01 1.132490e-03 3.827514e-04
1.882530e-01 9.554997e-04 3.801207e-04
1.885238e-01 5.584005e-04 3.791652e-04
1.887947e-01 -4.545394e-04 3.774545e-04
1.890655e-01 -9.249896e-06 3.753125e-04
1.893363e-01 -5.534105e-05 3.744470e-04
1.896071e-01 5.268306e-04 3.723927e-04
1.898779e-01 8.285604e-04 3.752834e-04
1.901487e-01 3.314950e-05 3.757427e-04
1.904195e-01 -5.926937e-05 3.776162e-04
1.906904e-01 9.138901e-04 3.793187e-04
1.909612e-01 4.551411e-04 3.710717e-04
1.912320e-01 5.191397e-04 3.761724e-04
1.915028e-01 6.412808e-04 3.772259e-04
1.917736e-01 5.859397e-04 3.775565e-04
1.920444e-01 3.750604e-04 3.735341e-04
1.923153e-01 8.263700e-04 3.780964e-04
1.925861e-01 3.438089e-04 3.749111e-04
1.928569e-01 3.412701e-04 3.719386e-04
1.931277e-01 7.951204e-04 3.738301e-04
1.933985e-01 9.235013e-04 3.783267e-04
1.936693e-01 1.055598e-04 3.728449e-04
1.939401e-01 4.269183e-06 3.747219e-04
1.942109e-01 4.570000e-05 3.650270e-04
1.944818e-01 9.022597e-04 3.807878e-04
1.947526e-01 -1.646690e-04 3.774423e-04
1.950234e-01 7.635802e-04 3.733248e-04
1.952942e-01 8.528009e-04 3.737387e-04
1.955650e-01 5.155616e-04 3.759657e-04
1.958358e-01 4.585702e-04 3.729404e-04
1.961066e-01 6.136093e-04 3.761927e-04
1.963775e-01 2.883300e-04 3.714382e-04
1.966483e-01 1.061819e-03 3.719266e-04
1.969191e-01 2.871603e-04 3.715022e-04
1.971899e-01 1.527984e-04 3.702164e-04
1.974607e-01 3.173593e-04 3.761869e-04
1.977315e-01 -6.522052e-05 3.730116e-04
1.980023e-01 6.210003e-04 3.732292e-04
1.982732e-01 1.387186e-04 3.686753e-04
1.985440e-01 -1.771897e-04 3.735279e-04
1.988148e-01 8.835793e-04 3.747334e-04
1.990856e-01 1.901109e-04 3.750203e-04
1.993564e-01 1.468696e-04 3.792936e-04
1.996272e-01 1.159100e-03 3.783712e-04
1.998980e-01 4.247092e-04 3.728157e-04
2.001689e-01 6.549302e-04 3.731854e-04
2.004397e-01 3.532879e-05 3.685259e-04
2.007105e-01 4.076101e-04 3.692646e-04
2.009813e-01 8.375086e-04 3.676598e-04
2.012521e-01 4.285406e-04 3.720611e-04
2.015229e-01 7.907115e-05 3.712103e-04
2.017937e-01 1.176810e-03 3.701828e-04
2.020646e-01 7.857699e-04 3.701462e-04
2.023354e-01 7.696506e-04 3.713125e-04
2.026062e-01 -8.038059e-05 3.646228e-04
2.028770e-01 1.897998e-04 3.661554e-04
2.031478e-01 1.866408e-04 3.650112e-04
2.034186e-01 4.127491e-04 3.719451e-04
2.036894e-01 2.554059e-05 3.649653e-04
2.039603e-01 7.343497e-04 3.721322e-04
2.042311e-01 7.855501e-04 3.649026e-04
2.045019e-01 7.866491e-04 3.666818e-04
2.047727e-01 6.742701e-04 3.645565e-04
2.050435e-01 2.497006e-04 3.663999e-04
2.053143e-01 1.851488e-04 3.691797e-04
2.055852e-01 8.942001e-05 3.680067e-04
2.058560e-01 7.880796e-04 3.637866e-04
2.061268e-01 -1.078900e-04 3.653025e-04
2.063976e-01 5.236100e-04 3.637259e-04
2.066684e-01 8.052886e-04 3.621771e-04
2.069392e-01 8.167289e-04 3.595945e-04
2.072100e-01 -1.247600e-04 3.582049e-04
2.074808e-01 6.329082e-05 3.600982e-04
2.077517e-01 8.590892e-04 3.581616e-04
2.080225e-01 1.005631e-03 3.595773e-04
2.082933e-01 4.563294e-04 3.592651e-04
2.085641e-01 5.726703e-04 3.614151e-04
2.088349e-01 1.422659e-03 3.692859e-04
2.091057e-01 4.237201e-04 3.623251e-04
2.093765e-01 7.536002e-04 3.619375e-04
2.096474e-01 5.298704e-04 3.650931e-04
2.099182e-01 9.468496e-04 3.679202e-04
2.101890e-01 5.072486e-04 3.627483e-04
2.104598e-01 6.447304e-04 3.625103e-04
2.107306e-01 1.096589e-03 3.646241e-04
2.110014e-01 8.064006e-04 3.629461e-04
2.112723e-01 2.988596e-04 3.608956e-04
2.115431e-01 3.766902e-04 3.588302e-04
2.118139e-01 2.329107e-04 3.608480e-04
2.120847e-01 3.361795e-04 3.621693e-04
2.123555e-01 9.402391e-04 3.616778e-04
2.126263e-01 2.053399e-04 3.554686e-04
2.128971e-01 1.238950e-03 3.645099e-04
2.131680e-01 4.756190e-04 3.607600e-04
2.134388e-01 5.942490e-04 3.593730e-04
2.137096e-01 -1.827087e-04 3.636856e-04
2.139804e-01 6.096493e-04 3.622990e-04
2.142512e-01 6.330945e-05 3.603482e-04
2.145220e-01 9.625033e-05 3.638534e-04
2.147928e-01 8.734297e-04 3.626298e-04
2.150636e-01 6.498303e-04 3.616401e-04
2.153345e-01 3.853999e-05 3.625860e-04
2.156053e-01 3.618803e-04 3.593275e-04
2.158761e-01 1.083162e-03 3.647419e-04
2.161469e-01 2.508704e-04 3.595575e-04
2.164177e-01 6.693490e-04 3.626304e-04
2.166885e-01 -3.227703e-04 3.620936e-04
2.169593e-01 2.816599e-04 3.632201e-04
2.172302e-01 1.452994e-04 3.652309e-04
2.175010e-01 3.016815e-04 3.601907e-04
2.177718e-01 8.154716e-04 3.602573e-04
2.180426e-01 1.191080e-03 3.636800e-04
2.183134e-01 2.063997e-04 3.610639e-04
2.185842e-01 1.157511e-03 3.583453e-04
2.188551e-01 -1.113713e-04 3.535451e-04
2.191259e-01 3.215801e-04 3.626940e-04
2.193967e-01 6.041508e-04 3.621722e-04
2.196675e-01 -7.983856e-05 3.579626e-04
2.199383e-01 7.245988e-04 3.538118e-04
2.202091e-01 -3.026985e-05 3.542972e-04
2.204799e-01 2.729502e-04 3.599494e-04
2.207507e-01 3.119502e-04 3.582791e-04
2.210216e-01 -1.393314e-04 3.542404e-04
2.212924e-01 8.755997e-04 3.525212e-04
2.215632e-01 -8.987077e-05 3.503386e-04
2.218340e-01 1.084279e-03 3.563354e-04
2.221048e-01 3.119931e-06 3.541950e-04
2.223756e-01 6.998200e-04 3.560933e-04
2.226464e-01 1.850389e-04 3.523223e-04
2.229173e-01 -1.221690e-04 3.505032e-04
2.231881e-01 7.688310e-04 3.537610e-04
2.234589e-01 4.121494e-04 3.522681e-04
2.237297e-01 4.848298e-04 3.548170e-04
2.240005e-01 8.410700e-04 3.554994e-04
2.242713e-01 -1.421403e-04 3.500689e-04
2.245422e-01 -9.433925e-05 3.495316e-04
2.248130e-01 2.739504e-04 3.561752e-04
2.250838e-01 4.398804e-04 3.522699e-04
2.253546e-01 3.936402e-04 3.569879e-04
2.256254e-01 4.341714e-04 3.488696e-04
2.258962e-01 5.885288e-04 3.553578e-04
2.261670e-01 1.135711e-04 3.696314e-04
2.264379e-01 7.979572e-06 3.734345e-04
2.267087e-01 3.215596e-04 3.796140e-04
2.269795e-01 -1.345407e-04 3.876939e-04
2.272503e-01 2.445597e-04 3.899147e-04
2.275211e-01 9.911135e-05 3.933918e-04
2.277919e-01 9.085294e-04 3.987858e-04
2.280627e-01 -4.096292e-04 3.980918e-04
2.283335e-01 1.376851e-03 4.084144e-04
2.286044e-01 8.705705e-04 4.070936e-04
2.288752e-01 4.164893e-04 4.111698e-04
2.291460e-01 3.159605e-04 4.134862e-04
2.294168e-01 1.644511e-04 4.278510e-04
2.296876e-01 6.205030e-05 4.242926e-04
2.299584e-01 3.044810e-04 4.303368e-04
2.302293e-01 6.923694e-04 4.311529e-04
2.305001e-01 5.741399e-04 4.348936e-04
2.307709e-01 6.171297e-04 4.363271e-04
2.310417e-01 -9.758025e-05 4.512966e-04
2.313125e-01 6.486699e-04 4.441966e-04
2.315833e-01 2.238993e-04 4.465027e-04
2.318541e-01 8.891914e-04 4.547967e-04
2.321250e-01 6.653182e-05 4.602800e-04
2.323958e-01 -1.267279e-03 4.546746e-04
2.326666e-01 -1.636688e-04 4.633777e-04
2.329374e-01 8.978881e-05 4.711647e-04
2.332082e-01 7.269401e-04 4.696694e-04
2.334790e-01 -8.475501e-04 4.720159e-04
2.337498e-01 8.797385e-04 4.881999e-04
2.340207e-01 3.231689e-04 4.858771e-04
2.342915e-01 -2.334602e-04 4.822713e-04
2.345623e-01 -1.236200e-04 4.918737e-04
2.348331e-01 5.275104e-04 4.878128e-04
2.351039e-01 -2.444908e-05 5.008031e-04
2.353747e-01 6.796401e-04 5.101200e-04
2.356455e-01 8.162484e-04 5.196165e-04
2.359163e-01 1.364000e-03 5.176594e-04
2.361872e-01 1.350604e-04 5.102322e-04
2.364580e-01 7.001907e-04 5.274980e-04
2.367288e-01 -8.816496e-04 5.226104e-04
2.369996e-01 -4.312694e-04 5.205380e-04
2.372704e-01 -2.111308e-04 5.373278e-04
2.375412e-01 1.569781e-03 5.444559e-04
2.378121e-01 1.295969e-03 5.538888e-04
2.380829e-01 6.730799e-04 5.306191e-04
2.383537e-01 -1.047812e-04 5.490259e-04
2.386245e-01 6.467905e-04 5.678636e-04
2.388953e-01 1.383815e-04 5.558414e-04
2.391661e-01 1.187902e-04 5.706549e-04
2.394369e-01 -1.998506e-04 5.760459e-04
2.397078e-01 1.381896e-05 5.907121e-04
2.399786e-01 -4.261602e-04 5.805757e-04
2.402494e-01 -2.601091e-04 5.756322e-04
2.405202e-01 2.527386e-04 5.818492e-04
2.407910e-01 8.651987e-05 6.009341e-04
2.410618e-01 1.104990e-03 6.103197e-04
2.413326e-01 -3.967900e-04 6.051711e-04
2.416034e-01 7.222891e-04 6.246647e-04
2.418743e-01 -6.857105e-04 6.190328e-04
2.421451e-01 -2.403501e-04 6.332560e-04
2.424159e-01 2.156794e-04 6.508474e-04
2.426867e-01 8.956194e-04 6.441070e-04
2.429575e-01 2.814904e-04 6.594597e-04
2.432283e-01 1.609219e-03 6.744918e-04
2.434992e-01 -2.319608e-04 6.667683e-04
2.437700e-01 1.303293e-04 6.878352e-04
2.440408e-01 -1.380930e-03 6.780588e-04
2.443116e-01 -6.863102e-04 7.004277e-04
2.445824e-01 -5.049892e-04 6.970567e-04
2.448532e-01 5.981810e-04 6.980483e-04
2.451240e-01 5.475711e-04 7.196826e-04
2.453949e-01 6.539207e-04 7.258414e-04
2.456657e-01 -1.394691e-03 7.393830e-04
2.459365e-01 9.001810e-04 7.612265e-04
2.462073e-01 -2.715513e-04 7.673677e-04
2.464781e-01 -9.684209e-04 7.677047e-04
2.467489e-01 4.724693e-04 8.007384e-04
2.470197e-01 -1.029596e-04 7.766251e-04
2.472906e-01 4.393701e-04 8.027578e-04
2.475614e-01 1.423258e-03 8.261479e-04
2.478322e-01 2.513509e-04 8.820741e-04
2.481030e-01 1.459261e-03 8.225465e-04
2.483738e-01 -6.130151e-05 8.445854e-04
2.486446e-01 5.888306e-04 9.024076e-04
2.489154e-01 1.016730e-03 9.434336e-04
2.491863e-01 6.302502e-04 9.429301e-04
2.494571e-01 -1.500603e-04 9.624763e-04
2.497279e-01 -5.377196e-04 9.624575e-04
2.499987e-01 1.006082e-03 1.035081e-03
2.502695e-01 1.272392e-04 1.003777e-03
2.505403e-01 3.018212e-04 1.029967e-03
2.508111e-01 1.216009e-03 1.065597e-03
2.510819e-01 -1.200130e-03 1.119656e-03
2.513528e-01 2.075171e-03 1.097083e-03
2.516236e-01 2.002960e-03 1.214091e-03
2.518944e-01 -1.826309e-03 1.139326e-03
2.521652e-01 1.274291e-03 1.321053e-03
2.524360e-01 1.030760e-03 1.274245e-03
2.527068e-01 1.440780e-03 1.256204e-03
2.529776e-01 8.984897e-04 1.315045e-03
2.532485e-01 4.113801e-04 1.411608e-03
2.535193e-01 -2.077980e-03 1.437238e-03
2.537901e-01 1.073580e-03 1.435730e-03
2.540609e-01 -8.004904e-04 1.458147e-03
2.543317e-01 2.405940e-03 1.493173e-03
2.546025e-01 1.799868e-03 1.556528e-03
2.548733e-01 9.134691e-04 1.607533e-03
2.551441e-01 -9.276699e-04 1.654916e-03
2.554150e-01 -5.066600e-04 1.691911e-03
2.556858e-01 1.153801e-03 1.777080e-03
2.559566e-01 -2.178799e-03 1.915903e-03
2.562274e-01 -2.796350e-03 1.983779e-03
2.564982e-01 6.027203e-04 2.377402e-03
2.567690e-01 8.903295e-04 2.471215e-03
2.570398e-01 -9.330399e-04 2.528755e-03
2.573107e-01 -2.517110e-03 2.737605e-03
2.575815e-01 3.335822e-03 4.351432e-03
2.578523e-01 -1.161517e-02 4.852544e-03
2.581231e-01 -6.024610e-03 9.405484e-03
