3.286826e-03 9.722328e-02 0.000000e+00
3.557641e-03 1.727295e-02 8.133823e-02
3.828455e-03 1.984501e-02 5.187508e-02
4.099269e-03 1.739001e-02 3.971028e-02
4.370084e-03 1.890182e-02 2.875398e-02
4.640898e-03 1.909399e-02 2.010064e-02
4.911712e-03 2.859831e-03 1.694041e-02
5.182527e-03 -8.295059e-03 1.331720e-02
5.453341e-03 3.630996e-03 1.230458e-02
5.724155e-03 -7.115960e-03 9.291777e-03
5.994970e-03 -6.965995e-03 8.443759e-03
6.265784e-03 -7.887840e-03 7.070232e-03
6.536598e-03 -5.002081e-03 5.704315e-03
6.807412e-03 -4.253507e-03 5.144879e-03
7.078227e-03 -5.421996e-03 4.331908e-03
7.349041e-03 -4.667461e-03 3.811561e-03
7.619855e-03 -5.337000e-04 3.376508e-03
7.890671e-03 -6.033778e-04 2.914589e-03
8.161485e-03 -5.534679e-03 2.652938e-03
8.432299e-03 -5.941093e-03 2.455323e-03
8.703114e-03 -3.950804e-03 2.237831e-03
8.973928e-03 -2.639800e-03 1.996054e-03
9.244742e-03 -4.726708e-03 1.872131e-03
9.515557e-03 -5.110204e-03 1.740702e-03
9.786371e-03 -4.197598e-03 1.603113e-03
1.005718e-02 -3.414392e-03 1.543653e-03
1.032800e-02 -1.973301e-03 1.390185e-03
1.059881e-02 -2.357990e-03 1.342964e-03
1.086963e-02 -2.764806e-03 1.223500e-03
1.114044e-02 -1.768500e-03 1.167583e-03
1.141126e-02 -2.343312e-03 1.145111e-03
1.168207e-02 -2.019301e-03 1.065788e-03
1.195289e-02 5.095005e-04 1.019624e-03
1.222370e-02 -2.141103e-03 9.643411e-04
1.249451e-02 -3.965594e-03 9.158464e-04
1.276533e-02 -6.502196e-04 8.956764e-04
1.303614e-02 -6.435290e-04 8.509410e-04
1.330696e-02 -1.982227e-03 8.127125e-04
1.357777e-02 -8.891672e-04 7.897956e-04
1.384859e-02 -1.380153e-03 7.618131e-04
1.411940e-02 -7.062256e-04 7.254680e-04
1.439021e-02 -1.138300e-03 6.990730e-04
1.466103e-02 7.672608e-05 6.951462e-04
1.493184e-02 -2.599582e-04 6.774788e-04
1.520266e-02 -1.238547e-03 6.484095e-04
1.547347e-02 -1.417771e-04 6.208582e-04
1.574429e-02 -1.427669e-03 6.078809e-04
1.601510e-02 -1.507893e-03 5.952300e-04
1.628591e-02 1.054522e-03 5.863739e-04
1.655673e-02 -1.351587e-03 5.550679e-04
1.682754e-02 -5.973391e-04 5.545015e-04
1.709836e-02 6.195307e-04 5.407128e-04
1.736917e-02 6.600842e-05 5.303953e-04
1.763999e-02 -6.819293e-04 5.202384e-04
1.791080e-02 -1.303099e-03 4.999669e-04
1.818161e-02 -1.063906e-04 5.077352e-04
1.845243e-02 -4.918613e-04 5.092964e-04
1.872324e-02 -8.908585e-04 4.919246e-04
1.899406e-02 -5.977787e-04 4.879618e-04
1.926487e-02 -5.077906e-04 4.898214e-04
1.953569e-02 -9.591393e-04 4.817318e-04
1.980650e-02 4.882403e-04 4.883283e-04
2.007731e-02 -6.430298e-04 4.704304e-04
2.034813e-02 -5.443692e-04 4.695409e-04
2.061894e-02 1.241006e-04 4.675332e-04
2.088976e-02 -8.254983e-04 4.564513e-04
2.116057e-02 1.011677e-04 4.550003e-04
2.143139e-02 -7.919483e-04 4.495209e-04
2.170220e-02 -4.124716e-04 4.540635e-04
2.197302e-02 -9.748600e-04 4.442974e-04
2.224383e-02 -5.696379e-04 4.344143e-04
2.251465e-02 -1.134790e-03 4.312153e-04
2.278546e-02 -4.394129e-04 4.191295e-04
2.305627e-02 -7.295385e-04 4.194581e-04
2.332709e-02 5.549900e-04 4.103163e-04
2.359790e-02 4.379600e-04 3.977333e-04
2.386872e-02 -2.226010e-04 3.969832e-04
2.413953e-02 -3.808104e-04 3.886448e-04
2.441034e-02 -1.678094e-04 3.881295e-04
2.468116e-02 6.246939e-05 3.826952e-04
2.495197e-02 1.464002e-04 3.794220e-04
2.522279e-02 2.289116e-04 3.790715e-04
2.549360e-02 3.910996e-04 3.727327e-04
2.576442e-02 5.979501e-04 3.624854e-04
2.603523e-02 1.116842e-05 3.617976e-04
2.630604e-02 -4.261881e-04 3.571260e-04
2.657686e-02 -3.983602e-04 3.592674e-04
2.684767e-02 4.297122e-05 3.530621e-04
2.711849e-02 -6.595887e-04 3.516514e-04
2.738930e-02 -2.985522e-04 3.508387e-04
2.766012e-02 -2.024993e-04 3.423479e-04
2.793093e-02 -2.736486e-04 3.412365e-04
2.820175e-02 -2.121516e-04 3.360283e-04
2.847256e-02 -4.308410e-04 3.320532e-04
2.874337e-02 -4.360415e-04 3.344138e-04
2.901419e-02 -8.560382e-04 3.234053e-04
2.928500e-02 -1.307391e-04 3.213772e-04
2.955582e-02 5.908124e-04 3.219699e-04
2.982663e-02 3.405996e-04 3.197669e-04
3.009745e-02 -1.495816e-04 3.232555e-04
3.036826e-02 -1.260303e-04 3.130002e-04
3.063907e-02 -9.693205e-05 3.140859e-04
3.090989e-02 3.974140e-05 3.130035e-04
3.118070e-02 -3.916025e-05 3.116547e-04
3.145152e-02 -1.591779e-04 3.094789e-04
3.172233e-02 3.384575e-04 3.051661e-04
3.199315e-02 -2.689660e-06 3.062564e-04
3.226396e-02 8.828938e-06 3.030430e-04
3.253478e-02 4.046001e-04 3.024784e-04
3.280559e-02 -5.972795e-04 3.012573e-04
3.307641e-02 -1.621209e-04 2.980961e-04
3.334722e-02 3.078096e-04 2.956849e-04
3.361803e-02 -1.542680e-04 2.924507e-04
3.388885e-02 5.982071e-05 2.902710e-04
3.415966e-02 -5.015805e-04 2.914014e-04
3.443048e-02 2.741329e-04 2.913510e-04
3.470129e-02 -6.560981e-05 2.883180e-04
3.497211e-02 9.787083e-05 2.862851e-04
3.524292e-02 -2.565011e-04 2.800399e-04
3.551374e-02 4.893281e-04 2.838473e-04
3.578455e-02 -1.687892e-04 2.859959e-04
3.605536e-02 5.041808e-05 2.808007e-04
3.632618e-02 3.356505e-04 2.806100e-04
3.659699e-02 -3.505517e-04 2.792977e-04
3.686780e-02 9.373017e-05 2.764319e-04
3.713862e-02 -3.150497e-04 2.735040e-04
3.740944e-02 -8.625910e-05 2.734077e-04
3.768025e-02 -3.072061e-05 2.735081e-04
3.795106e-02 4.862510e-04 2.694776e-04
3.822188e-02 -1.166500e-04 2.713165e-04
3.849269e-02 5.524978e-05 2.641526e-04
3.876351e-02 -4.092194e-04 2.680247e-04
3.903432e-02 -2.304297e-04 2.663319e-04
3.930514e-02 -2.426095e-04 2.635925e-04
3.957595e-02 -1.499988e-05 2.628399e-04
3.984676e-02 -1.481902e-04 2.598350e-04
4.011758e-02 3.816709e-04 2.614044e-04
4.038839e-02 3.315192e-04 2.597614e-04
4.065921e-02 -2.301503e-04 2.596081e-04
4.093002e-02 3.788993e-05 2.588073e-04
4.120084e-02 -3.994498e-04 2.588631e-04
4.147165e-02 -1.269896e-04 2.575271e-04
4.174246e-02 9.075925e-05 2.582601e-04
4.201328e-02 -2.090801e-04 2.519961e-04
4.228409e-02 9.011477e-06 2.543935e-04
4.255491e-02 7.390976e-06 2.506122e-04
4.282572e-02 -1.690108e-04 2.522423e-04
4.309653e-02 3.758408e-04 2.501042e-04
4.336735e-02 -4.639216e-04 2.477764e-04
4.363817e-02 -3.645942e-05 2.506113e-04
4.390898e-02 2.928916e-04 2.504692e-04
4.417979e-02 -2.007000e-05 2.464337e-04
4.445061e-02 -7.424913e-04 2.456796e-04
4.472142e-02 8.279830e-05 2.432420e-04
4.499224e-02 1.837015e-04 2.452845e-04
4.526305e-02 2.425499e-04 2.441064e-04
4.553387e-02 -3.945399e-04 2.395454e-04
4.580468e-02 2.013706e-04 2.401824e-04
4.607549e-02 1.368001e-04 2.404996e-04
4.634631e-02 1.411289e-04 2.380668e-04
4.661712e-02 -1.541991e-04 2.399001e-04
4.688794e-02 2.138875e-05 2.376024e-04
4.715875e-02 -6.043389e-04 2.357699e-04
4.742957e-02 -5.179830e-05 2.367229e-04
4.770038e-02 -1.093205e-04 2.332290e-04
4.797119e-02 -1.715105e-04 2.350681e-04
4.824201e-02 7.960945e-05 2.319956e-04
4.851282e-02 -3.156997e-04 2.337665e-04
4.878364e-02 -1.589209e-04 2.324799e-04
4.905445e-02 8.605979e-05 2.309770e-04
4.932526e-02 3.772900e-04 2.305383e-04
4.959608e-02 6.094016e-05 2.294685e-04
4.986690e-02 7.060915e-05 2.285004e-04
5.013771e-02 -6.312877e-05 2.266110e-04
5.040852e-02 -2.718996e-04 2.271544e-04
5.067934e-02 1.252685e-04 2.279001e-04
5.095015e-02 5.208887e-05 2.237031e-04
5.122096e-02 1.371410e-04 2.249557e-04
5.149178e-02 -2.335012e-04 2.258434e-04
5.176260e-02 -2.762303e-04 2.255649e-04
5.203341e-02 8.117035e-05 2.256274e-04
5.230422e-02 3.515203e-04 2.221316e-04
5.257504e-02 -2.338924e-05 2.215482e-04
5.284585e-02 -3.850609e-04 2.211774e-04
5.311667e-02 2.038199e-04 2.202533e-04
5.338748e-02 1.606606e-04 2.230577e-04
5.365830e-02 1.533199e-04 2.215399e-04
5.392911e-02 3.220011e-04 2.255404e-04
5.419992e-02 -1.539495e-04 2.248182e-04
5.447074e-02 -7.408112e-05 2.246926e-04
5.474155e-02 -1.460686e-04 2.289921e-04
5.501237e-02 1.936033e-05 2.316773e-04
5.528318e-02 4.483107e-04 2.350398e-04
5.555400e-02 -3.992952e-05 2.332400e-04
5.582481e-02 2.048910e-08 2.338471e-04
5.609563e-02 -1.418963e-05 2.379798e-04
5.636644e-02 -9.494089e-05 2.381424e-04
5.663725e-02 -7.740986e-04 2.381307e-04
5.690807e-02 -1.108106e-04 2.393138e-04
5.717888e-02 9.252876e-05 2.383404e-04
5.744969e-02 -1.442097e-04 2.387983e-04
5.772051e-02 1.178812e-04 2.398779e-04
5.799133e-02 3.669970e-05 2.386788e-04
5.826214e-02 1.139399e-04 2.425138e-04
5.853295e-02 9.695999e-05 2.405903e-04
5.880377e-02 -3.177300e-04 2.416241e-04
5.907458e-02 -9.419024e-05 2.412506e-04
5.934540e-02 -3.038906e-04 2.389950e-04
5.961621e-02 1.951810e-04 2.421067e-04
5.988703e-02 2.938397e-04 2.423138e-04
6.015784e-02 -2.013184e-04 2.424043e-04
6.042865e-02 -2.438594e-04 2.429547e-04
6.069947e-02 -8.175150e-05 2.385977e-04
6.097028e-02 -1.734197e-04 2.376243e-04
6.124110e-02 5.814601e-04 2.341163e-04
6.151191e-02 -1.217052e-05 2.356994e-04
6.178273e-02 -1.170617e-04 2.349017e-04
6.205354e-02 -1.330003e-04 2.330825e-04
6.232436e-02 -4.320964e-05 2.341817e-04
6.259517e-02 1.098607e-04 2.293300e-04
6.286598e-02 2.214890e-04 2.298959e-04
6.313679e-02 3.361609e-04 2.336465e-04
6.340761e-02 3.431793e-04 2.267184e-04
6.367842e-02 -2.750102e-04 2.278448e-04
6.394923e-02 1.986399e-04 2.293289e-04
6.422005e-02 1.676492e-04 2.285176e-04
6.449086e-02 -7.843971e-05 2.297372e-04
6.476168e-02 2.583116e-05 2.264971e-04
6.503250e-02 2.414212e-04 2.274022e-04
6.530331e-02 4.156400e-04 2.257258e-04
6.557412e-02 -4.116502e-04 2.272433e-04
6.584494e-02 -9.225123e-05 2.271638e-04
6.611575e-02 -3.482308e-04 2.271042e-04
6.638657e-02 -2.701394e-04 2.273548e-04
6.665738e-02 1.472197e-04 2.250733e-04
6.692819e-02 -1.526698e-04 2.238414e-04
6.719901e-02 -1.529232e-06 2.245336e-04
6.746982e-02 -7.058866e-05 2.258472e-04
6.774063e-02 3.011189e-04 2.254566e-04
6.801146e-02 -2.810396e-04 2.228483e-04
6.828227e-02 1.793988e-04 2.229798e-04
6.855308e-02 -2.857391e-04 2.244753e-04
6.882390e-02 -1.373887e-05 2.240428e-04
6.909471e-02 -2.244115e-05 2.230994e-04
6.936552e-02 6.764941e-05 2.195939e-04
6.963634e-02 -9.483844e-05 2.223409e-04
6.990715e-02 1.133792e-04 2.216614e-04
7.017796e-02 4.274026e-05 2.190029e-04
7.044878e-02 -5.760975e-05 2.194318e-04
7.071959e-02 8.830056e-05 2.196281e-04
7.099041e-02 9.568967e-05 2.207264e-04
7.126123e-02 3.761016e-04 2.172075e-04
7.153204e-02 2.267193e-04 2.170220e-04
7.180285e-02 2.130512e-04 2.204857e-04
7.207367e-02 2.232902e-04 2.175285e-04
7.234448e-02 2.835803e-04 2.187559e-04
7.261530e-02 4.235096e-05 2.195237e-04
7.288611e-02 1.551006e-04 2.161635e-04
7.315692e-02 1.123101e-04 2.189130e-04
7.342774e-02 -3.260989e-04 2.185341e-04
7.369855e-02 5.109999e-04 2.167623e-04
7.396936e-02 -2.891701e-04 2.181489e-04
7.424019e-02 -9.813905e-05 2.163107e-04
7.451100e-02 -3.273971e-05 2.162841e-04
7.478181e-02 3.846586e-04 2.150746e-04
7.505263e-02 -2.821200e-04 2.143987e-04
7.532344e-02 4.792027e-05 2.174616e-04
7.559425e-02 -3.736094e-05 2.134769e-04
7.586507e-02 -3.548898e-04 2.143000e-04
7.613588e-02 2.351608e-04 2.134093e-04
7.640669e-02 -6.609038e-05 2.127039e-04
7.667751e-02 -1.289994e-04 2.143797e-04
7.694832e-02 2.084188e-04 2.133023e-04
7.721914e-02 -1.970120e-05 2.130523e-04
7.748996e-02 3.403500e-04 2.116992e-04
7.776077e-02 -1.636799e-04 2.120444e-04
7.803158e-02 7.252023e-05 2.137334e-04
7.830240e-02 3.962591e-04 2.120514e-04
7.857321e-02 -1.289789e-04 2.117271e-04
7.884403e-02 -3.804080e-05 2.118598e-04
7.911484e-02 -3.799982e-05 2.088135e-04
7.938565e-02 -2.213810e-04 2.129015e-04
7.965647e-02 -1.200903e-04 2.088267e-04
7.992728e-02 -1.155958e-05 2.104707e-04
8.019809e-02 1.226999e-04 2.101561e-04
8.046892e-02 2.414491e-04 2.082483e-04
8.073973e-02 1.027714e-04 2.095173e-04
8.101054e-02 -2.014004e-04 2.083366e-04
8.128136e-02 1.251698e-06 2.084759e-04
8.155217e-02 -1.901202e-04 2.075154e-04
8.182298e-02 1.766309e-04 2.067647e-04
8.209380e-02 3.802031e-05 2.071127e-04
8.236461e-02 7.894076e-05 2.075060e-04
8.263543e-02 -1.868103e-04 2.065145e-04
8.290624e-02 8.855946e-05 2.064713e-04
8.317705e-02 -2.734922e-05 2.050196e-04
8.344787e-02 1.624096e-04 2.069748e-04
8.371869e-02 -1.867115e-05 2.075097e-04
8.398950e-02 -6.379932e-05 2.052720e-04
8.426031e-02 -4.280359e-06 2.063846e-04
8.453113e-02 5.476922e-05 2.046582e-04
8.480194e-02 -1.888908e-05 2.060001e-04
8.507276e-02 -9.839050e-05 2.061206e-04
8.534357e-02 1.314785e-04 2.044539e-04
8.561438e-02 -2.056919e-05 2.025969e-04
8.588520e-02 1.492295e-04 2.032433e-04
8.615601e-02 1.814701e-04 2.022078e-04
8.642682e-02 1.869891e-04 2.035784e-04
8.669765e-02 1.173299e-04 2.018625e-04
8.696846e-02 5.359985e-04 2.038180e-04
8.723927e-02 1.734700e-04 1.997693e-04
8.751009e-02 1.285002e-04 2.014831e-04
8.778090e-02 -1.268890e-04 2.013066e-04
8.805171e-02 -1.755301e-04 2.006336e-04
8.832253e-02 -4.510209e-04 2.004650e-04
8.859334e-02 4.421305e-04 2.018973e-04
8.886416e-02 1.338907e-04 2.012691e-04
8.913497e-02 1.792982e-05 1.996585e-04
8.940578e-02 4.060939e-05 1.988208e-04
8.967660e-02 2.769101e-04 2.005353e-04
8.994742e-02 1.243204e-04 2.011165e-04
9.021823e-02 -7.287972e-05 1.989058e-04
9.048904e-02 8.073077e-05 2.002815e-04
9.075986e-02 1.705401e-04 1.994512e-04
9.103067e-02 7.686019e-05 1.977085e-04
9.130149e-02 4.358012e-04 1.983531e-04
9.157230e-02 7.927045e-05 1.993888e-04
9.184311e-02 7.398054e-05 2.004179e-04
9.211393e-02 4.943199e-04 1.971382e-04
9.238474e-02 -2.341904e-05 1.975014e-04
9.265555e-02 -1.519918e-05 1.987449e-04
9.292637e-02 4.674122e-05 1.966434e-04
9.319719e-02 9.747967e-05 1.987625e-04
9.346800e-02 5.623884e-05 1.969355e-04
9.373882e-02 1.359694e-04 1.977194e-04
9.400963e-02 4.037786e-04 1.959269e-04
9.428044e-02 4.200116e-04 1.960269e-04
9.455126e-02 -1.406483e-04 1.968251e-04
9.482207e-02 1.031905e-04 1.967154e-04
9.509289e-02 1.241080e-05 1.967116e-04
9.536370e-02 -6.079674e-06 1.962534e-04
9.563451e-02 7.328019e-05 1.937824e-04
9.590533e-02 1.885090e-04 1.960497e-04
9.617615e-02 3.388207e-04 1.943646e-04
9.644696e-02 -6.986037e-05 1.942635e-04
9.671777e-02 2.883598e-04 1.944181e-04
9.698859e-02 9.797513e-07 1.930616e-04
9.725940e-02 -3.689397e-04 1.944642e-04
9.753022e-02 -1.467187e-04 1.929529e-04
9.780103e-02 -2.465956e-05 1.933008e-04
9.807184e-02 1.412891e-04 1.924579e-04
9.834266e-02 -9.786896e-05 1.925241e-04
9.861347e-02 4.602037e-05 1.934683e-04
9.888428e-02 -4.116073e-05 1.901724e-04
9.915510e-02 3.939494e-06 1.930607e-04
9.942592e-02 1.514591e-04 1.913227e-04
9.969673e-02 1.270100e-04 1.927915e-04
9.996755e-02 7.632002e-05 1.924875e-04
1.002384e-01 2.736002e-04 1.900801e-04
1.005092e-01 2.692211e-04 1.909779e-04
1.007800e-01 2.467409e-04 1.903838e-04
1.010508e-01 2.994500e-04 1.917212e-04
1.013216e-01 1.546293e-04 1.903415e-04
1.015924e-01 2.949703e-04 1.898501e-04
1.018632e-01 -3.184695e-04 1.916060e-04
1.021341e-01 3.221203e-04 1.901238e-04
1.024049e-01 1.519192e-04 1.914408e-04
1.026757e-01 3.714804e-04 1.890260e-04
1.029465e-01 -1.730956e-05 1.889689e-04
1.032173e-01 -2.011098e-05 1.890795e-04
1.034881e-01 2.583303e-04 1.881207e-04
1.037589e-01 1.853798e-04 1.882744e-04
1.040298e-01 2.348982e-05 1.875152e-04
1.043006e-01 -2.115406e-04 1.891788e-04
1.045714e-01 -3.989041e-05 1.881168e-04
1.048422e-01 1.035091e-04 1.867806e-04
1.051130e-01 1.535714e-04 1.869321e-04
1.053838e-01 -5.576015e-05 1.875151e-04
1.056546e-01 2.028048e-05 1.864543e-04
1.059255e-01 1.111608e-04 1.861924e-04
1.061963e-01 -1.652315e-04 1.867441e-04
1.064671e-01 1.732390e-04 1.857573e-04
1.067379e-01 -1.198985e-05 1.863214e-04
1.070087e-01 -1.272298e-04 1.878636e-04
1.072795e-01 2.310202e-04 1.853462e-04
1.075503e-01 1.864992e-04 1.859176e-04
1.078212e-01 4.326925e-05 1.860680e-04
1.080920e-01 -3.239885e-05 1.844922e-04
1.083628e-01 4.136935e-05 1.850776e-04
1.086336e-01 2.812706e-04 1.858206e-04
1.089044e-01 2.994705e-04 1.844361e-04
1.091752e-01 1.665018e-05 1.844975e-04
1.094460e-01 3.966503e-04 1.834528e-04
1.097169e-01 3.377907e-05 1.842112e-04
1.099877e-01 1.071412e-04 1.837666e-04
1.102585e-01 3.020614e-04 1.848882e-04
1.105293e-01 7.327832e-05 1.866338e-04
1.108001e-01 -4.406087e-05 1.882835e-04
1.110709e-01 -2.950095e-04 1.894713e-04
1.113417e-01 -1.451615e-04 1.892825e-04
1.116126e-01 -8.710101e-05 1.916445e-04
1.118834e-01 -1.081005e-04 1.911034e-04
1.121542e-01 -5.285069e-05 1.913952e-04
1.124250e-01 -2.482906e-05 1.949630e-04
1.126958e-01 -2.007205e-04 1.944719e-04
1.129666e-01 -1.476090e-04 1.961150e-04
1.132374e-01 -5.762093e-05 1.989876e-04
1.135083e-01 3.284402e-04 2.018367e-04
1.137791e-01 -1.233704e-04 2.013669e-04
1.140499e-01 1.499914e-04 2.008029e-04
1.143207e-01 -5.073100e-05 2.051344e-04
1.145915e-01 1.814794e-04 2.051030e-04
1.148623e-01 2.373308e-04 2.061005e-04
1.151332e-01 1.583062e-05 2.058667e-04
1.154040e-01 1.022033e-05 2.081115e-04
1.156748e-01 1.157112e-04 2.090931e-04
1.159456e-01 -2.066046e-05 2.111531e-04
1.162164e-01 9.136088e-05 2.115828e-04
1.164872e-01 -1.045298e-04 2.106346e-04
1.167580e-01 1.518205e-04 2.156960e-04
1.170288e-01 -1.809001e-05 2.143577e-04
1.172997e-01 -4.492886e-05 2.144724e-04
1.175705e-01 5.855039e-05 2.161572e-04
1.178413e-01 -5.711205e-04 2.170049e-04
1.181121e-01 -1.921412e-04 2.156262e-04
1.183829e-01 2.267957e-05 2.098211e-04
1.186537e-01 2.496187e-04 2.108606e-04
1.189246e-01 2.686288e-04 2.086055e-04
1.191954e-01 3.579073e-05 2.091619e-04
1.194662e-01 2.071802e-04 2.087211e-04
1.197370e-01 2.290010e-04 2.093598e-04
1.200078e-01 -8.611009e-06 2.098611e-04
1.202786e-01 2.175905e-04 2.077128e-04
1.205494e-01 2.278388e-04 2.077323e-04
1.208202e-01 1.316611e-04 2.097677e-04
1.210911e-01 1.367107e-04 2.074033e-04
1.213619e-01 3.492199e-04 2.095186e-04
1.216327e-01 4.628114e-04 2.078265e-04
1.219035e-01 1.922995e-05 2.083076e-04
1.221743e-01 2.290290e-04 2.083968e-04
1.224451e-01 -2.193805e-04 2.073672e-04
1.227160e-01 -8.346885e-05 2.096980e-04
1.229868e-01 -4.098192e-04 2.071203e-04
1.232576e-01 -4.171021e-05 2.082412e-04
1.235284e-01 1.086388e-04 2.076247e-04
1.237992e-01 6.263908e-04 2.090817e-04
1.240700e-01 1.680385e-04 2.087903e-04
1.243408e-01 4.740432e-06 2.076487e-04
1.246117e-01 1.757294e-04 2.088148e-04
1.248825e-01 4.893169e-05 2.078624e-04
1.251533e-01 -8.337945e-05 2.056374e-04
1.254241e-01 1.337398e-04 2.064688e-04
1.256949e-01 -7.606111e-05 2.037872e-04
1.259657e-01 4.645996e-04 2.059856e-04
1.262365e-01 2.833698e-04 2.060976e-04
1.265074e-01 -1.685601e-04 2.034125e-04
1.267782e-01 -2.050027e-05 2.044669e-04
1.270490e-01 -5.199015e-05 2.051115e-04
1.273198e-01 1.178700e-04 2.048061e-04
1.275906e-01 3.315099e-04 2.031855e-04
1.278614e-01 2.382714e-04 2.035861e-04
1.281322e-01 1.667999e-05 2.033995e-04
1.284031e-01 -1.935512e-04 2.023581e-04
1.286739e-01 -1.527295e-04 2.040743e-04
1.289447e-01 -8.670054e-05 2.023930e-04
1.292155e-01 -3.557093e-05 2.033858e-04
1.294863e-01 -1.630802e-04 2.015335e-04
1.297571e-01 2.213288e-04 2.017332e-04
1.300279e-01 2.224892e-04 2.015077e-04
1.302988e-01 9.210035e-05 2.012783e-04
1.305696e-01 -7.984042e-05 2.027707e-04
1.308404e-01 -3.282595e-04 2.008645e-04
1.311112e-01 1.554489e-04 2.030670e-04
1.313820e-01 -9.329990e-05 2.011526e-04
1.316528e-01 1.588501e-04 2.021629e-04
1.319236e-01 -1.674388e-04 2.007719e-04
1.321945e-01 -6.441958e-05 2.025103e-04
1.324653e-01 5.079061e-05 2.025929e-04
1.327361e-01 3.753789e-04 2.006789e-04
1.330069e-01 -9.053946e-05 2.013463e-04
1.332777e-01 -4.122704e-04 1.997734e-04
1.335485e-01 3.197305e-04 1.976049e-04
1.338193e-01 -1.994707e-04 2.008567e-04
1.340902e-01 -2.394989e-05 1.991705e-04
1.343610e-01 9.881333e-06 1.993053e-04
1.346318e-01 -1.633912e-04 2.001555e-04
1.349026e-01 -3.337003e-04 1.976425e-04
1.351734e-01 -2.025310e-04 2.005646e-04
1.354442e-01 5.150028e-05 1.990489e-04
1.357151e-01 -2.119709e-04 2.008784e-04
1.359859e-01 1.444910e-04 1.990603e-04
1.362567e-01 -2.823286e-04 1.973131e-04
1.365275e-01 -1.620799e-04 1.996814e-04
1.367983e-01 -5.610287e-06 1.977719e-04
1.370691e-01 3.464893e-05 1.996731e-04
1.373399e-01 5.436409e-04 2.010669e-04
1.376107e-01 1.178999e-04 2.033004e-04
1.378816e-01 2.175812e-04 2.063944e-04
1.381524e-01 2.595987e-04 2.058925e-04
1.384232e-01 4.139412e-04 2.082676e-04
1.386940e-01 9.568036e-05 2.076998e-04
1.389648e-01 2.746806e-04 2.101617e-04
1.392356e-01 1.798198e-04 2.105996e-04
1.395064e-01 4.846491e-04 2.117620e-04
1.397773e-01 -1.542810e-04 2.120274e-04
1.400481e-01 2.044998e-05 2.114354e-04
1.403189e-01 2.379511e-04 2.136303e-04
1.405897e-01 -2.609491e-04 2.146815e-04
1.408605e-01 -1.675710e-04 2.150112e-04
1.411313e-01 -4.648603e-04 2.164944e-04
1.414021e-01 4.107989e-04 2.130266e-04
1.416730e-01 3.381092e-04 2.193468e-04
1.419438e-01 5.539879e-05 2.177167e-04
1.422146e-01 -1.325086e-05 2.191699e-04
1.424854e-01 -2.529696e-04 2.182306e-04
1.427562e-01 -2.562907e-04 2.179831e-04
1.430270e-01 1.561083e-05 2.178572e-04
1.432979e-01 1.431908e-04 2.186037e-04
1.435687e-01 2.085008e-04 2.189118e-04
1.438395e-01 3.982298e-04 2.211391e-04
1.441103e-01 3.010035e-06 2.210680e-04
1.443811e-01 4.490092e-05 2.232089e-04
1.446519e-01 -1.922995e-05 2.221740e-04
1.449227e-01 6.210059e-06 2.249930e-04
1.451935e-01 2.516489e-04 2.214624e-04
1.454644e-01 2.932195e-04 2.237495e-04
1.457352e-01 5.278699e-04 2.255654e-04
1.460060e-01 -2.871100e-04 2.243579e-04
1.462768e-01 -1.297798e-04 2.268632e-04
1.465476e-01 1.565497e-04 2.262133e-04
1.468184e-01 6.137602e-04 2.302215e-04
1.470892e-01 1.759902e-04 2.275791e-04
1.473601e-01 1.143105e-04 2.272667e-04
1.476309e-01 1.133103e-04 2.281897e-04
1.479017e-01 -1.162291e-04 2.269305e-04
1.481725e-01 -1.817700e-04 2.295825e-04
1.484433e-01 5.216897e-05 2.268549e-04
1.487141e-01 4.788116e-05 2.295874e-04
1.489850e-01 -2.657901e-04 2.258634e-04
1.492558e-01 1.662988e-04 2.269678e-04
1.495266e-01 1.354907e-04 2.277549e-04
1.497974e-01 3.292896e-04 2.244802e-04
1.500682e-01 1.142602e-04 2.271218e-04
1.503390e-01 -1.238603e-04 2.260853e-04
1.506098e-01 -2.119094e-04 2.258840e-04
1.508806e-01 -1.720507e-04 2.255336e-04
1.511515e-01 1.567099e-04 2.242258e-04
1.514223e-01 8.076988e-05 2.288282e-04
1.516931e-01 1.111887e-04 2.267527e-04
1.519639e-01 5.474128e-05 2.268463e-04
1.522347e-01 -8.756109e-05 2.287052e-04
1.525055e-01 1.051296e-04 2.282147e-04
1.527763e-01 2.899989e-04 2.283951e-04
1.530472e-01 7.504970e-05 2.275047e-04
1.533180e-01 3.537908e-05 2.270640e-04
1.535888e-01 2.829209e-04 2.280677e-04
1.538596e-01 5.466100e-04 2.270783e-04
1.541304e-01 1.519993e-04 2.296374e-04
1.544012e-01 1.731496e-04 2.252006e-04
1.546721e-01 2.447702e-04 2.292678e-04
1.549429e-01 1.325589e-04 2.281574e-04
1.552137e-01 -2.855100e-04 2.269921e-04
1.554845e-01 2.187900e-04 2.270646e-04
1.557553e-01 9.182096e-05 2.290142e-04
1.560261e-01 -3.984906e-04 2.308505e-04
1.562969e-01 -1.929291e-04 2.296572e-04
1.565678e-01 3.181417e-04 2.286509e-04
1.568386e-01 3.448706e-04 2.286750e-04
1.571094e-01 4.837401e-04 2.304338e-04
1.573802e-01 8.540973e-05 2.286001e-04
1.576510e-01 1.521111e-04 2.261331e-04
1.579218e-01 -1.623388e-04 2.282171e-04
1.581926e-01 -7.235073e-05 2.280697e-04
1.584634e-01 2.544913e-04 2.265454e-04
1.587343e-01 -4.762895e-04 2.286839e-04
1.590051e-01 2.958197e-04 2.278951e-04
1.592759e-01 6.366149e-05 2.276901e-04
1.595467e-01 -1.095049e-05 2.284842e-04
1.598175e-01 2.018921e-05 2.267577e-04
1.600883e-01 -1.421906e-04 2.258168e-04
1.603591e-01 2.883002e-04 2.284317e-04
1.606300e-01 -2.790298e-04 2.271518e-04
1.609008e-01 6.456990e-04 2.249710e-04
1.611716e-01 2.152286e-04 2.237459e-04
1.614424e-01 -5.581975e-05 2.261112e-04
1.617132e-01 8.372031e-05 2.259299e-04
1.619840e-01 -4.199203e-04 2.247505e-04
1.622549e-01 -4.055910e-04 2.249901e-04
1.625257e-01 -2.348702e-04 2.259028e-04
1.627965e-01 -5.400926e-05 2.258963e-04
1.630673e-01 2.365205e-04 2.253717e-04
1.633381e-01 3.058910e-04 2.257340e-04
1.636089e-01 -1.032185e-04 2.254016e-04
1.638797e-01 9.769946e-05 2.272438e-04
1.641506e-01 2.573300e-04 2.241415e-04
1.644214e-01 -1.233201e-04 2.271102e-04
1.646922e-01 -2.080910e-04 2.273621e-04
1.649630e-01 4.209578e-06 2.246189e-04
1.652338e-01 1.515076e-05 2.277161e-04
1.655046e-01 -3.997814e-04 2.253690e-04
1.657754e-01 3.937799e-04 2.266446e-04
1.660462e-01 1.126695e-04 2.276635e-04
1.663171e-01 1.143701e-04 2.256270e-04
1.665879e-01 1.472905e-04 2.267856e-04
1.668587e-01 -1.139697e-04 2.257711e-04
1.671295e-01 -7.167086e-05 2.274860e-04
1.674003e-01 -8.001924e-05 2.259982e-04
1.676711e-01 -6.628111e-04 2.337628e-04
1.679420e-01 4.190952e-05 2.391339e-04
1.682128e-01 8.021854e-05 2.407418e-04
1.684836e-01 1.812913e-05 2.451078e-04
1.687544e-01 -2.342202e-04 2.451950e-04
1.690252e-01 2.133399e-04 2.491557e-04
1.692960e-01 3.105290e-04 2.472304e-04
1.695668e-01 -9.837933e-05 2.521801e-04
1.698377e-01 4.306994e-05 2.509512e-04
1.701085e-01 -2.780892e-04 2.539572e-04
1.703793e-01 2.008583e-04 2.580873e-04
1.706501e-01 -1.001414e-04 2.564416e-04
1.709209e-01 2.235901e-04 2.619332e-04
1.711917e-01 -3.409404e-04 2.600186e-04
1.714625e-01 4.586019e-05 2.612174e-04
1.717333e-01 1.410414e-04 2.683931e-04
1.720042e-01 -4.514903e-04 2.656518e-04
1.722750e-01 -1.882184e-04 2.699883e-04
1.725458e-01 9.121001e-05 2.698261e-04
1.728166e-01 9.048171e-05 2.698890e-04
1.730874e-01 1.041498e-04 2.758431e-04
1.733582e-01 1.225397e-04 2.761090e-04
1.736291e-01 -4.645996e-05 2.808814e-04
1.738999e-01 -8.642115e-05 2.757434e-04
1.741707e-01 2.671592e-04 2.842253e-04
1.744415e-01 -1.979060e-05 2.809927e-04
1.747123e-01 1.236293e-04 2.845349e-04
1.749831e-01 7.694028e-05 2.737917e-04
1.752539e-01 1.891199e-04 2.657330e-04
1.755248e-01 -7.962063e-05 2.669734e-04
1.757956e-01 2.869703e-04 2.633106e-04
1.760664e-01 -1.760107e-04 2.656159e-04
1.763372e-01 -3.015809e-04 2.617493e-04
1.766080e-01 -1.713689e-04 2.639790e-04
1.768788e-01 -3.427304e-04 2.627809e-04
1.771496e-01 4.080106e-04 2.572161e-04
1.774205e-01 -2.354495e-04 2.586225e-04
1.776913e-01 4.756507e-04 2.576305e-04
1.779621e-01 -1.659896e-04 2.571053e-04
1.782329e-01 1.046602e-04 2.571949e-04
1.785037e-01 6.195400e-04 2.533291e-04
1.787745e-01 -1.324899e-04 2.566885e-04
1.790453e-01 2.422594e-04 2.522645e-04
1.793161e-01 -5.328786e-04 2.520362e-04
1.795870e-01 6.964002e-04 2.510805e-04
1.798578e-01 2.214704e-04 2.499539e-04
1.801286e-01 -5.369075e-05 2.533072e-04
1.803994e-01 -1.299195e-04 2.461112e-04
1.806702e-01 1.984388e-04 2.481862e-04
1.809410e-01 2.709404e-04 2.479678e-04
1.812119e-01 -1.251008e-04 2.453490e-04
1.814827e-01 -6.016158e-05 2.469645e-04
1.817535e-01 6.096996e-05 2.449472e-04
1.820243e-01 -6.340072e-05 2.470609e-04
1.822951e-01 -1.261998e-04 2.464823e-04
1.825659e-01 2.377890e-04 2.436312e-04
1.828367e-01 -3.251992e-04 2.488701e-04
1.831076e-01 3.919899e-04 2.427406e-04
1.833784e-01 5.205516e-04 2.465417e-04
1.836492e-01 3.630705e-04 2.446843e-04
1.839200e-01 -9.110942e-05 2.442914e-04
1.841908e-01 -1.064613e-04 2.441127e-04
1.844616e-01 -2.723001e-05 2.431989e-04
1.847324e-01 -2.788939e-05 2.468468e-04
1.850033e-01 -1.266971e-05 2.444632e-04
1.852741e-01 -9.848922e-05 2.438812e-04
1.855449e-01 1.444109e-04 2.438612e-04
1.858157e-01 9.679981e-05 2.456746e-04
1.860865e-01 -2.633296e-04 2.463229e-04
1.863573e-01 -9.670109e-05 2.404560e-04
1.866281e-01 -6.709248e-06 2.429620e-04
1.868990e-01 6.716885e-05 2.429352e-04
1.871698e-01 3.151111e-04 2.450115e-04
1.874406e-01 1.033992e-04 2.442588e-04
1.877114e-01 6.914884e-05 2.411564e-04
1.879822e-01 2.076402e-04 2.463910e-04
1.882530e-01 1.850799e-04 2.414093e-04
1.885238e-01 5.061924e-05 2.444862e-04
1.887947e-01 1.584999e-04 2.433588e-04
1.890655e-01 1.098998e-04 2.429933e-04
1.893363e-01 2.765693e-04 2.428820e-04
1.896071e-01 -2.115089e-04 2.400549e-04
1.898779e-01 -7.193908e-05 2.460254e-04
1.901487e-01 2.781898e-04 2.419163e-04
1.904195e-01 2.753790e-04 2.432523e-04
1.906904e-01 1.773890e-04 2.444998e-04
1.909612e-01 2.588090e-04 2.415070e-04
1.912320e-01 1.617596e-04 2.447406e-04
1.915028e-01 -2.688002e-04 2.398609e-04
1.917736e-01 -1.974013e-04 2.439006e-04
1.920444e-01 -7.750466e-06 2.410306e-04
1.923153e-01 -1.090299e-04 2.406151e-04
1.925861e-01 5.066097e-04 2.453913e-04
1.928569e-01 2.428908e-04 2.400850e-04
1.931277e-01 -3.945511e-04 2.413360e-04
1.933985e-01 3.381595e-04 2.413251e-04
1.936693e-01 7.845089e-05 2.406744e-04
1.939401e-01 1.767091e-05 2.434973e-04
1.942109e-01 9.947084e-05 2.407629e-04
1.944818e-01 -7.500127e-05 2.415201e-04
1.947526e-01 -2.048910e-08 2.406934e-04
1.950234e-01 2.641603e-04 2.398682e-04
1.952942e-01 -7.526893e-04 2.415498e-04
1.955650e-01 -7.083081e-05 2.405916e-04
1.958358e-01 -5.169008e-04 2.409908e-04
1.961066e-01 -7.823501e-04 2.422563e-04
1.963775e-01 2.110414e-04 2.412882e-04
1.966483e-01 -3.348850e-05 2.404694e-04
1.969191e-01 1.265388e-04 2.397737e-04
1.971899e-01 2.744105e-04 2.416932e-04
1.974607e-01 2.251808e-04 2.407392e-04
1.977315e-01 -1.120195e-04 2.410062e-04
1.980023e-01 -4.259124e-05 2.409546e-04
1.982732e-01 1.252107e-04 2.413735e-04
1.985440e-01 2.624393e-04 2.415961e-04
1.988148e-01 -3.174804e-04 2.395835e-04
1.990856e-01 -4.804302e-04 2.401051e-04
1.993564e-01 -4.001893e-05 2.417276e-04
1.996272e-01 -2.027992e-04 2.417098e-04
1.998980e-01 -2.275594e-04 2.401322e-04
2.001689e-01 -1.543798e-04 2.385448e-04
2.004397e-01 2.386048e-05 2.369768e-04
2.007105e-01 9.691343e-06 2.384755e-04
2.009813e-01 -3.214385e-04 2.381543e-04
2.012521e-01 2.700891e-04 2.382039e-04
2.015229e-01 -3.772601e-04 2.381380e-04
2.017937e-01 1.586806e-04 2.384299e-04
2.020646e-01 2.006311e-04 2.384635e-04
2.023354e-01 1.217984e-05 2.368480e-04
2.026062e-01 4.724991e-04 2.374288e-04
2.028770e-01 -2.493896e-05 2.392126e-04
2.031478e-01 -4.482400e-04 2.376661e-04
2.034186e-01 -2.343897e-04 2.347100e-04
2.036894e-01 -1.100991e-04 2.369599e-04
2.039603e-01 -2.025384e-04 2.382230e-04
2.042311e-01 -5.245022e-05 2.384485e-04
2.045019e-01 3.219098e-04 2.361987e-04
2.047727e-01 -6.465986e-05 2.372247e-04
2.050435e-01 1.059584e-04 2.344437e-04
2.053143e-01 1.207702e-04 2.373847e-04
2.055852e-01 2.446882e-04 2.372789e-04
2.058560e-01 -4.058816e-04 2.351118e-04
2.061268e-01 -5.662888e-04 2.345532e-04
2.063976e-01 -4.199687e-04 2.339595e-04
2.066684e-01 3.201514e-04 2.334162e-04
2.069392e-01 2.535097e-04 2.351363e-04
2.072100e-01 2.519600e-04 2.332779e-04
2.074808e-01 -3.904793e-04 2.352904e-04
2.077517e-01 7.547997e-05 2.342403e-04
2.080225e-01 2.112091e-04 2.336166e-04
2.082933e-01 1.086891e-04 2.327999e-04
2.085641e-01 1.283307e-04 2.329442e-04
2.088349e-01 2.954397e-04 2.327748e-04
2.091057e-01 4.149973e-06 2.335362e-04
2.093765e-01 2.662893e-04 2.323915e-04
2.096474e-01 1.548287e-04 2.315207e-04
2.099182e-01 -8.155033e-05 2.348671e-04
2.101890e-01 2.137944e-05 2.315434e-04
2.104598e-01 4.097298e-04 2.346916e-04
2.107306e-01 2.066102e-04 2.337143e-04
2.110014e-01 1.297593e-04 2.317659e-04
2.112723e-01 3.083702e-04 2.335379e-04
2.115431e-01 -2.379008e-04 2.323869e-04
2.118139e-01 6.677900e-04 2.352752e-04
2.120847e-01 8.668937e-05 2.356950e-04
2.123555e-01 -2.694800e-04 2.368978e-04
2.126263e-01 -1.230910e-04 2.319993e-04
2.128971e-01 4.014596e-04 2.349174e-04
2.131680e-01 -2.039913e-04 2.341431e-04
2.134388e-01 -3.225710e-04 2.355671e-04
2.137096e-01 -1.845993e-04 2.327730e-04
2.139804e-01 2.323296e-04 2.322137e-04
2.142512e-01 4.244410e-04 2.339325e-04
2.145220e-01 -2.721399e-04 2.354748e-04
2.147928e-01 1.433864e-05 2.333298e-04
2.150636e-01 5.070120e-06 2.347143e-04
2.153345e-01 1.162700e-04 2.317221e-04
2.156053e-01 -9.036995e-05 2.340296e-04
2.158761e-01 -1.327507e-04 2.361704e-04
2.161469e-01 -8.546934e-05 2.320239e-04
2.164177e-01 -8.749962e-05 2.310841e-04
2.166885e-01 -1.014397e-04 2.352269e-04
2.169593e-01 -1.200009e-04 2.349978e-04
2.172302e-01 2.218094e-04 2.346902e-04
2.175010e-01 -1.111887e-04 2.328565e-04
2.177718e-01 -3.117602e-04 2.343697e-04
2.180426e-01 2.941210e-04 2.348140e-04
2.183134e-01 1.281202e-04 2.336699e-04
2.185842e-01 2.961978e-05 2.324403e-04
2.188551e-01 4.735962e-05 2.327747e-04
2.191259e-01 7.718988e-05 2.321873e-04
2.193967e-01 4.666615e-04 2.299300e-04
2.196675e-01 -6.811880e-05 2.325517e-04
2.199383e-01 2.051890e-04 2.305168e-04
2.202091e-01 6.712973e-05 2.306531e-04
2.204799e-01 -1.553092e-04 2.301804e-04
2.207507e-01 -2.977103e-04 2.326267e-04
2.210216e-01 3.818050e-05 2.312920e-04
2.212924e-01 2.712701e-04 2.306525e-04
2.215632e-01 -3.460981e-05 2.309045e-04
2.218340e-01 6.666966e-05 2.304395e-04
2.221048e-01 -1.476388e-04 2.300179e-04
2.223756e-01 -1.107398e-04 2.283888e-04
2.226464e-01 3.901906e-04 2.305750e-04
2.229173e-01 -1.635309e-04 2.304529e-04
2.231881e-01 4.699789e-04 2.264867e-04
2.234589e-01 3.415607e-04 2.279742e-04
2.237297e-01 1.963805e-04 2.302322e-04
2.240005e-01 1.366064e-05 2.295448e-04
2.242713e-01 -5.343929e-05 2.249032e-04
2.245422e-01 -3.489107e-05 2.286456e-04
2.248130e-01 1.948997e-04 2.302170e-04
2.250838e-01 3.044605e-04 2.282805e-04
2.253546e-01 -2.032891e-05 2.285563e-04
2.256254e-01 -2.974607e-04 2.311772e-04
2.258962e-01 -6.587990e-05 2.294711e-04
2.261670e-01 2.445802e-04 2.380662e-04
2.264379e-01 1.524501e-04 2.438040e-04
2.267087e-01 4.266016e-05 2.456696e-04
2.269795e-01 -4.104897e-05 2.490989e-04
2.272503e-01 -4.968047e-05 2.506580e-04
2.275211e-01 3.102105e-04 2.551118e-04
2.277919e-01 -4.585497e-04 2.546557e-04
2.280627e-01 -1.548287e-04 2.589897e-04
2.283335e-01 -2.559088e-05 2.649009e-04
2.286044e-01 -2.480596e-04 2.624275e-04
2.288752e-01 4.324205e-04 2.685424e-04
2.291460e-01 2.223104e-04 2.695669e-04
2.294168e-01 3.075972e-05 2.744117e-04
2.296876e-01 -6.077997e-05 2.717898e-04
2.299584e-01 -2.926290e-04 2.730176e-04
2.302293e-01 1.200996e-04 2.796574e-04
2.305001e-01 4.297122e-05 2.830933e-04
2.307709e-01 5.619042e-05 2.828226e-04
2.310417e-01 3.110804e-04 2.864678e-04
2.313125e-01 -2.553128e-05 2.905152e-04
2.315833e-01 -5.185604e-04 2.907845e-04
2.318541e-01 -2.166908e-04 2.947879e-04
2.321250e-01 3.563296e-04 2.959108e-04
2.323958e-01 1.951903e-04 2.976171e-04
2.326666e-01 -8.048117e-05 3.009472e-04
2.329374e-01 -3.920104e-04 3.053869e-04
2.332082e-01 1.067203e-04 3.022354e-04
2.334790e-01 1.124591e-04 3.068306e-04
2.337498e-01 6.775707e-04 3.099366e-04
2.340207e-01 -9.762868e-05 3.114035e-04
2.342915e-01 -9.285100e-05 3.157718e-04
2.345623e-01 -3.545508e-04 3.190358e-04
2.348331e-01 -7.849932e-05 3.174210e-04
2.351039e-01 3.667101e-04 3.237379e-04
2.353747e-01 -1.686290e-04 3.254555e-04
2.356455e-01 5.342998e-05 3.294344e-04
2.359163e-01 6.748289e-04 3.301434e-04
2.361872e-01 -3.479812e-04 3.354524e-04
2.364580e-01 2.135690e-04 3.343595e-04
2.367288e-01 -8.796901e-05 3.355599e-04
2.369996e-01 1.673009e-04 3.417068e-04
2.372704e-01 -1.938604e-04 3.495851e-04
2.375412e-01 -2.929009e-04 3.454908e-04
2.378121e-01 8.827504e-04 3.560425e-04
2.380829e-01 2.272315e-04 3.538696e-04
2.383537e-01 -4.000962e-06 3.613987e-04
2.386245e-01 -1.235511e-04 3.679949e-04
2.388953e-01 -6.216187e-04 3.610329e-04
2.391661e-01 -5.143099e-04 3.690324e-04
2.394369e-01 1.760591e-04 3.650235e-04
2.397078e-01 -4.052799e-04 3.746384e-04
2.399786e-01 -6.036609e-04 3.788826e-04
2.402494e-01 -1.898091e-04 3.851888e-04
2.405202e-01 -5.370937e-05 3.848993e-04
2.407910e-01 9.644032e-05 3.923027e-04
2.410618e-01 2.598297e-04 3.961015e-04
2.413326e-01 4.617907e-04 3.969897e-04
2.416034e-01 -3.032684e-04 3.997153e-04
2.418743e-01 6.088912e-04 4.086179e-04
2.421451e-01 -5.960390e-04 4.137796e-04
2.424159e-01 -8.341856e-05 4.202594e-04
2.426867e-01 7.797591e-04 4.150577e-04
2.429575e-01 -1.895595e-04 4.251885e-04
2.432283e-01 2.208110e-04 4.341746e-04
2.434992e-01 2.331194e-04 4.298032e-04
2.437700e-01 6.892886e-04 4.383166e-04
2.440408e-01 3.238209e-04 4.425025e-04
2.443116e-01 -1.034210e-03 4.603150e-04
2.445824e-01 9.943172e-05 4.545683e-04
2.448532e-01 -7.569399e-04 4.611146e-04
2.451240e-01 -4.177503e-04 4.746576e-04
2.453949e-01 8.658394e-04 4.771439e-04
2.456657e-01 9.770878e-05 4.856870e-04
2.459365e-01 -5.664397e-04 4.861342e-04
2.462073e-01 4.777815e-04 4.826532e-04
2.464781e-01 -4.388951e-05 5.011629e-04
2.467489e-01 4.048496e-04 5.148051e-04
2.470197e-01 5.528890e-05 5.176005e-04
2.472906e-01 8.816402e-04 5.300258e-04
2.475614e-01 -3.946014e-05 5.342168e-04
2.478322e-01 -9.319410e-04 5.484077e-04
2.481030e-01 4.179906e-04 5.519175e-04
2.483738e-01 8.399412e-04 5.637697e-04
2.486446e-01 1.218539e-03 5.717359e-04
2.489154e-01 -5.102810e-04 5.906952e-04
2.491863e-01 7.413086e-04 5.898758e-04
2.494571e-01 -4.698150e-05 6.077574e-04
2.497279e-01 -3.783889e-04 6.222074e-04
2.499987e-01 6.329305e-04 6.592347e-04
2.502695e-01 -4.672706e-04 6.578035e-04
2.505403e-01 3.269408e-04 6.749046e-04
2.508111e-01 -2.206601e-04 6.841502e-04
2.510819e-01 -2.402496e-04 7.376902e-04
2.513528e-01 -1.894869e-05 7.172468e-04
2.516236e-01 -7.240996e-04 7.460544e-04
2.518944e-01 1.028949e-03 7.768910e-04
2.521652e-01 2.647992e-04 8.191983e-04
2.524360e-01 -2.959501e-04 8.420050e-04
2.527068e-01 8.746795e-04 8.218289e-04
2.529776e-01 4.207212e-04 8.728002e-04
2.532485e-01 4.079398e-04 9.068656e-04
2.535193e-01 -2.570506e-04 9.441859e-04
2.537901e-01 1.636751e-03 9.190476e-04
2.540609e-01 7.801503e-04 9.221820e-04
2.543317e-01 -6.503798e-04 9.469089e-04
2.546025e-01 -2.840269e-03 1.005450e-03
2.548733e-01 -1.738407e-04 1.041364e-03
2.551441e-01 -1.012269e-03 1.076200e-03
2.554150e-01 2.812581e-03 1.159608e-03
2.556858e-01 2.025409e-03 1.166897e-03
2.559566e-01 2.987795e-04 1.294931e-03
2.562274e-01 -7.198490e-04 1.305844e-03
2.564982e-01 4.648902e-04 1.457505e-03
2.567690e-01 -2.913631e-03 1.588805e-03
2.570398e-01 -7.560197e-04 1.808931e-03
2.573107e-01 -9.487998e-04 1.842331e-03
2.575815e-01 9.073876e-05 2.580014e-03
2.578523e-01 6.439090e-04 2.913305e-03
2.581231e-01 9.937901e-04 4.653301e-03
