3.286826e-03 2.983956e+00 0.000000e+00
3.557641e-03 4.027593e+00 2.395596e-01
3.828455e-03 3.218206e+00 1.425207e-01
4.099269e-03 2.666814e+00 1.071902e-01
4.370084e-03 2.127732e+00 8.115705e-02
4.640898e-03 1.729380e+00 5.473270e-02
4.911712e-03 1.443000e+00 4.181910e-02
5.182527e-03 1.246114e+00 3.467989e-02
5.453341e-03 1.104785e+00 3.068170e-02
5.724155e-03 9.583341e-01 2.371303e-02
5.994970e-03 8.616021e-01 2.044764e-02
6.265784e-03 7.371567e-01 1.795146e-02
6.536598e-03 6.545129e-01 1.429969e-02
6.807412e-03 6.130403e-01 1.283849e-02
7.078227e-03 5.371418e-01 1.219909e-02
7.349041e-03 4.719734e-01 9.860101e-03
7.619855e-03 4.241985e-01 8.795147e-03
7.890671e-03 3.827789e-01 8.054993e-03
8.161485e-03 3.333150e-01 7.368555e-03
8.432299e-03 3.043705e-01 6.768894e-03
8.703114e-03 2.790618e-01 6.250472e-03
8.973928e-03 2.493655e-01 5.602036e-03
9.244742e-03 2.171875e-01 5.054306e-03
9.515557e-03 1.933881e-01 4.756155e-03
9.786371e-03 1.802584e-01 4.532353e-03
1.005718e-02 1.636750e-01 4.280481e-03
1.032800e-02 1.431096e-01 3.622369e-03
1.059881e-02 1.376712e-01 3.725756e-03
1.086963e-02 1.223907e-01 3.355349e-03
1.114044e-02 1.163085e-01 3.149185e-03
1.141126e-02 1.021327e-01 3.140093e-03
1.168207e-02 9.175050e-02 2.702459e-03
1.195289e-02 8.723210e-02 2.704937e-03
1.222370e-02 8.382420e-02 2.674266e-03
1.249451e-02 7.419300e-02 2.342179e-03
1.276533e-02 7.138041e-02 2.267131e-03
1.303614e-02 6.641159e-02 2.179702e-03
1.330696e-02 5.866922e-02 2.060567e-03
1.357777e-02 5.599038e-02 2.036881e-03
1.384859e-02 4.979129e-02 1.909366e-03
1.411940e-02 5.124770e-02 1.910682e-03
1.439021e-02 4.968552e-02 1.755956e-03
1.466103e-02 4.586481e-02 1.756142e-03
1.493184e-02 4.525568e-02 1.660427e-03
1.520266e-02 4.070125e-02 1.608034e-03
1.547347e-02 3.925217e-02 1.560054e-03
1.574429e-02 4.301332e-02 1.571256e-03
1.601510e-02 3.764208e-02 1.459824e-03
1.628591e-02 3.420253e-02 1.488137e-03
1.655673e-02 3.518245e-02 1.402157e-03
1.682754e-02 3.171278e-02 1.350903e-03
1.709836e-02 3.084929e-02 1.319648e-03
1.736917e-02 3.127983e-02 1.317220e-03
1.763999e-02 2.919408e-02 1.308217e-03
1.791080e-02 2.994322e-02 1.270305e-03
1.818161e-02 2.920558e-02 1.282209e-03
1.845243e-02 2.658063e-02 1.264449e-03
1.872324e-02 2.618905e-02 1.212503e-03
1.899406e-02 2.508469e-02 1.176314e-03
1.926487e-02 2.639450e-02 1.216026e-03
1.953569e-02 2.604836e-02 1.230064e-03
1.980650e-02 2.234519e-02 1.150012e-03
2.007731e-02 2.335526e-02 1.111506e-03
2.034813e-02 2.280124e-02 1.111717e-03
2.061894e-02 2.231209e-02 1.135736e-03
2.088976e-02 2.296293e-02 1.124902e-03
2.116057e-02 2.234648e-02 1.118955e-03
2.143139e-02 1.932710e-02 1.072132e-03
2.170220e-02 2.294372e-02 1.082590e-03
2.197302e-02 1.956896e-02 1.084096e-03
2.224383e-02 2.054590e-02 1.057101e-03
2.251465e-02 2.124742e-02 1.047184e-03
2.278546e-02 2.051171e-02 1.003277e-03
2.305627e-02 1.909916e-02 9.885132e-04
2.332709e-02 1.986098e-02 9.861693e-04
2.359790e-02 1.882536e-02 9.847749e-04
2.386872e-02 1.843624e-02 9.844950e-04
2.413953e-02 1.884227e-02 9.587105e-04
2.441034e-02 1.923079e-02 9.253093e-04
2.468116e-02 1.697100e-02 9.151009e-04
2.495197e-02 1.770814e-02 9.092469e-04
2.522279e-02 1.596693e-02 9.286113e-04
2.549360e-02 1.634761e-02 8.919145e-04
2.576442e-02 1.759899e-02 8.667939e-04
2.603523e-02 1.668500e-02 8.706387e-04
2.630604e-02 1.547867e-02 8.105825e-04
2.657686e-02 1.487788e-02 8.423534e-04
2.684767e-02 1.646510e-02 8.298874e-04
2.711849e-02 1.589826e-02 8.147250e-04
2.738930e-02 1.639343e-02 8.048910e-04
2.766012e-02 1.626797e-02 8.156023e-04
2.793093e-02 1.658232e-02 8.033925e-04
2.820175e-02 1.512092e-02 7.818885e-04
2.847256e-02 1.518620e-02 7.646596e-04
2.874337e-02 1.525744e-02 8.057032e-04
2.901419e-02 1.378314e-02 7.404332e-04
2.928500e-02 1.453240e-02 7.492352e-04
2.955582e-02 1.302663e-02 7.447606e-04
2.982663e-02 1.308302e-02 7.136785e-04
3.009745e-02 1.334024e-02 7.286399e-04
3.036826e-02 1.363845e-02 7.239686e-04
3.063907e-02 1.354597e-02 7.252658e-04
3.090989e-02 1.246757e-02 7.132371e-04
3.118070e-02 1.226140e-02 7.080362e-04
3.145152e-02 1.324553e-02 7.062793e-04
3.172233e-02 1.246487e-02 7.140268e-04
3.199315e-02 1.318797e-02 7.072080e-04
3.226396e-02 1.212761e-02 6.922406e-04
3.253478e-02 1.249187e-02 7.099687e-04
3.280559e-02 9.820148e-03 6.777082e-04
3.307641e-02 1.288745e-02 6.782188e-04
3.334722e-02 1.266539e-02 6.826546e-04
3.361803e-02 1.102882e-02 6.967504e-04
3.388885e-02 1.167130e-02 6.575782e-04
3.415966e-02 1.187632e-02 6.552483e-04
3.443048e-02 1.061902e-02 6.589362e-04
3.470129e-02 1.106349e-02 6.651830e-04
3.497211e-02 1.100730e-02 6.433553e-04
3.524292e-02 1.122475e-02 6.548022e-04
3.551374e-02 1.041533e-02 6.403044e-04
3.578455e-02 1.057021e-02 6.247158e-04
3.605536e-02 1.014573e-02 6.105404e-04
3.632618e-02 1.026484e-02 6.258725e-04
3.659699e-02 1.157216e-02 6.297026e-04
3.686780e-02 1.079461e-02 6.269004e-04
3.713862e-02 9.423971e-03 6.137409e-04
3.740944e-02 1.159392e-02 6.188009e-04
3.768025e-02 9.802509e-03 5.964720e-04
3.795106e-02 1.071101e-02 6.177977e-04
3.822188e-02 8.594673e-03 6.144551e-04
3.849269e-02 9.899627e-03 5.946907e-04
3.876351e-02 9.850260e-03 5.969992e-04
3.903432e-02 1.020770e-02 6.057083e-04
3.930514e-02 1.002711e-02 5.945279e-04
3.957595e-02 1.049803e-02 5.974810e-04
3.984676e-02 9.946831e-03 5.817591e-04
4.011758e-02 9.804882e-03 5.840074e-04
4.038839e-02 9.631231e-03 5.892807e-04
4.065921e-02 9.122923e-03 5.714437e-04
4.093002e-02 8.518148e-03 5.555580e-04
4.120084e-02 8.915633e-03 5.660041e-04
4.147165e-02 9.153932e-03 5.669935e-04
4.174246e-02 9.408601e-03 5.665504e-04
4.201328e-02 1.010054e-02 5.505688e-04
4.228409e-02 1.007694e-02 5.692337e-04
4.255491e-02 8.756179e-03 5.613142e-04
4.282572e-02 9.616882e-03 5.662331e-04
4.309653e-02 8.220270e-03 5.469381e-04
4.336735e-02 9.898400e-03 5.495119e-04
4.363817e-02 9.355690e-03 5.531694e-04
4.390898e-02 8.110572e-03 5.449030e-04
4.417979e-02 8.798800e-03 5.399734e-04
4.445061e-02 7.964201e-03 5.413166e-04
4.472142e-02 8.295190e-03 5.253053e-04
4.499224e-02 8.967441e-03 5.551997e-04
4.526305e-02 8.976849e-03 5.299390e-04
4.553387e-02 8.525100e-03 5.309290e-04
4.580468e-02 7.816840e-03 5.287758e-04
4.607549e-02 8.774422e-03 5.341959e-04
4.634631e-02 7.682841e-03 5.243632e-04
4.661712e-02 7.303771e-03 5.363560e-04
4.688794e-02 8.427642e-03 5.341927e-04
4.715875e-02 8.183571e-03 5.166423e-04
4.742957e-02 8.143000e-03 5.106609e-04
4.770038e-02 8.398289e-03 5.203701e-04
4.797119e-02 9.106709e-03 5.242275e-04
4.824201e-02 9.208841e-03 5.166127e-04
4.851282e-02 9.197131e-03 5.318356e-04
4.878364e-02 8.122662e-03 5.119313e-04
4.905445e-02 8.111909e-03 5.019659e-04
4.932526e-02 8.159960e-03 5.159065e-04
4.959608e-02 7.983932e-03 4.944075e-04
4.986690e-02 9.106752e-03 5.096270e-04
5.013771e-02 7.907808e-03 5.076948e-04
5.040852e-02 8.158050e-03 4.986261e-04
5.067934e-02 7.802811e-03 4.962140e-04
5.095015e-02 7.970300e-03 4.840446e-04
5.122096e-02 8.029800e-03 5.016993e-04
5.149178e-02 7.754769e-03 4.910446e-04
5.176260e-02 7.936331e-03 4.978890e-04
5.203341e-02 7.920442e-03 4.900609e-04
5.230422e-02 7.088110e-03 4.717978e-04
5.257504e-02 7.886002e-03 4.853152e-04
5.284585e-02 7.587580e-03 4.783765e-04
5.311667e-02 8.193899e-03 4.861335e-04
5.338748e-02 7.701660e-03 5.020199e-04
5.365830e-02 7.697169e-03 4.853096e-04
5.392911e-02 7.723158e-03 5.007610e-04
5.419992e-02 7.743772e-03 4.889936e-04
5.447074e-02 8.458938e-03 4.944965e-04
5.474155e-02 6.769590e-03 4.905154e-04
5.501237e-02 7.282669e-03 5.111186e-04
5.528318e-02 7.024072e-03 4.980313e-04
5.555400e-02 7.084170e-03 5.009694e-04
5.582481e-02 6.416902e-03 4.985201e-04
5.609563e-02 7.546781e-03 5.131006e-04
5.636644e-02 7.861668e-03 5.172042e-04
5.663725e-02 7.400699e-03 5.230830e-04
5.690807e-02 7.496331e-03 5.171745e-04
5.717888e-02 6.910279e-03 5.095580e-04
5.744969e-02 7.665711e-03 5.188254e-04
5.772051e-02 7.811110e-03 5.350666e-04
5.799133e-02 7.761579e-03 5.208540e-04
5.826214e-02 6.909750e-03 5.185421e-04
5.853295e-02 6.944941e-03 5.218928e-04
5.880377e-02 6.955899e-03 5.230262e-04
5.907458e-02 7.429698e-03 5.292399e-04
5.934540e-02 6.110819e-03 5.112833e-04
5.961621e-02 6.672969e-03 5.229541e-04
5.988703e-02 6.362431e-03 5.259142e-04
6.015784e-02 7.562358e-03 5.412444e-04
6.042865e-02 6.840590e-03 5.209612e-04
6.069947e-02 6.809529e-03 5.162234e-04
6.097028e-02 6.846871e-03 5.157581e-04
6.124110e-02 6.786551e-03 5.074335e-04
6.151191e-02 6.522320e-03 5.095451e-04
6.178273e-02 5.833250e-03 5.003051e-04
6.205354e-02 6.506339e-03 5.001511e-04
6.232436e-02 6.678969e-03 5.016474e-04
6.259517e-02 6.816929e-03 4.992112e-04
6.286598e-02 7.145662e-03 5.043818e-04
6.313679e-02 6.372482e-03 4.915492e-04
6.340761e-02 6.262762e-03 4.965312e-04
6.367842e-02 5.937751e-03 4.939892e-04
6.394923e-02 4.828401e-03 4.824475e-04
6.422005e-02 6.641701e-03 4.888684e-04
6.449086e-02 6.417440e-03 5.005965e-04
6.476168e-02 5.929049e-03 4.919672e-04
6.503250e-02 7.017002e-03 4.856311e-04
6.530331e-02 7.142439e-03 4.858145e-04
6.557412e-02 6.883418e-03 4.870762e-04
6.584494e-02 6.138699e-03 4.887116e-04
6.611575e-02 5.347021e-03 4.858105e-04
6.638657e-02 5.910210e-03 4.885897e-04
6.665738e-02 6.733842e-03 4.919126e-04
6.692819e-02 6.754259e-03 4.911813e-04
6.719901e-02 5.859382e-03 4.895336e-04
6.746982e-02 5.469471e-03 4.882076e-04
6.774063e-02 6.016271e-03 4.883616e-04
6.801146e-02 6.144069e-03 4.800070e-04
6.828227e-02 5.827362e-03 4.867473e-04
6.855308e-02 5.701551e-03 4.787096e-04
6.882390e-02 5.982511e-03 4.741476e-04
6.909471e-02 5.555559e-03 4.699831e-04
6.936552e-02 6.131019e-03 4.815137e-04
6.963634e-02 5.459888e-03 4.740632e-04
6.990715e-02 6.201219e-03 4.828193e-04
7.017796e-02 5.869949e-03 4.690389e-04
7.044878e-02 6.440930e-03 4.731701e-04
7.071959e-02 5.743811e-03 4.699015e-04
7.099041e-02 6.015340e-03 4.676314e-04
7.126123e-02 6.209010e-03 4.780387e-04
7.153204e-02 5.589530e-03 4.580404e-04
7.180285e-02 5.968528e-03 4.747892e-04
7.207367e-02 6.615400e-03 4.714639e-04
7.234448e-02 5.405771e-03 4.580563e-04
7.261530e-02 5.844420e-03 4.715511e-04
7.288611e-02 5.809369e-03 4.610901e-04
7.315692e-02 6.066950e-03 4.658206e-04
7.342774e-02 6.015308e-03 4.624422e-04
7.369855e-02 5.575288e-03 4.608526e-04
7.396936e-02 5.977370e-03 4.661761e-04
7.424019e-02 5.616570e-03 4.629043e-04
7.451100e-02 6.468859e-03 4.724808e-04
7.478181e-02 6.700160e-03 4.570134e-04
7.505263e-02 5.974330e-03 4.585155e-04
7.532344e-02 5.369090e-03 4.656325e-04
7.559425e-02 4.848169e-03 4.484878e-04
7.586507e-02 6.660661e-03 4.671137e-04
7.613588e-02 5.002471e-03 4.585173e-04
7.640669e-02 6.194819e-03 4.587845e-04
7.667751e-02 5.631819e-03 4.645613e-04
7.694832e-02 5.447002e-03 4.458613e-04
7.721914e-02 5.796429e-03 4.535102e-04
7.748996e-02 5.471770e-03 4.547644e-04
7.776077e-02 5.407931e-03 4.493239e-04
7.803158e-02 5.481461e-03 4.503484e-04
7.830240e-02 5.423259e-03 4.531161e-04
7.857321e-02 4.469588e-03 4.376990e-04
7.884403e-02 5.019320e-03 4.444379e-04
7.911484e-02 4.436759e-03 4.368713e-04
7.938565e-02 4.770782e-03 4.522321e-04
7.965647e-02 5.438050e-03 4.469654e-04
7.992728e-02 4.963819e-03 4.508374e-04
8.019809e-02 5.514391e-03 4.482273e-04
8.046892e-02 5.344650e-03 4.396041e-04
8.073973e-02 4.910178e-03 4.351286e-04
8.101054e-02 5.289389e-03 4.411360e-04
8.128136e-02 5.356092e-03 4.372015e-04
8.155217e-02 5.850362e-03 4.434159e-04
8.182298e-02 4.531760e-03 4.341060e-04
8.209380e-02 5.452082e-03 4.447396e-04
8.236461e-02 4.269959e-03 4.349499e-04
8.263543e-02 5.379340e-03 4.435871e-04
8.290624e-02 4.782220e-03 4.372872e-04
8.317705e-02 4.914651e-03 4.440246e-04
8.344787e-02 5.068270e-03 4.334985e-04
8.371869e-02 5.026869e-03 4.395572e-04
8.398950e-02 5.025269e-03 4.320711e-04
8.426031e-02 5.313572e-03 4.362935e-04
8.453113e-02 4.895989e-03 4.318170e-04
8.480194e-02 4.979692e-03 4.299149e-04
8.507276e-02 5.552439e-03 4.377241e-04
8.534357e-02 5.004989e-03 4.260098e-04
8.561438e-02 4.972288e-03 4.233529e-04
8.588520e-02 5.736161e-03 4.339377e-04
8.615601e-02 5.146630e-03 4.269979e-04
8.642682e-02 4.676681e-03 4.324590e-04
8.669765e-02 5.279630e-03 4.262495e-04
8.696846e-02 4.572138e-03 4.272636e-04
8.723927e-02 4.753068e-03 4.185782e-04
8.751009e-02 4.463430e-03 4.214195e-04
8.778090e-02 4.744200e-03 4.175210e-04
8.805171e-02 4.495220e-03 4.235340e-04
8.832253e-02 5.216418e-03 4.295952e-04
8.859334e-02 3.993409e-03 4.247759e-04
8.886416e-02 4.440330e-03 4.215262e-04
8.913497e-02 4.789149e-03 4.201708e-04
8.940578e-02 4.161458e-03 4.182456e-04
8.967660e-02 4.345831e-03 4.200926e-04
8.994742e-02 4.819758e-03 4.175329e-04
9.021823e-02 4.745910e-03 4.211852e-04
9.048904e-02 5.157011e-03 4.348480e-04
9.075986e-02 4.537668e-03 4.207609e-04
9.103067e-02 4.398610e-03 4.116622e-04
9.130149e-02 4.818672e-03 4.233620e-04
9.157230e-02 4.603229e-03 4.136829e-04
9.184311e-02 4.865149e-03 4.239610e-04
9.211393e-02 4.486080e-03 4.053371e-04
9.238474e-02 4.969312e-03 4.214612e-04
9.265555e-02 4.015319e-03 4.152522e-04
9.292637e-02 4.746502e-03 4.124838e-04
9.319719e-02 4.563171e-03 4.152710e-04
9.346800e-02 4.487278e-03 4.126450e-04
9.373882e-02 4.295260e-03 4.168032e-04
9.400963e-02 4.894340e-03 4.215543e-04
9.428044e-02 4.231248e-03 4.152810e-04
9.455126e-02 4.515389e-03 4.116237e-04
9.482207e-02 4.558731e-03 4.163334e-04
9.509289e-02 4.268082e-03 4.053243e-04
9.536370e-02 4.189359e-03 4.128833e-04
9.563451e-02 4.376801e-03 4.091119e-04
9.590533e-02 4.977338e-03 4.154948e-04
9.617615e-02 4.431020e-03 4.073646e-04
9.644696e-02 3.975568e-03 4.028285e-04
9.671777e-02 5.175350e-03 4.122524e-04
9.698859e-02 3.704639e-03 4.027570e-04
9.725940e-02 3.598839e-03 4.018303e-04
9.753022e-02 4.678508e-03 4.072971e-04
9.780103e-02 4.166922e-03 4.028242e-04
9.807184e-02 3.540291e-03 3.986665e-04
9.834266e-02 3.821529e-03 3.915241e-04
9.861347e-02 3.777862e-03 3.984361e-04
9.888428e-02 3.649969e-03 3.950814e-04
9.915510e-02 4.253110e-03 4.025534e-04
9.942592e-02 4.649412e-03 3.905352e-04
9.969673e-02 3.875498e-03 3.948425e-04
9.996755e-02 3.733912e-03 3.959517e-04
1.002384e-01 3.843861e-03 3.914826e-04
1.005092e-01 4.044808e-03 3.999474e-04
1.007800e-01 3.725542e-03 3.998902e-04
1.010508e-01 3.394458e-03 3.922617e-04
1.013216e-01 4.736321e-03 4.042166e-04
1.015924e-01 4.005358e-03 3.886885e-04
1.018632e-01 3.794670e-03 3.932153e-04
1.021341e-01 4.151000e-03 4.034949e-04
1.024049e-01 3.724098e-03 3.957856e-04
1.026757e-01 3.970709e-03 3.906852e-04
1.029465e-01 3.717391e-03 3.893795e-04
1.032173e-01 3.240282e-03 3.926021e-04
1.034881e-01 4.232300e-03 3.981048e-04
1.037589e-01 4.258581e-03 3.924860e-04
1.040298e-01 3.507549e-03 3.938120e-04
1.043006e-01 3.598290e-03 3.904177e-04
1.045714e-01 3.008671e-03 3.833503e-04
1.048422e-01 3.667278e-03 3.888013e-04
1.051130e-01 3.491400e-03 3.822790e-04
1.053838e-01 3.970370e-03 3.933251e-04
1.056546e-01 3.630459e-03 3.871062e-04
1.059255e-01 3.617771e-03 3.831020e-04
1.061963e-01 3.773751e-03 3.905115e-04
1.064671e-01 3.596250e-03 3.847701e-04
1.067379e-01 4.018998e-03 3.906195e-04
1.070087e-01 4.300829e-03 3.908247e-04
1.072795e-01 3.225230e-03 3.751583e-04
1.075503e-01 3.632139e-03 3.864246e-04
1.078212e-01 4.090359e-03 3.874911e-04
1.080920e-01 4.466049e-03 3.853104e-04
1.083628e-01 3.524989e-03 3.813101e-04
1.086336e-01 4.477018e-03 3.824219e-04
1.089044e-01 4.568370e-03 3.903154e-04
1.091752e-01 4.254291e-03 3.894929e-04
1.094460e-01 3.363198e-03 3.792033e-04
1.097169e-01 3.841091e-03 3.822109e-04
1.099877e-01 3.423490e-03 3.778551e-04
1.102585e-01 4.129890e-03 3.863739e-04
1.105293e-01 4.175602e-03 3.885348e-04
1.108001e-01 4.066609e-03 3.877569e-04
1.110709e-01 4.119769e-03 3.976446e-04
1.113417e-01 4.113810e-03 3.937786e-04
1.116126e-01 2.846330e-03 3.889551e-04
1.118834e-01 3.754940e-03 3.947971e-04
1.121542e-01 3.137318e-03 3.978225e-04
1.124250e-01 3.552020e-03 4.044106e-04
1.126958e-01 3.230451e-03 3.941947e-04
1.129666e-01 3.760312e-03 4.144178e-04
1.132374e-01 4.016761e-03 4.198420e-04
1.135083e-01 3.178502e-03 4.173478e-04
1.137791e-01 3.420198e-03 4.100541e-04
1.140499e-01 3.003370e-03 4.148555e-04
1.143207e-01 4.063871e-03 4.202071e-04
1.145915e-01 3.816901e-03 4.215728e-04
1.148623e-01 3.266830e-03 4.283171e-04
1.151332e-01 3.652632e-03 4.258504e-04
1.154040e-01 3.111878e-03 4.235985e-04
1.156748e-01 3.591459e-03 4.336631e-04
1.159456e-01 3.339840e-03 4.398597e-04
1.162164e-01 3.925789e-03 4.420610e-04
1.164872e-01 3.480710e-03 4.375999e-04
1.167580e-01 4.073210e-03 4.534674e-04
1.170288e-01 3.339259e-03 4.482473e-04
1.172997e-01 3.448650e-03 4.502277e-04
1.175705e-01 3.132381e-03 4.414589e-04
1.178413e-01 4.023967e-03 4.527655e-04
1.181121e-01 2.771702e-03 4.428001e-04
1.183829e-01 2.907911e-03 4.293979e-04
1.186537e-01 3.256379e-03 4.383195e-04
1.189246e-01 3.630981e-03 4.394170e-04
1.191954e-01 3.660681e-03 4.416917e-04
1.194662e-01 3.604461e-03 4.358486e-04
1.197370e-01 3.051771e-03 4.230256e-04
1.200078e-01 2.731809e-03 4.251500e-04
1.202786e-01 3.322471e-03 4.326064e-04
1.205494e-01 2.270320e-03 4.242689e-04
1.208202e-01 2.553320e-03 4.221994e-04
1.210911e-01 3.285872e-03 4.283258e-04
1.213619e-01 2.854301e-03 4.304769e-04
1.216327e-01 2.646791e-03 4.241184e-04
1.219035e-01 2.962772e-03 4.259727e-04
1.221743e-01 3.650460e-03 4.313819e-04
1.224451e-01 3.525119e-03 4.318544e-04
1.227160e-01 2.504839e-03 4.204802e-04
1.229868e-01 2.545670e-03 4.252621e-04
1.232576e-01 2.808290e-03 4.320620e-04
1.235284e-01 2.613550e-03 4.284897e-04
1.237992e-01 3.400160e-03 4.280293e-04
1.240700e-01 3.146002e-03 4.283418e-04
1.243408e-01 2.996081e-03 4.219697e-04
1.246117e-01 3.189139e-03 4.363466e-04
1.248825e-01 3.292080e-03 4.291302e-04
1.251533e-01 2.486290e-03 4.148382e-04
1.254241e-01 2.306798e-03 4.261671e-04
1.256949e-01 2.486359e-03 4.149616e-04
1.259657e-01 3.887281e-03 4.343646e-04
1.262365e-01 2.956150e-03 4.270215e-04
1.265074e-01 1.313081e-03 4.117313e-04
1.267782e-01 3.069431e-03 4.249917e-04
1.270490e-01 3.268359e-03 4.141092e-04
1.273198e-01 2.992932e-03 4.239072e-04
1.275906e-01 3.015339e-03 4.217293e-04
1.278614e-01 2.817180e-03 4.196992e-04
1.281322e-01 3.293950e-03 4.159549e-04
1.284031e-01 3.463261e-03 4.088816e-04
1.286739e-01 2.447501e-03 4.140873e-04
1.289447e-01 3.004629e-03 4.174667e-04
1.292155e-01 3.442328e-03 4.195605e-04
1.294863e-01 2.520861e-03 4.120632e-04
1.297571e-01 2.894521e-03 4.120151e-04
1.300279e-01 2.551401e-03 4.116932e-04
1.302988e-01 1.734309e-03 4.082998e-04
1.305696e-01 2.634989e-03 4.096656e-04
1.308404e-01 2.585759e-03 4.089872e-04
1.311112e-01 2.537491e-03 4.151408e-04
1.313820e-01 3.164720e-03 4.079325e-04
1.316528e-01 1.845589e-03 4.079763e-04
1.319236e-01 2.401359e-03 4.146113e-04
1.321945e-01 2.965299e-03 4.120377e-04
1.324653e-01 2.665961e-03 4.082469e-04
1.327361e-01 2.628600e-03 4.084521e-04
1.330069e-01 2.848459e-03 4.089709e-04
1.332777e-01 2.962021e-03 4.066722e-04
1.335485e-01 2.636299e-03 4.093170e-04
1.338193e-01 2.142800e-03 4.095103e-04
1.340902e-01 1.928709e-03 4.039341e-04
1.343610e-01 2.789270e-03 4.131420e-04
1.346318e-01 2.943600e-03 4.052303e-04
1.349026e-01 2.576290e-03 3.999882e-04
1.351734e-01 2.786351e-03 4.124550e-04
1.354442e-01 2.797939e-03 4.051325e-04
1.357151e-01 2.518091e-03 4.083826e-04
1.359859e-01 2.902901e-03 4.071938e-04
1.362567e-01 1.760399e-03 3.964643e-04
1.365275e-01 2.561320e-03 3.971348e-04
1.367983e-01 2.521159e-03 3.978877e-04
1.370691e-01 2.666559e-03 4.096079e-04
1.373399e-01 2.569079e-03 4.142884e-04
1.376107e-01 2.607370e-03 4.057108e-04
1.378816e-01 2.817100e-03 4.214365e-04
1.381524e-01 2.448129e-03 4.154184e-04
1.384232e-01 2.747800e-03 4.270546e-04
1.386940e-01 1.962889e-03 4.219655e-04
1.389648e-01 2.318380e-03 4.309455e-04
1.392356e-01 2.814479e-03 4.357867e-04
1.395064e-01 2.229080e-03 4.364211e-04
1.397773e-01 2.095500e-03 4.284929e-04
1.400481e-01 2.078999e-03 4.316270e-04
1.403189e-01 2.785491e-03 4.323784e-04
1.405897e-01 2.618611e-03 4.350046e-04
1.408605e-01 2.309849e-03 4.341611e-04
1.411313e-01 2.554411e-03 4.375602e-04
1.414021e-01 2.229160e-03 4.465156e-04
1.416730e-01 1.674330e-03 4.350064e-04
1.419438e-01 2.648640e-03 4.508911e-04
1.422146e-01 2.337290e-03 4.501704e-04
1.424854e-01 1.815220e-03 4.444678e-04
1.427562e-01 3.033811e-03 4.473639e-04
1.430270e-01 2.925649e-03 4.483883e-04
1.432979e-01 2.378341e-03 4.310244e-04
1.435687e-01 3.201939e-03 4.499509e-04
1.438395e-01 2.790479e-03 4.588909e-04
1.441103e-01 2.204200e-03 4.492126e-04
1.443811e-01 2.660450e-03 4.611494e-04
1.446519e-01 2.795920e-03 4.544388e-04
1.449227e-01 2.021661e-03 4.618653e-04
1.451935e-01 2.272150e-03 4.523184e-04
1.454644e-01 1.901152e-03 4.573287e-04
1.457352e-01 2.422340e-03 4.651269e-04
1.460060e-01 3.138829e-03 4.593168e-04
1.462768e-01 1.354229e-03 4.631691e-04
1.465476e-01 2.920110e-03 4.669992e-04
1.468184e-01 2.836009e-03 4.630228e-04
1.470892e-01 2.661839e-03 4.565446e-04
1.473601e-01 2.344770e-03 4.607293e-04
1.476309e-01 2.834389e-03 4.680168e-04
1.479017e-01 2.205409e-03 4.709667e-04
1.481725e-01 2.249129e-03 4.704495e-04
1.484433e-01 2.482070e-03 4.604356e-04
1.487141e-01 1.521122e-03 4.574967e-04
1.489850e-01 2.436800e-03 4.637070e-04
1.492558e-01 2.642110e-03 4.730879e-04
1.495266e-01 2.075911e-03 4.618165e-04
1.497974e-01 1.543010e-03 4.483894e-04
1.500682e-01 1.925459e-03 4.622755e-04
1.503390e-01 3.154531e-03 4.672952e-04
1.506098e-01 2.585759e-03 4.657133e-04
1.508806e-01 2.920369e-03 4.543128e-04
1.511515e-01 2.676170e-03 4.559709e-04
1.514223e-01 2.923770e-03 4.617582e-04
1.516931e-01 2.737701e-03 4.727031e-04
1.519639e-01 2.270689e-03 4.530658e-04
1.522347e-01 2.052261e-03 4.569100e-04
1.525055e-01 1.688039e-03 4.513230e-04
1.527763e-01 2.351468e-03 4.621965e-04
1.530472e-01 2.440061e-03 4.591620e-04
1.533180e-01 2.357231e-03 4.737919e-04
1.535888e-01 2.506990e-03 4.686510e-04
1.538596e-01 1.986600e-03 4.520784e-04
1.541304e-01 1.858082e-03 4.502235e-04
1.544012e-01 2.086692e-03 4.684456e-04
1.546721e-01 2.039650e-03 4.644482e-04
1.549429e-01 2.804410e-03 4.650860e-04
1.552137e-01 2.603550e-03 4.677105e-04
1.554845e-01 1.969470e-03 4.618685e-04
1.557553e-01 1.613820e-03 4.610005e-04
1.560261e-01 3.005670e-03 4.661380e-04
1.562969e-01 1.926960e-03 4.644136e-04
1.565678e-01 2.214748e-03 4.642940e-04
1.568386e-01 1.428539e-03 4.574796e-04
1.571094e-01 1.729490e-03 4.615839e-04
1.573802e-01 1.590440e-03 4.592055e-04
1.576510e-01 2.451060e-03 4.655102e-04
1.579218e-01 1.588169e-03 4.617038e-04
1.581926e-01 2.094749e-03 4.711882e-04
1.584634e-01 1.252059e-03 4.532592e-04
1.587343e-01 2.332969e-03 4.536072e-04
1.590051e-01 2.631480e-03 4.611326e-04
1.592759e-01 2.426140e-03 4.743354e-04
1.595467e-01 7.572807e-04 4.588351e-04
1.598175e-01 1.368331e-03 4.486455e-04
1.600883e-01 2.868060e-03 4.674822e-04
1.603591e-01 1.625570e-03 4.534870e-04
1.606300e-01 2.357269e-03 4.583783e-04
1.609008e-01 2.020000e-03 4.606652e-04
1.611716e-01 1.310110e-03 4.539718e-04
1.614424e-01 2.159750e-03 4.545665e-04
1.617132e-01 1.178030e-03 4.526969e-04
1.619840e-01 2.092801e-03 4.485873e-04
1.622549e-01 1.161071e-03 4.631179e-04
1.625257e-01 1.744250e-03 4.501507e-04
1.627965e-01 1.665400e-03 4.481559e-04
1.630673e-01 1.830241e-03 4.623644e-04
1.633381e-01 1.672121e-03 4.526469e-04
1.636089e-01 1.729980e-03 4.648506e-04
1.638797e-01 1.954360e-03 4.584519e-04
1.641506e-01 1.604091e-03 4.436037e-04
1.644214e-01 1.576899e-03 4.563794e-04
1.646922e-01 1.386760e-03 4.527189e-04
1.649630e-01 1.453260e-03 4.487060e-04
1.652338e-01 2.391901e-03 4.678513e-04
1.655046e-01 1.471661e-03 4.573852e-04
1.657754e-01 1.524189e-03 4.458891e-04
1.660462e-01 2.400311e-03 4.613564e-04
1.663171e-01 1.489449e-03 4.577324e-04
1.665879e-01 1.382371e-03 4.592349e-04
1.668587e-01 1.356289e-03 4.539218e-04
1.671295e-01 1.357151e-03 4.612602e-04
1.674003e-01 1.111001e-03 4.490207e-04
1.676711e-01 2.006581e-03 4.705255e-04
1.679420e-01 1.881890e-03 4.764798e-04
1.682128e-01 1.615180e-03 4.827659e-04
1.684836e-01 1.892881e-03 4.975295e-04
1.687544e-01 1.528649e-03 4.987307e-04
1.690252e-01 1.099510e-03 4.940687e-04
1.692960e-01 1.736350e-03 4.966634e-04
1.695668e-01 1.901690e-03 5.015969e-04
1.698377e-01 2.387419e-03 5.194648e-04
1.701085e-01 1.882780e-03 5.171621e-04
1.703793e-01 2.590960e-03 5.232259e-04
1.706501e-01 2.571600e-03 5.048061e-04
1.709209e-01 1.173301e-03 5.284438e-04
1.711917e-01 1.036711e-03 5.211469e-04
1.714625e-01 9.473301e-04 5.294542e-04
1.717333e-01 1.842460e-03 5.442490e-04
1.720042e-01 2.046829e-03 5.404925e-04
1.722750e-01 1.870770e-03 5.484868e-04
1.725458e-01 1.816530e-03 5.497677e-04
1.728166e-01 3.072439e-03 5.606960e-04
1.730874e-01 2.267390e-03 5.508864e-04
1.733582e-01 1.357250e-03 5.414279e-04
1.736291e-01 1.654860e-03 5.628609e-04
1.738999e-01 3.040098e-04 5.592824e-04
1.741707e-01 1.276240e-03 5.761301e-04
1.744415e-01 1.016200e-03 5.778077e-04
1.747123e-01 1.372021e-03 5.816362e-04
1.749831e-01 2.064651e-03 5.569122e-04
1.752539e-01 2.621420e-03 5.338827e-04
1.755248e-01 1.194539e-03 5.301618e-04
1.757956e-01 1.877770e-03 5.272884e-04
1.760664e-01 1.446489e-03 5.316403e-04
1.763372e-01 -1.808628e-06 5.096053e-04
1.766080e-01 1.806669e-03 5.413324e-04
1.768788e-01 2.417920e-03 5.268305e-04
1.771496e-01 1.879070e-03 5.203545e-04
1.774205e-01 9.457804e-04 5.153228e-04
1.776913e-01 1.492091e-03 5.148825e-04
1.779621e-01 5.237199e-04 5.174123e-04
1.782329e-01 1.741590e-03 5.169158e-04
1.785037e-01 5.659815e-04 5.034111e-04
1.787745e-01 7.607192e-04 5.002611e-04
1.790453e-01 1.457360e-03 5.167674e-04
1.793161e-01 1.620479e-03 5.052071e-04
1.795870e-01 1.589561e-03 5.113254e-04
1.798578e-01 7.926915e-04 4.846837e-04
1.801286e-01 1.594881e-03 5.102790e-04
1.803994e-01 1.536889e-03 4.886214e-04
1.806702e-01 1.347531e-03 5.015074e-04
1.809410e-01 1.788000e-03 5.052414e-04
1.812119e-01 7.193889e-04 4.957177e-04
1.814827e-01 2.279641e-03 5.091152e-04
1.817535e-01 1.980809e-03 4.878544e-04
1.820243e-01 1.063669e-03 4.915336e-04
1.822951e-01 1.577809e-03 4.996005e-04
1.825659e-01 2.256650e-03 4.971296e-04
1.828367e-01 1.367360e-03 5.017586e-04
1.831076e-01 1.516471e-03 4.918071e-04
1.833784e-01 2.011251e-03 4.867403e-04
1.836492e-01 1.784461e-03 4.902846e-04
1.839200e-01 1.939019e-03 4.841372e-04
1.841908e-01 5.973298e-04 4.850242e-04
1.844616e-01 1.502991e-03 4.933681e-04
1.847324e-01 1.776891e-03 4.939330e-04
1.850033e-01 1.405589e-03 4.957566e-04
1.852741e-01 1.186371e-03 4.802450e-04
1.855449e-01 9.052511e-04 4.824885e-04
1.858157e-01 1.251420e-03 4.932533e-04
1.860865e-01 1.877589e-03 4.873331e-04
1.863573e-01 7.526800e-04 4.809997e-04
1.866281e-01 1.188660e-03 4.886191e-04
1.868990e-01 7.828511e-04 4.947999e-04
1.871698e-01 1.435511e-03 4.898114e-04
1.874406e-01 1.624139e-03 4.923631e-04
1.877114e-01 6.117411e-04 4.750299e-04
1.879822e-01 2.238620e-03 4.865768e-04
1.882530e-01 1.376931e-03 4.781683e-04
1.885238e-01 1.249392e-03 4.871255e-04
1.887947e-01 8.108299e-04 4.781723e-04
1.890655e-01 1.191260e-03 4.981138e-04
1.893363e-01 1.871720e-03 4.910774e-04
1.896071e-01 2.498871e-03 4.962935e-04
1.898779e-01 2.047939e-03 4.869233e-04
1.901487e-01 2.129558e-03 4.922489e-04
1.904195e-01 1.115739e-03 4.827143e-04
1.906904e-01 1.151580e-03 4.856057e-04
1.909612e-01 2.539270e-03 4.897042e-04
1.912320e-01 1.528030e-03 4.936809e-04
1.915028e-01 9.905491e-04 4.814136e-04
1.917736e-01 1.284910e-03 4.921494e-04
1.920444e-01 1.445290e-03 4.814628e-04
1.923153e-01 1.117731e-03 4.743588e-04
1.925861e-01 1.622409e-03 4.986043e-04
1.928569e-01 1.531390e-03 4.860437e-04
1.931277e-01 1.449149e-03 4.855760e-04
1.933985e-01 1.828689e-03 4.924188e-04
1.936693e-01 7.749107e-04 4.734078e-04
1.939401e-01 1.379121e-03 4.795651e-04
1.942109e-01 8.983612e-04 4.739444e-04
1.944818e-01 1.126740e-03 4.836878e-04
1.947526e-01 9.774007e-04 4.853194e-04
1.950234e-01 1.331350e-03 4.852985e-04
1.952942e-01 2.298541e-03 4.956678e-04
1.955650e-01 6.863903e-04 4.808109e-04
1.958358e-01 1.154911e-03 4.927581e-04
1.961066e-01 4.582517e-04 4.765362e-04
1.963775e-01 7.399898e-04 4.694150e-04
1.966483e-01 1.321580e-03 4.742082e-04
1.969191e-01 1.654159e-03 4.752923e-04
1.971899e-01 1.917081e-03 4.949461e-04
1.974607e-01 4.543699e-04 4.778381e-04
1.977315e-01 1.366330e-03 4.731527e-04
1.980023e-01 1.058709e-03 4.801826e-04
1.982732e-01 1.276460e-03 4.744537e-04
1.985440e-01 1.628190e-03 4.864650e-04
1.988148e-01 2.018942e-03 4.904833e-04
1.990856e-01 1.528179e-03 4.945263e-04
1.993564e-01 2.311101e-03 4.821065e-04
1.996272e-01 1.887981e-03 4.875320e-04
1.998980e-01 1.216559e-03 4.717524e-04
2.001689e-01 1.967819e-03 4.808700e-04
2.004397e-01 1.263270e-03 4.775864e-04
2.007105e-01 1.947600e-04 4.612870e-04
2.009813e-01 9.225309e-04 4.660971e-04
2.012521e-01 1.177520e-03 4.726295e-04
2.015229e-01 1.520669e-03 4.870381e-04
2.017937e-01 5.077217e-04 4.772900e-04
2.020646e-01 9.310693e-04 4.756899e-04
2.023354e-01 6.469097e-04 4.761613e-04
2.026062e-01 6.541014e-04 4.734019e-04
2.028770e-01 8.026902e-04 4.769646e-04
2.031478e-01 1.219101e-04 4.651166e-04
2.034186e-01 9.017214e-04 4.715985e-04
2.036894e-01 1.028769e-03 4.727090e-04
2.039603e-01 4.572403e-04 4.684302e-04
2.042311e-01 -2.207905e-04 4.631869e-04
2.045019e-01 9.659305e-04 4.720841e-04
2.047727e-01 7.079914e-04 4.652532e-04
2.050435e-01 5.829893e-04 4.627367e-04
2.053143e-01 1.624679e-03 4.765646e-04
2.055852e-01 7.877909e-04 4.783149e-04
2.058560e-01 1.765821e-03 4.693602e-04
2.061268e-01 1.241880e-03 4.718399e-04
2.063976e-01 1.227871e-03 4.670530e-04
2.066684e-01 6.816201e-04 4.688862e-04
2.069392e-01 1.158752e-03 4.716370e-04
2.072100e-01 1.430959e-03 4.772708e-04
2.074808e-01 1.193320e-03 4.649610e-04
2.077517e-01 1.489410e-03 4.635412e-04
2.080225e-01 3.637914e-04 4.682281e-04
2.082933e-01 2.082279e-03 4.691750e-04
2.085641e-01 4.209802e-04 4.639376e-04
2.088349e-01 1.026129e-03 4.628169e-04
2.091057e-01 1.478869e-03 4.662093e-04
2.093765e-01 8.080415e-04 4.634558e-04
2.096474e-01 1.900779e-03 4.703071e-04
2.099182e-01 1.698641e-03 4.675686e-04
2.101890e-01 -2.995990e-04 4.642307e-04
2.104598e-01 1.802372e-03 4.669069e-04
2.107306e-01 1.268940e-03 4.605652e-04
2.110014e-01 8.587595e-04 4.565674e-04
2.112723e-01 1.512170e-03 4.694691e-04
2.115431e-01 1.827180e-03 4.696666e-04
2.118139e-01 1.213770e-03 4.609386e-04
2.120847e-01 8.793212e-04 4.573187e-04
2.123555e-01 1.282949e-03 4.704958e-04
2.126263e-01 7.544011e-04 4.572357e-04
2.128971e-01 1.779811e-03 4.619133e-04
2.131680e-01 7.651988e-04 4.633048e-04
2.134388e-01 1.265949e-03 4.658904e-04
2.137096e-01 2.434460e-03 4.651519e-04
2.139804e-01 1.508631e-03 4.741797e-04
2.142512e-01 1.131300e-03 4.766674e-04
2.145220e-01 9.526089e-04 4.704295e-04
2.147928e-01 8.722898e-04 4.728357e-04
2.150636e-01 1.727510e-03 4.641380e-04
2.153345e-01 1.301510e-03 4.724183e-04
2.156053e-01 1.623670e-03 4.741761e-04
2.158761e-01 6.737392e-04 4.689581e-04
2.161469e-01 1.135429e-03 4.711058e-04
2.164177e-01 1.365280e-03 4.694280e-04
2.166885e-01 9.390190e-04 4.628233e-04
2.169593e-01 9.825099e-04 4.722328e-04
2.172302e-01 7.078908e-04 4.638336e-04
2.175010e-01 1.644360e-03 4.665076e-04
2.177718e-01 7.256102e-04 4.573455e-04
2.180426e-01 6.165300e-04 4.627768e-04
2.183134e-01 1.669396e-04 4.583866e-04
2.185842e-01 2.742596e-04 4.552736e-04
2.188551e-01 2.159271e-03 4.755012e-04
2.191259e-01 1.304459e-03 4.665284e-04
2.193967e-01 6.740801e-04 4.501653e-04
2.196675e-01 1.595858e-03 4.629774e-04
2.199383e-01 1.690140e-03 4.584973e-04
2.202091e-01 9.882301e-04 4.681971e-04
2.204799e-01 6.843805e-04 4.558100e-04
2.207507e-01 1.511559e-03 4.697812e-04
2.210216e-01 1.891540e-03 4.687067e-04
2.212924e-01 1.883632e-03 4.680093e-04
2.215632e-01 1.307800e-03 4.561185e-04
2.218340e-01 7.461309e-04 4.554482e-04
2.221048e-01 8.403305e-04 4.619760e-04
2.223756e-01 5.106311e-04 4.578276e-04
2.226464e-01 1.172060e-03 4.574671e-04
2.229173e-01 1.037100e-03 4.533122e-04
2.231881e-01 1.257310e-03 4.577018e-04
2.234589e-01 1.455501e-03 4.557871e-04
2.237297e-01 6.889105e-04 4.553125e-04
2.240005e-01 9.554010e-04 4.542173e-04
2.242713e-01 9.156708e-04 4.557422e-04
2.245422e-01 -7.363036e-05 4.570322e-04
2.248130e-01 7.371306e-04 4.507999e-04
2.250838e-01 5.579293e-04 4.588243e-04
2.253546e-01 8.280091e-04 4.432578e-04
2.256254e-01 1.266010e-03 4.555694e-04
2.258962e-01 9.848196e-04 4.545798e-04
2.261670e-01 8.714814e-04 4.807379e-04
2.264379e-01 3.877804e-04 4.859615e-04
2.267087e-01 6.348994e-04 4.933858e-04
2.269795e-01 1.212470e-03 5.042971e-04
2.272503e-01 1.399091e-03 5.009427e-04
2.275211e-01 7.956587e-04 5.045626e-04
2.277919e-01 8.505508e-04 5.120118e-04
2.280627e-01 7.187389e-04 5.076072e-04
2.283335e-01 1.084097e-04 5.215026e-04
2.286044e-01 4.177112e-04 5.203244e-04
2.288752e-01 1.712650e-03 5.334366e-04
2.291460e-01 8.245502e-04 5.299326e-04
2.294168e-01 1.030220e-03 5.399313e-04
2.296876e-01 1.362309e-03 5.413478e-04
2.299584e-01 1.665050e-03 5.451258e-04
2.302293e-01 6.400608e-04 5.454245e-04
2.305001e-01 -9.666942e-05 5.540716e-04
2.307709e-01 2.142120e-03 5.732957e-04
2.310417e-01 5.354304e-04 5.639849e-04
2.313125e-01 1.005070e-03 5.794926e-04
2.315833e-01 3.574807e-04 5.730430e-04
2.318541e-01 1.289031e-03 5.754683e-04
2.321250e-01 7.857997e-04 6.027054e-04
2.323958e-01 6.151292e-04 5.698850e-04
2.326666e-01 1.340870e-03 5.859107e-04
2.329374e-01 1.608482e-03 6.039822e-04
2.332082e-01 8.281395e-04 5.921541e-04
2.334790e-01 -6.414801e-04 5.992017e-04
2.337498e-01 7.084403e-04 6.138847e-04
2.340207e-01 4.613791e-04 6.126277e-04
2.342915e-01 1.352206e-04 6.254525e-04
2.345623e-01 7.218588e-04 6.255310e-04
2.348331e-01 1.046039e-03 6.358415e-04
2.351039e-01 1.530293e-04 6.496444e-04
2.353747e-01 7.462297e-04 6.369931e-04
2.356455e-01 9.312797e-04 6.522674e-04
2.359163e-01 9.701904e-04 6.552204e-04
2.361872e-01 9.185411e-04 6.677906e-04
2.364580e-01 1.429660e-03 6.838296e-04
2.367288e-01 4.240498e-04 6.706885e-04
2.369996e-01 9.229910e-04 6.781267e-04
2.372704e-01 1.412019e-03 6.920203e-04
2.375412e-01 1.838990e-05 7.001866e-04
2.378121e-01 1.856590e-03 7.036798e-04
2.380829e-01 1.374660e-03 6.807807e-04
2.383537e-01 5.357899e-04 7.070935e-04
2.386245e-01 -1.160391e-04 7.055044e-04
2.388953e-01 2.132069e-03 7.290037e-04
2.391661e-01 1.968170e-03 7.412660e-04
2.394369e-01 5.376302e-04 7.441770e-04
2.397078e-01 1.321901e-04 7.553823e-04
2.399786e-01 9.631105e-04 7.417699e-04
2.402494e-01 5.566087e-04 7.436808e-04
2.405202e-01 -3.472101e-04 7.710346e-04
2.407910e-01 1.078570e-03 7.917515e-04
2.410618e-01 7.304698e-04 7.744697e-04
2.413326e-01 8.554291e-04 7.748769e-04
2.416034e-01 7.257108e-04 8.066740e-04
2.418743e-01 1.897220e-03 8.190001e-04
2.421451e-01 1.883430e-03 8.189335e-04
2.424159e-01 2.334420e-03 8.300131e-04
2.426867e-01 8.061398e-04 8.086168e-04
2.429575e-01 1.109760e-03 8.500501e-04
2.432283e-01 2.298580e-03 8.839467e-04
2.434992e-01 1.043512e-03 8.396734e-04
2.437700e-01 2.068499e-03 9.124203e-04
2.440408e-01 -1.187121e-03 8.674240e-04
2.443116e-01 3.331900e-04 8.453814e-04
2.445824e-01 2.610549e-03 8.894501e-04
2.448532e-01 1.167100e-03 9.199901e-04
2.451240e-01 2.129149e-03 9.563030e-04
2.453949e-01 1.443010e-03 9.673187e-04
2.456657e-01 1.419071e-03 9.879239e-04
2.459365e-01 -9.916164e-05 9.512639e-04
2.462073e-01 -6.808192e-04 9.638230e-04
2.464781e-01 6.322991e-04 9.829259e-04
2.467489e-01 2.768120e-03 1.022835e-03
2.470197e-01 1.266290e-03 1.004082e-03
2.472906e-01 2.305770e-03 1.060303e-03
2.475614e-01 2.723411e-04 1.064126e-03
2.478322e-01 3.669411e-06 1.093572e-03
2.481030e-01 9.281002e-05 1.081673e-03
2.483738e-01 1.580980e-03 1.077006e-03
2.486446e-01 5.642399e-04 1.154962e-03
2.489154e-01 6.897897e-04 1.142105e-03
2.491863e-01 2.181631e-03 1.202289e-03
2.494571e-01 2.400801e-04 1.211190e-03
2.497279e-01 1.754081e-03 1.293787e-03
2.499987e-01 -4.188698e-04 1.220789e-03
2.502695e-01 2.338309e-04 1.264957e-03
2.505403e-01 -1.614913e-04 1.325930e-03
2.508111e-01 1.986749e-03 1.344228e-03
2.510819e-01 1.225010e-03 1.525579e-03
2.513528e-01 3.891699e-04 1.420743e-03
2.516236e-01 7.903799e-04 1.488670e-03
2.518944e-01 8.243397e-04 1.459485e-03
2.521652e-01 7.076897e-04 1.693871e-03
2.524360e-01 6.406996e-04 1.603849e-03
2.527068e-01 1.945220e-03 1.613136e-03
2.529776e-01 4.158989e-04 1.614121e-03
2.532485e-01 -2.443250e-03 1.746943e-03
2.535193e-01 6.523784e-04 1.882560e-03
2.537901e-01 -1.072630e-03 1.867964e-03
2.540609e-01 -1.094250e-03 1.776947e-03
2.543317e-01 1.619210e-03 1.891427e-03
2.546025e-01 2.917014e-04 2.001761e-03
2.548733e-01 1.297189e-03 2.228054e-03
2.551441e-01 2.770482e-03 2.140537e-03
2.554150e-01 2.711359e-03 2.401783e-03
2.556858e-01 -3.881982e-03 2.368689e-03
2.559566e-01 -1.531469e-03 2.375675e-03
2.562274e-01 1.216859e-03 2.602759e-03
2.564982e-01 -2.011880e-03 2.852492e-03
2.567690e-01 2.447050e-03 3.274508e-03
2.570398e-01 6.743297e-04 3.214241e-03
2.573107e-01 2.559703e-04 3.619935e-03
2.575815e-01 -8.128371e-03 2.982372e-03
2.578523e-01 8.983219e-03 6.862517e-03
2.581231e-01 -4.863309e-03 1.042652e-02
