3.286826e-03 9.907236e+00 0.000000e+00
3.557641e-03 1.221174e+01 4.328167e-01
3.828455e-03 1.105755e+01 2.345472e-01
4.099269e-03 1.009487e+01 1.901118e-01
4.370084e-03 9.218832e+00 1.353366e-01
4.640898e-03 8.284801e+00 1.063505e-01
4.911712e-03 7.544943e+00 9.098708e-02
5.182527e-03 6.934761e+00 7.365650e-02
5.453341e-03 6.400903e+00 6.927590e-02
5.724155e-03 5.972373e+00 4.988077e-02
5.994970e-03 5.664989e+00 4.818608e-02
6.265784e-03 5.226034e+00 4.179594e-02
6.536598e-03 4.913799e+00 3.615752e-02
6.807412e-03 4.615347e+00 3.549868e-02
7.078227e-03 4.376463e+00 3.111350e-02
7.349041e-03 4.137394e+00 2.774005e-02
7.619855e-03 3.885960e+00 2.476611e-02
7.890671e-03 3.693252e+00 2.244871e-02
8.161485e-03 3.505586e+00 2.336936e-02
8.432299e-03 3.305128e+00 2.140926e-02
8.703114e-03 3.112828e+00 1.996947e-02
8.973928e-03 2.956203e+00 1.879466e-02
9.244742e-03 2.729157e+00 1.790041e-02
9.515557e-03 2.570947e+00 1.771291e-02
9.786371e-03 2.411975e+00 1.713573e-02
1.005718e-02 2.224375e+00 1.555087e-02
1.032800e-02 2.055131e+00 1.445042e-02
1.059881e-02 1.894519e+00 1.359815e-02
1.086963e-02 1.735079e+00 1.301901e-02
1.114044e-02 1.616542e+00 1.139985e-02
1.141126e-02 1.464681e+00 1.139705e-02
1.168207e-02 1.359650e+00 9.716619e-03
1.195289e-02 1.245209e+00 1.019089e-02
1.222370e-02 1.137282e+00 8.549823e-03
1.249451e-02 1.044715e+00 8.276467e-03
1.276533e-02 9.460964e-01 7.631495e-03
1.303614e-02 8.561134e-01 7.272485e-03
1.330696e-02 7.912297e-01 6.729749e-03
1.357777e-02 7.206939e-01 6.155046e-03
1.384859e-02 6.475491e-01 5.572066e-03
1.411940e-02 5.965720e-01 5.443637e-03
1.439021e-02 5.461019e-01 5.316932e-03
1.466103e-02 4.923379e-01 4.653505e-03
1.493184e-02 4.549620e-01 4.522086e-03
1.520266e-02 4.105904e-01 4.290260e-03
1.547347e-02 3.757042e-01 4.013379e-03
1.574429e-02 3.435059e-01 3.533925e-03
1.601510e-02 3.101362e-01 3.480300e-03
1.628591e-02 2.872585e-01 3.341201e-03
1.655673e-02 2.700748e-01 3.222945e-03
1.682754e-02 2.467218e-01 2.948592e-03
1.709836e-02 2.272970e-01 3.027589e-03
1.736917e-02 2.081129e-01 2.779232e-03
1.763999e-02 1.932032e-01 2.622327e-03
1.791080e-02 1.838294e-01 2.569786e-03
1.818161e-02 1.685707e-01 2.518839e-03
1.845243e-02 1.577819e-01 2.425505e-03
1.872324e-02 1.423380e-01 2.255036e-03
1.899406e-02 1.340178e-01 2.186031e-03
1.926487e-02 1.276565e-01 2.160728e-03
1.953569e-02 1.210062e-01 2.059359e-03
1.980650e-02 1.094340e-01 2.113762e-03
2.007731e-02 1.060095e-01 1.893190e-03
2.034813e-02 1.000894e-01 2.052947e-03
2.061894e-02 9.421015e-02 1.923836e-03
2.088976e-02 9.257811e-02 1.825952e-03
2.116057e-02 8.811775e-02 1.788992e-03
2.143139e-02 8.431932e-02 1.760935e-03
2.170220e-02 8.137864e-02 1.760630e-03
2.197302e-02 7.614240e-02 1.759206e-03
2.224383e-02 7.450835e-02 1.714825e-03
2.251465e-02 7.326724e-02 1.648648e-03
2.278546e-02 6.930932e-02 1.651553e-03
2.305627e-02 6.609038e-02 1.535034e-03
2.332709e-02 6.413168e-02 1.479643e-03
2.359790e-02 6.350844e-02 1.498637e-03
2.386872e-02 6.347512e-02 1.485316e-03
2.413953e-02 5.840581e-02 1.412528e-03
2.441034e-02 5.911265e-02 1.438581e-03
2.468116e-02 5.805152e-02 1.454975e-03
2.495197e-02 5.706704e-02 1.390777e-03
2.522279e-02 5.392231e-02 1.393431e-03
2.549360e-02 5.346612e-02 1.374395e-03
2.576442e-02 4.972752e-02 1.317735e-03
2.603523e-02 4.958416e-02 1.301345e-03
2.630604e-02 4.779306e-02 1.286001e-03
2.657686e-02 4.499026e-02 1.231043e-03
2.684767e-02 4.625673e-02 1.251038e-03
2.711849e-02 4.484698e-02 1.216355e-03
2.738930e-02 4.418341e-02 1.225872e-03
2.766012e-02 4.420499e-02 1.210611e-03
2.793093e-02 4.197128e-02 1.143975e-03
2.820175e-02 4.174739e-02 1.125841e-03
2.847256e-02 4.104856e-02 1.145692e-03
2.874337e-02 4.016672e-02 1.133664e-03
2.901419e-02 3.810224e-02 1.071896e-03
2.928500e-02 3.546729e-02 1.046427e-03
2.955582e-02 3.657129e-02 1.076591e-03
2.982663e-02 3.818232e-02 1.072167e-03
3.009745e-02 3.588546e-02 1.057016e-03
3.036826e-02 3.449664e-02 1.021791e-03
3.063907e-02 3.447027e-02 1.024622e-03
3.090989e-02 3.354288e-02 1.023987e-03
3.118070e-02 3.469047e-02 1.039105e-03
3.145152e-02 3.339504e-02 1.013268e-03
3.172233e-02 3.365469e-02 9.687590e-04
3.199315e-02 3.241118e-02 9.911783e-04
3.226396e-02 3.045046e-02 9.753636e-04
3.253478e-02 2.895529e-02 9.508523e-04
3.280559e-02 2.859006e-02 9.638084e-04
3.307641e-02 2.901697e-02 9.699809e-04
3.334722e-02 2.892819e-02 9.495668e-04
3.361803e-02 2.883931e-02 9.400437e-04
3.388885e-02 2.757508e-02 9.539154e-04
3.415966e-02 2.853031e-02 9.268107e-04
3.443048e-02 2.680226e-02 9.335700e-04
3.470129e-02 2.556077e-02 9.081737e-04
3.497211e-02 2.681669e-02 9.007024e-04
3.524292e-02 2.532432e-02 9.059426e-04
3.551374e-02 2.523485e-02 8.856844e-04
3.578455e-02 2.331798e-02 8.658409e-04
3.605536e-02 2.317036e-02 8.617583e-04
3.632618e-02 2.336171e-02 8.565908e-04
3.659699e-02 2.368853e-02 8.693811e-04
3.686780e-02 2.155375e-02 8.284844e-04
3.713862e-02 2.095837e-02 8.327404e-04
3.740944e-02 2.359051e-02 8.434663e-04
3.768025e-02 2.198994e-02 8.166917e-04
3.795106e-02 2.159707e-02 8.409024e-04
3.822188e-02 2.062769e-02 7.968796e-04
3.849269e-02 2.026206e-02 7.979147e-04
3.876351e-02 2.109567e-02 8.101602e-04
3.903432e-02 2.097667e-02 8.062562e-04
3.930514e-02 2.053307e-02 8.012364e-04
3.957595e-02 1.930619e-02 7.766311e-04
3.984676e-02 2.029336e-02 7.788870e-04
4.011758e-02 2.013874e-02 7.569922e-04
4.038839e-02 1.879642e-02 7.454163e-04
4.065921e-02 1.978447e-02 7.835412e-04
4.093002e-02 1.716332e-02 7.411515e-04
4.120084e-02 1.801545e-02 7.514779e-04
4.147165e-02 1.821231e-02 7.482518e-04
4.174246e-02 1.875155e-02 7.622614e-04
4.201328e-02 1.781367e-02 7.152749e-04
4.228409e-02 1.656217e-02 7.217981e-04
4.255491e-02 1.596945e-02 7.017567e-04
4.282572e-02 1.846925e-02 7.409581e-04
4.309653e-02 1.676723e-02 6.958678e-04
4.336735e-02 1.735660e-02 7.208761e-04
4.363817e-02 1.544843e-02 7.177771e-04
4.390898e-02 1.473396e-02 6.951242e-04
4.417979e-02 1.481613e-02 6.987710e-04
4.445061e-02 1.507141e-02 7.014512e-04
4.472142e-02 1.471194e-02 7.038986e-04
4.499224e-02 1.490260e-02 6.991836e-04
4.526305e-02 1.599929e-02 7.016318e-04
4.553387e-02 1.492428e-02 6.974384e-04
4.580468e-02 1.466668e-02 6.928144e-04
4.607549e-02 1.462326e-02 6.667731e-04
4.634631e-02 1.398584e-02 6.729703e-04
4.661712e-02 1.326181e-02 6.687382e-04
4.688794e-02 1.562125e-02 6.675680e-04
4.715875e-02 1.390067e-02 6.736688e-04
4.742957e-02 1.310588e-02 6.530372e-04
4.770038e-02 1.366586e-02 6.361960e-04
4.797119e-02 1.310252e-02 6.803172e-04
4.824201e-02 1.272874e-02 6.648487e-04
4.851282e-02 1.186072e-02 6.517490e-04
4.878364e-02 1.304624e-02 6.483145e-04
4.905445e-02 1.259925e-02 6.286357e-04
4.932526e-02 1.353283e-02 6.569054e-04
4.959608e-02 1.169290e-02 6.188272e-04
4.986690e-02 1.256995e-02 6.215992e-04
5.013771e-02 1.270636e-02 6.381729e-04
5.040852e-02 1.325496e-02 6.317667e-04
5.067934e-02 1.247912e-02 6.390257e-04
5.095015e-02 1.270040e-02 6.314242e-04
5.122096e-02 1.231569e-02 6.289964e-04
5.149178e-02 1.040049e-02 5.957257e-04
5.176260e-02 1.307150e-02 6.319386e-04
5.203341e-02 1.235948e-02 6.033728e-04
5.230422e-02 1.130792e-02 6.078282e-04
5.257504e-02 1.131184e-02 5.927257e-04
5.284585e-02 1.255477e-02 6.254084e-04
5.311667e-02 1.163490e-02 5.996924e-04
5.338748e-02 1.099051e-02 6.301630e-04
5.365830e-02 1.084943e-02 6.028621e-04
5.392911e-02 1.115755e-02 6.136932e-04
5.419992e-02 1.085475e-02 6.143364e-04
5.447074e-02 1.002206e-02 6.167686e-04
5.474155e-02 1.087549e-02 6.110820e-04
5.501237e-02 1.089081e-02 6.358731e-04
5.528318e-02 1.051899e-02 6.216795e-04
5.555400e-02 1.007510e-02 6.314611e-04
5.582481e-02 1.086175e-02 6.384886e-04
5.609563e-02 1.129296e-02 6.545885e-04
5.636644e-02 9.981899e-03 6.374371e-04
5.663725e-02 1.047305e-02 6.553502e-04
5.690807e-02 9.356901e-03 6.395859e-04
5.717888e-02 1.070880e-02 6.356644e-04
5.744969e-02 9.039791e-03 6.521668e-04
5.772051e-02 1.080549e-02 6.512972e-04
5.799133e-02 9.954700e-03 6.337759e-04
5.826214e-02 9.250671e-03 6.290357e-04
5.853295e-02 9.708731e-03 6.519124e-04
5.880377e-02 9.887420e-03 6.410227e-04
5.907458e-02 1.026659e-02 6.589608e-04
5.934540e-02 9.751970e-03 6.460904e-04
5.961621e-02 1.030552e-02 6.379364e-04
5.988703e-02 8.895630e-03 6.590870e-04
6.015784e-02 9.894090e-03 6.561515e-04
6.042865e-02 8.955231e-03 6.506667e-04
6.069947e-02 9.166257e-03 6.385210e-04
6.097028e-02 8.492811e-03 6.067657e-04
6.124110e-02 8.020379e-03 6.212995e-04
6.151191e-02 9.148791e-03 6.228465e-04
6.178273e-02 9.328369e-03 6.252691e-04
6.205354e-02 8.168072e-03 6.130432e-04
6.232436e-02 8.756651e-03 6.182651e-04
6.259517e-02 9.143872e-03 6.040605e-04
6.286598e-02 8.899730e-03 6.227085e-04
6.313679e-02 9.195579e-03 6.205790e-04
6.340761e-02 8.266591e-03 6.098100e-04
6.367842e-02 8.234460e-03 6.039634e-04
6.394923e-02 7.969562e-03 5.993438e-04
6.422005e-02 8.238850e-03 6.000901e-04
6.449086e-02 8.440901e-03 6.129448e-04
6.476168e-02 8.641159e-03 5.920493e-04
6.503250e-02 7.932639e-03 5.853953e-04
6.530331e-02 8.795450e-03 6.103529e-04
6.557412e-02 8.680230e-03 6.035772e-04
6.584494e-02 9.964459e-03 6.240143e-04
6.611575e-02 7.565908e-03 5.925622e-04
6.638657e-02 8.539500e-03 6.009633e-04
6.665738e-02 8.144572e-03 6.065923e-04
6.692819e-02 6.975999e-03 5.893962e-04
6.719901e-02 7.885750e-03 5.781996e-04
6.746982e-02 7.975059e-03 5.789330e-04
6.774063e-02 7.448468e-03 5.927555e-04
6.801146e-02 7.335160e-03 5.893663e-04
6.828227e-02 6.502090e-03 5.802666e-04
6.855308e-02 7.370992e-03 5.847936e-04
6.882390e-02 7.226821e-03 5.914452e-04
6.909471e-02 7.597640e-03 5.943135e-04
6.936552e-02 7.274868e-03 5.772060e-04
6.963634e-02 6.635999e-03 5.745111e-04
6.990715e-02 7.183302e-03 5.651108e-04
7.017796e-02 7.065130e-03 5.711992e-04
7.044878e-02 7.166620e-03 5.713003e-04
7.071959e-02 6.704811e-03 5.696464e-04
7.099041e-02 7.411502e-03 5.892439e-04
7.126123e-02 6.936168e-03 5.725100e-04
7.153204e-02 7.152122e-03 5.620147e-04
7.180285e-02 6.448451e-03 5.672373e-04
7.207367e-02 7.424230e-03 5.574948e-04
7.234448e-02 6.782511e-03 5.780933e-04
7.261530e-02 6.851882e-03 5.767560e-04
7.288611e-02 7.428862e-03 5.650695e-04
7.315692e-02 7.051980e-03 5.717027e-04
7.342774e-02 5.885629e-03 5.617542e-04
7.369855e-02 7.218570e-03 5.683719e-04
7.396936e-02 5.199552e-03 5.562012e-04
7.424019e-02 6.862309e-03 5.606273e-04
7.451100e-02 6.435519e-03 5.586379e-04
7.478181e-02 4.890000e-03 5.342188e-04
7.505263e-02 6.171672e-03 5.471494e-04
7.532344e-02 6.540250e-03 5.633557e-04
7.559425e-02 5.623369e-03 5.494299e-04
7.586507e-02 6.977450e-03 5.541898e-04
7.613588e-02 7.053250e-03 5.660784e-04
7.640669e-02 6.611321e-03 5.465640e-04
7.667751e-02 6.468959e-03 5.426208e-04
7.694832e-02 6.054381e-03 5.378179e-04
7.721914e-02 5.470147e-03 5.511656e-04
7.748996e-02 6.588642e-03 5.371876e-04
7.776077e-02 6.015901e-03 5.446141e-04
7.803158e-02 5.439242e-03 5.463897e-04
7.830240e-02 5.221089e-03 5.426402e-04
7.857321e-02 5.720880e-03 5.364628e-04
7.884403e-02 7.025139e-03 5.429611e-04
7.911484e-02 5.572319e-03 5.411429e-04
7.938565e-02 6.052610e-03 5.422733e-04
7.965647e-02 6.215900e-03 5.467399e-04
7.992728e-02 6.232869e-03 5.407137e-04
8.019809e-02 6.098488e-03 5.439090e-04
8.046892e-02 5.499441e-03 5.406084e-04
8.073973e-02 6.344369e-03 5.404711e-04
8.101054e-02 6.480021e-03 5.312398e-04
8.128136e-02 5.346710e-03 5.409239e-04
8.155217e-02 5.407710e-03 5.275566e-04
8.182298e-02 5.408619e-03 5.412363e-04
8.209380e-02 5.487580e-03 5.268229e-04
8.236461e-02 5.953860e-03 5.274050e-04
8.263543e-02 5.167250e-03 5.234441e-04
8.290624e-02 5.458241e-03 5.280741e-04
8.317705e-02 5.375281e-03 5.325292e-04
8.344787e-02 4.554931e-03 5.237171e-04
8.371869e-02 5.470561e-03 5.202606e-04
8.398950e-02 5.815828e-03 5.174265e-04
8.426031e-02 5.217630e-03 5.320215e-04
8.453113e-02 3.926791e-03 5.118303e-04
8.480194e-02 4.981751e-03 5.272304e-04
8.507276e-02 5.168801e-03 5.235786e-04
8.534357e-02 5.086469e-03 5.176358e-04
8.561438e-02 4.729452e-03 5.079989e-04
8.588520e-02 4.450668e-03 5.112963e-04
8.615601e-02 4.915221e-03 5.127384e-04
8.642682e-02 5.574431e-03 5.204536e-04
8.669765e-02 4.748689e-03 5.258555e-04
8.696846e-02 4.980151e-03 5.183521e-04
8.723927e-02 4.893789e-03 5.148424e-04
8.751009e-02 5.692571e-03 5.061988e-04
8.778090e-02 4.093939e-03 5.005342e-04
8.805171e-02 4.261620e-03 5.078170e-04
8.832253e-02 5.821429e-03 5.203341e-04
8.859334e-02 5.539877e-03 5.255243e-04
8.886416e-02 5.109990e-03 5.040493e-04
8.913497e-02 4.758231e-03 5.082241e-04
8.940578e-02 3.594019e-03 5.014260e-04
8.967660e-02 4.625570e-03 5.000721e-04
8.994742e-02 4.288210e-03 5.004016e-04
9.021823e-02 4.914660e-03 5.018987e-04
9.048904e-02 4.071478e-03 4.914218e-04
9.075986e-02 4.171491e-03 4.974604e-04
9.103067e-02 4.190991e-03 5.041070e-04
9.130149e-02 4.046872e-03 4.878862e-04
9.157230e-02 4.490310e-03 4.912898e-04
9.184311e-02 4.991738e-03 5.020515e-04
9.211393e-02 3.856050e-03 4.887595e-04
9.238474e-02 4.646989e-03 4.994914e-04
9.265555e-02 4.425891e-03 5.098976e-04
9.292637e-02 4.224531e-03 4.924032e-04
9.319719e-02 4.480220e-03 5.060110e-04
9.346800e-02 3.675578e-03 4.888251e-04
9.373882e-02 4.343200e-03 4.855456e-04
9.400963e-02 3.911650e-03 4.804575e-04
9.428044e-02 2.992719e-03 4.876100e-04
9.455126e-02 4.469140e-03 4.862421e-04
9.482207e-02 3.956858e-03 4.880429e-04
9.509289e-02 3.534809e-03 4.763458e-04
9.536370e-02 4.501188e-03 4.848334e-04
9.563451e-02 4.738837e-03 4.940051e-04
9.590533e-02 4.515821e-03 4.917179e-04
9.617615e-02 3.956681e-03 4.869965e-04
9.644696e-02 3.505640e-03 4.816542e-04
9.671777e-02 4.656561e-03 4.848852e-04
9.698859e-02 4.468150e-03 4.732806e-04
9.725940e-02 3.579821e-03 4.815804e-04
9.753022e-02 3.335180e-03 4.798187e-04
9.780103e-02 3.995588e-03 4.900682e-04
9.807184e-02 3.939118e-03 4.753014e-04
9.834266e-02 4.363120e-03 4.814816e-04
9.861347e-02 4.175639e-03 4.851548e-04
9.888428e-02 3.945120e-03 4.733374e-04
9.915510e-02 3.220040e-03 4.733284e-04
9.942592e-02 4.291343e-03 4.764080e-04
9.969673e-02 3.075369e-03 4.728516e-04
9.996755e-02 3.645740e-03 4.754962e-04
1.002384e-01 3.981803e-03 4.763916e-04
1.005092e-01 3.806261e-03 4.824547e-04
1.007800e-01 3.901131e-03 4.760973e-04
1.010508e-01 3.678579e-03 4.746152e-04
1.013216e-01 3.897179e-03 4.765157e-04
1.015924e-01 4.938990e-03 4.749569e-04
1.018632e-01 3.881611e-03 4.696016e-04
1.021341e-01 4.221041e-03 4.732930e-04
1.024049e-01 4.511138e-03 4.791252e-04
1.026757e-01 4.647661e-03 4.746379e-04
1.029465e-01 3.957631e-03 4.804029e-04
1.032173e-01 4.309159e-03 4.739121e-04
1.034881e-01 3.956748e-03 4.604901e-04
1.037589e-01 3.834981e-03 4.719695e-04
1.040298e-01 2.539471e-03 4.589908e-04
1.043006e-01 3.737319e-03 4.756070e-04
1.045714e-01 3.533389e-03 4.716060e-04
1.048422e-01 3.196150e-03 4.655372e-04
1.051130e-01 3.030891e-03 4.598744e-04
1.053838e-01 4.167661e-03 4.706339e-04
1.056546e-01 3.380878e-03 4.651606e-04
1.059255e-01 3.301540e-03 4.558076e-04
1.061963e-01 3.681449e-03 4.659592e-04
1.064671e-01 3.615962e-03 4.640399e-04
1.067379e-01 2.689639e-03 4.553291e-04
1.070087e-01 2.785750e-03 4.584058e-04
1.072795e-01 3.119171e-03 4.552374e-04
1.075503e-01 3.668642e-03 4.526319e-04
1.078212e-01 4.207049e-03 4.634067e-04
1.080920e-01 3.910169e-03 4.588015e-04
1.083628e-01 3.052421e-03 4.555871e-04
1.086336e-01 3.368301e-03 4.603116e-04
1.089044e-01 3.978919e-03 4.603117e-04
1.091752e-01 2.739228e-03 4.592355e-04
1.094460e-01 2.987390e-03 4.496539e-04
1.097169e-01 2.998121e-03 4.549290e-04
1.099877e-01 2.586421e-03 4.394103e-04
1.102585e-01 3.041532e-03 4.536210e-04
1.105293e-01 3.603470e-03 4.645635e-04
1.108001e-01 3.032038e-03 4.603465e-04
1.110709e-01 2.934821e-03 4.693237e-04
1.113417e-01 2.974199e-03 4.673627e-04
1.116126e-01 3.056960e-03 4.714295e-04
1.118834e-01 3.443319e-03 4.741866e-04
1.121542e-01 1.906969e-03 4.685070e-04
1.124250e-01 3.176350e-03 4.824925e-04
1.126958e-01 3.004959e-03 4.707685e-04
1.129666e-01 3.072880e-03 4.814516e-04
1.132374e-01 2.520559e-03 4.947469e-04
1.135083e-01 3.372120e-03 4.981358e-04
1.137791e-01 2.987070e-03 4.836831e-04
1.140499e-01 2.376810e-03 4.833710e-04
1.143207e-01 3.062828e-03 5.078376e-04
1.145915e-01 2.728151e-03 5.010065e-04
1.148623e-01 2.621710e-03 4.947721e-04
1.151332e-01 3.249131e-03 5.017311e-04
1.154040e-01 3.098901e-03 5.078191e-04
1.156748e-01 3.551930e-03 5.155871e-04
1.159456e-01 2.140170e-03 5.103440e-04
1.162164e-01 2.801690e-03 5.201956e-04
1.164872e-01 3.417801e-03 5.250312e-04
1.167580e-01 3.282629e-03 5.242048e-04
1.170288e-01 3.163811e-03 5.333974e-04
1.172997e-01 2.996700e-03 5.277471e-04
1.175705e-01 2.947420e-03 5.312169e-04
1.178413e-01 3.555339e-03 5.452932e-04
1.181121e-01 2.673669e-03 5.205912e-04
1.183829e-01 2.396870e-03 5.136613e-04
1.186537e-01 2.427179e-03 5.243185e-04
1.189246e-01 2.297070e-03 5.157566e-04
1.191954e-01 2.981059e-03 5.235234e-04
1.194662e-01 3.027681e-03 5.151082e-04
1.197370e-01 2.451910e-03 5.182928e-04
1.200078e-01 3.173459e-03 5.090090e-04
1.202786e-01 2.655910e-03 5.114725e-04
1.205494e-01 2.284650e-03 5.060007e-04
1.208202e-01 2.352010e-03 5.147679e-04
1.210911e-01 2.964899e-03 5.092964e-04
1.213619e-01 3.011210e-03 5.092348e-04
1.216327e-01 3.036872e-03 5.223394e-04
1.219035e-01 2.706621e-03 5.141723e-04
1.221743e-01 1.722410e-03 5.021257e-04
1.224451e-01 2.281699e-03 5.072071e-04
1.227160e-01 3.358321e-03 5.141756e-04
1.229868e-01 1.900500e-03 5.129989e-04
1.232576e-01 2.087031e-03 4.977672e-04
1.235284e-01 2.800021e-03 5.074434e-04
1.237992e-01 2.520250e-03 5.156284e-04
1.240700e-01 1.475200e-03 5.044362e-04
1.243408e-01 2.141530e-03 5.067383e-04
1.246117e-01 2.251942e-03 5.058631e-04
1.248825e-01 2.034340e-03 4.915332e-04
1.251533e-01 1.702171e-03 5.032120e-04
1.254241e-01 2.655759e-03 5.157250e-04
1.256949e-01 2.676209e-03 4.999419e-04
1.259657e-01 2.963109e-03 5.071070e-04
1.262365e-01 1.878930e-03 4.917853e-04
1.265074e-01 2.201399e-03 4.899330e-04
1.267782e-01 1.536211e-03 4.967113e-04
1.270490e-01 1.835659e-03 5.040622e-04
1.273198e-01 2.016520e-03 4.944532e-04
1.275906e-01 2.953760e-03 5.046403e-04
1.278614e-01 2.974950e-03 4.972058e-04
1.281322e-01 2.206890e-03 4.929386e-04
1.284031e-01 2.682101e-03 4.922633e-04
1.286739e-01 2.523510e-03 4.957460e-04
1.289447e-01 1.882281e-03 5.033534e-04
1.292155e-01 2.481639e-03 4.961984e-04
1.294863e-01 2.830790e-03 4.838000e-04
1.297571e-01 1.983000e-03 5.016383e-04
1.300279e-01 2.792660e-03 4.890162e-04
1.302988e-01 2.129480e-03 4.867428e-04
1.305696e-01 2.069060e-03 4.906908e-04
1.308404e-01 1.902619e-03 4.939340e-04
1.311112e-01 2.469510e-03 4.905429e-04
1.313820e-01 2.694810e-03 4.805810e-04
1.316528e-01 1.544580e-03 4.935087e-04
1.319236e-01 1.600761e-03 4.898667e-04
1.321945e-01 1.478080e-03 4.895637e-04
1.324653e-01 2.673801e-03 4.889863e-04
1.327361e-01 2.259351e-03 4.878686e-04
1.330069e-01 1.276989e-03 4.735279e-04
1.332777e-01 1.491880e-03 4.795472e-04
1.335485e-01 2.460910e-03 4.886985e-04
1.338193e-01 2.512049e-03 5.012501e-04
1.340902e-01 2.595700e-03 4.759915e-04
1.343610e-01 2.399979e-03 4.973672e-04
1.346318e-01 1.397111e-03 4.819079e-04
1.349026e-01 2.940468e-03 4.860423e-04
1.351734e-01 1.591619e-03 4.854424e-04
1.354442e-01 1.766119e-03 4.744118e-04
1.357151e-01 1.823781e-03 4.920640e-04
1.359859e-01 1.111940e-03 4.643227e-04
1.362567e-01 2.001069e-03 4.883938e-04
1.365275e-01 2.542580e-03 4.791097e-04
1.367983e-01 2.341639e-03 4.868191e-04
1.370691e-01 2.952570e-03 4.915583e-04
1.373399e-01 8.207802e-04 4.899761e-04
1.376107e-01 1.054538e-03 4.796974e-04
1.378816e-01 1.807811e-03 4.897849e-04
1.381524e-01 1.735130e-03 4.994143e-04
1.384232e-01 2.079299e-03 5.063356e-04
1.386940e-01 1.525572e-03 4.987038e-04
1.389648e-01 1.358708e-03 5.038039e-04
1.392356e-01 1.954241e-03 5.104741e-04
1.395064e-01 2.489030e-03 5.131655e-04
1.397773e-01 2.685700e-03 5.264255e-04
1.400481e-01 2.186570e-03 5.271300e-04
1.403189e-01 1.773691e-03 5.231902e-04
1.405897e-01 1.164692e-03 5.086958e-04
1.408605e-01 7.745009e-04 5.156785e-04
1.411313e-01 1.101021e-03 5.204992e-04
1.414021e-01 2.196500e-03 5.190588e-04
1.416730e-01 1.509121e-03 5.193777e-04
1.419438e-01 1.458040e-03 5.253853e-04
1.422146e-01 1.113860e-03 5.365742e-04
1.424854e-01 1.846131e-03 5.404031e-04
1.427562e-01 1.631411e-03 5.285808e-04
1.430270e-01 8.294489e-04 5.077711e-04
1.432979e-01 1.344059e-03 5.157449e-04
1.435687e-01 2.212420e-03 5.321533e-04
1.438395e-01 1.366129e-03 5.360136e-04
1.441103e-01 1.082741e-03 5.418296e-04
1.443811e-01 1.025671e-03 5.461652e-04
1.446519e-01 2.309000e-03 5.414680e-04
1.449227e-01 9.426884e-04 5.339457e-04
1.451935e-01 9.748805e-04 5.326599e-04
1.454644e-01 2.525561e-03 5.524818e-04
1.457352e-01 2.375510e-03 5.373635e-04
1.460060e-01 5.572513e-04 5.157063e-04
1.462768e-01 1.799529e-03 5.546285e-04
1.465476e-01 2.775740e-03 5.436781e-04
1.468184e-01 1.452440e-03 5.493367e-04
1.470892e-01 2.146730e-03 5.532702e-04
1.473601e-01 1.443231e-03 5.446505e-04
1.476309e-01 2.449220e-03 5.448304e-04
1.479017e-01 6.076787e-04 5.213208e-04
1.481725e-01 1.754811e-03 5.454051e-04
1.484433e-01 1.354381e-03 5.453717e-04
1.487141e-01 2.097750e-03 5.631206e-04
1.489850e-01 1.862349e-03 5.568261e-04
1.492558e-01 2.614761e-03 5.561357e-04
1.495266e-01 1.355510e-03 5.489854e-04
1.497974e-01 2.098558e-03 5.513753e-04
1.500682e-01 1.446180e-03 5.495980e-04
1.503390e-01 1.747839e-03 5.510781e-04
1.506098e-01 1.287449e-03 5.488821e-04
1.508806e-01 1.952939e-03 5.446985e-04
1.511515e-01 2.264399e-03 5.621954e-04
1.514223e-01 9.932704e-04 5.557269e-04
1.516931e-01 2.091220e-03 5.469227e-04
1.519639e-01 1.503700e-03 5.371133e-04
1.522347e-01 1.072831e-03 5.498004e-04
1.525055e-01 1.948699e-03 5.438924e-04
1.527763e-01 1.773041e-03 5.624164e-04
1.530472e-01 2.276560e-03 5.478644e-04
1.533180e-01 8.885302e-04 5.327942e-04
1.535888e-01 1.780860e-03 5.503881e-04
1.538596e-01 1.308000e-03 5.521881e-04
1.541304e-01 1.829889e-03 5.663909e-04
1.544012e-01 3.810097e-04 5.389637e-04
1.546721e-01 1.508210e-03 5.533073e-04
1.549429e-01 3.334805e-04 5.468943e-04
1.552137e-01 1.195250e-03 5.415017e-04
1.554845e-01 1.255909e-03 5.461956e-04
1.557553e-01 5.310699e-04 5.455744e-04
1.560261e-01 2.131389e-03 5.444618e-04
1.562969e-01 1.615150e-03 5.459544e-04
1.565678e-01 2.437791e-03 5.390122e-04
1.568386e-01 4.077703e-04 5.480456e-04
1.571094e-01 1.369810e-03 5.560182e-04
1.573802e-01 4.224610e-04 5.531163e-04
1.576510e-01 1.297770e-03 5.463248e-04
1.579218e-01 1.338970e-03 5.317917e-04
1.581926e-01 1.512330e-03 5.469741e-04
1.584634e-01 1.416879e-03 5.429679e-04
1.587343e-01 1.965061e-03 5.548426e-04
1.590051e-01 1.154220e-03 5.372213e-04
1.592759e-01 7.956084e-04 5.433900e-04
1.595467e-01 1.511760e-03 5.449701e-04
1.598175e-01 9.654202e-04 5.351954e-04
1.600883e-01 1.090761e-03 5.422075e-04
1.603591e-01 8.653700e-04 5.353925e-04
1.606300e-01 2.280902e-04 5.393448e-04
1.609008e-01 1.616901e-03 5.467043e-04
1.611716e-01 8.351114e-04 5.427421e-04
1.614424e-01 1.826920e-03 5.374326e-04
1.617132e-01 2.449030e-03 5.583486e-04
1.619840e-01 1.732640e-03 5.384710e-04
1.622549e-01 8.903202e-04 5.466300e-04
1.625257e-01 8.358303e-04 5.368767e-04
1.627965e-01 9.575188e-04 5.388005e-04
1.630673e-01 1.189200e-03 5.520733e-04
1.633381e-01 2.086669e-03 5.426044e-04
1.636089e-01 1.080550e-03 5.385308e-04
1.638797e-01 5.631205e-04 5.341780e-04
1.641506e-01 9.359010e-04 5.361898e-04
1.644214e-01 8.928198e-04 5.450235e-04
1.646922e-01 3.842097e-04 5.396104e-04
1.649630e-01 1.439400e-03 5.523051e-04
1.652338e-01 4.272405e-04 5.331988e-04
1.655046e-01 1.761969e-03 5.393526e-04
1.657754e-01 1.136269e-03 5.360316e-04
1.660462e-01 3.411211e-04 5.410813e-04
1.663171e-01 1.186321e-03 5.452959e-04
1.665879e-01 1.026781e-03 5.404622e-04
1.668587e-01 1.418279e-03 5.438667e-04
1.671295e-01 6.101206e-04 5.326501e-04
1.674003e-01 2.955403e-04 5.311088e-04
1.676711e-01 9.848308e-04 5.455389e-04
1.679420e-01 1.637960e-03 5.678684e-04
1.682128e-01 8.655488e-04 5.794315e-04
1.684836e-01 1.315450e-03 5.926295e-04
1.687544e-01 2.855901e-04 5.759087e-04
1.690252e-01 8.793101e-04 5.832762e-04
1.692960e-01 1.259049e-03 5.802738e-04
1.695668e-01 1.721660e-03 6.038033e-04
1.698377e-01 6.875992e-04 5.966960e-04
1.701085e-01 7.720590e-04 6.113261e-04
1.703793e-01 1.283629e-03 6.185076e-04
1.706501e-01 5.984008e-04 6.150492e-04
1.709209e-01 1.215469e-03 6.115472e-04
1.711917e-01 1.669280e-03 6.236016e-04
1.714625e-01 1.343710e-03 6.204801e-04
1.717333e-01 1.653802e-03 6.473224e-04
1.720042e-01 1.704581e-03 6.301849e-04
1.722750e-01 7.459596e-04 6.447807e-04
1.725458e-01 9.882096e-04 6.493596e-04
1.728166e-01 4.603099e-04 6.260692e-04
1.730874e-01 5.462393e-04 6.577303e-04
1.733582e-01 -3.625490e-04 6.541380e-04
1.736291e-01 9.943414e-04 6.940525e-04
1.738999e-01 1.415839e-03 6.668556e-04
1.741707e-01 1.042739e-03 6.873174e-04
1.744415e-01 1.382930e-03 6.963254e-04
1.747123e-01 1.007009e-03 6.680974e-04
1.749831e-01 1.301929e-03 6.450815e-04
1.752539e-01 1.767501e-04 6.412027e-04
1.755248e-01 9.654388e-04 6.279610e-04
1.757956e-01 1.951780e-03 6.308902e-04
1.760664e-01 7.200986e-06 6.327139e-04
1.763372e-01 7.947497e-04 6.243146e-04
1.766080e-01 2.219031e-03 6.302557e-04
1.768788e-01 9.361189e-04 6.222176e-04
1.771496e-01 1.188001e-03 6.175364e-04
1.774205e-01 6.347895e-05 6.162294e-04
1.776913e-01 1.968021e-03 6.187650e-04
1.779621e-01 1.152741e-03 6.008871e-04
1.782329e-01 1.823111e-03 6.226541e-04
1.785037e-01 6.325990e-04 5.973196e-04
1.787745e-01 1.456410e-03 6.148518e-04
1.790453e-01 2.057599e-03 6.185285e-04
1.793161e-01 1.083530e-03 5.988752e-04
1.795870e-01 1.355829e-03 6.183046e-04
1.798578e-01 1.575770e-03 5.998211e-04
1.801286e-01 1.041880e-03 6.176337e-04
1.803994e-01 1.641959e-03 5.989518e-04
1.806702e-01 2.330570e-03 6.094962e-04
1.809410e-01 1.336429e-03 6.162255e-04
1.812119e-01 1.355899e-03 6.033392e-04
1.814827e-01 1.639290e-03 5.912877e-04
1.817535e-01 -1.136959e-05 5.754591e-04
1.820243e-01 3.852136e-05 5.799540e-04
1.822951e-01 3.628507e-04 5.660445e-04
1.825659e-01 1.917830e-03 5.690266e-04
1.828367e-01 9.982102e-04 5.810774e-04
1.831076e-01 9.698812e-04 5.639365e-04
1.833784e-01 3.357045e-05 5.829320e-04
1.836492e-01 5.253498e-04 5.714479e-04
1.839200e-01 9.488594e-04 6.015376e-04
1.841908e-01 2.932698e-04 5.630842e-04
1.844616e-01 1.190871e-03 5.956957e-04
1.847324e-01 8.384492e-04 5.715895e-04
1.850033e-01 6.000996e-04 5.780947e-04
1.852741e-01 -3.770199e-04 5.815481e-04
1.855449e-01 4.106592e-04 5.697919e-04
1.858157e-01 8.952189e-04 5.805792e-04
1.860865e-01 1.344349e-03 5.693600e-04
1.863573e-01 3.185887e-04 5.754095e-04
1.866281e-01 1.545480e-03 5.919386e-04
1.868990e-01 1.019800e-03 5.791861e-04
1.871698e-01 -2.779067e-06 5.810876e-04
1.874406e-01 1.120990e-03 5.943505e-04
1.877114e-01 8.060504e-04 5.826079e-04
1.879822e-01 2.041940e-03 5.892218e-04
1.882530e-01 -3.406610e-04 5.664355e-04
1.885238e-01 1.031369e-03 5.840793e-04
1.887947e-01 9.280071e-05 5.889219e-04
1.890655e-01 9.595975e-05 5.640588e-04
1.893363e-01 7.744301e-04 5.995566e-04
1.896071e-01 -2.177302e-04 5.632602e-04
1.898779e-01 8.410960e-05 5.694195e-04
1.901487e-01 5.043112e-04 5.726168e-04
1.904195e-01 1.152921e-03 5.602799e-04
1.906904e-01 4.691072e-05 5.736271e-04
1.909612e-01 7.149484e-04 5.774424e-04
1.912320e-01 -3.859028e-05 5.660746e-04
1.915028e-01 2.561193e-04 5.629372e-04
1.917736e-01 4.813615e-04 5.745507e-04
1.920444e-01 5.664602e-04 5.638800e-04
1.923153e-01 2.934188e-04 5.607707e-04
1.925861e-01 4.443806e-04 5.738367e-04
1.928569e-01 1.149749e-03 5.793892e-04
1.931277e-01 2.626907e-04 5.550866e-04
1.933985e-01 4.628710e-04 5.690194e-04
1.936693e-01 -8.086711e-04 5.506653e-04
1.939401e-01 -4.415903e-04 5.574466e-04
1.942109e-01 8.988492e-04 5.651654e-04
1.944818e-01 -6.642938e-05 5.750679e-04
1.947526e-01 6.261598e-04 5.739087e-04
1.950234e-01 -1.641605e-04 5.692208e-04
1.952942e-01 -7.958803e-04 5.628370e-04
1.955650e-01 9.006504e-04 5.752679e-04
1.958358e-01 1.091991e-03 5.800794e-04
1.961066e-01 1.102250e-03 5.759184e-04
1.963775e-01 2.305023e-05 5.789260e-04
1.966483e-01 -8.690786e-04 5.586088e-04
1.969191e-01 2.323799e-04 5.647033e-04
1.971899e-01 1.365500e-03 5.752201e-04
1.974607e-01 -1.354311e-04 5.538309e-04
1.977315e-01 8.294210e-04 5.565382e-04
1.980023e-01 8.884799e-04 5.749797e-04
1.982732e-01 1.139550e-03 5.744067e-04
1.985440e-01 1.097800e-03 5.683734e-04
1.988148e-01 6.517302e-04 5.820070e-04
1.990856e-01 -7.124711e-04 5.570022e-04
1.993564e-01 -2.657901e-04 5.695364e-04
1.996272e-01 -3.691595e-04 5.639587e-04
1.998980e-01 1.011390e-03 5.792335e-04
2.001689e-01 9.110812e-04 5.591861e-04
2.004397e-01 9.906497e-04 5.673568e-04
2.007105e-01 8.143596e-04 5.628126e-04
2.009813e-01 -9.581093e-04 5.496113e-04
2.012521e-01 -7.244013e-05 5.587840e-04
2.015229e-01 1.320802e-04 5.744244e-04
2.017937e-01 1.011198e-03 5.793717e-04
2.020646e-01 1.024650e-03 5.730269e-04
2.023354e-01 -6.229207e-04 5.572179e-04
2.026062e-01 6.316807e-04 5.651571e-04
2.028770e-01 5.738791e-04 5.714095e-04
2.031478e-01 1.885891e-04 5.687534e-04
2.034186e-01 1.414349e-03 5.727416e-04
2.036894e-01 9.521209e-04 5.580454e-04
2.039603e-01 4.910994e-04 5.554791e-04
2.042311e-01 -5.366709e-04 5.491017e-04
2.045019e-01 9.666942e-05 5.448562e-04
2.047727e-01 2.637897e-04 5.582536e-04
2.050435e-01 1.045790e-03 5.634672e-04
2.053143e-01 1.644179e-03 5.661625e-04
2.055852e-01 -1.059771e-03 5.355340e-04
2.058560e-01 1.930160e-03 5.732657e-04
2.061268e-01 6.590802e-04 5.366209e-04
2.063976e-01 1.878221e-03 5.724873e-04
2.066684e-01 8.830987e-05 5.490506e-04
2.069392e-01 1.023581e-03 5.422300e-04
2.072100e-01 9.175185e-04 5.733536e-04
2.074808e-01 1.762398e-04 5.578767e-04
2.077517e-01 6.209798e-04 5.518954e-04
2.080225e-01 2.206191e-04 5.452948e-04
2.082933e-01 2.532396e-04 5.428255e-04
2.085641e-01 4.913509e-04 5.461825e-04
2.088349e-01 8.438304e-04 5.588348e-04
2.091057e-01 1.536019e-03 5.617271e-04
2.093765e-01 3.067907e-04 5.565528e-04
2.096474e-01 7.409602e-04 5.538867e-04
2.099182e-01 6.546397e-04 5.597512e-04
2.101890e-01 6.699003e-04 5.489842e-04
2.104598e-01 -2.635811e-04 5.397950e-04
2.107306e-01 1.156650e-03 5.506217e-04
2.110014e-01 9.869803e-04 5.621494e-04
2.112723e-01 2.138801e-04 5.426325e-04
2.115431e-01 7.932000e-04 5.595616e-04
2.118139e-01 4.097894e-04 5.563645e-04
2.120847e-01 1.126211e-03 5.519583e-04
2.123555e-01 1.015142e-05 5.469255e-04
2.126263e-01 2.593921e-03 5.583460e-04
2.128971e-01 1.677619e-03 5.573424e-04
2.131680e-01 5.282704e-04 5.618931e-04
2.134388e-01 4.879404e-04 5.376094e-04
2.137096e-01 1.709703e-04 5.519437e-04
2.139804e-01 -7.704385e-04 5.533199e-04
2.142512e-01 -4.760604e-04 5.439710e-04
2.145220e-01 3.698803e-04 5.570032e-04
2.147928e-01 1.262460e-03 5.549279e-04
2.150636e-01 -1.393985e-04 5.410691e-04
2.153345e-01 9.472799e-04 5.623867e-04
2.156053e-01 6.486103e-04 5.536949e-04
2.158761e-01 6.571971e-05 5.518532e-04
2.161469e-01 8.639116e-04 5.474596e-04
2.164177e-01 1.276130e-03 5.516651e-04
2.166885e-01 3.317297e-04 5.499731e-04
2.169593e-01 1.030281e-03 5.429751e-04
2.172302e-01 1.004729e-03 5.477080e-04
2.175010e-01 6.210804e-04 5.436553e-04
2.177718e-01 1.695899e-03 5.738659e-04
2.180426e-01 6.652288e-04 5.456278e-04
2.183134e-01 4.817601e-04 5.403807e-04
2.185842e-01 8.657183e-04 5.393890e-04
2.188551e-01 1.189210e-03 5.525504e-04
2.191259e-01 5.469900e-04 5.417088e-04
2.193967e-01 1.049779e-03 5.498290e-04
2.196675e-01 9.664707e-04 5.376536e-04
2.199383e-01 -2.905894e-04 5.546488e-04
2.202091e-01 1.163203e-04 5.419075e-04
2.204799e-01 1.866296e-04 5.397098e-04
2.207507e-01 6.385390e-04 5.282580e-04
2.210216e-01 -2.317391e-04 5.274674e-04
2.212924e-01 9.449515e-04 5.445872e-04
2.215632e-01 8.292012e-04 5.408336e-04
2.218340e-01 2.872888e-04 5.475363e-04
2.221048e-01 1.166170e-03 5.424581e-04
2.223756e-01 6.104689e-04 5.402886e-04
2.226464e-01 3.883298e-04 5.433171e-04
2.229173e-01 9.723008e-05 5.338255e-04
2.231881e-01 -2.643093e-05 5.293974e-04
2.234589e-01 1.118490e-03 5.353142e-04
2.237297e-01 -2.528802e-04 5.334108e-04
2.240005e-01 1.060121e-03 5.571440e-04
2.242713e-01 6.323699e-04 5.333824e-04
2.245422e-01 1.224140e-03 5.458696e-04
2.248130e-01 -6.891694e-04 5.165846e-04
2.250838e-01 -2.103597e-04 5.539080e-04
2.253546e-01 -3.055893e-04 5.303290e-04
2.256254e-01 9.437595e-04 5.392946e-04
2.258962e-01 5.064309e-04 5.281939e-04
2.261670e-01 -3.463998e-04 5.464967e-04
2.264379e-01 -2.428796e-04 5.676621e-04
2.267087e-01 1.232661e-03 5.894937e-04
2.269795e-01 -2.334695e-04 5.638342e-04
2.272503e-01 -3.946293e-04 5.875553e-04
2.275211e-01 -4.040785e-04 5.738662e-04
2.277919e-01 7.504616e-04 6.068068e-04
2.280627e-01 1.200410e-03 6.247584e-04
2.283335e-01 2.568401e-04 6.041438e-04
2.286044e-01 -4.982203e-04 5.961398e-04
2.288752e-01 -6.360505e-04 6.173033e-04
2.291460e-01 3.110003e-04 6.194103e-04
2.294168e-01 -6.901100e-05 6.329184e-04
2.296876e-01 4.579592e-04 6.478266e-04
2.299584e-01 4.021302e-04 6.587984e-04
2.302293e-01 6.333794e-04 6.459847e-04
2.305001e-01 6.797202e-04 6.639687e-04
2.307709e-01 2.585985e-04 6.752525e-04
2.310417e-01 1.138659e-03 6.807079e-04
2.313125e-01 1.057111e-03 6.939720e-04
2.315833e-01 -7.412955e-05 6.714384e-04
2.318541e-01 9.328108e-04 6.971102e-04
2.321250e-01 -2.439506e-04 6.984150e-04
2.323958e-01 8.887798e-04 7.133401e-04
2.326666e-01 -2.510995e-04 7.128976e-04
2.329374e-01 1.070920e-03 7.261473e-04
2.332082e-01 -1.085214e-04 7.137558e-04
2.334790e-01 1.204319e-03 7.257102e-04
2.337498e-01 5.863979e-05 7.214411e-04
2.340207e-01 -1.054280e-03 7.250584e-04
2.342915e-01 1.601910e-03 7.331860e-04
2.345623e-01 -8.188188e-04 7.453204e-04
2.348331e-01 -2.151895e-04 7.599911e-04
2.351039e-01 8.202512e-04 7.626902e-04
2.353747e-01 -3.713090e-04 7.411460e-04
2.356455e-01 9.475816e-04 7.711089e-04
2.359163e-01 8.142404e-04 7.986874e-04
2.361872e-01 1.141740e-03 8.108434e-04
2.364580e-01 -4.155301e-04 7.493246e-04
2.367288e-01 8.158013e-04 8.274181e-04
2.369996e-01 -2.951492e-04 7.956504e-04
2.372704e-01 -3.932212e-04 7.973816e-04
2.375412e-01 -2.069511e-04 8.058307e-04
2.378121e-01 -8.830987e-05 7.992120e-04
2.380829e-01 -5.025994e-04 8.050640e-04
2.383537e-01 -8.394010e-05 8.420789e-04
2.386245e-01 -7.729288e-04 8.394764e-04
2.388953e-01 1.068709e-03 8.886574e-04
2.391661e-01 -7.237103e-04 8.362786e-04
2.394369e-01 8.934923e-05 8.616041e-04
2.397078e-01 2.264969e-03 9.377188e-04
2.399786e-01 -6.920602e-04 9.018289e-04
2.402494e-01 1.489900e-03 9.443724e-04
2.405202e-01 1.099382e-03 9.092742e-04
2.407910e-01 1.135411e-03 9.504153e-04
2.410618e-01 3.623310e-04 9.353702e-04
2.413326e-01 -5.449802e-04 9.224587e-04
2.416034e-01 1.594059e-03 9.647049e-04
2.418743e-01 2.902914e-04 8.925575e-04
2.421451e-01 -1.073480e-03 9.488313e-04
2.424159e-01 -1.312889e-03 9.375626e-04
2.426867e-01 2.012679e-03 1.000879e-03
2.429575e-01 2.175000e-03 9.819843e-04
2.432283e-01 6.563589e-04 1.057130e-03
2.434992e-01 -7.189792e-04 9.733376e-04
2.437700e-01 3.721192e-04 1.051959e-03
2.440408e-01 9.517502e-04 1.077924e-03
2.443116e-01 4.087016e-05 1.045812e-03
2.445824e-01 1.225300e-03 1.140062e-03
2.448532e-01 5.007107e-04 1.102018e-03
2.451240e-01 5.173199e-04 1.181542e-03
2.453949e-01 -1.531690e-04 1.128166e-03
2.456657e-01 -1.856361e-03 1.135017e-03
2.459365e-01 -9.923987e-05 1.230375e-03
2.462073e-01 -9.811893e-04 1.140725e-03
2.464781e-01 -9.975024e-05 1.227478e-03
2.467489e-01 1.532970e-03 1.174567e-03
2.470197e-01 8.165203e-04 1.120177e-03
2.472906e-01 7.204302e-04 1.303399e-03
2.475614e-01 -1.211001e-03 1.251655e-03
2.478322e-01 -3.062971e-03 1.252748e-03
2.481030e-01 2.406891e-04 1.340026e-03
2.483738e-01 1.784395e-04 1.345540e-03
2.486446e-01 -8.708108e-04 1.316428e-03
2.489154e-01 2.959911e-04 1.378182e-03
2.491863e-01 -3.808010e-04 1.406609e-03
2.494571e-01 -7.600002e-04 1.420930e-03
2.497279e-01 4.469398e-04 1.612032e-03
2.499987e-01 3.104415e-04 1.406572e-03
2.502695e-01 2.361368e-03 1.593161e-03
2.505403e-01 8.822083e-04 1.650792e-03
2.508111e-01 -2.706591e-04 1.662281e-03
2.510819e-01 -5.736295e-04 1.637162e-03
2.513528e-01 -1.419391e-03 1.624211e-03
2.516236e-01 -1.065431e-03 1.674343e-03
2.518944e-01 6.337017e-04 1.879710e-03
2.521652e-01 1.615901e-04 1.997752e-03
2.524360e-01 2.148880e-03 1.900885e-03
2.527068e-01 2.445020e-03 1.853026e-03
2.529776e-01 2.424959e-03 1.938584e-03
2.532485e-01 1.154210e-03 1.882072e-03
2.535193e-01 9.681191e-04 2.133585e-03
2.537901e-01 2.636470e-03 2.248859e-03
2.540609e-01 -1.142090e-03 2.108914e-03
2.543317e-01 3.131310e-03 2.353066e-03
2.546025e-01 1.738310e-03 2.359994e-03
2.548733e-01 -4.681690e-03 2.157436e-03
2.551441e-01 2.295801e-03 2.774102e-03
2.554150e-01 2.211589e-03 2.626340e-03
2.556858e-01 -3.887491e-03 2.563861e-03
2.559566e-01 3.424179e-03 2.872810e-03
2.562274e-01 -7.706899e-04 3.206379e-03
2.564982e-01 3.111310e-03 3.239635e-03
2.567690e-01 -2.688620e-03 3.487983e-03
2.570398e-01 -2.895849e-03 4.182552e-03
2.573107e-01 1.898250e-03 3.327174e-03
2.575815e-01 9.541171e-03 6.759559e-03
2.578523e-01 7.008098e-03 1.012846e-02
2.581231e-01 1.231971e-02 7.600485e-03
