3.286826e-03 8.044767e-02 0.000000e+00
3.557641e-03 2.391453e-01 8.066103e-02
3.828455e-03 2.069030e-01 5.085367e-02
4.099269e-03 1.871910e-01 3.757655e-02
4.370084e-03 1.606119e-01 2.809362e-02
4.640898e-03 1.464798e-01 1.967577e-02
4.911712e-03 1.436119e-01 1.596638e-02
5.182527e-03 1.226850e-01 1.281132e-02
5.453341e-03 1.148260e-01 1.152536e-02
5.724155e-03 1.133490e-01 8.659917e-03
5.994970e-03 1.148660e-01 7.720755e-03
6.265784e-03 1.100314e-01 6.803156e-03
6.536598e-03 9.471798e-02 5.416823e-03
6.807412e-03 9.593391e-02 4.989996e-03
7.078227e-03 1.017444e-01 4.397684e-03
7.349041e-03 1.001621e-01 3.750123e-03
7.619855e-03 9.426689e-02 3.448474e-03
7.890671e-03 9.800512e-02 3.065825e-03
8.161485e-03 9.013340e-02 2.910865e-03
8.432299e-03 9.340638e-02 2.615377e-03
8.703114e-03 9.115511e-02 2.386930e-03
8.973928e-03 8.751911e-02 2.152135e-03
9.244742e-03 9.042558e-02 2.055083e-03
9.515557e-03 8.984651e-02 1.942385e-03
9.786371e-03 8.441341e-02 1.829951e-03
1.005718e-02 8.898808e-02 1.716232e-03
1.032800e-02 8.480419e-02 1.603245e-03
1.059881e-02 8.574040e-02 1.532994e-03
1.086963e-02 8.525470e-02 1.456899e-03
1.114044e-02 8.286540e-02 1.390325e-03
1.141126e-02 8.194380e-02 1.365844e-03
1.168207e-02 8.409220e-02 1.256827e-03
1.195289e-02 7.699920e-02 1.203429e-03
1.222370e-02 7.837771e-02 1.163261e-03
1.249451e-02 7.714050e-02 1.117792e-03
1.276533e-02 7.594471e-02 1.094049e-03
1.303614e-02 7.645100e-02 1.028531e-03
1.330696e-02 7.544123e-02 9.954747e-04
1.357777e-02 7.494903e-02 9.722231e-04
1.384859e-02 7.563362e-02 9.516540e-04
1.411940e-02 7.620867e-02 9.014170e-04
1.439021e-02 7.334206e-02 8.644532e-04
1.466103e-02 7.218049e-02 8.528575e-04
1.493184e-02 7.377667e-02 8.388459e-04
1.520266e-02 7.154313e-02 8.072714e-04
1.547347e-02 6.995849e-02 7.900661e-04
1.574429e-02 6.998910e-02 7.788100e-04
1.601510e-02 6.880179e-02 7.590750e-04
1.628591e-02 6.895879e-02 7.558863e-04
1.655673e-02 6.757822e-02 7.308841e-04
1.682754e-02 6.714544e-02 7.219611e-04
1.709836e-02 6.555919e-02 6.961299e-04
1.736917e-02 6.620568e-02 6.918076e-04
1.763999e-02 6.578495e-02 6.785788e-04
1.791080e-02 6.465583e-02 6.614368e-04
1.818161e-02 6.486921e-02 6.637942e-04
1.845243e-02 6.507882e-02 6.626288e-04
1.872324e-02 6.308463e-02 6.617395e-04
1.899406e-02 6.367835e-02 6.523431e-04
1.926487e-02 6.270678e-02 6.452806e-04
1.953569e-02 6.228763e-02 6.470204e-04
1.980650e-02 6.164776e-02 6.399029e-04
2.007731e-02 6.040859e-02 6.204110e-04
2.034813e-02 6.058850e-02 6.233805e-04
2.061894e-02 5.931725e-02 6.201695e-04
2.088976e-02 5.986261e-02 6.155706e-04
2.116057e-02 5.989165e-02 6.014996e-04
2.143139e-02 5.906912e-02 6.045751e-04
2.170220e-02 5.749954e-02 5.969180e-04
2.197302e-02 5.726050e-02 5.894672e-04
2.224383e-02 5.756589e-02 5.771517e-04
2.251465e-02 5.663868e-02 5.677667e-04
2.278546e-02 5.576100e-02 5.573966e-04
2.305627e-02 5.578412e-02 5.629037e-04
2.332709e-02 5.547692e-02 5.464764e-04
2.359790e-02 5.417142e-02 5.302707e-04
2.386872e-02 5.359444e-02 5.395759e-04
2.413953e-02 5.458198e-02 5.148294e-04
2.441034e-02 5.362736e-02 5.107175e-04
2.468116e-02 5.421520e-02 5.135189e-04
2.495197e-02 5.333368e-02 5.040920e-04
2.522279e-02 5.266988e-02 5.042589e-04
2.549360e-02 5.205189e-02 4.929225e-04
2.576442e-02 5.086252e-02 4.814378e-04
2.603523e-02 5.165572e-02 4.891934e-04
2.630604e-02 5.029388e-02 4.770391e-04
2.657686e-02 4.973910e-02 4.769445e-04
2.684767e-02 4.957628e-02 4.654699e-04
2.711849e-02 4.880207e-02 4.672970e-04
2.738930e-02 4.864439e-02 4.638509e-04
2.766012e-02 4.927316e-02 4.554631e-04
2.793093e-02 4.792453e-02 4.533733e-04
2.820175e-02 4.791476e-02 4.427454e-04
2.847256e-02 4.787994e-02 4.378092e-04
2.874337e-02 4.716790e-02 4.344390e-04
2.901419e-02 4.671213e-02 4.246820e-04
2.928500e-02 4.602684e-02 4.243075e-04
2.955582e-02 4.577602e-02 4.207579e-04
2.982663e-02 4.538582e-02 4.152834e-04
3.009745e-02 4.565708e-02 4.210276e-04
3.036826e-02 4.447550e-02 4.091243e-04
3.063907e-02 4.349417e-02 4.069108e-04
3.090989e-02 4.344143e-02 4.067752e-04
3.118070e-02 4.305051e-02 4.050815e-04
3.145152e-02 4.259609e-02 3.966333e-04
3.172233e-02 4.271325e-02 3.976294e-04
3.199315e-02 4.208555e-02 3.930990e-04
3.226396e-02 4.210639e-02 3.929471e-04
3.253478e-02 4.188423e-02 3.889675e-04
3.280559e-02 4.226755e-02 3.880148e-04
3.307641e-02 4.061410e-02 3.854400e-04
3.334722e-02 4.064823e-02 3.827284e-04
3.361803e-02 4.059746e-02 3.807948e-04
3.388885e-02 4.020021e-02 3.737962e-04
3.415966e-02 4.073246e-02 3.800428e-04
3.443048e-02 3.943409e-02 3.728149e-04
3.470129e-02 3.949349e-02 3.673076e-04
3.497211e-02 3.861565e-02 3.687164e-04
3.524292e-02 3.828087e-02 3.627244e-04
3.551374e-02 3.807356e-02 3.647890e-04
3.578455e-02 3.773574e-02 3.629194e-04
3.605536e-02 3.699851e-02 3.545368e-04
3.632618e-02 3.755213e-02 3.543086e-04
3.659699e-02 3.715601e-02 3.512460e-04
3.686780e-02 3.726065e-02 3.541362e-04
3.713862e-02 3.653597e-02 3.481473e-04
3.740944e-02 3.640169e-02 3.452238e-04
3.768025e-02 3.647863e-02 3.433849e-04
3.795106e-02 3.544914e-02 3.408066e-04
3.822188e-02 3.534522e-02 3.408582e-04
3.849269e-02 3.551255e-02 3.368692e-04
3.876351e-02 3.494403e-02 3.364491e-04
3.903432e-02 3.430923e-02 3.344713e-04
3.930514e-02 3.447648e-02 3.322236e-04
3.957595e-02 3.458721e-02 3.293821e-04
3.984676e-02 3.460232e-02 3.308729e-04
4.011758e-02 3.383431e-02 3.278631e-04
4.038839e-02 3.303982e-02 3.241288e-04
4.065921e-02 3.325963e-02 3.224717e-04
4.093002e-02 3.266789e-02 3.238065e-04
4.120084e-02 3.245118e-02 3.211767e-04
4.147165e-02 3.285397e-02 3.180097e-04
4.174246e-02 3.233794e-02 3.172629e-04
4.201328e-02 3.187919e-02 3.156066e-04
4.228409e-02 3.114817e-02 3.140914e-04
4.255491e-02 3.159266e-02 3.113552e-04
4.282572e-02 3.156368e-02 3.126012e-04
4.309653e-02 3.087572e-02 3.107028e-04
4.336735e-02 3.070804e-02 3.052928e-04
4.363817e-02 3.049186e-02 3.078763e-04
4.390898e-02 3.012735e-02 3.072115e-04
4.417979e-02 3.013536e-02 3.039965e-04
4.445061e-02 2.998098e-02 3.024778e-04
4.472142e-02 2.952096e-02 3.000025e-04
4.499224e-02 2.947404e-02 3.018764e-04
4.526305e-02 2.920956e-02 3.001182e-04
4.553387e-02 2.855152e-02 2.964694e-04
4.580468e-02 2.906809e-02 2.934558e-04
4.607549e-02 2.831893e-02 2.960879e-04
4.634631e-02 2.848717e-02 2.931356e-04
4.661712e-02 2.804263e-02 2.925328e-04
4.688794e-02 2.844651e-02 2.877608e-04
4.715875e-02 2.782958e-02 2.879516e-04
4.742957e-02 2.750732e-02 2.882313e-04
4.770038e-02 2.790319e-02 2.835154e-04
4.797119e-02 2.781828e-02 2.847300e-04
4.824201e-02 2.678885e-02 2.829367e-04
4.851282e-02 2.653260e-02 2.836820e-04
4.878364e-02 2.647670e-02 2.781285e-04
4.905445e-02 2.701152e-02 2.774896e-04
4.932526e-02 2.632506e-02 2.788359e-04
4.959608e-02 2.594982e-02 2.765055e-04
4.986690e-02 2.629687e-02 2.778096e-04
5.013771e-02 2.592191e-02 2.748907e-04
5.040852e-02 2.575508e-02 2.734177e-04
5.067934e-02 2.589767e-02 2.739514e-04
5.095015e-02 2.577577e-02 2.696260e-04
5.122096e-02 2.552055e-02 2.729360e-04
5.149178e-02 2.548676e-02 2.705021e-04
5.176260e-02 2.511379e-02 2.676966e-04
5.203341e-02 2.492199e-02 2.680464e-04
5.230422e-02 2.484191e-02 2.656193e-04
5.257504e-02 2.457230e-02 2.653837e-04
5.284585e-02 2.406461e-02 2.632241e-04
5.311667e-02 2.391405e-02 2.637637e-04
5.338748e-02 2.393495e-02 2.686398e-04
5.365830e-02 2.406602e-02 2.662543e-04
5.392911e-02 2.332875e-02 2.671439e-04
5.419992e-02 2.388220e-02 2.679470e-04
5.447074e-02 2.377513e-02 2.665413e-04
5.474155e-02 2.358789e-02 2.713981e-04
5.501237e-02 2.345487e-02 2.737749e-04
5.528318e-02 2.290472e-02 2.762690e-04
5.555400e-02 2.313528e-02 2.783553e-04
5.582481e-02 2.320594e-02 2.779802e-04
5.609563e-02 2.314780e-02 2.821974e-04
5.636644e-02 2.219282e-02 2.800637e-04
5.663725e-02 2.235364e-02 2.842290e-04
5.690807e-02 2.231376e-02 2.833461e-04
5.717888e-02 2.247959e-02 2.799389e-04
5.744969e-02 2.189984e-02 2.833714e-04
5.772051e-02 2.168205e-02 2.823210e-04
5.799133e-02 2.111957e-02 2.817882e-04
5.826214e-02 2.118093e-02 2.849057e-04
5.853295e-02 2.155005e-02 2.849303e-04
5.880377e-02 2.132298e-02 2.829833e-04
5.907458e-02 2.104157e-02 2.816218e-04
5.934540e-02 2.061815e-02 2.841463e-04
5.961621e-02 2.087983e-02 2.835228e-04
5.988703e-02 2.041113e-02 2.824106e-04
6.015784e-02 2.035042e-02 2.840136e-04
6.042865e-02 2.050189e-02 2.824086e-04
6.069947e-02 2.036500e-02 2.782341e-04
6.097028e-02 2.003367e-02 2.783630e-04
6.124110e-02 1.984053e-02 2.734774e-04
6.151191e-02 2.042292e-02 2.723742e-04
6.178273e-02 1.997865e-02 2.742018e-04
6.205354e-02 1.989748e-02 2.707082e-04
6.232436e-02 1.952595e-02 2.720121e-04
6.259517e-02 1.954988e-02 2.659888e-04
6.286598e-02 1.950044e-02 2.684958e-04
6.313679e-02 1.939808e-02 2.687666e-04
6.340761e-02 1.974954e-02 2.665479e-04
6.367842e-02 1.918195e-02 2.647139e-04
6.394923e-02 1.907530e-02 2.629147e-04
6.422005e-02 1.885449e-02 2.665894e-04
6.449086e-02 1.906898e-02 2.666459e-04
6.476168e-02 1.885726e-02 2.633453e-04
6.503250e-02 1.889333e-02 2.659363e-04
6.530331e-02 1.847217e-02 2.622192e-04
6.557412e-02 1.848875e-02 2.618132e-04
6.584494e-02 1.807046e-02 2.621964e-04
6.611575e-02 1.848094e-02 2.606572e-04
6.638657e-02 1.773228e-02 2.619002e-04
6.665738e-02 1.769739e-02 2.601535e-04
6.692819e-02 1.772823e-02 2.608664e-04
6.719901e-02 1.784511e-02 2.570066e-04
6.746982e-02 1.762182e-02 2.572274e-04
6.774063e-02 1.738063e-02 2.596891e-04
6.801146e-02 1.698540e-02 2.565744e-04
6.828227e-02 1.737412e-02 2.554929e-04
6.855308e-02 1.762665e-02 2.575394e-04
6.882390e-02 1.722942e-02 2.558181e-04
6.909471e-02 1.693566e-02 2.541416e-04
6.936552e-02 1.685999e-02 2.514908e-04
6.963634e-02 1.683078e-02 2.547050e-04
6.990715e-02 1.687029e-02 2.529206e-04
7.017796e-02 1.685371e-02 2.500009e-04
7.044878e-02 1.687674e-02 2.529308e-04
7.071959e-02 1.601792e-02 2.490618e-04
7.099041e-02 1.651040e-02 2.518344e-04
7.126123e-02 1.615224e-02 2.488729e-04
7.153204e-02 1.666940e-02 2.471966e-04
7.180285e-02 1.625519e-02 2.504068e-04
7.207367e-02 1.578035e-02 2.482352e-04
7.234448e-02 1.625513e-02 2.498996e-04
7.261530e-02 1.603895e-02 2.480333e-04
7.288611e-02 1.596290e-02 2.453146e-04
7.315692e-02 1.606289e-02 2.445657e-04
7.342774e-02 1.551258e-02 2.479071e-04
7.369855e-02 1.555612e-02 2.454617e-04
7.396936e-02 1.540813e-02 2.444318e-04
7.424019e-02 1.534822e-02 2.442356e-04
7.451100e-02 1.567745e-02 2.434963e-04
7.478181e-02 1.482181e-02 2.427853e-04
7.505263e-02 1.518962e-02 2.399704e-04
7.532344e-02 1.565646e-02 2.443150e-04
7.559425e-02 1.488943e-02 2.412516e-04
7.586507e-02 1.479572e-02 2.423426e-04
7.613588e-02 1.507219e-02 2.418560e-04
7.640669e-02 1.466975e-02 2.394595e-04
7.667751e-02 1.441946e-02 2.407326e-04
7.694832e-02 1.558297e-02 2.392414e-04
7.721914e-02 1.436886e-02 2.397394e-04
7.748996e-02 1.508412e-02 2.408864e-04
7.776077e-02 1.467088e-02 2.367667e-04
7.803158e-02 1.437665e-02 2.409422e-04
7.830240e-02 1.440946e-02 2.372891e-04
7.857321e-02 1.427706e-02 2.375550e-04
7.884403e-02 1.399876e-02 2.380285e-04
7.911484e-02 1.394786e-02 2.361926e-04
7.938565e-02 1.423600e-02 2.363362e-04
7.965647e-02 1.402569e-02 2.345615e-04
7.992728e-02 1.383743e-02 2.358852e-04
8.019809e-02 1.378055e-02 2.330010e-04
8.046892e-02 1.354030e-02 2.323179e-04
8.073973e-02 1.381565e-02 2.347569e-04
8.101054e-02 1.378732e-02 2.322875e-04
8.128136e-02 1.353288e-02 2.328016e-04
8.155217e-02 1.332092e-02 2.331944e-04
8.182298e-02 1.290118e-02 2.319588e-04
8.209380e-02 1.338782e-02 2.295858e-04
8.236461e-02 1.373387e-02 2.313989e-04
8.263543e-02 1.341680e-02 2.294051e-04
8.290624e-02 1.268445e-02 2.309662e-04
8.317705e-02 1.303117e-02 2.273788e-04
8.344787e-02 1.327319e-02 2.310376e-04
8.371869e-02 1.288605e-02 2.301728e-04
8.398950e-02 1.314269e-02 2.272725e-04
8.426031e-02 1.274339e-02 2.278592e-04
8.453113e-02 1.225549e-02 2.261892e-04
8.480194e-02 1.238902e-02 2.280631e-04
8.507276e-02 1.271641e-02 2.272625e-04
8.534357e-02 1.216356e-02 2.262790e-04
8.561438e-02 1.225966e-02 2.232640e-04
8.588520e-02 1.227945e-02 2.226370e-04
8.615601e-02 1.257457e-02 2.251985e-04
8.642682e-02 1.296547e-02 2.240244e-04
8.669765e-02 1.170201e-02 2.234930e-04
8.696846e-02 1.179703e-02 2.235383e-04
8.723927e-02 1.192472e-02 2.219935e-04
8.751009e-02 1.219913e-02 2.217800e-04
8.778090e-02 1.157437e-02 2.209362e-04
8.805171e-02 1.143164e-02 2.220001e-04
8.832253e-02 1.220280e-02 2.207920e-04
8.859334e-02 1.172914e-02 2.221428e-04
8.886416e-02 1.164985e-02 2.192319e-04
8.913497e-02 1.131872e-02 2.199845e-04
8.940578e-02 1.103855e-02 2.199243e-04
8.967660e-02 1.167508e-02 2.182705e-04
8.994742e-02 1.117438e-02 2.216169e-04
9.021823e-02 1.108596e-02 2.189774e-04
9.048904e-02 1.139161e-02 2.181719e-04
9.075986e-02 1.126549e-02 2.181398e-04
9.103067e-02 1.116866e-02 2.180608e-04
9.130149e-02 1.103348e-02 2.189715e-04
9.157230e-02 1.086727e-02 2.165661e-04
9.184311e-02 1.096995e-02 2.182808e-04
9.211393e-02 1.073842e-02 2.153344e-04
9.238474e-02 1.103481e-02 2.178862e-04
9.265555e-02 1.100292e-02 2.180415e-04
9.292637e-02 1.066627e-02 2.142567e-04
9.319719e-02 1.071143e-02 2.157069e-04
9.346800e-02 1.063467e-02 2.150117e-04
9.373882e-02 1.110964e-02 2.153744e-04
9.400963e-02 1.032382e-02 2.135246e-04
9.428044e-02 1.044283e-02 2.153576e-04
9.455126e-02 1.046373e-02 2.136711e-04
9.482207e-02 1.043645e-02 2.120218e-04
9.509289e-02 1.001632e-02 2.151006e-04
9.536370e-02 1.042148e-02 2.146871e-04
9.563451e-02 1.012429e-02 2.120785e-04
9.590533e-02 9.977138e-03 2.139288e-04
9.617615e-02 1.034726e-02 2.096883e-04
9.644696e-02 9.801548e-03 2.121521e-04
9.671777e-02 1.005330e-02 2.109702e-04
9.698859e-02 1.035729e-02 2.086005e-04
9.725940e-02 9.649552e-03 2.098247e-04
9.753022e-02 9.977920e-03 2.093167e-04
9.780103e-02 9.985780e-03 2.110497e-04
9.807184e-02 9.897288e-03 2.090783e-04
9.834266e-02 9.974468e-03 2.098840e-04
9.861347e-02 9.653790e-03 2.097999e-04
9.888428e-02 1.005791e-02 2.067171e-04
9.915510e-02 9.438839e-03 2.080750e-04
9.942592e-02 9.363921e-03 2.066830e-04
9.969673e-02 9.645518e-03 2.083525e-04
9.996755e-02 9.521130e-03 2.072170e-04
1.002384e-01 9.350520e-03 2.081350e-04
1.005092e-01 9.410461e-03 2.075869e-04
1.007800e-01 9.535860e-03 2.078568e-04
1.010508e-01 9.046260e-03 2.077809e-04
1.013216e-01 9.337481e-03 2.057139e-04
1.015924e-01 9.343669e-03 2.044692e-04
1.018632e-01 8.775968e-03 2.061589e-04
1.021341e-01 9.429879e-03 2.053081e-04
1.024049e-01 8.992640e-03 2.063337e-04
1.026757e-01 9.144180e-03 2.041606e-04
1.029465e-01 8.400550e-03 2.041181e-04
1.032173e-01 8.784879e-03 2.043799e-04
1.034881e-01 8.780388e-03 2.029355e-04
1.037589e-01 9.315871e-03 2.026512e-04
1.040298e-01 8.475199e-03 2.025490e-04
1.043006e-01 8.805390e-03 2.029383e-04
1.045714e-01 8.675739e-03 2.015361e-04
1.048422e-01 8.879479e-03 2.030048e-04
1.051130e-01 8.364709e-03 2.006131e-04
1.053838e-01 8.574199e-03 2.010207e-04
1.056546e-01 8.521060e-03 2.019288e-04
1.059255e-01 8.739239e-03 2.008240e-04
1.061963e-01 8.308889e-03 1.997087e-04
1.064671e-01 8.317029e-03 2.011768e-04
1.067379e-01 8.222250e-03 1.988253e-04
1.070087e-01 8.230470e-03 2.005706e-04
1.072795e-01 8.404318e-03 1.989926e-04
1.075503e-01 8.165719e-03 1.998655e-04
1.078212e-01 7.972278e-03 1.992846e-04
1.080920e-01 8.511752e-03 1.976993e-04
1.083628e-01 7.900529e-03 1.981213e-04
1.086336e-01 8.181570e-03 1.971655e-04
1.089044e-01 8.327201e-03 1.977346e-04
1.091752e-01 7.839300e-03 1.980394e-04
1.094460e-01 8.190380e-03 1.973308e-04
1.097169e-01 7.907789e-03 1.975835e-04
1.099877e-01 7.796191e-03 1.960386e-04
1.102585e-01 7.478692e-03 1.980013e-04
1.105293e-01 7.830501e-03 2.003526e-04
1.108001e-01 7.847780e-03 2.001140e-04
1.110709e-01 7.673450e-03 2.031218e-04
1.113417e-01 8.000890e-03 2.013186e-04
1.116126e-01 7.865312e-03 2.044692e-04
1.118834e-01 8.017588e-03 2.041386e-04
1.121542e-01 7.242590e-03 2.058542e-04
1.124250e-01 7.302269e-03 2.089910e-04
1.126958e-01 7.511349e-03 2.077471e-04
1.129666e-01 7.108461e-03 2.083590e-04
1.132374e-01 7.128041e-03 2.111562e-04
1.135083e-01 7.216992e-03 2.147644e-04
1.137791e-01 7.365720e-03 2.148381e-04
1.140499e-01 7.248659e-03 2.149250e-04
1.143207e-01 7.704118e-03 2.175916e-04
1.145915e-01 7.274490e-03 2.176555e-04
1.148623e-01 7.348731e-03 2.198369e-04
1.151332e-01 7.121611e-03 2.194057e-04
1.154040e-01 6.959110e-03 2.213168e-04
1.156748e-01 7.326558e-03 2.219814e-04
1.159456e-01 6.942870e-03 2.242157e-04
1.162164e-01 7.350741e-03 2.251358e-04
1.164872e-01 7.210720e-03 2.238504e-04
1.167580e-01 7.056031e-03 2.280269e-04
1.170288e-01 6.853849e-03 2.278667e-04
1.172997e-01 6.892359e-03 2.284889e-04
1.175705e-01 6.973282e-03 2.306698e-04
1.178413e-01 7.007539e-03 2.293439e-04
1.181121e-01 7.260850e-03 2.275767e-04
1.183829e-01 6.670572e-03 2.235588e-04
1.186537e-01 6.708691e-03 2.249338e-04
1.189246e-01 6.183229e-03 2.220221e-04
1.191954e-01 6.568260e-03 2.215308e-04
1.194662e-01 6.518461e-03 2.222188e-04
1.197370e-01 6.589541e-03 2.211730e-04
1.200078e-01 6.293990e-03 2.211033e-04
1.202786e-01 6.517150e-03 2.193031e-04
1.205494e-01 6.463531e-03 2.195585e-04
1.208202e-01 6.662901e-03 2.221575e-04
1.210911e-01 6.802550e-03 2.200169e-04
1.213619e-01 6.759021e-03 2.197184e-04
1.216327e-01 6.373111e-03 2.198042e-04
1.219035e-01 6.317493e-03 2.195649e-04
1.221743e-01 6.164901e-03 2.196862e-04
1.224451e-01 6.161720e-03 2.200834e-04
1.227160e-01 6.134568e-03 2.207999e-04
1.229868e-01 6.286770e-03 2.196997e-04
1.232576e-01 6.143602e-03 2.197167e-04
1.235284e-01 6.017439e-03 2.193426e-04
1.237992e-01 6.276511e-03 2.193671e-04
1.240700e-01 6.420128e-03 2.197078e-04
1.243408e-01 6.032659e-03 2.179404e-04
1.246117e-01 5.693140e-03 2.169027e-04
1.248825e-01 6.233709e-03 2.188495e-04
1.251533e-01 5.767692e-03 2.186547e-04
1.254241e-01 5.817439e-03 2.194265e-04
1.256949e-01 5.970208e-03 2.164585e-04
1.259657e-01 5.927199e-03 2.155257e-04
1.262365e-01 5.735081e-03 2.151588e-04
1.265074e-01 5.692190e-03 2.151344e-04
1.267782e-01 5.934082e-03 2.166176e-04
1.270490e-01 5.779879e-03 2.148953e-04
1.273198e-01 6.150791e-03 2.170937e-04
1.275906e-01 5.949900e-03 2.130350e-04
1.278614e-01 5.871892e-03 2.143193e-04
1.281322e-01 5.629068e-03 2.125592e-04
1.284031e-01 5.709091e-03 2.130708e-04
1.286739e-01 5.376032e-03 2.138997e-04
1.289447e-01 5.219381e-03 2.118267e-04
1.292155e-01 5.368790e-03 2.136474e-04
1.294863e-01 5.765570e-03 2.122561e-04
1.297571e-01 5.119728e-03 2.129909e-04
1.300279e-01 5.845420e-03 2.106828e-04
1.302988e-01 5.324859e-03 2.117095e-04
1.305696e-01 5.503330e-03 2.114350e-04
1.308404e-01 5.410060e-03 2.098306e-04
1.311112e-01 5.560080e-03 2.119499e-04
1.313820e-01 5.313629e-03 2.091026e-04
1.316528e-01 5.223362e-03 2.122145e-04
1.319236e-01 5.120760e-03 2.105490e-04
1.321945e-01 5.057979e-03 2.095009e-04
1.324653e-01 5.196402e-03 2.104213e-04
1.327361e-01 5.284311e-03 2.098185e-04
1.330069e-01 5.054550e-03 2.105818e-04
1.332777e-01 5.037259e-03 2.094085e-04
1.335485e-01 5.506352e-03 2.071676e-04
1.338193e-01 5.543858e-03 2.096784e-04
1.340902e-01 4.901610e-03 2.068394e-04
1.343610e-01 5.390899e-03 2.097436e-04
1.346318e-01 4.789051e-03 2.085135e-04
1.349026e-01 5.070537e-03 2.069891e-04
1.351734e-01 4.821051e-03 2.112984e-04
1.354442e-01 5.023018e-03 2.072036e-04
1.357151e-01 5.084550e-03 2.103365e-04
1.359859e-01 4.925031e-03 2.079465e-04
1.362567e-01 4.556779e-03 2.067376e-04
1.365275e-01 5.291471e-03 2.072700e-04
1.367983e-01 4.962059e-03 2.047323e-04
1.370691e-01 4.950400e-03 2.079678e-04
1.373399e-01 4.794288e-03 2.123626e-04
1.376107e-01 4.814418e-03 2.111995e-04
1.378816e-01 4.641932e-03 2.157543e-04
1.381524e-01 4.848650e-03 2.138502e-04
1.384232e-01 4.886789e-03 2.169085e-04
1.386940e-01 4.766980e-03 2.158673e-04
1.389648e-01 4.554320e-03 2.195378e-04
1.392356e-01 4.719218e-03 2.201055e-04
1.395064e-01 4.860079e-03 2.194699e-04
1.397773e-01 4.773742e-03 2.221280e-04
1.400481e-01 4.970362e-03 2.218194e-04
1.403189e-01 4.534122e-03 2.241606e-04
1.405897e-01 4.288919e-03 2.237077e-04
1.408605e-01 4.496671e-03 2.239898e-04
1.411313e-01 4.367819e-03 2.266166e-04
1.414021e-01 4.619349e-03 2.232756e-04
1.416730e-01 4.366722e-03 2.294131e-04
1.419438e-01 4.070111e-03 2.275185e-04
1.422146e-01 4.357280e-03 2.257065e-04
1.424854e-01 4.043251e-03 2.275773e-04
1.427562e-01 4.669009e-03 2.271675e-04
1.430270e-01 4.178200e-03 2.263990e-04
1.432979e-01 4.316680e-03 2.258877e-04
1.435687e-01 4.352629e-03 2.298396e-04
1.438395e-01 4.113019e-03 2.309699e-04
1.441103e-01 4.063351e-03 2.332863e-04
1.443811e-01 4.037932e-03 2.322047e-04
1.446519e-01 4.030908e-03 2.299412e-04
1.449227e-01 4.195999e-03 2.321922e-04
1.451935e-01 4.167361e-03 2.315389e-04
1.454644e-01 4.348380e-03 2.333747e-04
1.457352e-01 4.447378e-03 2.349531e-04
1.460060e-01 3.917761e-03 2.318200e-04
1.462768e-01 4.380370e-03 2.371741e-04
1.465476e-01 4.701639e-03 2.342071e-04
1.468184e-01 3.856320e-03 2.371452e-04
1.470892e-01 3.961159e-03 2.362098e-04
1.473601e-01 4.020661e-03 2.350904e-04
1.476309e-01 4.342241e-03 2.376995e-04
1.479017e-01 3.810890e-03 2.352431e-04
1.481725e-01 4.159579e-03 2.376685e-04
1.484433e-01 3.576461e-03 2.335691e-04
1.487141e-01 4.204050e-03 2.369421e-04
1.489850e-01 3.709128e-03 2.349932e-04
1.492558e-01 3.921602e-03 2.351323e-04
1.495266e-01 4.061669e-03 2.351369e-04
1.497974e-01 3.973510e-03 2.325688e-04
1.500682e-01 3.928469e-03 2.369229e-04
1.503390e-01 3.854129e-03 2.356752e-04
1.506098e-01 3.313990e-03 2.360976e-04
1.508806e-01 3.730090e-03 2.329144e-04
1.511515e-01 3.877761e-03 2.332298e-04
1.514223e-01 3.944049e-03 2.362436e-04
1.516931e-01 3.089851e-03 2.348318e-04
1.519639e-01 3.418189e-03 2.339364e-04
1.522347e-01 4.044892e-03 2.358586e-04
1.525055e-01 3.532019e-03 2.335911e-04
1.527763e-01 3.900809e-03 2.377246e-04
1.530472e-01 3.617652e-03 2.337660e-04
1.533180e-01 3.752809e-03 2.345733e-04
1.535888e-01 4.115721e-03 2.337447e-04
1.538596e-01 3.443740e-03 2.359878e-04
1.541304e-01 3.549879e-03 2.369306e-04
1.544012e-01 3.294682e-03 2.343739e-04
1.546721e-01 3.490010e-03 2.356042e-04
1.549429e-01 2.766751e-03 2.384479e-04
1.552137e-01 3.337169e-03 2.360853e-04
1.554845e-01 3.515959e-03 2.354924e-04
1.557553e-01 2.930859e-03 2.355295e-04
1.560261e-01 3.826700e-03 2.377720e-04
1.562969e-01 3.195010e-03 2.341784e-04
1.565678e-01 4.120322e-03 2.336515e-04
1.568386e-01 3.364619e-03 2.355694e-04
1.571094e-01 3.506180e-03 2.363641e-04
1.573802e-01 3.574790e-03 2.345402e-04
1.576510e-01 3.134260e-03 2.341228e-04
1.579218e-01 3.398580e-03 2.359405e-04
1.581926e-01 3.314478e-03 2.361219e-04
1.584634e-01 3.616350e-03 2.342347e-04
1.587343e-01 3.295001e-03 2.353718e-04
1.590051e-01 2.719451e-03 2.344589e-04
1.592759e-01 3.438940e-03 2.334342e-04
1.595467e-01 3.735950e-03 2.343153e-04
1.598175e-01 3.146231e-03 2.328875e-04
1.600883e-01 2.907181e-03 2.310518e-04
1.603591e-01 3.273251e-03 2.342356e-04
1.606300e-01 2.976680e-03 2.337427e-04
1.609008e-01 3.641160e-03 2.312006e-04
1.611716e-01 3.033590e-03 2.324425e-04
1.614424e-01 2.963681e-03 2.311955e-04
1.617132e-01 3.455780e-03 2.316567e-04
1.619840e-01 3.607729e-03 2.316626e-04
1.622549e-01 3.149170e-03 2.340394e-04
1.625257e-01 3.096281e-03 2.310108e-04
1.627965e-01 2.736060e-03 2.317288e-04
1.630673e-01 3.294609e-03 2.328695e-04
1.633381e-01 3.037149e-03 2.310038e-04
1.636089e-01 2.778411e-03 2.316865e-04
1.638797e-01 3.080590e-03 2.345062e-04
1.641506e-01 3.219001e-03 2.322590e-04
1.644214e-01 2.950441e-03 2.305954e-04
1.646922e-01 2.843220e-03 2.327992e-04
1.649630e-01 2.798270e-03 2.311636e-04
1.652338e-01 2.910350e-03 2.348741e-04
1.655046e-01 2.884140e-03 2.311826e-04
1.657754e-01 2.890199e-03 2.306407e-04
1.660462e-01 3.010731e-03 2.353713e-04
1.663171e-01 2.513081e-03 2.328554e-04
1.665879e-01 2.692210e-03 2.322816e-04
1.668587e-01 2.750210e-03 2.331551e-04
1.671295e-01 2.594480e-03 2.337091e-04
1.674003e-01 3.320100e-03 2.336800e-04
1.676711e-01 2.894999e-03 2.397947e-04
1.679420e-01 2.752831e-03 2.446937e-04
1.682128e-01 2.996959e-03 2.450592e-04
1.684836e-01 2.503309e-03 2.505337e-04
1.687544e-01 2.541160e-03 2.497365e-04
1.690252e-01 3.028389e-03 2.552003e-04
1.692960e-01 2.905279e-03 2.516688e-04
1.695668e-01 2.584750e-03 2.586063e-04
1.698377e-01 2.954710e-03 2.581723e-04
1.701085e-01 2.733510e-03 2.603709e-04
1.703793e-01 3.008429e-03 2.649499e-04
1.706501e-01 2.763961e-03 2.658225e-04
1.709209e-01 2.931610e-03 2.669640e-04
1.711917e-01 2.446311e-03 2.663914e-04
1.714625e-01 3.013970e-03 2.701273e-04
1.717333e-01 2.547260e-03 2.721927e-04
1.720042e-01 2.976410e-03 2.736532e-04
1.722750e-01 2.689911e-03 2.790144e-04
1.725458e-01 2.091190e-03 2.776413e-04
1.728166e-01 2.601080e-03 2.775657e-04
1.730874e-01 2.864499e-03 2.823262e-04
1.733582e-01 2.465090e-03 2.842332e-04
1.736291e-01 2.463810e-03 2.862401e-04
1.738999e-01 2.592869e-03 2.846985e-04
1.741707e-01 2.756799e-03 2.892024e-04
1.744415e-01 3.061870e-03 2.887568e-04
1.747123e-01 2.325021e-03 2.932503e-04
1.749831e-01 2.655320e-03 2.803284e-04
1.752539e-01 2.477059e-03 2.741660e-04
1.755248e-01 2.181608e-03 2.728700e-04
1.757956e-01 2.537640e-03 2.675097e-04
1.760664e-01 2.323380e-03 2.723857e-04
1.763372e-01 2.352878e-03 2.693016e-04
1.766080e-01 3.137231e-03 2.664013e-04
1.768788e-01 2.488479e-03 2.669492e-04
1.771496e-01 2.763860e-03 2.644632e-04
1.774205e-01 2.406988e-03 2.651820e-04
1.776913e-01 1.964759e-03 2.608084e-04
1.779621e-01 2.361650e-03 2.606425e-04
1.782329e-01 2.640359e-03 2.627299e-04
1.785037e-01 2.777120e-03 2.558159e-04
1.787745e-01 2.619211e-03 2.607483e-04
1.790453e-01 2.548169e-03 2.572716e-04
1.793161e-01 2.434701e-03 2.582655e-04
1.795870e-01 2.050400e-03 2.568048e-04
1.798578e-01 2.173930e-03 2.551779e-04
1.801286e-01 2.553979e-03 2.577511e-04
1.803994e-01 2.174789e-03 2.519430e-04
1.806702e-01 2.171380e-03 2.549157e-04
1.809410e-01 2.317689e-03 2.526021e-04
1.812119e-01 2.042070e-03 2.496410e-04
1.814827e-01 2.310460e-03 2.534414e-04
1.817535e-01 2.219001e-03 2.500479e-04
1.820243e-01 2.153601e-03 2.527828e-04
1.822951e-01 2.476711e-03 2.525235e-04
1.825659e-01 2.265139e-03 2.491035e-04
1.828367e-01 1.725921e-03 2.518536e-04
1.831076e-01 2.187761e-03 2.484739e-04
1.833784e-01 2.340520e-03 2.507452e-04
1.836492e-01 2.236670e-03 2.493936e-04
1.839200e-01 2.376130e-03 2.529480e-04
1.841908e-01 2.654480e-03 2.505377e-04
1.844616e-01 2.189500e-03 2.504660e-04
1.847324e-01 1.863500e-03 2.517065e-04
1.850033e-01 2.146110e-03 2.460178e-04
1.852741e-01 2.097441e-03 2.505338e-04
1.855449e-01 2.234200e-03 2.490572e-04
1.858157e-01 2.051610e-03 2.512998e-04
1.860865e-01 2.371229e-03 2.497946e-04
1.863573e-01 1.841199e-03 2.492527e-04
1.866281e-01 2.325989e-03 2.483361e-04
1.868990e-01 2.079921e-03 2.470635e-04
1.871698e-01 2.118031e-03 2.480619e-04
1.874406e-01 1.613211e-03 2.498893e-04
1.877114e-01 2.195589e-03 2.489301e-04
1.879822e-01 2.362709e-03 2.505801e-04
1.882530e-01 1.981910e-03 2.452165e-04
1.885238e-01 1.877951e-03 2.469037e-04
1.887947e-01 1.634460e-03 2.476588e-04
1.890655e-01 2.089949e-03 2.479696e-04
1.893363e-01 2.000621e-03 2.488282e-04
1.896071e-01 2.124559e-03 2.456263e-04
1.898779e-01 1.951430e-03 2.487744e-04
1.901487e-01 1.612941e-03 2.445032e-04
1.904195e-01 1.562290e-03 2.465441e-04
1.906904e-01 1.803370e-03 2.497339e-04
1.909612e-01 1.836559e-03 2.433512e-04
1.912320e-01 1.821149e-03 2.483135e-04
1.915028e-01 1.687231e-03 2.447517e-04
1.917736e-01 1.534570e-03 2.474304e-04
1.920444e-01 1.612039e-03 2.476997e-04
1.923153e-01 1.616010e-03 2.449224e-04
1.925861e-01 1.875971e-03 2.499148e-04
1.928569e-01 1.577601e-03 2.435974e-04
1.931277e-01 1.977710e-03 2.455352e-04
1.933985e-01 2.255190e-03 2.466246e-04
1.936693e-01 1.898060e-03 2.438763e-04
1.939401e-01 2.286801e-03 2.451562e-04
1.942109e-01 1.826501e-03 2.444239e-04
1.944818e-01 1.881789e-03 2.462760e-04
1.947526e-01 1.715081e-03 2.444848e-04
1.950234e-01 1.680160e-03 2.446208e-04
1.952942e-01 1.589570e-03 2.461057e-04
1.955650e-01 1.788320e-03 2.436700e-04
1.958358e-01 1.634151e-03 2.463487e-04
1.961066e-01 1.591029e-03 2.459514e-04
1.963775e-01 1.570120e-03 2.463753e-04
1.966483e-01 1.592690e-03 2.436749e-04
1.969191e-01 1.457829e-03 2.451546e-04
1.971899e-01 1.276240e-03 2.447232e-04
1.974607e-01 1.955159e-03 2.457677e-04
1.977315e-01 1.450710e-03 2.448673e-04
1.980023e-01 1.833841e-03 2.450811e-04
1.982732e-01 1.591040e-03 2.441530e-04
1.985440e-01 1.572631e-03 2.456121e-04
1.988148e-01 1.668779e-03 2.475934e-04
1.990856e-01 1.628030e-03 2.463042e-04
1.993564e-01 1.573179e-03 2.438689e-04
1.996272e-01 1.685500e-03 2.456551e-04
1.998980e-01 1.256149e-03 2.424981e-04
2.001689e-01 1.978680e-03 2.429389e-04
2.004397e-01 1.481181e-03 2.422647e-04
2.007105e-01 1.963530e-03 2.414896e-04
2.009813e-01 1.657819e-03 2.427574e-04
2.012521e-01 1.686301e-03 2.434086e-04
2.015229e-01 1.773840e-03 2.412101e-04
2.017937e-01 1.816880e-03 2.430470e-04
2.020646e-01 1.418941e-03 2.409948e-04
2.023354e-01 1.328250e-03 2.444023e-04
2.026062e-01 1.519291e-03 2.400148e-04
2.028770e-01 1.314260e-03 2.440589e-04
2.031478e-01 1.104960e-03 2.388005e-04
2.034186e-01 1.468249e-03 2.418735e-04
2.036894e-01 1.936659e-03 2.388050e-04
2.039603e-01 1.944819e-03 2.409506e-04
2.042311e-01 1.269909e-03 2.395251e-04
2.045019e-01 1.160929e-03 2.384828e-04
2.047727e-01 1.290390e-03 2.382978e-04
2.050435e-01 1.518939e-03 2.386269e-04
2.053143e-01 1.465440e-03 2.402530e-04
2.055852e-01 1.517590e-03 2.369650e-04
2.058560e-01 1.112690e-03 2.359506e-04
2.061268e-01 1.603151e-03 2.380599e-04
2.063976e-01 1.761410e-03 2.366101e-04
2.066684e-01 1.300329e-03 2.363082e-04
2.069392e-01 1.561750e-03 2.374357e-04
2.072100e-01 1.593640e-03 2.363168e-04
2.074808e-01 1.831101e-03 2.371166e-04
2.077517e-01 1.376079e-03 2.364868e-04
2.080225e-01 1.477530e-03 2.355038e-04
2.082933e-01 1.243619e-03 2.366408e-04
2.085641e-01 1.550330e-03 2.354833e-04
2.088349e-01 1.176020e-03 2.385223e-04
2.091057e-01 1.598479e-03 2.377485e-04
2.093765e-01 1.030950e-03 2.345549e-04
2.096474e-01 1.525251e-03 2.370328e-04
2.099182e-01 1.210419e-03 2.381800e-04
2.101890e-01 1.201130e-03 2.360385e-04
2.104598e-01 1.294950e-03 2.375040e-04
2.107306e-01 1.288159e-03 2.362714e-04
2.110014e-01 6.396398e-04 2.373701e-04
2.112723e-01 1.321910e-03 2.366101e-04
2.115431e-01 1.446720e-03 2.366212e-04
2.118139e-01 1.582408e-03 2.374054e-04
2.120847e-01 9.272303e-04 2.360224e-04
2.123555e-01 1.239331e-03 2.382252e-04
2.126263e-01 1.597971e-03 2.338524e-04
2.128971e-01 1.825171e-03 2.375517e-04
2.131680e-01 1.294231e-03 2.357850e-04
2.134388e-01 1.456801e-03 2.362763e-04
2.137096e-01 1.812872e-03 2.360460e-04
2.139804e-01 1.074530e-03 2.354028e-04
2.142512e-01 1.606999e-03 2.371182e-04
2.145220e-01 1.302360e-03 2.363421e-04
2.147928e-01 1.031030e-03 2.348396e-04
2.150636e-01 1.297761e-03 2.343912e-04
2.153345e-01 1.397131e-03 2.380759e-04
2.156053e-01 1.333650e-03 2.353956e-04
2.158761e-01 1.276640e-03 2.380431e-04
2.161469e-01 1.478141e-03 2.355981e-04
2.164177e-01 1.490230e-03 2.378669e-04
2.166885e-01 1.016689e-03 2.356249e-04
2.169593e-01 1.166031e-03 2.355317e-04
2.172302e-01 1.716889e-03 2.360378e-04
2.175010e-01 1.817791e-03 2.353629e-04
2.177718e-01 1.314940e-03 2.356542e-04
2.180426e-01 1.649790e-03 2.359978e-04
2.183134e-01 1.371561e-03 2.338459e-04
2.185842e-01 1.472069e-03 2.356234e-04
2.188551e-01 1.025811e-03 2.334671e-04
2.191259e-01 1.076689e-03 2.368895e-04
2.193967e-01 1.289399e-03 2.324106e-04
2.196675e-01 1.597250e-03 2.333326e-04
2.199383e-01 9.619202e-04 2.347392e-04
2.202091e-01 7.922202e-04 2.329983e-04
2.204799e-01 1.262110e-03 2.333094e-04
2.207507e-01 1.300409e-03 2.339223e-04
2.210216e-01 1.246192e-03 2.322507e-04
2.212924e-01 1.251871e-03 2.331353e-04
2.215632e-01 1.052430e-03 2.308031e-04
2.218340e-01 1.113540e-03 2.328759e-04
2.221048e-01 1.427289e-03 2.300025e-04
2.223756e-01 9.651389e-04 2.298216e-04
2.226464e-01 9.406209e-04 2.341521e-04
2.229173e-01 1.118660e-03 2.316128e-04
2.231881e-01 8.867197e-04 2.301712e-04
2.234589e-01 1.073521e-03 2.303984e-04
2.237297e-01 1.105670e-03 2.309789e-04
2.240005e-01 1.305461e-03 2.311397e-04
2.242713e-01 1.218121e-03 2.292307e-04
2.245422e-01 1.160609e-03 2.311060e-04
2.248130e-01 1.207530e-03 2.331654e-04
2.250838e-01 8.018501e-04 2.304998e-04
2.253546e-01 1.104370e-03 2.322373e-04
2.256254e-01 1.192849e-03 2.308054e-04
2.258962e-01 1.102481e-03 2.301626e-04
2.261670e-01 1.153221e-03 2.393144e-04
2.264379e-01 8.032303e-04 2.461381e-04
2.267087e-01 1.090791e-03 2.473035e-04
2.269795e-01 1.260780e-03 2.484732e-04
2.272503e-01 1.143061e-03 2.550350e-04
2.275211e-01 1.274861e-03 2.574444e-04
2.277919e-01 1.334570e-03 2.565007e-04
2.280627e-01 1.212809e-03 2.606255e-04
2.283335e-01 1.288900e-03 2.652393e-04
2.286044e-01 1.750819e-03 2.666679e-04
2.288752e-01 1.041370e-03 2.701391e-04
2.291460e-01 1.493040e-03 2.708256e-04
2.294168e-01 9.790193e-04 2.757935e-04
2.296876e-01 8.286610e-04 2.778921e-04
2.299584e-01 1.021370e-03 2.782957e-04
2.302293e-01 7.778611e-04 2.821489e-04
2.305001e-01 1.232510e-03 2.853978e-04
2.307709e-01 8.995701e-04 2.881776e-04
2.310417e-01 1.334678e-03 2.895078e-04
2.313125e-01 1.033710e-03 2.911773e-04
2.315833e-01 9.758603e-04 2.942238e-04
2.318541e-01 1.124630e-03 2.982524e-04
2.321250e-01 1.682620e-03 2.988658e-04
2.323958e-01 1.365161e-03 2.977798e-04
2.326666e-01 7.671397e-04 3.020266e-04
2.329374e-01 8.353908e-04 3.089673e-04
2.332082e-01 1.401419e-03 3.076592e-04
2.334790e-01 1.331970e-03 3.069824e-04
2.337498e-01 1.534831e-03 3.148455e-04
2.340207e-01 7.968303e-04 3.139684e-04
2.342915e-01 9.060297e-04 3.174954e-04
2.345623e-01 7.471405e-04 3.198692e-04
2.348331e-01 8.111093e-04 3.246461e-04
2.351039e-01 7.631108e-04 3.274757e-04
2.353747e-01 1.144361e-03 3.285410e-04
2.356455e-01 1.134120e-03 3.300416e-04
2.359163e-01 1.479371e-03 3.334228e-04
2.361872e-01 2.038140e-03 3.367640e-04
2.364580e-01 7.515084e-04 3.418744e-04
2.367288e-01 9.802710e-04 3.446119e-04
2.369996e-01 8.443911e-04 3.448286e-04
2.372704e-01 2.897605e-04 3.536381e-04
2.375412e-01 7.461887e-04 3.487846e-04
2.378121e-01 9.974111e-04 3.575213e-04
2.380829e-01 6.380603e-04 3.538065e-04
2.383537e-01 1.585498e-03 3.608095e-04
2.386245e-01 7.367916e-04 3.608663e-04
2.388953e-01 8.851103e-04 3.651260e-04
2.391661e-01 1.230290e-03 3.756468e-04
2.394369e-01 9.174291e-04 3.727989e-04
2.397078e-01 1.040010e-03 3.774577e-04
2.399786e-01 6.556697e-04 3.811573e-04
2.402494e-01 1.540991e-03 3.860815e-04
2.405202e-01 1.494981e-03 3.871042e-04
2.407910e-01 1.086641e-03 3.965036e-04
2.410618e-01 7.468406e-04 4.001827e-04
2.413326e-01 1.103070e-03 4.015423e-04
2.416034e-01 4.162900e-04 4.002164e-04
2.418743e-01 1.001270e-03 4.093675e-04
2.421451e-01 7.940196e-04 4.173148e-04
2.424159e-01 6.401800e-04 4.222604e-04
2.426867e-01 1.008490e-03 4.174162e-04
2.429575e-01 9.514913e-04 4.292777e-04
2.432283e-01 1.054570e-03 4.392562e-04
2.434992e-01 8.106604e-04 4.369449e-04
2.437700e-01 1.354020e-03 4.359043e-04
2.440408e-01 7.408503e-04 4.557812e-04
2.443116e-01 9.462200e-04 4.565055e-04
2.445824e-01 7.009897e-04 4.543051e-04
2.448532e-01 1.069320e-03 4.649071e-04
2.451240e-01 -4.591979e-05 4.733706e-04
2.453949e-01 7.173307e-04 4.829339e-04
2.456657e-01 -2.438407e-04 4.934032e-04
2.459365e-01 1.451001e-04 4.941995e-04
2.462073e-01 6.954614e-04 4.932898e-04
2.464781e-01 1.891669e-03 5.165603e-04
2.467489e-01 1.736470e-03 5.138936e-04
2.470197e-01 1.776330e-03 5.287817e-04
2.472906e-01 6.585009e-05 5.295639e-04
2.475614e-01 2.045296e-04 5.442687e-04
2.478322e-01 5.638041e-05 5.614975e-04
2.481030e-01 1.845740e-03 5.552163e-04
2.483738e-01 2.259780e-03 5.731256e-04
2.486446e-01 7.035397e-04 5.824297e-04
2.489154e-01 4.996303e-04 6.148272e-04
2.491863e-01 3.690999e-04 5.898519e-04
2.494571e-01 1.940271e-03 6.202342e-04
2.497279e-01 -1.584888e-04 6.284940e-04
2.499987e-01 1.182901e-03 6.540392e-04
2.502695e-01 8.001793e-04 6.565903e-04
2.505403e-01 2.067190e-03 6.713617e-04
2.508111e-01 1.456650e-03 7.227350e-04
2.510819e-01 1.845270e-03 7.427074e-04
2.513528e-01 5.876590e-04 7.146791e-04
2.516236e-01 5.720388e-04 7.719001e-04
2.518944e-01 8.354299e-04 7.612925e-04
2.521652e-01 3.292598e-04 8.282718e-04
2.524360e-01 2.686189e-03 8.322510e-04
2.527068e-01 1.386020e-03 8.186216e-04
2.529776e-01 3.352687e-04 8.961059e-04
2.532485e-01 5.917903e-04 8.796756e-04
2.535193e-01 2.985489e-03 9.185170e-04
2.537901e-01 1.247110e-03 9.290651e-04
2.540609e-01 2.023149e-03 9.267800e-04
2.543317e-01 2.956420e-03 9.850738e-04
2.546025e-01 1.041831e-03 9.715811e-04
2.548733e-01 9.400900e-04 1.076841e-03
2.551441e-01 1.749160e-03 1.066175e-03
2.554150e-01 1.265660e-03 1.131299e-03
2.556858e-01 1.806119e-03 1.167221e-03
2.559566e-01 1.894180e-03 1.332636e-03
2.562274e-01 2.936261e-03 1.327578e-03
2.564982e-01 2.638480e-03 1.456300e-03
2.567690e-01 -9.013899e-04 1.570475e-03
2.570398e-01 -2.173658e-03 1.851885e-03
2.573107e-01 4.088240e-03 1.960606e-03
2.575815e-01 6.366370e-03 2.447746e-03
2.578523e-01 1.976671e-03 3.102311e-03
2.581231e-01 -2.280030e-03 4.152497e-03
