3.286826e-03 2.428302e+01 0.000000e+00
3.557641e-03 2.840247e+01 2.951524e-01
3.828455e-03 2.440462e+01 1.759353e-01
4.099269e-03 2.075447e+01 1.383978e-01
4.370084e-03 1.743406e+01 1.069848e-01
4.640898e-03 1.450127e+01 7.577412e-02
4.911712e-03 1.218296e+01 6.373761e-02
5.182527e-03 1.030312e+01 4.957849e-02
5.453341e-03 8.825721e+00 4.382104e-02
5.724155e-03 7.631849e+00 3.171396e-02
5.994970e-03 6.678081e+00 2.731378e-02
6.265784e-03 5.916965e+00 2.316999e-02
6.536598e-03 5.314147e+00 1.702154e-02
6.807412e-03 4.807397e+00 1.586030e-02
7.078227e-03 4.418447e+00 1.321386e-02
7.349041e-03 4.082850e+00 1.154606e-02
7.619855e-03 3.784745e+00 9.871755e-03
7.890671e-03 3.535338e+00 8.752248e-03
8.161485e-03 3.323776e+00 8.257733e-03
8.432299e-03 3.112956e+00 7.420709e-03
8.703114e-03 2.925769e+00 7.154177e-03
8.973928e-03 2.738875e+00 6.534864e-03
9.244742e-03 2.568789e+00 6.225761e-03
9.515557e-03 2.381681e+00 5.872112e-03
9.786371e-03 2.214573e+00 5.448060e-03
1.005718e-02 2.065248e+00 5.265159e-03
1.032800e-02 1.913737e+00 4.797799e-03
1.059881e-02 1.771972e+00 4.564664e-03
1.086963e-02 1.628204e+00 4.270808e-03
1.114044e-02 1.512922e+00 4.067973e-03
1.141126e-02 1.400848e+00 3.866300e-03
1.168207e-02 1.304504e+00 3.492884e-03
1.195289e-02 1.210271e+00 3.385523e-03
1.222370e-02 1.123893e+00 3.145495e-03
1.249451e-02 1.052634e+00 2.925306e-03
1.276533e-02 9.887820e-01 2.877950e-03
1.303614e-02 9.268529e-01 2.682233e-03
1.330696e-02 8.843415e-01 2.585713e-03
1.357777e-02 8.333877e-01 2.482068e-03
1.384859e-02 7.849652e-01 2.337799e-03
1.411940e-02 7.484567e-01 2.265148e-03
1.439021e-02 7.097270e-01 2.115064e-03
1.466103e-02 6.763496e-01 2.081412e-03
1.493184e-02 6.412746e-01 1.967246e-03
1.520266e-02 6.116942e-01 1.910625e-03
1.547347e-02 5.768641e-01 1.856022e-03
1.574429e-02 5.499153e-01 1.763341e-03
1.601510e-02 5.206180e-01 1.693982e-03
1.628591e-02 4.925319e-01 1.697365e-03
1.655673e-02 4.638410e-01 1.600781e-03
1.682754e-02 4.360892e-01 1.552899e-03
1.709836e-02 4.118037e-01 1.505391e-03
1.736917e-02 3.871224e-01 1.436997e-03
1.763999e-02 3.607054e-01 1.366050e-03
1.791080e-02 3.409254e-01 1.331761e-03
1.818161e-02 3.163179e-01 1.298617e-03
1.845243e-02 2.964734e-01 1.283302e-03
1.872324e-02 2.785533e-01 1.237357e-03
1.899406e-02 2.614580e-01 1.189731e-03
1.926487e-02 2.461367e-01 1.141033e-03
1.953569e-02 2.304786e-01 1.114772e-03
1.980650e-02 2.174138e-01 1.119362e-03
2.007731e-02 2.045052e-01 1.060219e-03
2.034813e-02 1.875545e-01 1.031530e-03
2.061894e-02 1.777869e-01 1.007820e-03
2.088976e-02 1.669367e-01 9.891569e-04
2.116057e-02 1.602425e-01 9.653085e-04
2.143139e-02 1.510071e-01 9.294875e-04
2.170220e-02 1.415700e-01 9.183455e-04
2.197302e-02 1.348867e-01 8.981884e-04
2.224383e-02 1.284895e-01 8.622747e-04
2.251465e-02 1.206608e-01 8.382821e-04
2.278546e-02 1.138496e-01 8.113479e-04
2.305627e-02 1.076042e-01 7.916910e-04
2.332709e-02 1.019162e-01 7.702636e-04
2.359790e-02 9.792879e-02 7.473453e-04
2.386872e-02 9.145020e-02 7.190181e-04
2.413953e-02 8.550606e-02 6.987559e-04
2.441034e-02 8.116797e-02 6.813259e-04
2.468116e-02 7.582366e-02 6.584303e-04
2.495197e-02 7.062611e-02 6.372343e-04
2.522279e-02 6.589887e-02 6.284726e-04
2.549360e-02 6.319927e-02 6.152450e-04
2.576442e-02 5.800427e-02 5.924958e-04
2.603523e-02 5.522608e-02 5.865021e-04
2.630604e-02 5.091606e-02 5.677898e-04
2.657686e-02 4.716912e-02 5.619682e-04
2.684767e-02 4.436732e-02 5.399814e-04
2.711849e-02 4.140219e-02 5.318964e-04
2.738930e-02 3.877332e-02 5.182642e-04
2.766012e-02 3.535535e-02 5.125196e-04
2.793093e-02 3.310840e-02 4.962552e-04
2.820175e-02 3.041329e-02 4.767268e-04
2.847256e-02 2.940712e-02 4.746569e-04
2.874337e-02 2.739878e-02 4.735438e-04
2.901419e-02 2.556915e-02 4.472851e-04
2.928500e-02 2.333417e-02 4.391109e-04
2.955582e-02 2.124745e-02 4.302745e-04
2.982663e-02 1.978366e-02 4.301342e-04
3.009745e-02 1.889926e-02 4.242627e-04
3.036826e-02 1.739394e-02 4.123393e-04
3.063907e-02 1.713601e-02 4.129330e-04
3.090989e-02 1.497673e-02 4.079698e-04
3.118070e-02 1.369593e-02 4.005024e-04
3.145152e-02 1.289094e-02 3.952616e-04
3.172233e-02 1.202408e-02 3.860733e-04
3.199315e-02 1.062877e-02 3.827174e-04
3.226396e-02 1.020188e-02 3.780007e-04
3.253478e-02 1.020024e-02 3.770390e-04
3.280559e-02 9.831503e-03 3.693639e-04
3.307641e-02 9.191819e-03 3.680007e-04
3.334722e-02 7.868070e-03 3.666705e-04
3.361803e-02 7.945482e-03 3.594698e-04
3.388885e-02 6.642021e-03 3.547408e-04
3.415966e-02 6.249428e-03 3.557507e-04
3.443048e-02 6.691460e-03 3.546624e-04
3.470129e-02 5.495008e-03 3.490343e-04
3.497211e-02 5.749252e-03 3.491616e-04
3.524292e-02 4.856560e-03 3.396072e-04
3.551374e-02 5.382683e-03 3.450492e-04
3.578455e-02 4.505768e-03 3.414730e-04
3.605536e-02 3.471110e-03 3.340217e-04
3.632618e-02 4.078262e-03 3.326515e-04
3.659699e-02 3.983751e-03 3.329158e-04
3.686780e-02 3.958222e-03 3.273180e-04
3.713862e-02 3.729910e-03 3.262640e-04
3.740944e-02 3.626190e-03 3.199725e-04
3.768025e-02 3.421549e-03 3.195089e-04
3.795106e-02 2.989661e-03 3.206922e-04
3.822188e-02 4.394600e-03 3.206515e-04
3.849269e-02 3.155988e-03 3.141785e-04
3.876351e-02 2.500821e-03 3.165733e-04
3.903432e-02 2.879817e-03 3.150971e-04
3.930514e-02 3.097232e-03 3.102848e-04
3.957595e-02 2.998691e-03 3.129189e-04
3.984676e-02 3.231199e-03 3.074820e-04
4.011758e-02 2.673268e-03 3.081899e-04
4.038839e-02 2.532339e-03 3.081191e-04
4.065921e-02 2.672099e-03 3.020905e-04
4.093002e-02 2.468640e-03 3.031195e-04
4.120084e-02 2.143379e-03 3.013059e-04
4.147165e-02 1.984552e-03 3.005939e-04
4.174246e-02 2.343388e-03 3.041859e-04
4.201328e-02 2.461772e-03 2.962098e-04
4.228409e-02 2.463220e-03 2.976561e-04
4.255491e-02 2.214178e-03 2.934424e-04
4.282572e-02 1.848688e-03 2.945655e-04
4.309653e-02 2.200790e-03 2.882254e-04
4.336735e-02 2.663830e-03 2.925714e-04
4.363817e-02 2.274729e-03 2.924457e-04
4.390898e-02 2.768042e-03 2.913993e-04
4.417979e-02 2.153341e-03 2.917531e-04
4.445061e-02 2.186211e-03 2.860920e-04
4.472142e-02 2.333703e-03 2.842825e-04
4.499224e-02 2.079990e-03 2.861177e-04
4.526305e-02 2.355330e-03 2.817373e-04
4.553387e-02 2.708299e-03 2.828861e-04
4.580468e-02 2.680410e-03 2.806571e-04
4.607549e-02 2.003750e-03 2.787651e-04
4.634631e-02 2.469631e-03 2.773094e-04
4.661712e-02 2.560001e-03 2.798698e-04
4.688794e-02 2.146728e-03 2.791183e-04
4.715875e-02 2.007909e-03 2.765035e-04
4.742957e-02 2.219731e-03 2.732862e-04
4.770038e-02 2.336258e-03 2.722994e-04
4.797119e-02 2.274688e-03 2.728770e-04
4.824201e-02 1.964470e-03 2.692877e-04
4.851282e-02 2.047932e-03 2.744329e-04
4.878364e-02 2.093699e-03 2.707146e-04
4.905445e-02 2.195152e-03 2.674364e-04
4.932526e-02 1.660030e-03 2.687655e-04
4.959608e-02 2.356140e-03 2.684757e-04
4.986690e-02 1.950571e-03 2.682443e-04
5.013771e-02 1.795698e-03 2.668853e-04
5.040852e-02 2.442369e-03 2.649415e-04
5.067934e-02 1.732199e-03 2.656541e-04
5.095015e-02 1.954151e-03 2.600118e-04
5.122096e-02 2.075810e-03 2.639747e-04
5.149178e-02 1.988471e-03 2.611810e-04
5.176260e-02 1.831239e-03 2.600834e-04
5.203341e-02 1.911290e-03 2.632837e-04
5.230422e-02 1.678701e-03 2.578441e-04
5.257504e-02 2.117962e-03 2.607287e-04
5.284585e-02 1.567360e-03 2.568498e-04
5.311667e-02 2.415279e-03 2.592180e-04
5.338748e-02 1.562569e-03 2.628614e-04
5.365830e-02 1.302421e-03 2.589898e-04
5.392911e-02 2.078600e-03 2.605345e-04
5.419992e-02 2.042631e-03 2.622739e-04
5.447074e-02 1.739912e-03 2.607203e-04
5.474155e-02 1.793010e-03 2.654269e-04
5.501237e-02 1.718810e-03 2.665491e-04
5.528318e-02 1.969580e-03 2.706978e-04
5.555400e-02 2.007628e-03 2.758969e-04
5.582481e-02 1.308009e-03 2.715108e-04
5.609563e-02 1.546241e-03 2.736405e-04
5.636644e-02 1.444679e-03 2.776140e-04
5.663725e-02 1.075929e-03 2.753798e-04
5.690807e-02 1.772249e-03 2.789006e-04
5.717888e-02 1.489019e-03 2.753576e-04
5.744969e-02 1.508430e-03 2.768090e-04
5.772051e-02 1.106430e-03 2.760158e-04
5.799133e-02 1.815820e-03 2.783232e-04
5.826214e-02 9.853784e-04 2.778330e-04
5.853295e-02 1.370931e-03 2.784610e-04
5.880377e-02 1.576640e-03 2.780614e-04
5.907458e-02 1.236640e-03 2.789969e-04
5.934540e-02 1.085609e-03 2.785155e-04
5.961621e-02 4.632100e-04 2.785280e-04
5.988703e-02 8.333810e-04 2.828020e-04
6.015784e-02 1.325550e-03 2.818613e-04
6.042865e-02 8.074809e-04 2.807508e-04
6.069947e-02 1.132930e-03 2.749207e-04
6.097028e-02 9.104498e-04 2.756248e-04
6.124110e-02 3.952906e-04 2.711108e-04
6.151191e-02 8.016191e-04 2.714939e-04
6.178273e-02 7.228013e-04 2.693994e-04
6.205354e-02 8.975510e-04 2.670979e-04
6.232436e-02 1.197450e-03 2.701969e-04
6.259517e-02 6.976612e-04 2.665258e-04
6.286598e-02 1.114869e-03 2.666223e-04
6.313679e-02 9.241104e-04 2.675364e-04
6.340761e-02 4.261713e-04 2.620569e-04
6.367842e-02 9.262394e-04 2.650855e-04
6.394923e-02 3.856402e-04 2.627726e-04
6.422005e-02 7.788204e-04 2.633843e-04
6.449086e-02 3.737397e-04 2.653444e-04
6.476168e-02 5.405601e-04 2.630980e-04
6.503250e-02 6.601904e-04 2.624953e-04
6.530331e-02 5.036797e-04 2.600346e-04
6.557412e-02 9.756796e-04 2.619078e-04
6.584494e-02 7.583201e-04 2.615100e-04
6.611575e-02 3.874712e-04 2.582773e-04
6.638657e-02 6.172899e-04 2.615739e-04
6.665738e-02 3.178604e-04 2.591266e-04
6.692819e-02 7.038601e-04 2.594565e-04
6.719901e-02 3.551692e-04 2.569428e-04
6.746982e-02 8.516908e-04 2.584163e-04
6.774063e-02 3.308896e-04 2.588491e-04
6.801146e-02 4.776213e-04 2.562147e-04
6.828227e-02 6.401483e-04 2.582101e-04
6.855308e-02 3.503207e-04 2.571424e-04
6.882390e-02 5.561393e-04 2.559400e-04
6.909471e-02 1.445599e-04 2.568907e-04
6.936552e-02 7.092096e-04 2.528968e-04
6.963634e-02 6.901100e-05 2.537976e-04
6.990715e-02 9.149890e-04 2.563385e-04
7.017796e-02 5.847514e-04 2.526370e-04
7.044878e-02 7.192045e-05 2.494169e-04
7.071959e-02 4.435107e-04 2.516632e-04
7.099041e-02 5.849600e-04 2.541100e-04
7.126123e-02 3.513601e-04 2.516617e-04
7.153204e-02 6.554089e-04 2.493302e-04
7.180285e-02 6.358605e-04 2.511937e-04
7.207367e-02 -1.018085e-04 2.504454e-04
7.234448e-02 7.168800e-04 2.519204e-04
7.261530e-02 7.080417e-04 2.497929e-04
7.288611e-02 9.971391e-04 2.461187e-04
7.315692e-02 5.851127e-05 2.496851e-04
7.342774e-02 3.514905e-04 2.503651e-04
7.369855e-02 2.576299e-04 2.480350e-04
7.396936e-02 4.234202e-04 2.486565e-04
7.424019e-02 6.147195e-04 2.483834e-04
7.451100e-02 4.279986e-04 2.467195e-04
7.478181e-02 9.115040e-05 2.476486e-04
7.505263e-02 -1.826789e-04 2.434274e-04
7.532344e-02 2.188496e-04 2.483865e-04
7.559425e-02 4.153997e-04 2.460016e-04
7.586507e-02 -5.954877e-05 2.467819e-04
7.613588e-02 6.707404e-04 2.451236e-04
7.640669e-02 3.344398e-04 2.434384e-04
7.667751e-02 2.619401e-04 2.449941e-04
7.694832e-02 2.046190e-04 2.458504e-04
7.721914e-02 4.165694e-04 2.451839e-04
7.748996e-02 3.122501e-04 2.452591e-04
7.776077e-02 6.166101e-04 2.416739e-04
7.803158e-02 4.698709e-04 2.444588e-04
7.830240e-02 2.470296e-04 2.430505e-04
7.857321e-02 5.781110e-04 2.443348e-04
7.884403e-02 3.656894e-04 2.425240e-04
7.911484e-02 1.194198e-04 2.406149e-04
7.938565e-02 4.114397e-04 2.419650e-04
7.965647e-02 1.303293e-04 2.397381e-04
7.992728e-02 3.412925e-05 2.390233e-04
8.019809e-02 5.822200e-04 2.398615e-04
8.046892e-02 -4.990958e-05 2.382639e-04
8.073973e-02 -1.453795e-04 2.394703e-04
8.101054e-02 -3.919695e-04 2.386276e-04
8.128136e-02 -4.797056e-05 2.384657e-04
8.155217e-02 6.601028e-05 2.376131e-04
8.182298e-02 5.349386e-04 2.386943e-04
8.209380e-02 2.091005e-04 2.380210e-04
8.236461e-02 8.537285e-04 2.402944e-04
8.263543e-02 2.261102e-04 2.369052e-04
8.290624e-02 3.462005e-04 2.362819e-04
8.317705e-02 8.762795e-04 2.375213e-04
8.344787e-02 8.309260e-06 2.364200e-04
8.371869e-02 2.865996e-04 2.370948e-04
8.398950e-02 8.520111e-05 2.353721e-04
8.426031e-02 3.107898e-04 2.376243e-04
8.453113e-02 3.125146e-05 2.345487e-04
8.480194e-02 1.788903e-04 2.352881e-04
8.507276e-02 9.424984e-05 2.332267e-04
8.534357e-02 -1.105703e-04 2.340672e-04
8.561438e-02 5.124994e-04 2.339710e-04
8.588520e-02 2.835505e-04 2.316425e-04
8.615601e-02 4.657209e-04 2.335647e-04
8.642682e-02 3.205501e-04 2.312468e-04
8.669765e-02 3.804695e-04 2.301220e-04
8.696846e-02 2.183001e-04 2.319073e-04
8.723927e-02 5.843304e-04 2.327921e-04
8.751009e-02 2.046600e-04 2.306203e-04
8.778090e-02 7.147156e-05 2.306332e-04
8.805171e-02 -1.999605e-04 2.301223e-04
8.832253e-02 1.283195e-04 2.307380e-04
8.859334e-02 3.107507e-04 2.310502e-04
8.886416e-02 3.243200e-04 2.279393e-04
8.913497e-02 1.218505e-04 2.287826e-04
8.940578e-02 -6.200001e-05 2.303020e-04
8.967660e-02 -2.312697e-04 2.291591e-04
8.994742e-02 7.509068e-05 2.297280e-04
9.021823e-02 7.948093e-05 2.287476e-04
9.048904e-02 -1.560897e-05 2.290973e-04
9.075986e-02 1.453310e-04 2.276196e-04
9.103067e-02 3.659409e-04 2.294289e-04
9.130149e-02 2.371687e-04 2.280657e-04
9.157230e-02 -6.568991e-05 2.276996e-04
9.184311e-02 3.482103e-04 2.296658e-04
9.211393e-02 -4.589558e-06 2.257662e-04
9.238474e-02 -8.649006e-05 2.262908e-04
9.265555e-02 3.117695e-04 2.275396e-04
9.292637e-02 -3.593303e-04 2.259324e-04
9.319719e-02 7.253885e-05 2.275419e-04
9.346800e-02 -3.844406e-04 2.244103e-04
9.373882e-02 -6.232969e-05 2.249077e-04
9.400963e-02 1.645200e-04 2.265643e-04
9.428044e-02 1.052897e-04 2.243034e-04
9.455126e-02 1.545008e-04 2.256555e-04
9.482207e-02 -3.821291e-04 2.216295e-04
9.509289e-02 1.985002e-04 2.265938e-04
9.536370e-02 6.926004e-04 2.261020e-04
9.563451e-02 5.250797e-06 2.207287e-04
9.590533e-02 1.395904e-04 2.228144e-04
9.617615e-02 1.447387e-04 2.214327e-04
9.644696e-02 3.315788e-04 2.218957e-04
9.671777e-02 3.745388e-04 2.223197e-04
9.698859e-02 -4.602969e-05 2.206206e-04
9.725940e-02 3.669970e-05 2.219961e-04
9.753022e-02 -1.814589e-04 2.196113e-04
9.780103e-02 1.064595e-04 2.217253e-04
9.807184e-02 -8.434989e-05 2.188489e-04
9.834266e-02 3.506299e-04 2.211347e-04
9.861347e-02 -6.911904e-05 2.220354e-04
9.888428e-02 -1.090989e-04 2.170596e-04
9.915510e-02 6.942116e-04 2.204673e-04
9.942592e-02 4.510023e-05 2.182847e-04
9.969673e-02 -3.361795e-04 2.199057e-04
9.996755e-02 -1.445990e-04 2.195408e-04
1.002384e-01 1.183003e-04 2.184117e-04
1.005092e-01 -1.676492e-04 2.200031e-04
1.007800e-01 -1.438409e-04 2.174910e-04
1.010508e-01 -2.255999e-04 2.178183e-04
1.013216e-01 -1.987014e-04 2.179950e-04
1.015924e-01 -2.413057e-05 2.155928e-04
1.018632e-01 7.502604e-04 2.199355e-04
1.021341e-01 5.415305e-04 2.184677e-04
1.024049e-01 3.691018e-05 2.183929e-04
1.026757e-01 -7.417984e-05 2.162799e-04
1.029465e-01 1.539513e-04 2.166624e-04
1.032173e-01 -2.543069e-05 2.165974e-04
1.034881e-01 1.012906e-05 2.160072e-04
1.037589e-01 8.460879e-05 2.153390e-04
1.040298e-01 2.194401e-04 2.154766e-04
1.043006e-01 1.045391e-04 2.169870e-04
1.045714e-01 1.284815e-04 2.137438e-04
1.048422e-01 -4.842393e-04 2.146064e-04
1.051130e-01 1.092311e-04 2.133445e-04
1.053838e-01 1.401696e-04 2.148731e-04
1.056546e-01 1.401603e-04 2.137445e-04
1.059255e-01 -1.341812e-04 2.147243e-04
1.061963e-01 2.747495e-04 2.156111e-04
1.064671e-01 -1.081694e-04 2.141864e-04
1.067379e-01 1.523290e-04 2.132270e-04
1.070087e-01 -2.208911e-05 2.148806e-04
1.072795e-01 9.140000e-06 2.129674e-04
1.075503e-01 3.099404e-04 2.126925e-04
1.078212e-01 6.254017e-05 2.122817e-04
1.080920e-01 2.234597e-04 2.116764e-04
1.083628e-01 3.529992e-04 2.130828e-04
1.086336e-01 -2.001096e-04 2.104399e-04
1.089044e-01 2.318397e-04 2.121783e-04
1.091752e-01 4.973393e-04 2.116572e-04
1.094460e-01 -4.713982e-05 2.090581e-04
1.097169e-01 2.405997e-04 2.109534e-04
1.099877e-01 3.110301e-04 2.105681e-04
1.102585e-01 1.880415e-04 2.116530e-04
1.105293e-01 2.212394e-04 2.136708e-04
1.108001e-01 2.538506e-04 2.163539e-04
1.110709e-01 -2.934970e-05 2.183170e-04
1.113417e-01 3.687609e-04 2.151719e-04
1.116126e-01 2.458207e-04 2.193376e-04
1.118834e-01 6.818026e-05 2.186244e-04
1.121542e-01 2.057217e-04 2.199245e-04
1.124250e-01 -1.376402e-04 2.226162e-04
1.126958e-01 1.991205e-04 2.235622e-04
1.129666e-01 -9.220093e-05 2.236628e-04
1.132374e-01 2.022199e-04 2.265008e-04
1.135083e-01 -3.251694e-04 2.284701e-04
1.137791e-01 8.673966e-05 2.312327e-04
1.140499e-01 2.813786e-04 2.324553e-04
1.143207e-01 8.108094e-05 2.338510e-04
1.145915e-01 -4.889444e-06 2.351174e-04
1.148623e-01 1.406111e-05 2.372108e-04
1.151332e-01 -3.562402e-04 2.360325e-04
1.154040e-01 -3.583804e-04 2.382052e-04
1.156748e-01 3.005993e-04 2.395035e-04
1.159456e-01 -1.027063e-05 2.421273e-04
1.162164e-01 1.187101e-04 2.422775e-04
1.164872e-01 4.015900e-04 2.417012e-04
1.167580e-01 8.399971e-05 2.467498e-04
1.170288e-01 -2.054796e-04 2.467678e-04
1.172997e-01 -2.356004e-04 2.472685e-04
1.175705e-01 5.010907e-04 2.457825e-04
1.178413e-01 -2.495795e-04 2.492281e-04
1.181121e-01 -9.072945e-05 2.452237e-04
1.183829e-01 3.964100e-04 2.420969e-04
1.186537e-01 9.964965e-05 2.403487e-04
1.189246e-01 -4.632026e-05 2.382623e-04
1.191954e-01 4.532505e-04 2.422595e-04
1.194662e-01 -2.160408e-04 2.425176e-04
1.197370e-01 3.290102e-04 2.381844e-04
1.200078e-01 1.861192e-04 2.391430e-04
1.202786e-01 -2.335683e-04 2.368841e-04
1.205494e-01 -2.905913e-05 2.393763e-04
1.208202e-01 -2.834015e-05 2.382007e-04
1.210911e-01 -7.243082e-05 2.377942e-04
1.213619e-01 1.387186e-04 2.387400e-04
1.216327e-01 -4.036799e-04 2.357968e-04
1.219035e-01 -2.991389e-04 2.386327e-04
1.221743e-01 -4.243292e-04 2.373885e-04
1.224451e-01 -7.861108e-05 2.374682e-04
1.227160e-01 -1.378413e-04 2.394577e-04
1.229868e-01 -6.880611e-06 2.363780e-04
1.232576e-01 2.375003e-04 2.376860e-04
1.235284e-01 -8.660927e-05 2.374613e-04
1.237992e-01 7.653981e-05 2.375634e-04
1.240700e-01 -1.607705e-04 2.375337e-04
1.243408e-01 2.470054e-05 2.369956e-04
1.246117e-01 -1.409613e-04 2.369403e-04
1.248825e-01 1.024399e-04 2.377072e-04
1.251533e-01 2.130102e-04 2.365847e-04
1.254241e-01 4.155934e-05 2.369790e-04
1.256949e-01 -8.603930e-05 2.343901e-04
1.259657e-01 1.664702e-04 2.351822e-04
1.262365e-01 4.331786e-04 2.348177e-04
1.265074e-01 -8.232892e-05 2.343749e-04
1.267782e-01 -5.031936e-05 2.371826e-04
1.270490e-01 2.399087e-04 2.331778e-04
1.273198e-01 8.954853e-05 2.363991e-04
1.275906e-01 -1.911074e-05 2.325433e-04
1.278614e-01 6.423891e-05 2.321853e-04
1.281322e-01 1.586303e-04 2.329245e-04
1.284031e-01 -4.101098e-04 2.325421e-04
1.286739e-01 2.666395e-04 2.353668e-04
1.289447e-01 -2.747402e-04 2.324974e-04
1.292155e-01 -4.725512e-04 2.328507e-04
1.294863e-01 1.828112e-04 2.305146e-04
1.297571e-01 2.006087e-04 2.315650e-04
1.300279e-01 -4.058816e-04 2.312820e-04
1.302988e-01 1.796801e-04 2.316469e-04
1.305696e-01 4.359204e-04 2.311013e-04
1.308404e-01 5.409122e-06 2.307351e-04
1.311112e-01 2.010800e-04 2.318381e-04
1.313820e-01 4.656706e-04 2.281756e-04
1.316528e-01 3.338810e-04 2.335543e-04
1.319236e-01 1.268815e-04 2.285626e-04
1.321945e-01 2.576970e-05 2.296781e-04
1.324653e-01 -4.907884e-05 2.308099e-04
1.327361e-01 1.995601e-04 2.305315e-04
1.330069e-01 2.785604e-04 2.307890e-04
1.332777e-01 -2.810210e-04 2.287199e-04
1.335485e-01 1.910105e-04 2.283621e-04
1.338193e-01 1.536012e-04 2.319999e-04
1.340902e-01 1.677293e-04 2.286643e-04
1.343610e-01 4.027691e-04 2.305590e-04
1.346318e-01 -9.777024e-05 2.286845e-04
1.349026e-01 4.844889e-04 2.269918e-04
1.351734e-01 -2.027508e-04 2.288585e-04
1.354442e-01 2.949610e-04 2.265196e-04
1.357151e-01 4.668590e-04 2.295541e-04
1.359859e-01 4.145894e-04 2.302170e-04
1.362567e-01 -2.498589e-04 2.253442e-04
1.365275e-01 1.066402e-04 2.277541e-04
1.367983e-01 5.794875e-05 2.245008e-04
1.370691e-01 2.010595e-04 2.294959e-04
1.373399e-01 -2.974104e-04 2.312599e-04
1.376107e-01 1.945216e-04 2.304956e-04
1.378816e-01 3.061295e-04 2.364073e-04
1.381524e-01 1.960807e-04 2.359713e-04
1.384232e-01 -4.057027e-05 2.362435e-04
1.386940e-01 1.997296e-04 2.376786e-04
1.389648e-01 -1.017991e-04 2.399727e-04
1.392356e-01 3.619120e-05 2.432248e-04
1.395064e-01 -4.800092e-04 2.404737e-04
1.397773e-01 -4.189089e-06 2.426568e-04
1.400481e-01 3.573708e-04 2.437546e-04
1.403189e-01 4.782900e-04 2.468863e-04
1.405897e-01 1.273192e-04 2.454444e-04
1.408605e-01 -7.843971e-05 2.440878e-04
1.411313e-01 -3.936496e-04 2.468437e-04
1.414021e-01 -8.990057e-05 2.478443e-04
1.416730e-01 2.072193e-04 2.489544e-04
1.419438e-01 -8.220971e-05 2.477431e-04
1.422146e-01 -6.998796e-04 2.522343e-04
1.424854e-01 -4.453100e-04 2.494278e-04
1.427562e-01 -1.437906e-04 2.496338e-04
1.430270e-01 1.171995e-04 2.488686e-04
1.432979e-01 -3.251191e-04 2.488351e-04
1.435687e-01 3.159698e-04 2.501940e-04
1.438395e-01 -2.505500e-04 2.527579e-04
1.441103e-01 -3.349688e-04 2.536150e-04
1.443811e-01 -4.013702e-04 2.528346e-04
1.446519e-01 -1.886915e-04 2.554805e-04
1.449227e-01 1.987070e-05 2.556660e-04
1.451935e-01 -2.304297e-04 2.544525e-04
1.454644e-01 1.759995e-04 2.565768e-04
1.457352e-01 1.827814e-04 2.581830e-04
1.460060e-01 3.787484e-04 2.564682e-04
1.462768e-01 5.013291e-04 2.617417e-04
1.465476e-01 1.441799e-04 2.595239e-04
1.468184e-01 3.458001e-05 2.627783e-04
1.470892e-01 2.320912e-04 2.605808e-04
1.473601e-01 2.418887e-04 2.595559e-04
1.476309e-01 2.794806e-04 2.594986e-04
1.479017e-01 3.511105e-04 2.590695e-04
1.481725e-01 -5.055405e-04 2.591763e-04
1.484433e-01 -8.936971e-05 2.581419e-04
1.487141e-01 -3.240202e-04 2.590645e-04
1.489850e-01 1.199804e-04 2.619276e-04
1.492558e-01 -2.299398e-04 2.600831e-04
1.495266e-01 -2.996698e-04 2.632345e-04
1.497974e-01 -2.843197e-04 2.569138e-04
1.500682e-01 1.955908e-04 2.600615e-04
1.503390e-01 2.226401e-04 2.606474e-04
1.506098e-01 1.041796e-04 2.597266e-04
1.508806e-01 3.342889e-05 2.579297e-04
1.511515e-01 2.780110e-04 2.591492e-04
1.514223e-01 7.064082e-05 2.604504e-04
1.516931e-01 2.086516e-04 2.608201e-04
1.519639e-01 -8.193031e-05 2.588536e-04
1.522347e-01 1.349505e-04 2.619164e-04
1.525055e-01 -1.013596e-04 2.596724e-04
1.527763e-01 2.465397e-04 2.631317e-04
1.530472e-01 3.845990e-05 2.616115e-04
1.533180e-01 -9.575859e-05 2.608910e-04
1.535888e-01 -4.579797e-04 2.607801e-04
1.538596e-01 -4.689023e-05 2.619580e-04
1.541304e-01 6.056018e-05 2.597121e-04
1.544012e-01 -3.224984e-05 2.583680e-04
1.546721e-01 1.772009e-04 2.639630e-04
1.549429e-01 -1.810491e-04 2.607473e-04
1.552137e-01 -6.580725e-06 2.598918e-04
1.554845e-01 -6.943010e-05 2.606427e-04
1.557553e-01 -4.800595e-04 2.610214e-04
1.560261e-01 3.371295e-04 2.602808e-04
1.562969e-01 -3.068093e-04 2.587106e-04
1.565678e-01 -9.725057e-05 2.592318e-04
1.568386e-01 2.312995e-04 2.636151e-04
1.571094e-01 -7.651933e-05 2.627715e-04
1.573802e-01 1.261011e-05 2.595913e-04
1.576510e-01 -4.992895e-04 2.601713e-04
1.579218e-01 5.051121e-05 2.608081e-04
1.581926e-01 -2.348796e-04 2.613759e-04
1.584634e-01 4.254803e-04 2.615014e-04
1.587343e-01 -1.228973e-05 2.615766e-04
1.590051e-01 5.231090e-04 2.590227e-04
1.592759e-01 1.898296e-04 2.607735e-04
1.595467e-01 3.996100e-04 2.610919e-04
1.598175e-01 -5.846843e-05 2.591042e-04
1.600883e-01 -4.804879e-05 2.582749e-04
1.603591e-01 3.655609e-04 2.594833e-04
1.606300e-01 -7.547066e-05 2.592310e-04
1.609008e-01 1.063403e-04 2.589146e-04
1.611716e-01 -3.823098e-04 2.582269e-04
1.614424e-01 3.507398e-04 2.586752e-04
1.617132e-01 -1.064893e-04 2.566969e-04
1.619840e-01 1.776014e-04 2.584006e-04
1.622549e-01 -9.394996e-05 2.574617e-04
1.625257e-01 -4.767999e-05 2.584619e-04
1.627965e-01 1.430307e-04 2.568880e-04
1.630673e-01 4.529953e-06 2.571586e-04
1.633381e-01 -2.644099e-04 2.607695e-04
1.636089e-01 2.041198e-04 2.565041e-04
1.638797e-01 4.607514e-04 2.608925e-04
1.641506e-01 6.682985e-05 2.575596e-04
1.644214e-01 3.117397e-04 2.570653e-04
1.646922e-01 5.141813e-04 2.582157e-04
1.649630e-01 5.284715e-04 2.587553e-04
1.652338e-01 8.448027e-05 2.606978e-04
1.655046e-01 -2.312846e-05 2.594870e-04
1.657754e-01 -1.616199e-04 2.572013e-04
1.660462e-01 3.391895e-04 2.591794e-04
1.663171e-01 1.214501e-04 2.573699e-04
1.665879e-01 3.291406e-04 2.578363e-04
1.668587e-01 5.729496e-06 2.572125e-04
1.671295e-01 3.785100e-04 2.635028e-04
1.674003e-01 5.988386e-04 2.584584e-04
1.676711e-01 -2.706982e-05 2.684084e-04
1.679420e-01 -6.623939e-05 2.748987e-04
1.682128e-01 3.188793e-04 2.751018e-04
1.684836e-01 1.285709e-04 2.789162e-04
1.687544e-01 -3.397707e-04 2.806559e-04
1.690252e-01 1.836102e-04 2.853388e-04
1.692960e-01 3.088601e-04 2.807977e-04
1.695668e-01 7.009134e-06 2.874871e-04
1.698377e-01 1.966301e-04 2.894928e-04
1.701085e-01 -1.989864e-05 2.917999e-04
1.703793e-01 3.997050e-05 2.959805e-04
1.706501e-01 1.509190e-04 2.942644e-04
1.709209e-01 -2.013184e-04 2.984033e-04
1.711917e-01 2.277289e-04 2.992332e-04
1.714625e-01 2.167597e-04 3.011980e-04
1.717333e-01 -6.912090e-05 3.053643e-04
1.720042e-01 3.186390e-04 3.056743e-04
1.722750e-01 7.240847e-05 3.101040e-04
1.725458e-01 9.487942e-05 3.121238e-04
1.728166e-01 -4.228018e-05 3.103698e-04
1.730874e-01 2.110805e-04 3.144259e-04
1.733582e-01 3.492702e-04 3.184151e-04
1.736291e-01 -1.021996e-04 3.228954e-04
1.738999e-01 6.305799e-04 3.170699e-04
1.741707e-01 -2.187584e-04 3.253613e-04
1.744415e-01 3.417023e-05 3.234211e-04
1.747123e-01 2.202485e-04 3.284249e-04
1.749831e-01 4.578903e-04 3.151472e-04
1.752539e-01 1.777690e-04 3.075980e-04
1.755248e-01 -1.503397e-04 3.046314e-04
1.757956e-01 1.437999e-04 3.008349e-04
1.760664e-01 -7.331930e-05 3.031304e-04
1.763372e-01 5.325899e-04 3.034133e-04
1.766080e-01 -8.493103e-05 3.010894e-04
1.768788e-01 -3.378838e-06 2.993792e-04
1.771496e-01 9.420887e-05 2.960005e-04
1.774205e-01 -1.709908e-05 2.971029e-04
1.776913e-01 4.865211e-04 2.923937e-04
1.779621e-01 1.900699e-04 2.953163e-04
1.782329e-01 3.709402e-04 2.932268e-04
1.785037e-01 1.181606e-04 2.882121e-04
1.787745e-01 -2.311990e-04 2.897001e-04
1.790453e-01 -3.652107e-04 2.872872e-04
1.793161e-01 2.487712e-04 2.896945e-04
1.795870e-01 -2.872497e-04 2.881960e-04
1.798578e-01 4.681945e-05 2.862707e-04
1.801286e-01 6.641913e-04 2.885057e-04
1.803994e-01 2.512597e-04 2.859433e-04
1.806702e-01 -9.282865e-05 2.815456e-04
1.809410e-01 -1.134109e-04 2.843103e-04
1.812119e-01 -1.519807e-04 2.797581e-04
1.814827e-01 -7.843040e-05 2.827305e-04
1.817535e-01 2.875309e-04 2.814241e-04
1.820243e-01 2.419017e-05 2.816496e-04
1.822951e-01 -6.579980e-05 2.819363e-04
1.825659e-01 2.756696e-04 2.808691e-04
1.828367e-01 1.807101e-04 2.863955e-04
1.831076e-01 9.121001e-05 2.766958e-04
1.833784e-01 -1.062788e-04 2.819375e-04
1.836492e-01 4.575793e-04 2.800362e-04
1.839200e-01 9.275973e-05 2.822705e-04
1.841908e-01 2.376288e-04 2.794263e-04
1.844616e-01 1.186207e-04 2.807744e-04
1.847324e-01 -5.140007e-04 2.817677e-04
1.850033e-01 -2.262294e-04 2.757486e-04
1.852741e-01 2.046600e-04 2.801262e-04
1.855449e-01 1.818687e-04 2.784800e-04
1.858157e-01 3.603604e-04 2.822673e-04
1.860865e-01 2.755970e-05 2.821116e-04
1.863573e-01 -1.470093e-04 2.803372e-04
1.866281e-01 6.826036e-05 2.809717e-04
1.868990e-01 3.332403e-04 2.777054e-04
1.871698e-01 2.987403e-04 2.800784e-04
1.874406e-01 3.865398e-04 2.789144e-04
1.877114e-01 -1.348499e-04 2.779967e-04
1.879822e-01 2.306104e-04 2.802375e-04
1.882530e-01 4.193410e-04 2.780908e-04
1.885238e-01 -3.518797e-04 2.777777e-04
1.887947e-01 -2.965890e-05 2.770649e-04
1.890655e-01 1.689699e-04 2.759456e-04
1.893363e-01 -3.885105e-04 2.771085e-04
1.896071e-01 -2.396610e-04 2.736820e-04
1.898779e-01 4.263185e-04 2.796913e-04
1.901487e-01 2.034009e-05 2.782150e-04
1.904195e-01 4.564989e-04 2.760841e-04
1.906904e-01 -8.678995e-05 2.820670e-04
1.909612e-01 3.238022e-05 2.734748e-04
1.912320e-01 -7.009134e-06 2.796630e-04
1.915028e-01 -3.136303e-04 2.764891e-04
1.917736e-01 2.601910e-04 2.786219e-04
1.920444e-01 7.331911e-04 2.769210e-04
1.923153e-01 1.163967e-05 2.781810e-04
1.925861e-01 -9.899959e-06 2.797360e-04
1.928569e-01 4.090369e-06 2.764551e-04
1.931277e-01 6.550923e-06 2.734964e-04
1.933985e-01 6.855838e-05 2.779588e-04
1.936693e-01 1.334958e-05 2.758457e-04
1.939401e-01 1.157410e-04 2.792033e-04
1.942109e-01 -3.735907e-05 2.755587e-04
1.944818e-01 8.031912e-05 2.776778e-04
1.947526e-01 3.547203e-04 2.784192e-04
1.950234e-01 -1.819301e-04 2.756795e-04
1.952942e-01 1.645293e-04 2.787338e-04
1.955650e-01 3.252607e-04 2.759659e-04
1.958358e-01 -2.025068e-05 2.744215e-04
1.961066e-01 4.541185e-04 2.771010e-04
1.963775e-01 4.397910e-04 2.782954e-04
1.966483e-01 -5.242713e-04 2.732444e-04
1.969191e-01 -1.762696e-04 2.754961e-04
1.971899e-01 2.911109e-04 2.778592e-04
1.974607e-01 -7.512048e-05 2.783539e-04
1.977315e-01 -6.002206e-04 2.764921e-04
1.980023e-01 3.920197e-04 2.749375e-04
1.982732e-01 6.493703e-04 2.770163e-04
1.985440e-01 3.880505e-04 2.813248e-04
1.988148e-01 -5.542114e-05 2.754052e-04
1.990856e-01 1.557302e-04 2.778711e-04
1.993564e-01 3.158208e-04 2.780329e-04
1.996272e-01 3.936905e-04 2.794326e-04
1.998980e-01 4.901011e-04 2.757833e-04
2.001689e-01 1.099091e-04 2.702063e-04
2.004397e-01 4.500803e-04 2.721899e-04
2.007105e-01 4.491508e-04 2.739931e-04
2.009813e-01 5.895812e-04 2.718031e-04
2.012521e-01 5.535502e-04 2.732084e-04
2.015229e-01 3.099311e-04 2.750450e-04
2.017937e-01 5.856603e-04 2.737285e-04
2.020646e-01 6.198883e-06 2.735041e-04
2.023354e-01 4.777294e-04 2.752052e-04
2.026062e-01 3.311783e-04 2.735761e-04
2.028770e-01 4.466511e-04 2.764965e-04
2.031478e-01 3.296807e-04 2.699504e-04
2.034186e-01 1.818500e-04 2.739945e-04
2.036894e-01 4.139096e-04 2.700424e-04
2.039603e-01 1.071207e-04 2.745543e-04
2.042311e-01 1.067031e-03 2.737817e-04
2.045019e-01 4.591905e-04 2.690103e-04
2.047727e-01 4.559103e-04 2.685140e-04
2.050435e-01 1.485292e-04 2.680817e-04
2.053143e-01 2.605487e-04 2.709040e-04
2.055852e-01 3.357194e-04 2.722527e-04
2.058560e-01 1.220439e-03 2.697301e-04
2.061268e-01 3.173705e-04 2.687338e-04
2.063976e-01 7.681213e-04 2.699618e-04
2.066684e-01 7.843971e-05 2.681342e-04
2.069392e-01 1.549702e-04 2.688576e-04
2.072100e-01 1.599304e-04 2.684768e-04
2.074808e-01 1.684912e-04 2.669878e-04
2.077517e-01 4.129186e-04 2.677417e-04
2.080225e-01 2.585389e-04 2.684435e-04
2.082933e-01 4.514307e-04 2.679290e-04
2.085641e-01 -9.266101e-05 2.680830e-04
2.088349e-01 -3.472511e-04 2.687612e-04
2.091057e-01 6.754994e-04 2.694777e-04
2.093765e-01 6.084200e-04 2.679544e-04
2.096474e-01 -3.320817e-04 2.679313e-04
2.099182e-01 6.552972e-05 2.694619e-04
2.101890e-01 2.790410e-04 2.700321e-04
2.104598e-01 6.983206e-04 2.682999e-04
2.107306e-01 1.455098e-04 2.670144e-04
2.110014e-01 5.144309e-04 2.687243e-04
2.112723e-01 1.227707e-04 2.684045e-04
2.115431e-01 6.220005e-04 2.681537e-04
2.118139e-01 4.235990e-04 2.691768e-04
2.120847e-01 4.382059e-05 2.666279e-04
2.123555e-01 7.452201e-04 2.717344e-04
2.126263e-01 6.693583e-04 2.657943e-04
2.128971e-01 1.768991e-04 2.663171e-04
2.131680e-01 6.684288e-04 2.660352e-04
2.134388e-01 6.307196e-04 2.681055e-04
2.137096e-01 4.121196e-04 2.688586e-04
2.139804e-01 1.299102e-04 2.674485e-04
2.142512e-01 1.933817e-04 2.684951e-04
2.145220e-01 9.829924e-05 2.706294e-04
2.147928e-01 3.859904e-04 2.694860e-04
2.150636e-01 1.432411e-04 2.680297e-04
2.153345e-01 4.503503e-04 2.669961e-04
2.156053e-01 1.873504e-04 2.684218e-04
2.158761e-01 -1.161490e-04 2.683571e-04
2.161469e-01 5.629417e-04 2.683618e-04
2.164177e-01 3.921408e-04 2.692946e-04
2.166885e-01 4.885290e-04 2.726211e-04
2.169593e-01 6.397907e-04 2.664315e-04
2.172302e-01 -5.117990e-05 2.688111e-04
2.175010e-01 7.308796e-04 2.656645e-04
2.177718e-01 5.226601e-04 2.688141e-04
2.180426e-01 4.634485e-04 2.699963e-04
2.183134e-01 2.320707e-04 2.666313e-04
2.185842e-01 1.710914e-04 2.682097e-04
2.188551e-01 6.673858e-05 2.653362e-04
2.191259e-01 2.437998e-04 2.668148e-04
2.193967e-01 4.304014e-05 2.636850e-04
2.196675e-01 5.853698e-04 2.639762e-04
2.199383e-01 2.340991e-04 2.659222e-04
2.202091e-01 4.144590e-04 2.671094e-04
2.204799e-01 1.296699e-04 2.646829e-04
2.207507e-01 1.014680e-03 2.663923e-04
2.210216e-01 7.020794e-04 2.642777e-04
2.212924e-01 1.805499e-04 2.629549e-04
2.215632e-01 9.125695e-04 2.638895e-04
2.218340e-01 2.708398e-04 2.643084e-04
2.221048e-01 2.403315e-04 2.627285e-04
2.223756e-01 1.239292e-04 2.626393e-04
2.226464e-01 1.172498e-04 2.646374e-04
2.229173e-01 4.854016e-04 2.616799e-04
2.231881e-01 4.156698e-04 2.614074e-04
2.234589e-01 -2.136696e-04 2.645906e-04
2.237297e-01 3.084391e-04 2.625357e-04
2.240005e-01 3.060903e-04 2.604321e-04
2.242713e-01 1.291800e-04 2.607717e-04
2.245422e-01 2.313592e-04 2.631128e-04
2.248130e-01 -1.637079e-05 2.657772e-04
2.250838e-01 3.343206e-04 2.608178e-04
2.253546e-01 7.377900e-04 2.633833e-04
2.256254e-01 5.121902e-04 2.635810e-04
2.258962e-01 5.216505e-04 2.634309e-04
2.261670e-01 1.652595e-04 2.746812e-04
2.264379e-01 1.280941e-05 2.787495e-04
2.267087e-01 4.790090e-04 2.817157e-04
2.269795e-01 2.729800e-04 2.878040e-04
2.272503e-01 -1.311302e-06 2.894632e-04
2.275211e-01 6.164983e-05 2.932220e-04
2.277919e-01 -1.217052e-05 2.942086e-04
2.280627e-01 -2.895296e-04 2.969526e-04
2.283335e-01 2.251398e-04 3.039150e-04
2.286044e-01 4.162099e-04 3.015538e-04
2.288752e-01 6.667506e-04 3.079272e-04
2.291460e-01 -7.670373e-06 3.090750e-04
2.294168e-01 -6.271154e-05 3.120017e-04
2.296876e-01 3.166199e-04 3.163071e-04
2.299584e-01 4.197285e-04 3.210821e-04
2.302293e-01 4.632697e-04 3.213428e-04
2.305001e-01 3.729947e-05 3.219856e-04
2.307709e-01 6.489009e-04 3.274348e-04
2.310417e-01 1.462009e-04 3.272798e-04
2.313125e-01 2.376307e-04 3.284245e-04
2.315833e-01 -2.794098e-04 3.313783e-04
2.318541e-01 9.395704e-04 3.368511e-04
2.321250e-01 1.218915e-05 3.422777e-04
2.323958e-01 1.240689e-04 3.415952e-04
2.326666e-01 8.983202e-04 3.455546e-04
2.329374e-01 7.492695e-04 3.540579e-04
2.332082e-01 9.712502e-04 3.502849e-04
2.334790e-01 3.373399e-04 3.516583e-04
2.337498e-01 3.227592e-04 3.581473e-04
2.340207e-01 5.720407e-04 3.598545e-04
2.342915e-01 1.337901e-04 3.633528e-04
2.345623e-01 -2.270900e-04 3.625358e-04
2.348331e-01 1.021609e-03 3.710404e-04
2.351039e-01 7.135998e-04 3.755993e-04
2.353747e-01 3.964100e-04 3.697276e-04
2.356455e-01 4.443284e-04 3.748292e-04
2.359163e-01 3.427602e-04 3.825180e-04
2.361872e-01 7.811002e-05 3.798695e-04
2.364580e-01 2.501085e-04 3.868329e-04
2.367288e-01 -5.130302e-04 3.894146e-04
2.369996e-01 4.108697e-04 3.937652e-04
2.372704e-01 2.051890e-04 3.972556e-04
2.375412e-01 1.004979e-03 3.994464e-04
2.378121e-01 1.470650e-03 4.022004e-04
2.380829e-01 8.114502e-04 4.103671e-04
2.383537e-01 -2.437811e-04 4.040737e-04
2.386245e-01 -5.977582e-04 4.169098e-04
2.388953e-01 -1.321919e-05 4.166843e-04
2.391661e-01 5.794801e-04 4.165043e-04
2.394369e-01 3.844798e-04 4.250882e-04
2.397078e-01 1.103850e-03 4.269139e-04
2.399786e-01 7.079896e-04 4.323727e-04
2.402494e-01 4.030690e-04 4.354484e-04
2.405202e-01 6.437898e-04 4.438668e-04
2.407910e-01 5.545896e-04 4.500612e-04
2.410618e-01 4.337095e-04 4.570742e-04
2.413326e-01 -2.896972e-05 4.551904e-04
2.416034e-01 -3.968887e-04 4.581109e-04
2.418743e-01 2.007112e-04 4.724128e-04
2.421451e-01 4.766285e-04 4.774058e-04
2.424159e-01 2.803188e-04 4.822291e-04
2.426867e-01 1.179840e-03 4.759836e-04
2.429575e-01 -5.649887e-04 4.872832e-04
2.432283e-01 6.536003e-04 5.008014e-04
2.434992e-01 8.060299e-04 5.026812e-04
2.437700e-01 3.702492e-04 5.066803e-04
2.440408e-01 3.744103e-05 5.087280e-04
2.443116e-01 -8.942112e-04 5.073269e-04
2.445824e-01 3.173091e-04 5.196786e-04
2.448532e-01 2.774615e-04 5.308485e-04
2.451240e-01 4.869383e-04 5.395337e-04
2.453949e-01 -1.947992e-04 5.498879e-04
2.456657e-01 -1.210906e-05 5.457965e-04
2.459365e-01 5.020015e-05 5.668877e-04
2.462073e-01 1.401100e-04 5.610654e-04
2.464781e-01 3.276803e-04 5.738203e-04
2.467489e-01 3.444497e-04 5.816541e-04
2.470197e-01 2.187099e-04 5.872625e-04
2.472906e-01 4.667901e-04 6.068714e-04
2.475614e-01 5.098488e-04 6.300219e-04
2.478322e-01 1.326092e-04 6.440336e-04
2.481030e-01 -1.840200e-04 6.267889e-04
2.483738e-01 7.127039e-05 6.389134e-04
2.486446e-01 -6.464310e-04 6.790070e-04
2.489154e-01 -1.061093e-04 6.819960e-04
2.491863e-01 -6.055608e-04 6.649878e-04
2.494571e-01 7.042307e-04 6.937517e-04
2.497279e-01 2.878606e-04 7.259962e-04
2.499987e-01 -6.956980e-05 7.429821e-04
2.502695e-01 -1.876600e-03 7.384530e-04
2.505403e-01 -2.302602e-04 7.823703e-04
2.508111e-01 -4.298389e-04 8.112619e-04
2.510819e-01 -1.293540e-03 8.289380e-04
2.513528e-01 -3.878083e-04 8.122150e-04
2.516236e-01 1.016231e-03 8.640596e-04
2.518944e-01 -2.818797e-04 8.843084e-04
2.521652e-01 -2.805907e-04 9.504879e-04
2.524360e-01 -1.133502e-03 9.200187e-04
2.527068e-01 6.159712e-04 9.435437e-04
2.529776e-01 1.074150e-03 1.004325e-03
2.532485e-01 -1.010690e-03 1.030064e-03
2.535193e-01 1.280440e-03 1.046163e-03
2.537901e-01 2.346002e-04 1.046489e-03
2.540609e-01 -6.998405e-04 1.042433e-03
2.543317e-01 -1.222709e-03 1.097771e-03
2.546025e-01 1.731820e-03 1.211857e-03
2.548733e-01 1.332199e-03 1.246645e-03
2.551441e-01 1.923980e-03 1.239971e-03
2.554150e-01 4.947111e-04 1.287260e-03
2.556858e-01 1.881640e-03 1.344351e-03
2.559566e-01 -6.450284e-04 1.504437e-03
2.562274e-01 7.508192e-04 1.620552e-03
2.564982e-01 -3.955308e-04 1.729276e-03
2.567690e-01 -2.141651e-03 1.759723e-03
2.570398e-01 -2.602350e-03 1.972944e-03
2.573107e-01 -2.732020e-03 2.323191e-03
2.575815e-01 -4.473571e-03 2.846100e-03
2.578523e-01 -1.888489e-03 3.934403e-03
2.581231e-01 -6.952411e-03 5.767047e-03
