3.286826e-03 9.871602e-01 0.000000e+00
3.557641e-03 1.294816e+00 9.213948e-02
3.828455e-03 1.292563e+00 5.624670e-02
4.099269e-03 1.276797e+00 4.201574e-02
4.370084e-03 1.267325e+00 3.159619e-02
4.640898e-03 1.264959e+00 2.197776e-02
4.911712e-03 1.232425e+00 1.854286e-02
5.182527e-03 1.221456e+00 1.493423e-02
5.453341e-03 1.220060e+00 1.386727e-02
5.724155e-03 1.214526e+00 1.094727e-02
5.994970e-03 1.181052e+00 9.835635e-03
6.265784e-03 1.175316e+00 8.510722e-03
6.536598e-03 1.179934e+00 7.116555e-03
6.807412e-03 1.167377e+00 6.754248e-03
7.078227e-03 1.156162e+00 5.980740e-03
7.349041e-03 1.149663e+00 5.532394e-03
7.619855e-03 1.124293e+00 4.944923e-03
7.890671e-03 1.118068e+00 4.527821e-03
8.161485e-03 1.097942e+00 4.435938e-03
8.432299e-03 1.087725e+00 4.091352e-03
8.703114e-03 1.073633e+00 3.811533e-03
8.973928e-03 1.063163e+00 3.629750e-03
9.244742e-03 1.058654e+00 3.471640e-03
9.515557e-03 1.036068e+00 3.331348e-03
9.786371e-03 1.023849e+00 3.259061e-03
1.005718e-02 1.012845e+00 3.106841e-03
1.032800e-02 9.935529e-01 2.967922e-03
1.059881e-02 9.813343e-01 2.887761e-03
1.086963e-02 9.698070e-01 2.820655e-03
1.114044e-02 9.487461e-01 2.696679e-03
1.141126e-02 9.334569e-01 2.666110e-03
1.168207e-02 9.182732e-01 2.581325e-03
1.195289e-02 9.101493e-01 2.544947e-03
1.222370e-02 8.853270e-01 2.395789e-03
1.249451e-02 8.682121e-01 2.349241e-03
1.276533e-02 8.571979e-01 2.300590e-03
1.303614e-02 8.428467e-01 2.205961e-03
1.330696e-02 8.244652e-01 2.170683e-03
1.357777e-02 8.081131e-01 2.119361e-03
1.384859e-02 7.897427e-01 2.065627e-03
1.411940e-02 7.780695e-01 1.974666e-03
1.439021e-02 7.575917e-01 1.932254e-03
1.466103e-02 7.407074e-01 1.911487e-03
1.493184e-02 7.245034e-01 1.873783e-03
1.520266e-02 7.107897e-01 1.815733e-03
1.547347e-02 6.928747e-01 1.767830e-03
1.574429e-02 6.768106e-01 1.715734e-03
1.601510e-02 6.624014e-01 1.700190e-03
1.628591e-02 6.457949e-01 1.665467e-03
1.655673e-02 6.302496e-01 1.594828e-03
1.682754e-02 6.149311e-01 1.563466e-03
1.709836e-02 5.996371e-01 1.528920e-03
1.736917e-02 5.837251e-01 1.521073e-03
1.763999e-02 5.654503e-01 1.464868e-03
1.791080e-02 5.527699e-01 1.419060e-03
1.818161e-02 5.372509e-01 1.444351e-03
1.845243e-02 5.253474e-01 1.432936e-03
1.872324e-02 5.090480e-01 1.398732e-03
1.899406e-02 4.969181e-01 1.360587e-03
1.926487e-02 4.812342e-01 1.368347e-03
1.953569e-02 4.670113e-01 1.347654e-03
1.980650e-02 4.557548e-01 1.326557e-03
2.007731e-02 4.408286e-01 1.310338e-03
2.034813e-02 4.290863e-01 1.289716e-03
2.061894e-02 4.148667e-01 1.272318e-03
2.088976e-02 4.036535e-01 1.232342e-03
2.116057e-02 3.897283e-01 1.215645e-03
2.143139e-02 3.767714e-01 1.192102e-03
2.170220e-02 3.630671e-01 1.182192e-03
2.197302e-02 3.529980e-01 1.157440e-03
2.224383e-02 3.407092e-01 1.117207e-03
2.251465e-02 3.300977e-01 1.105195e-03
2.278546e-02 3.185243e-01 1.034655e-03
2.305627e-02 3.065758e-01 1.047067e-03
2.332709e-02 2.967201e-01 1.013306e-03
2.359790e-02 2.881254e-01 9.824692e-04
2.386872e-02 2.764698e-01 9.723354e-04
2.413953e-02 2.672969e-01 9.230898e-04
2.441034e-02 2.572550e-01 9.117058e-04
2.468116e-02 2.483717e-01 9.048296e-04
2.495197e-02 2.395605e-01 8.788313e-04
2.522279e-02 2.291966e-01 8.700026e-04
2.549360e-02 2.207965e-01 8.214246e-04
2.576442e-02 2.129544e-01 8.085546e-04
2.603523e-02 2.025006e-01 7.931320e-04
2.630604e-02 1.970244e-01 7.837491e-04
2.657686e-02 1.884911e-01 7.701211e-04
2.684767e-02 1.801725e-01 7.398920e-04
2.711849e-02 1.735027e-01 7.277100e-04
2.738930e-02 1.663348e-01 7.159846e-04
2.766012e-02 1.600232e-01 6.970864e-04
2.793093e-02 1.531909e-01 6.841273e-04
2.820175e-02 1.443073e-01 6.532290e-04
2.847256e-02 1.397580e-01 6.401762e-04
2.874337e-02 1.339442e-01 6.312355e-04
2.901419e-02 1.281369e-01 6.042582e-04
2.928500e-02 1.229128e-01 5.962649e-04
2.955582e-02 1.178880e-01 5.875585e-04
2.982663e-02 1.121596e-01 5.805603e-04
3.009745e-02 1.068739e-01 5.648125e-04
3.036826e-02 1.017469e-01 5.468716e-04
3.063907e-02 9.830283e-02 5.420090e-04
3.090989e-02 9.377385e-02 5.361932e-04
3.118070e-02 8.828106e-02 5.227014e-04
3.145152e-02 8.431724e-02 5.049481e-04
3.172233e-02 8.092816e-02 5.011374e-04
3.199315e-02 7.677270e-02 4.940905e-04
3.226396e-02 7.372406e-02 4.861240e-04
3.253478e-02 6.990831e-02 4.798869e-04
3.280559e-02 6.634069e-02 4.649642e-04
3.307641e-02 6.365898e-02 4.617778e-04
3.334722e-02 6.094876e-02 4.528347e-04
3.361803e-02 5.734960e-02 4.417590e-04
3.388885e-02 5.477293e-02 4.323608e-04
3.415966e-02 5.210035e-02 4.282294e-04
3.443048e-02 4.982835e-02 4.256312e-04
3.470129e-02 4.751178e-02 4.135941e-04
3.497211e-02 4.477945e-02 4.089816e-04
3.524292e-02 4.264813e-02 3.943643e-04
3.551374e-02 4.073841e-02 3.949740e-04
3.578455e-02 3.830563e-02 3.927070e-04
3.605536e-02 3.658864e-02 3.842149e-04
3.632618e-02 3.481200e-02 3.796874e-04
3.659699e-02 3.260161e-02 3.720504e-04
3.686780e-02 3.163510e-02 3.688952e-04
3.713862e-02 2.898017e-02 3.575563e-04
3.740944e-02 2.822486e-02 3.573592e-04
3.768025e-02 2.759295e-02 3.510682e-04
3.795106e-02 2.619288e-02 3.467294e-04
3.822188e-02 2.429117e-02 3.464404e-04
3.849269e-02 2.309735e-02 3.346694e-04
3.876351e-02 2.100368e-02 3.331412e-04
3.903432e-02 2.079019e-02 3.323591e-04
3.930514e-02 2.028251e-02 3.295010e-04
3.957595e-02 1.961999e-02 3.271240e-04
3.984676e-02 1.835533e-02 3.210812e-04
4.011758e-02 1.818437e-02 3.201418e-04
4.038839e-02 1.747461e-02 3.183992e-04
4.065921e-02 1.614217e-02 3.141791e-04
4.093002e-02 1.619090e-02 3.146849e-04
4.120084e-02 1.419868e-02 3.053865e-04
4.147165e-02 1.468961e-02 3.073939e-04
4.174246e-02 1.413799e-02 3.075513e-04
4.201328e-02 1.393728e-02 3.008860e-04
4.228409e-02 1.311637e-02 3.015161e-04
4.255491e-02 1.323853e-02 2.962824e-04
4.282572e-02 1.247999e-02 2.994110e-04
4.309653e-02 1.193354e-02 2.912708e-04
4.336735e-02 1.132323e-02 2.906657e-04
4.363817e-02 1.061211e-02 2.900194e-04
4.390898e-02 1.136430e-02 2.921639e-04
4.417979e-02 1.077086e-02 2.873932e-04
4.445061e-02 9.648390e-03 2.841747e-04
4.472142e-02 1.067552e-02 2.822181e-04
4.499224e-02 1.056248e-02 2.842792e-04
4.526305e-02 1.012806e-02 2.823681e-04
4.553387e-02 1.004227e-02 2.777523e-04
4.580468e-02 9.949982e-03 2.756758e-04
4.607549e-02 9.828821e-03 2.800527e-04
4.634631e-02 9.660210e-03 2.721235e-04
4.661712e-02 9.358779e-03 2.763628e-04
4.688794e-02 9.521969e-03 2.733034e-04
4.715875e-02 8.893499e-03 2.729177e-04
4.742957e-02 9.249140e-03 2.710229e-04
4.770038e-02 8.921809e-03 2.689045e-04
4.797119e-02 8.768609e-03 2.680908e-04
4.824201e-02 9.418558e-03 2.674876e-04
4.851282e-02 8.817062e-03 2.674126e-04
4.878364e-02 8.772260e-03 2.663080e-04
4.905445e-02 8.792840e-03 2.639220e-04
4.932526e-02 9.153510e-03 2.645238e-04
4.959608e-02 8.481400e-03 2.625228e-04
4.986690e-02 9.121839e-03 2.617979e-04
5.013771e-02 8.837391e-03 2.590761e-04
5.040852e-02 8.714160e-03 2.619189e-04
5.067934e-02 8.695601e-03 2.604328e-04
5.095015e-02 8.937038e-03 2.563245e-04
5.122096e-02 8.697301e-03 2.590416e-04
5.149178e-02 8.060941e-03 2.567829e-04
5.176260e-02 8.196859e-03 2.570330e-04
5.203341e-02 8.436698e-03 2.571349e-04
5.230422e-02 8.749470e-03 2.528779e-04
5.257504e-02 8.713869e-03 2.542802e-04
5.284585e-02 7.928038e-03 2.519981e-04
5.311667e-02 9.115448e-03 2.545002e-04
5.338748e-02 8.798040e-03 2.568997e-04
5.365830e-02 8.545859e-03 2.540189e-04
5.392911e-02 8.279590e-03 2.569700e-04
5.419992e-02 8.693460e-03 2.576485e-04
5.447074e-02 8.369721e-03 2.559587e-04
5.474155e-02 8.178230e-03 2.597573e-04
5.501237e-02 7.951101e-03 2.630609e-04
5.528318e-02 8.941960e-03 2.676279e-04
5.555400e-02 8.036429e-03 2.659659e-04
5.582481e-02 8.161329e-03 2.668248e-04
5.609563e-02 8.321261e-03 2.709217e-04
5.636644e-02 7.889619e-03 2.714571e-04
5.663725e-02 8.018630e-03 2.750931e-04
5.690807e-02 8.065829e-03 2.739696e-04
5.717888e-02 7.889999e-03 2.698997e-04
5.744969e-02 7.870860e-03 2.722650e-04
5.772051e-02 8.117000e-03 2.733870e-04
5.799133e-02 8.118119e-03 2.716530e-04
5.826214e-02 7.710401e-03 2.734898e-04
5.853295e-02 7.980101e-03 2.750664e-04
5.880377e-02 7.564750e-03 2.769316e-04
5.907458e-02 7.754229e-03 2.760334e-04
5.934540e-02 7.665798e-03 2.739633e-04
5.961621e-02 7.579010e-03 2.747381e-04
5.988703e-02 7.908609e-03 2.777172e-04
6.015784e-02 7.509019e-03 2.748910e-04
6.042865e-02 7.131580e-03 2.754848e-04
6.069947e-02 7.372579e-03 2.697800e-04
6.097028e-02 7.652262e-03 2.717757e-04
6.124110e-02 7.000331e-03 2.642798e-04
6.151191e-02 6.968761e-03 2.674384e-04
6.178273e-02 6.463179e-03 2.647275e-04
6.205354e-02 6.980769e-03 2.640827e-04
6.232436e-02 6.680930e-03 2.624976e-04
6.259517e-02 7.074080e-03 2.611353e-04
6.286598e-02 6.886918e-03 2.600476e-04
6.313679e-02 6.580021e-03 2.624336e-04
6.340761e-02 6.836452e-03 2.572607e-04
6.367842e-02 6.689791e-03 2.595748e-04
6.394923e-02 6.113471e-03 2.580810e-04
6.422005e-02 6.836480e-03 2.612662e-04
6.449086e-02 6.147901e-03 2.587444e-04
6.476168e-02 6.182419e-03 2.528323e-04
6.503250e-02 6.296130e-03 2.556871e-04
6.530331e-02 6.580090e-03 2.546784e-04
6.557412e-02 5.612189e-03 2.552606e-04
6.584494e-02 5.960789e-03 2.550255e-04
6.611575e-02 5.695621e-03 2.554176e-04
6.638657e-02 5.480058e-03 2.544795e-04
6.665738e-02 5.921358e-03 2.523148e-04
6.692819e-02 5.568800e-03 2.518930e-04
6.719901e-02 5.999841e-03 2.521193e-04
6.746982e-02 5.562080e-03 2.517840e-04
6.774063e-02 5.688122e-03 2.518160e-04
6.801146e-02 5.473040e-03 2.482112e-04
6.828227e-02 5.474551e-03 2.482936e-04
6.855308e-02 5.018109e-03 2.521202e-04
6.882390e-02 5.271591e-03 2.504950e-04
6.909471e-02 4.986128e-03 2.489789e-04
6.936552e-02 5.050138e-03 2.441179e-04
6.963634e-02 4.984742e-03 2.476641e-04
6.990715e-02 5.032150e-03 2.486576e-04
7.017796e-02 4.545281e-03 2.412915e-04
7.044878e-02 5.063850e-03 2.447204e-04
7.071959e-02 4.624551e-03 2.440367e-04
7.099041e-02 4.829461e-03 2.434205e-04
7.126123e-02 4.890861e-03 2.409462e-04
7.153204e-02 4.646009e-03 2.417593e-04
7.180285e-02 4.701881e-03 2.419728e-04
7.207367e-02 4.815958e-03 2.415006e-04
7.234448e-02 4.261762e-03 2.405869e-04
7.261530e-02 4.586579e-03 2.446750e-04
7.288611e-02 4.204551e-03 2.373088e-04
7.315692e-02 4.238062e-03 2.405853e-04
7.342774e-02 4.087940e-03 2.408209e-04
7.369855e-02 4.376929e-03 2.392532e-04
7.396936e-02 3.919272e-03 2.404999e-04
7.424019e-02 4.173610e-03 2.393628e-04
7.451100e-02 3.599769e-03 2.382314e-04
7.478181e-02 4.021198e-03 2.360160e-04
7.505263e-02 4.182290e-03 2.364669e-04
7.532344e-02 4.632631e-03 2.411875e-04
7.559425e-02 3.794288e-03 2.350755e-04
7.586507e-02 3.471008e-03 2.373408e-04
7.613588e-02 3.929190e-03 2.339685e-04
7.640669e-02 3.776720e-03 2.325681e-04
7.667751e-02 3.873631e-03 2.365803e-04
7.694832e-02 3.878731e-03 2.349805e-04
7.721914e-02 3.656078e-03 2.335901e-04
7.748996e-02 3.871230e-03 2.330407e-04
7.776077e-02 3.588319e-03 2.329966e-04
7.803158e-02 3.323629e-03 2.349560e-04
7.830240e-02 3.841940e-03 2.326948e-04
7.857321e-02 3.588820e-03 2.322691e-04
7.884403e-02 3.806220e-03 2.347673e-04
7.911484e-02 3.822450e-03 2.312568e-04
7.938565e-02 3.554590e-03 2.338411e-04
7.965647e-02 3.371408e-03 2.294778e-04
7.992728e-02 3.442470e-03 2.303009e-04
8.019809e-02 3.530620e-03 2.300276e-04
8.046892e-02 3.709849e-03 2.271953e-04
8.073973e-02 3.220610e-03 2.300575e-04
8.101054e-02 3.584079e-03 2.290903e-04
8.128136e-02 3.757980e-03 2.296681e-04
8.155217e-02 2.903700e-03 2.265965e-04
8.182298e-02 3.276130e-03 2.279215e-04
8.209380e-02 3.449498e-03 2.277755e-04
8.236461e-02 3.365749e-03 2.282314e-04
8.263543e-02 3.181951e-03 2.261977e-04
8.290624e-02 3.485749e-03 2.278036e-04
8.317705e-02 3.305020e-03 2.257466e-04
8.344787e-02 3.724899e-03 2.268826e-04
8.371869e-02 3.217710e-03 2.274122e-04
8.398950e-02 3.333941e-03 2.261239e-04
8.426031e-02 2.808910e-03 2.258696e-04
8.453113e-02 3.202848e-03 2.248714e-04
8.480194e-02 3.251810e-03 2.260052e-04
8.507276e-02 3.286948e-03 2.252763e-04
8.534357e-02 3.207268e-03 2.232439e-04
8.561438e-02 3.140910e-03 2.229400e-04
8.588520e-02 2.710480e-03 2.218975e-04
8.615601e-02 3.332932e-03 2.211225e-04
8.642682e-02 3.275050e-03 2.234829e-04
8.669765e-02 3.058320e-03 2.208923e-04
8.696846e-02 3.339719e-03 2.223729e-04
8.723927e-02 3.187602e-03 2.201780e-04
8.751009e-02 3.298219e-03 2.210825e-04
8.778090e-02 2.786472e-03 2.200186e-04
8.805171e-02 2.926318e-03 2.197046e-04
8.832253e-02 2.970550e-03 2.202702e-04
8.859334e-02 3.070801e-03 2.203895e-04
8.886416e-02 2.993079e-03 2.196459e-04
8.913497e-02 3.021939e-03 2.191566e-04
8.940578e-02 3.198221e-03 2.193470e-04
8.967660e-02 3.078390e-03 2.187141e-04
8.994742e-02 3.054040e-03 2.185854e-04
9.021823e-02 2.793921e-03 2.166186e-04
9.048904e-02 2.966840e-03 2.179390e-04
9.075986e-02 3.017621e-03 2.173512e-04
9.103067e-02 3.086472e-03 2.160591e-04
9.130149e-02 2.803810e-03 2.148093e-04
9.157230e-02 2.663389e-03 2.156445e-04
9.184311e-02 2.830809e-03 2.180101e-04
9.211393e-02 3.058471e-03 2.149187e-04
9.238474e-02 2.687881e-03 2.154617e-04
9.265555e-02 3.096690e-03 2.167491e-04
9.292637e-02 2.678972e-03 2.140904e-04
9.319719e-02 3.094539e-03 2.160107e-04
9.346800e-02 2.765700e-03 2.144277e-04
9.373882e-02 2.696510e-03 2.147877e-04
9.400963e-02 3.032008e-03 2.125265e-04
9.428044e-02 2.922321e-03 2.150478e-04
9.455126e-02 2.529342e-03 2.146488e-04
9.482207e-02 2.879880e-03 2.137802e-04
9.509289e-02 2.532851e-03 2.144673e-04
9.536370e-02 2.779571e-03 2.149072e-04
9.563451e-02 2.668450e-03 2.130345e-04
9.590533e-02 2.666499e-03 2.130793e-04
9.617615e-02 2.766501e-03 2.120837e-04
9.644696e-02 2.763839e-03 2.126610e-04
9.671777e-02 2.359461e-03 2.112977e-04
9.698859e-02 2.410419e-03 2.103361e-04
9.725940e-02 2.526101e-03 2.120958e-04
9.753022e-02 2.170140e-03 2.096366e-04
9.780103e-02 2.620799e-03 2.109733e-04
9.807184e-02 2.254101e-03 2.095459e-04
9.834266e-02 2.284551e-03 2.089452e-04
9.861347e-02 2.385490e-03 2.112087e-04
9.888428e-02 2.769999e-03 2.072544e-04
9.915510e-02 2.573410e-03 2.106949e-04
9.942592e-02 3.046779e-03 2.085697e-04
9.969673e-02 2.602631e-03 2.099946e-04
9.996755e-02 2.450319e-03 2.089769e-04
1.002384e-01 2.795041e-03 2.069784e-04
1.005092e-01 2.646580e-03 2.075583e-04
1.007800e-01 1.931511e-03 2.049360e-04
1.010508e-01 2.779940e-03 2.096161e-04
1.013216e-01 2.391340e-03 2.065199e-04
1.015924e-01 2.323981e-03 2.055848e-04
1.018632e-01 1.712712e-03 2.078241e-04
1.021341e-01 2.776060e-03 2.062376e-04
1.024049e-01 2.137611e-03 2.078214e-04
1.026757e-01 2.357071e-03 2.052270e-04
1.029465e-01 2.265550e-03 2.055252e-04
1.032173e-01 2.581749e-03 2.067952e-04
1.034881e-01 2.677459e-03 2.055021e-04
1.037589e-01 2.625989e-03 2.057212e-04
1.040298e-01 2.155680e-03 2.039682e-04
1.043006e-01 2.097940e-03 2.049686e-04
1.045714e-01 2.118271e-03 2.042744e-04
1.048422e-01 2.357429e-03 2.030671e-04
1.051130e-01 2.070911e-03 2.032656e-04
1.053838e-01 2.345301e-03 2.042225e-04
1.056546e-01 2.402950e-03 2.038320e-04
1.059255e-01 2.599010e-03 2.032937e-04
1.061963e-01 2.325179e-03 2.025176e-04
1.064671e-01 2.678249e-03 2.033143e-04
1.067379e-01 2.370261e-03 2.029174e-04
1.070087e-01 2.085470e-03 2.047500e-04
1.072795e-01 2.005041e-03 2.002079e-04
1.075503e-01 2.090659e-03 2.021336e-04
1.078212e-01 1.975130e-03 2.006072e-04
1.080920e-01 1.752121e-03 1.990199e-04
1.083628e-01 2.361711e-03 2.017791e-04
1.086336e-01 2.269059e-03 2.013407e-04
1.089044e-01 2.268421e-03 2.003141e-04
1.091752e-01 2.067640e-03 1.999958e-04
1.094460e-01 2.209760e-03 1.986010e-04
1.097169e-01 2.209499e-03 2.001191e-04
1.099877e-01 1.771480e-03 1.984546e-04
1.102585e-01 2.295151e-03 2.001833e-04
1.105293e-01 2.212469e-03 2.027925e-04
1.108001e-01 1.947030e-03 2.038438e-04
1.110709e-01 1.562631e-03 2.055401e-04
1.113417e-01 2.096720e-03 2.056337e-04
1.116126e-01 2.013490e-03 2.076220e-04
1.118834e-01 1.908051e-03 2.069072e-04
1.121542e-01 1.847930e-03 2.084173e-04
1.124250e-01 1.894571e-03 2.111381e-04
1.126958e-01 1.984540e-03 2.101736e-04
1.129666e-01 1.875130e-03 2.119215e-04
1.132374e-01 2.049459e-03 2.158939e-04
1.135083e-01 2.072459e-03 2.175535e-04
1.137791e-01 1.668690e-03 2.167585e-04
1.140499e-01 2.058890e-03 2.184527e-04
1.143207e-01 1.722910e-03 2.218477e-04
1.145915e-01 1.947109e-03 2.217092e-04
1.148623e-01 1.852879e-03 2.225688e-04
1.151332e-01 1.792371e-03 2.239738e-04
1.154040e-01 1.941660e-03 2.247540e-04
1.156748e-01 1.694741e-03 2.261984e-04
1.159456e-01 2.209289e-03 2.292741e-04
1.162164e-01 2.157860e-03 2.284243e-04
1.164872e-01 2.076259e-03 2.277100e-04
1.167580e-01 1.727760e-03 2.318552e-04
1.170288e-01 1.847871e-03 2.319962e-04
1.172997e-01 1.441831e-03 2.313217e-04
1.175705e-01 1.394661e-03 2.320628e-04
1.178413e-01 1.360239e-03 2.352448e-04
1.181121e-01 1.368260e-03 2.329957e-04
1.183829e-01 1.983160e-03 2.269663e-04
1.186537e-01 1.924900e-03 2.285060e-04
1.189246e-01 1.771620e-03 2.261036e-04
1.191954e-01 1.380211e-03 2.254023e-04
1.194662e-01 2.264600e-03 2.267839e-04
1.197370e-01 1.566220e-03 2.238228e-04
1.200078e-01 1.778210e-03 2.265166e-04
1.202786e-01 2.258049e-03 2.250930e-04
1.205494e-01 1.634780e-03 2.250141e-04
1.208202e-01 1.551351e-03 2.250143e-04
1.210911e-01 1.612930e-03 2.232388e-04
1.213619e-01 1.935130e-03 2.247838e-04
1.216327e-01 2.227681e-03 2.253944e-04
1.219035e-01 1.509959e-03 2.244336e-04
1.221743e-01 1.770539e-03 2.246689e-04
1.224451e-01 1.628470e-03 2.242722e-04
1.227160e-01 1.108620e-03 2.266886e-04
1.229868e-01 1.706799e-03 2.238158e-04
1.232576e-01 1.493450e-03 2.240083e-04
1.235284e-01 2.065619e-03 2.259438e-04
1.237992e-01 1.722531e-03 2.222627e-04
1.240700e-01 1.659639e-03 2.252427e-04
1.243408e-01 1.781091e-03 2.247219e-04
1.246117e-01 1.559569e-03 2.245211e-04
1.248825e-01 1.419341e-03 2.242562e-04
1.251533e-01 1.504932e-03 2.222757e-04
1.254241e-01 1.822079e-03 2.231953e-04
1.256949e-01 1.631320e-03 2.204872e-04
1.259657e-01 1.394000e-03 2.204917e-04
1.262365e-01 1.881100e-03 2.219923e-04
1.265074e-01 1.515180e-03 2.205291e-04
1.267782e-01 1.556000e-03 2.215626e-04
1.270490e-01 1.837671e-03 2.209991e-04
1.273198e-01 1.930399e-03 2.215393e-04
1.275906e-01 2.316611e-03 2.201140e-04
1.278614e-01 1.728222e-03 2.198621e-04
1.281322e-01 1.704009e-03 2.200053e-04
1.284031e-01 1.561850e-03 2.193097e-04
1.286739e-01 1.571631e-03 2.202925e-04
1.289447e-01 1.644010e-03 2.186783e-04
1.292155e-01 1.558239e-03 2.186208e-04
1.294863e-01 1.463879e-03 2.175334e-04
1.297571e-01 1.653120e-03 2.178641e-04
1.300279e-01 1.514500e-03 2.163474e-04
1.302988e-01 1.430811e-03 2.168257e-04
1.305696e-01 1.633089e-03 2.187923e-04
1.308404e-01 1.065420e-03 2.164116e-04
1.311112e-01 1.755578e-03 2.190761e-04
1.313820e-01 1.182990e-03 2.159413e-04
1.316528e-01 1.277519e-03 2.162344e-04
1.319236e-01 1.531310e-03 2.174257e-04
1.321945e-01 9.313002e-04 2.152065e-04
1.324653e-01 1.094880e-03 2.173931e-04
1.327361e-01 1.535470e-03 2.157756e-04
1.330069e-01 1.566639e-03 2.158596e-04
1.332777e-01 1.332739e-03 2.161707e-04
1.335485e-01 1.797989e-03 2.137075e-04
1.338193e-01 1.430610e-03 2.178154e-04
1.340902e-01 1.050299e-03 2.128575e-04
1.343610e-01 1.641750e-03 2.160508e-04
1.346318e-01 1.187330e-03 2.138452e-04
1.349026e-01 1.280829e-03 2.134844e-04
1.351734e-01 1.381529e-03 2.158812e-04
1.354442e-01 1.384040e-03 2.140696e-04
1.357151e-01 9.802897e-04 2.151127e-04
1.359859e-01 1.232531e-03 2.130607e-04
1.362567e-01 1.207450e-03 2.116402e-04
1.365275e-01 1.109861e-03 2.142566e-04
1.367983e-01 1.279730e-03 2.120907e-04
1.370691e-01 1.422729e-03 2.149124e-04
1.373399e-01 1.493400e-03 2.148512e-04
1.376107e-01 1.560630e-03 2.176930e-04
1.378816e-01 1.687031e-03 2.207875e-04
1.381524e-01 1.362549e-03 2.196377e-04
1.384232e-01 1.847941e-03 2.233325e-04
1.386940e-01 1.137299e-03 2.210765e-04
1.389648e-01 1.589151e-03 2.257062e-04
1.392356e-01 1.654981e-03 2.271836e-04
1.395064e-01 1.839139e-03 2.277134e-04
1.397773e-01 1.226719e-03 2.296327e-04
1.400481e-01 1.342101e-03 2.279253e-04
1.403189e-01 1.920611e-03 2.304325e-04
1.405897e-01 8.939598e-04 2.309255e-04
1.408605e-01 1.169909e-03 2.292070e-04
1.411313e-01 1.155740e-03 2.337971e-04
1.414021e-01 1.221210e-03 2.292873e-04
1.416730e-01 1.509249e-03 2.360656e-04
1.419438e-01 1.531929e-03 2.339635e-04
1.422146e-01 1.069020e-03 2.364417e-04
1.424854e-01 1.021329e-03 2.342634e-04
1.427562e-01 1.408869e-03 2.347915e-04
1.430270e-01 1.184411e-03 2.338334e-04
1.432979e-01 1.300870e-03 2.338842e-04
1.435687e-01 1.384601e-03 2.356239e-04
1.438395e-01 1.753889e-03 2.370781e-04
1.441103e-01 1.043070e-03 2.383073e-04
1.443811e-01 1.189340e-03 2.394157e-04
1.446519e-01 9.347107e-04 2.378963e-04
1.449227e-01 1.122640e-03 2.417198e-04
1.451935e-01 1.424430e-03 2.377390e-04
1.454644e-01 1.422839e-03 2.401622e-04
1.457352e-01 1.755301e-03 2.425699e-04
1.460060e-01 5.139597e-04 2.414468e-04
1.462768e-01 1.303680e-03 2.436792e-04
1.465476e-01 1.143890e-03 2.417723e-04
1.468184e-01 1.433959e-03 2.469308e-04
1.470892e-01 1.444820e-03 2.448808e-04
1.473601e-01 1.587439e-03 2.436538e-04
1.476309e-01 1.140131e-03 2.447508e-04
1.479017e-01 1.390111e-03 2.438907e-04
1.481725e-01 1.126569e-03 2.459532e-04
1.484433e-01 1.285849e-03 2.426815e-04
1.487141e-01 1.079850e-03 2.447027e-04
1.489850e-01 1.330620e-03 2.445679e-04
1.492558e-01 1.418348e-03 2.445873e-04
1.495266e-01 1.652131e-03 2.452240e-04
1.497974e-01 8.869004e-04 2.411788e-04
1.500682e-01 1.123041e-03 2.442548e-04
1.503390e-01 1.048619e-03 2.416996e-04
1.506098e-01 9.993892e-04 2.430192e-04
1.508806e-01 7.681791e-04 2.415555e-04
1.511515e-01 1.289699e-03 2.406642e-04
1.514223e-01 9.859391e-04 2.441961e-04
1.516931e-01 1.242079e-03 2.439120e-04
1.519639e-01 1.530811e-03 2.430176e-04
1.522347e-01 1.072090e-03 2.447580e-04
1.525055e-01 1.177941e-03 2.446016e-04
1.527763e-01 1.214590e-03 2.461093e-04
1.530472e-01 7.490907e-04 2.414897e-04
1.533180e-01 1.075780e-03 2.441959e-04
1.535888e-01 1.460850e-03 2.460071e-04
1.538596e-01 1.117440e-03 2.435411e-04
1.541304e-01 1.091179e-03 2.450729e-04
1.544012e-01 1.192480e-03 2.421688e-04
1.546721e-01 8.584596e-04 2.457260e-04
1.549429e-01 1.124170e-03 2.446984e-04
1.552137e-01 1.223331e-03 2.446829e-04
1.554845e-01 1.100941e-03 2.417997e-04
1.557553e-01 9.619500e-04 2.440899e-04
1.560261e-01 9.627286e-04 2.471959e-04
1.562969e-01 8.162502e-04 2.445321e-04
1.565678e-01 1.274010e-03 2.443682e-04
1.568386e-01 1.317710e-03 2.454232e-04
1.571094e-01 1.427991e-03 2.457881e-04
1.573802e-01 1.251439e-03 2.473792e-04
1.576510e-01 1.378970e-03 2.430490e-04
1.579218e-01 9.832215e-04 2.453815e-04
1.581926e-01 9.994786e-04 2.438025e-04
1.584634e-01 1.099661e-03 2.436814e-04
1.587343e-01 9.592306e-04 2.467232e-04
1.590051e-01 1.017900e-03 2.438448e-04
1.592759e-01 9.786114e-04 2.439064e-04
1.595467e-01 7.618293e-04 2.434291e-04
1.598175e-01 6.761607e-04 2.418782e-04
1.600883e-01 8.698292e-04 2.412709e-04
1.603591e-01 1.181871e-03 2.447045e-04
1.606300e-01 1.610242e-03 2.443737e-04
1.609008e-01 1.359399e-03 2.420439e-04
1.611716e-01 1.069110e-03 2.398543e-04
1.614424e-01 5.799700e-04 2.415915e-04
1.617132e-01 9.144600e-04 2.411571e-04
1.619840e-01 3.878400e-04 2.396756e-04
1.622549e-01 7.529594e-04 2.420822e-04
1.625257e-01 8.358397e-04 2.428748e-04
1.627965e-01 1.185870e-03 2.420503e-04
1.630673e-01 1.272051e-03 2.418342e-04
1.633381e-01 1.555590e-03 2.427783e-04
1.636089e-01 1.115361e-03 2.425667e-04
1.638797e-01 8.028001e-04 2.426930e-04
1.641506e-01 1.031701e-03 2.400696e-04
1.644214e-01 9.366907e-04 2.427417e-04
1.646922e-01 7.508006e-04 2.425073e-04
1.649630e-01 9.405408e-04 2.414660e-04
1.652338e-01 8.748509e-04 2.426787e-04
1.655046e-01 7.592589e-04 2.427877e-04
1.657754e-01 1.128169e-03 2.417538e-04
1.660462e-01 8.830298e-04 2.446827e-04
1.663171e-01 1.053311e-03 2.426721e-04
1.665879e-01 7.118601e-04 2.418764e-04
1.668587e-01 1.077360e-03 2.410415e-04
1.671295e-01 7.191990e-04 2.435390e-04
1.674003e-01 1.200279e-03 2.434159e-04
1.676711e-01 3.814492e-04 2.501007e-04
1.679420e-01 1.410270e-03 2.560865e-04
1.682128e-01 6.299987e-04 2.565147e-04
1.684836e-01 9.594392e-04 2.614453e-04
1.687544e-01 8.604489e-04 2.638175e-04
1.690252e-01 1.281479e-03 2.678992e-04
1.692960e-01 1.080859e-03 2.629886e-04
1.695668e-01 7.908810e-04 2.691838e-04
1.698377e-01 1.393210e-03 2.700595e-04
1.701085e-01 8.318517e-04 2.733176e-04
1.703793e-01 1.432890e-03 2.762626e-04
1.706501e-01 6.802585e-04 2.760571e-04
1.709209e-01 1.032051e-03 2.788678e-04
1.711917e-01 9.457301e-04 2.783666e-04
1.714625e-01 1.045721e-03 2.821480e-04
1.717333e-01 1.093321e-03 2.864738e-04
1.720042e-01 8.984692e-04 2.858093e-04
1.722750e-01 9.151418e-04 2.909949e-04
1.725458e-01 9.039100e-04 2.898955e-04
1.728166e-01 9.237602e-04 2.878638e-04
1.730874e-01 9.903200e-04 2.933286e-04
1.733582e-01 1.285620e-03 2.963240e-04
1.736291e-01 6.974600e-04 3.005078e-04
1.738999e-01 1.135679e-03 2.960924e-04
1.741707e-01 1.145501e-03 3.057319e-04
1.744415e-01 1.363760e-03 3.033239e-04
1.747123e-01 6.739404e-04 3.031869e-04
1.749831e-01 1.086770e-03 2.937203e-04
1.752539e-01 1.203241e-03 2.849430e-04
1.755248e-01 1.248889e-03 2.874828e-04
1.757956e-01 8.535385e-04 2.797614e-04
1.760664e-01 9.105485e-04 2.852297e-04
1.763372e-01 3.528893e-04 2.804437e-04
1.766080e-01 7.069502e-04 2.818419e-04
1.768788e-01 1.028640e-03 2.825509e-04
1.771496e-01 1.159100e-03 2.747950e-04
1.774205e-01 2.547391e-04 2.758753e-04
1.776913e-01 1.577450e-03 2.767154e-04
1.779621e-01 9.202715e-04 2.767312e-04
1.782329e-01 1.068460e-03 2.741697e-04
1.785037e-01 1.262179e-03 2.696058e-04
1.787745e-01 9.602495e-04 2.727462e-04
1.790453e-01 1.338949e-03 2.704658e-04
1.793161e-01 9.095315e-04 2.724677e-04
1.795870e-01 1.231361e-03 2.682576e-04
1.798578e-01 1.206489e-03 2.679135e-04
1.801286e-01 7.561687e-04 2.692429e-04
1.803994e-01 9.236503e-04 2.657973e-04
1.806702e-01 9.158291e-04 2.659072e-04
1.809410e-01 1.001630e-03 2.638935e-04
1.812119e-01 5.602296e-04 2.617262e-04
1.814827e-01 6.727185e-04 2.613163e-04
1.817535e-01 5.807299e-04 2.617670e-04
1.820243e-01 5.324204e-04 2.614058e-04
1.822951e-01 1.009161e-03 2.650378e-04
1.825659e-01 1.164859e-03 2.614766e-04
1.828367e-01 6.272197e-04 2.647994e-04
1.831076e-01 1.074979e-03 2.592227e-04
1.833784e-01 1.302741e-03 2.630525e-04
1.836492e-01 9.028502e-04 2.603664e-04
1.839200e-01 1.288431e-03 2.618298e-04
1.841908e-01 2.277587e-04 2.612522e-04
1.844616e-01 7.869303e-04 2.645627e-04
1.847324e-01 7.582605e-04 2.641189e-04
1.850033e-01 4.677810e-04 2.608934e-04
1.852741e-01 6.064214e-04 2.611059e-04
1.855449e-01 7.900298e-04 2.600011e-04
1.858157e-01 5.803294e-04 2.639483e-04
1.860865e-01 4.589707e-04 2.620510e-04
1.863573e-01 9.250902e-04 2.571101e-04
1.866281e-01 1.017921e-03 2.590333e-04
1.868990e-01 9.009782e-04 2.608143e-04
1.871698e-01 1.197971e-03 2.630130e-04
1.874406e-01 9.181295e-04 2.626803e-04
1.877114e-01 8.830801e-04 2.586438e-04
1.879822e-01 9.438004e-04 2.622498e-04
1.882530e-01 1.160150e-03 2.577763e-04
1.885238e-01 9.257402e-04 2.605041e-04
1.887947e-01 8.219611e-04 2.602334e-04
1.890655e-01 8.820798e-04 2.597301e-04
1.893363e-01 1.098609e-03 2.604426e-04
1.896071e-01 6.076004e-04 2.578926e-04
1.898779e-01 1.119170e-03 2.631971e-04
1.901487e-01 8.816812e-04 2.583030e-04
1.904195e-01 1.141921e-03 2.590882e-04
1.906904e-01 7.929988e-04 2.617239e-04
1.909612e-01 7.282700e-04 2.565869e-04
1.912320e-01 9.625386e-04 2.618498e-04
1.915028e-01 7.563196e-04 2.574089e-04
1.917736e-01 5.665999e-04 2.584102e-04
1.920444e-01 8.928999e-04 2.574107e-04
1.923153e-01 6.530900e-04 2.574723e-04
1.925861e-01 1.007961e-03 2.621568e-04
1.928569e-01 8.875597e-04 2.567439e-04
1.931277e-01 3.883895e-04 2.587001e-04
1.933985e-01 6.197691e-04 2.584514e-04
1.936693e-01 1.026280e-03 2.580473e-04
1.939401e-01 5.845502e-04 2.581380e-04
1.942109e-01 8.367114e-04 2.573812e-04
1.944818e-01 6.131195e-04 2.581253e-04
1.947526e-01 1.099829e-03 2.586996e-04
1.950234e-01 1.010099e-03 2.555883e-04
1.952942e-01 3.519803e-04 2.591168e-04
1.955650e-01 8.461997e-04 2.582895e-04
1.958358e-01 5.933587e-04 2.578294e-04
1.961066e-01 4.085600e-04 2.593753e-04
1.963775e-01 5.571209e-04 2.587960e-04
1.966483e-01 7.301811e-04 2.565019e-04
1.969191e-01 1.022020e-03 2.560550e-04
1.971899e-01 1.132550e-03 2.597112e-04
1.974607e-01 1.024561e-03 2.570315e-04
1.977315e-01 3.356095e-04 2.572276e-04
1.980023e-01 5.969591e-04 2.552516e-04
1.982732e-01 8.112509e-04 2.593075e-04
1.985440e-01 6.381702e-04 2.585489e-04
1.988148e-01 8.634701e-04 2.560839e-04
1.990856e-01 6.321687e-04 2.577312e-04
1.993564e-01 6.879512e-04 2.567450e-04
1.996272e-01 1.154721e-03 2.600239e-04
1.998980e-01 1.082581e-03 2.594587e-04
2.001689e-01 9.694695e-04 2.551158e-04
2.004397e-01 7.299799e-04 2.538608e-04
2.007105e-01 7.193815e-04 2.538279e-04
2.009813e-01 4.398711e-04 2.546567e-04
2.012521e-01 8.898787e-04 2.540735e-04
2.015229e-01 7.213801e-04 2.552001e-04
2.017937e-01 1.148451e-03 2.554315e-04
2.020646e-01 7.615201e-04 2.545512e-04
2.023354e-01 1.256270e-03 2.544276e-04
2.026062e-01 1.060879e-03 2.508127e-04
2.028770e-01 6.583203e-04 2.551235e-04
2.031478e-01 1.398399e-04 2.545461e-04
2.034186e-01 9.716302e-04 2.536348e-04
2.036894e-01 1.250561e-03 2.549821e-04
2.039603e-01 4.533213e-04 2.523294e-04
2.042311e-01 1.090260e-03 2.552436e-04
2.045019e-01 1.279730e-03 2.541828e-04
2.047727e-01 7.650796e-04 2.505030e-04
2.050435e-01 8.467101e-04 2.519287e-04
2.053143e-01 7.063299e-04 2.531041e-04
2.055852e-01 5.528200e-04 2.526221e-04
2.058560e-01 2.858099e-04 2.511842e-04
2.061268e-01 4.214197e-04 2.510366e-04
2.063976e-01 3.816802e-04 2.515784e-04
2.066684e-01 3.374014e-04 2.510270e-04
2.069392e-01 9.858795e-04 2.495833e-04
2.072100e-01 9.088796e-04 2.494100e-04
2.074808e-01 6.377604e-04 2.518749e-04
2.077517e-01 8.540694e-04 2.493827e-04
2.080225e-01 3.934894e-04 2.498725e-04
2.082933e-01 6.783791e-04 2.481214e-04
2.085641e-01 1.178371e-03 2.499079e-04
2.088349e-01 1.270590e-03 2.505620e-04
2.091057e-01 6.256998e-04 2.494473e-04
2.093765e-01 1.261180e-03 2.496137e-04
2.096474e-01 1.473699e-03 2.487917e-04
2.099182e-01 7.019900e-04 2.527930e-04
2.101890e-01 7.000808e-04 2.488005e-04
2.104598e-01 1.061060e-03 2.503610e-04
2.107306e-01 8.152500e-04 2.490230e-04
2.110014e-01 9.448901e-04 2.488220e-04
2.112723e-01 8.771811e-04 2.494804e-04
2.115431e-01 2.649892e-04 2.472449e-04
2.118139e-01 9.897202e-04 2.504535e-04
2.120847e-01 7.449295e-04 2.506227e-04
2.123555e-01 5.915910e-04 2.530252e-04
2.126263e-01 6.803088e-04 2.469379e-04
2.128971e-01 6.261207e-04 2.504803e-04
2.131680e-01 2.459083e-04 2.496454e-04
2.134388e-01 4.108790e-04 2.489052e-04
2.137096e-01 6.369110e-04 2.489483e-04
2.139804e-01 8.334108e-04 2.492745e-04
2.142512e-01 1.074230e-03 2.506262e-04
2.145220e-01 1.349412e-04 2.496459e-04
2.147928e-01 4.454684e-04 2.491137e-04
2.150636e-01 5.829502e-04 2.504159e-04
2.153345e-01 9.533912e-04 2.484987e-04
2.156053e-01 6.678011e-04 2.504193e-04
2.158761e-01 4.328992e-04 2.521111e-04
2.161469e-01 4.769508e-04 2.483469e-04
2.164177e-01 7.485617e-04 2.491792e-04
2.166885e-01 1.788605e-04 2.508073e-04
2.169593e-01 4.817303e-04 2.509453e-04
2.172302e-01 1.090970e-03 2.515489e-04
2.175010e-01 5.106200e-04 2.488395e-04
2.177718e-01 7.572789e-04 2.508869e-04
2.180426e-01 7.856898e-04 2.503302e-04
2.183134e-01 3.666002e-04 2.468750e-04
2.185842e-01 6.944500e-04 2.495064e-04
2.188551e-01 5.067904e-04 2.493090e-04
2.191259e-01 6.578006e-04 2.492285e-04
2.193967e-01 1.269661e-03 2.476525e-04
2.196675e-01 6.301198e-04 2.463091e-04
2.199383e-01 8.932501e-04 2.469635e-04
2.202091e-01 9.803697e-04 2.462351e-04
2.204799e-01 7.114913e-04 2.463485e-04
2.207507e-01 5.106293e-04 2.479390e-04
2.210216e-01 4.916117e-04 2.451999e-04
2.212924e-01 1.073301e-03 2.469836e-04
2.215632e-01 5.671009e-04 2.470632e-04
2.218340e-01 7.544700e-04 2.448541e-04
2.221048e-01 8.412506e-04 2.455111e-04
2.223756e-01 5.688109e-04 2.430968e-04
2.226464e-01 9.124707e-04 2.464335e-04
2.229173e-01 5.296990e-04 2.452893e-04
2.231881e-01 9.533893e-04 2.412734e-04
2.234589e-01 1.011491e-03 2.416558e-04
2.237297e-01 8.214507e-04 2.440430e-04
2.240005e-01 6.867703e-04 2.471808e-04
2.242713e-01 7.924605e-04 2.428324e-04
2.245422e-01 7.791594e-04 2.447020e-04
2.248130e-01 1.075570e-03 2.465234e-04
2.250838e-01 9.579901e-04 2.424076e-04
2.253546e-01 4.995503e-04 2.438751e-04
2.256254e-01 5.134307e-04 2.466024e-04
2.258962e-01 5.493313e-04 2.443946e-04
2.261670e-01 7.383116e-04 2.518021e-04
2.264379e-01 5.062893e-04 2.590931e-04
2.267087e-01 8.151904e-04 2.638104e-04
2.269795e-01 4.827604e-04 2.664352e-04
2.272503e-01 5.080197e-04 2.696119e-04
2.275211e-01 6.649401e-04 2.703617e-04
2.277919e-01 1.220033e-05 2.719444e-04
2.280627e-01 4.866514e-04 2.749827e-04
2.283335e-01 5.323496e-04 2.823808e-04
2.286044e-01 8.086395e-04 2.807247e-04
2.288752e-01 5.402304e-04 2.858436e-04
2.291460e-01 1.238480e-03 2.906860e-04
2.294168e-01 7.362701e-04 2.924590e-04
2.296876e-01 6.195791e-04 2.891880e-04
2.299584e-01 9.258017e-04 2.939276e-04
2.302293e-01 3.257692e-04 2.970653e-04
2.305001e-01 1.885910e-04 3.030104e-04
2.307709e-01 1.627803e-04 3.002982e-04
2.310417e-01 7.706303e-04 3.051367e-04
2.313125e-01 7.025488e-04 3.110988e-04
2.315833e-01 3.180299e-04 3.128863e-04
2.318541e-01 2.916995e-04 3.150212e-04
2.321250e-01 1.107421e-03 3.171833e-04
2.323958e-01 8.500889e-04 3.181271e-04
2.326666e-01 5.080793e-04 3.209162e-04
2.329374e-01 3.377087e-04 3.286772e-04
2.332082e-01 6.229486e-04 3.220749e-04
2.334790e-01 6.576292e-04 3.257908e-04
2.337498e-01 1.026319e-03 3.319096e-04
2.340207e-01 8.171014e-04 3.383435e-04
2.342915e-01 5.648006e-04 3.398586e-04
2.345623e-01 8.705072e-05 3.384533e-04
2.348331e-01 3.426298e-04 3.380563e-04
2.351039e-01 1.949202e-04 3.440289e-04
2.353747e-01 4.525706e-04 3.470741e-04
2.356455e-01 9.697899e-04 3.519700e-04
2.359163e-01 1.124969e-03 3.497778e-04
2.361872e-01 4.632100e-04 3.560278e-04
2.364580e-01 1.410870e-03 3.599246e-04
2.367288e-01 4.742704e-04 3.588415e-04
2.369996e-01 6.908011e-04 3.665904e-04
2.372704e-01 -3.824010e-05 3.724118e-04
2.375412e-01 1.015520e-03 3.730315e-04
2.378121e-01 9.595510e-04 3.795369e-04
2.380829e-01 9.962004e-04 3.782801e-04
2.383537e-01 1.373198e-04 3.823358e-04
2.386245e-01 2.155993e-04 3.882853e-04
2.388953e-01 1.872201e-04 3.851200e-04
2.391661e-01 8.484293e-04 3.919929e-04
2.394369e-01 4.979707e-04 3.900138e-04
2.397078e-01 1.061389e-03 4.004459e-04
2.399786e-01 3.931187e-04 4.056792e-04
2.402494e-01 6.008595e-04 4.131436e-04
2.405202e-01 1.144649e-03 4.125753e-04
2.407910e-01 6.956309e-04 4.156229e-04
2.410618e-01 1.192210e-03 4.273223e-04
2.413326e-01 8.279700e-04 4.268769e-04
2.416034e-01 5.660802e-04 4.259300e-04
2.418743e-01 1.539020e-03 4.363649e-04
2.421451e-01 1.334511e-04 4.377059e-04
2.424159e-01 3.981702e-04 4.452686e-04
2.426867e-01 1.757490e-03 4.458965e-04
2.429575e-01 6.850902e-04 4.556529e-04
2.432283e-01 1.248609e-03 4.683611e-04
2.434992e-01 4.947297e-04 4.565493e-04
2.437700e-01 4.223287e-04 4.654124e-04
2.440408e-01 4.644413e-04 4.757870e-04
2.443116e-01 1.319703e-04 4.890354e-04
2.445824e-01 1.903996e-05 4.857290e-04
2.448532e-01 4.360992e-04 5.005468e-04
2.451240e-01 5.209707e-04 5.113687e-04
2.453949e-01 8.319002e-04 5.063370e-04
2.456657e-01 2.623796e-04 5.178263e-04
2.459365e-01 7.817205e-04 5.271723e-04
2.462073e-01 1.503522e-03 5.225470e-04
2.464781e-01 1.414251e-03 5.417093e-04
2.467489e-01 1.715800e-03 5.601147e-04
2.470197e-01 6.204396e-04 5.513422e-04
2.472906e-01 1.321830e-03 5.648724e-04
2.475614e-01 5.609915e-05 5.781683e-04
2.478322e-01 -3.636815e-04 5.931595e-04
2.481030e-01 9.139013e-04 5.888106e-04
2.483738e-01 -2.337899e-04 5.927805e-04
2.486446e-01 2.572760e-03 6.157350e-04
2.489154e-01 2.091490e-04 6.334500e-04
2.491863e-01 1.185060e-03 6.309805e-04
2.494571e-01 6.761700e-04 6.467839e-04
2.497279e-01 4.792009e-04 6.729416e-04
2.499987e-01 5.683415e-04 7.127433e-04
2.502695e-01 1.654150e-03 7.192520e-04
2.505403e-01 1.001850e-03 7.228916e-04
2.508111e-01 5.632509e-04 7.326371e-04
2.510819e-01 -4.050005e-04 7.737809e-04
2.513528e-01 8.814801e-04 7.742963e-04
2.516236e-01 8.498095e-04 8.147481e-04
2.518944e-01 4.360899e-04 8.294099e-04
2.521652e-01 1.357159e-03 8.940821e-04
2.524360e-01 1.180761e-03 9.134850e-04
2.527068e-01 5.920306e-04 8.705142e-04
2.529776e-01 1.175681e-03 9.263928e-04
2.532485e-01 1.104930e-03 9.742166e-04
2.535193e-01 4.544500e-04 9.828301e-04
2.537901e-01 2.406610e-03 1.000033e-03
2.540609e-01 8.485503e-04 9.857525e-04
2.543317e-01 -1.151050e-03 1.001805e-03
2.546025e-01 -2.757410e-03 1.073210e-03
2.548733e-01 1.008840e-03 1.130576e-03
2.551441e-01 -2.100870e-03 1.141160e-03
2.554150e-01 3.645651e-03 1.235133e-03
2.556858e-01 2.783839e-03 1.228430e-03
2.559566e-01 -7.701814e-04 1.365360e-03
2.562274e-01 2.403801e-03 1.444125e-03
2.564982e-01 2.104171e-03 1.545263e-03
2.567690e-01 -8.952301e-04 1.682806e-03
2.570398e-01 1.814570e-03 1.924895e-03
2.573107e-01 -1.334760e-03 1.974305e-03
2.575815e-01 -2.594601e-03 2.564109e-03
2.578523e-01 -6.453134e-05 3.196078e-03
2.581231e-01 4.788371e-03 4.289499e-03
