3.286826e-03 2.843887e+01 0.000000e+00
3.557641e-03 3.447535e+01 6.034649e-01
3.828455e-03 3.056446e+01 3.510604e-01
4.099269e-03 2.699331e+01 2.714319e-01
4.370084e-03 2.377406e+01 2.089953e-01
4.640898e-03 2.083290e+01 1.473676e-01
4.911712e-03 1.836288e+01 1.318489e-01
5.182527e-03 1.630461e+01 1.064878e-01
5.453341e-03 1.474362e+01 1.008143e-01
5.724155e-03 1.321644e+01 7.688856e-02
5.994970e-03 1.207076e+01 7.246457e-02
6.265784e-03 1.092622e+01 6.355557e-02
6.536598e-03 9.923238e+00 5.126865e-02
6.807412e-03 9.019793e+00 4.883304e-02
7.078227e-03 8.238706e+00 4.083845e-02
7.349041e-03 7.573565e+00 3.604359e-02
7.619855e-03 6.880876e+00 3.348206e-02
7.890671e-03 6.295959e+00 2.984854e-02
8.161485e-03 5.721646e+00 2.609266e-02
8.432299e-03 5.270349e+00 2.376115e-02
8.703114e-03 4.847782e+00 2.172534e-02
8.973928e-03 4.435093e+00 1.959501e-02
9.244742e-03 4.078630e+00 1.833021e-02
9.515557e-03 3.740571e+00 1.652487e-02
9.786371e-03 3.437852e+00 1.547902e-02
1.005718e-02 3.188175e+00 1.437610e-02
1.032800e-02 2.922581e+00 1.249479e-02
1.059881e-02 2.677809e+00 1.204249e-02
1.086963e-02 2.468643e+00 1.102646e-02
1.114044e-02 2.266315e+00 9.642354e-03
1.141126e-02 2.086847e+00 9.416516e-03
1.168207e-02 1.913996e+00 8.240147e-03
1.195289e-02 1.754439e+00 7.715578e-03
1.222370e-02 1.609829e+00 7.433302e-03
1.249451e-02 1.484829e+00 6.817118e-03
1.276533e-02 1.357813e+00 6.359799e-03
1.303614e-02 1.239849e+00 5.877724e-03
1.330696e-02 1.139140e+00 5.516392e-03
1.357777e-02 1.048424e+00 5.218819e-03
1.384859e-02 9.638726e-01 4.860651e-03
1.411940e-02 8.777023e-01 4.315042e-03
1.439021e-02 8.102771e-01 4.046893e-03
1.466103e-02 7.385972e-01 3.865028e-03
1.493184e-02 6.725334e-01 3.693976e-03
1.520266e-02 6.189505e-01 3.415137e-03
1.547347e-02 5.608798e-01 3.195049e-03
1.574429e-02 5.118269e-01 3.005450e-03
1.601510e-02 4.666126e-01 2.827358e-03
1.628591e-02 4.281382e-01 2.692840e-03
1.655673e-02 3.894604e-01 2.582877e-03
1.682754e-02 3.557867e-01 2.328439e-03
1.709836e-02 3.267741e-01 2.207688e-03
1.736917e-02 2.941582e-01 2.140369e-03
1.763999e-02 2.683177e-01 1.960806e-03
1.791080e-02 2.457426e-01 1.909554e-03
1.818161e-02 2.181138e-01 1.800896e-03
1.845243e-02 1.979036e-01 1.748196e-03
1.872324e-02 1.823902e-01 1.665616e-03
1.899406e-02 1.651875e-01 1.607961e-03
1.926487e-02 1.530164e-01 1.533884e-03
1.953569e-02 1.352604e-01 1.472169e-03
1.980650e-02 1.256071e-01 1.420318e-03
2.007731e-02 1.129328e-01 1.347418e-03
2.034813e-02 1.033661e-01 1.295711e-03
2.061894e-02 9.267172e-02 1.284656e-03
2.088976e-02 8.421695e-02 1.184641e-03
2.116057e-02 7.579530e-02 1.150857e-03
2.143139e-02 7.061474e-02 1.117976e-03
2.170220e-02 6.323999e-02 1.076303e-03
2.197302e-02 5.761093e-02 1.049435e-03
2.224383e-02 5.120409e-02 1.007479e-03
2.251465e-02 4.706711e-02 9.702851e-04
2.278546e-02 4.351688e-02 9.177452e-04
2.305627e-02 4.154607e-02 8.901362e-04
2.332709e-02 3.744089e-02 8.753226e-04
2.359790e-02 3.477070e-02 8.275694e-04
2.386872e-02 3.218770e-02 8.255168e-04
2.413953e-02 2.901182e-02 7.979655e-04
2.441034e-02 2.779683e-02 7.770887e-04
2.468116e-02 2.516742e-02 7.760670e-04
2.495197e-02 2.309733e-02 7.436392e-04
2.522279e-02 2.226427e-02 7.355092e-04
2.549360e-02 2.125844e-02 6.991152e-04
2.576442e-02 2.095966e-02 6.900803e-04
2.603523e-02 1.942474e-02 7.026875e-04
2.630604e-02 1.880442e-02 6.832579e-04
2.657686e-02 1.758408e-02 6.857843e-04
2.684767e-02 1.651515e-02 6.496954e-04
2.711849e-02 1.555252e-02 6.483084e-04
2.738930e-02 1.643733e-02 6.405157e-04
2.766012e-02 1.506752e-02 6.292854e-04
2.793093e-02 1.508846e-02 6.347775e-04
2.820175e-02 1.588527e-02 6.113153e-04
2.847256e-02 1.577801e-02 6.388304e-04
2.874337e-02 1.493763e-02 6.100042e-04
2.901419e-02 1.511237e-02 6.035667e-04
2.928500e-02 1.522077e-02 5.992567e-04
2.955582e-02 1.578581e-02 5.929424e-04
2.982663e-02 1.483868e-02 5.935105e-04
3.009745e-02 1.608392e-02 5.926161e-04
3.036826e-02 1.470353e-02 5.757453e-04
3.063907e-02 1.462502e-02 5.728956e-04
3.090989e-02 1.438155e-02 5.684177e-04
3.118070e-02 1.472771e-02 5.790036e-04
3.145152e-02 1.447036e-02 5.746984e-04
3.172233e-02 1.430338e-02 5.591950e-04
3.199315e-02 1.519514e-02 5.702850e-04
3.226396e-02 1.481441e-02 5.610502e-04
3.253478e-02 1.475168e-02 5.589709e-04
3.280559e-02 1.396975e-02 5.445942e-04
3.307641e-02 1.463717e-02 5.583666e-04
3.334722e-02 1.446040e-02 5.445075e-04
3.361803e-02 1.370802e-02 5.512736e-04
3.388885e-02 1.430290e-02 5.476021e-04
3.415966e-02 1.408511e-02 5.383432e-04
3.443048e-02 1.367933e-02 5.406939e-04
3.470129e-02 1.341229e-02 5.409960e-04
3.497211e-02 1.504946e-02 5.382191e-04
3.524292e-02 1.399976e-02 5.243579e-04
3.551374e-02 1.363997e-02 5.236933e-04
3.578455e-02 1.304035e-02 5.292032e-04
3.605536e-02 1.338416e-02 5.115405e-04
3.632618e-02 1.321570e-02 5.086293e-04
3.659699e-02 1.332528e-02 5.062399e-04
3.686780e-02 1.269059e-02 5.060336e-04
3.713862e-02 1.336282e-02 5.177287e-04
3.740944e-02 1.296823e-02 4.984845e-04
3.768025e-02 1.242164e-02 5.018335e-04
3.795106e-02 1.265274e-02 4.933284e-04
3.822188e-02 1.167461e-02 4.992695e-04
3.849269e-02 1.164392e-02 4.846799e-04
3.876351e-02 1.207485e-02 4.829258e-04
3.903432e-02 1.099047e-02 4.818882e-04
3.930514e-02 1.129418e-02 4.784476e-04
3.957595e-02 1.043557e-02 4.762965e-04
3.984676e-02 1.025014e-02 4.707579e-04
4.011758e-02 1.007332e-02 4.678602e-04
4.038839e-02 1.072759e-02 4.696080e-04
4.065921e-02 1.063865e-02 4.671668e-04
4.093002e-02 9.860288e-03 4.588018e-04
4.120084e-02 1.062711e-02 4.612195e-04
4.147165e-02 9.407669e-03 4.611400e-04
4.174246e-02 8.933973e-03 4.482226e-04
4.201328e-02 9.481881e-03 4.473866e-04
4.228409e-02 9.501182e-03 4.486035e-04
4.255491e-02 8.813370e-03 4.495878e-04
4.282572e-02 9.680802e-03 4.536735e-04
4.309653e-02 8.884531e-03 4.396487e-04
4.336735e-02 8.420121e-03 4.331944e-04
4.363817e-02 7.809591e-03 4.365346e-04
4.390898e-02 7.772591e-03 4.326022e-04
4.417979e-02 7.834759e-03 4.333382e-04
4.445061e-02 8.372620e-03 4.288866e-04
4.472142e-02 7.498352e-03 4.233988e-04
4.499224e-02 7.546470e-03 4.327510e-04
4.526305e-02 8.386590e-03 4.244438e-04
4.553387e-02 7.453861e-03 4.223146e-04
4.580468e-02 7.145029e-03 4.201363e-04
4.607549e-02 7.308710e-03 4.140536e-04
4.634631e-02 7.420838e-03 4.150804e-04
4.661712e-02 7.272771e-03 4.202625e-04
4.688794e-02 6.043773e-03 4.008555e-04
4.715875e-02 7.978521e-03 4.166669e-04
4.742957e-02 7.005649e-03 4.099569e-04
4.770038e-02 6.120550e-03 4.009394e-04
4.797119e-02 5.920921e-03 3.950610e-04
4.824201e-02 6.427351e-03 4.011959e-04
4.851282e-02 5.360881e-03 3.977009e-04
4.878364e-02 5.886989e-03 3.930216e-04
4.905445e-02 5.630139e-03 3.922691e-04
4.932526e-02 5.697781e-03 3.936999e-04
4.959608e-02 5.543862e-03 3.968881e-04
4.986690e-02 5.461331e-03 3.923833e-04
5.013771e-02 5.133390e-03 3.851918e-04
5.040852e-02 5.810419e-03 3.933823e-04
5.067934e-02 5.383130e-03 3.843676e-04
5.095015e-02 5.124230e-03 3.832047e-04
5.122096e-02 5.755469e-03 3.819056e-04
5.149178e-02 5.199600e-03 3.812976e-04
5.176260e-02 4.848689e-03 3.854346e-04
5.203341e-02 5.299151e-03 3.875638e-04
5.230422e-02 5.390190e-03 3.753568e-04
5.257504e-02 5.211081e-03 3.836802e-04
5.284585e-02 5.052501e-03 3.750168e-04
5.311667e-02 4.960679e-03 3.703470e-04
5.338748e-02 4.752260e-03 3.827416e-04
5.365830e-02 4.934682e-03 3.751296e-04
5.392911e-02 5.415399e-03 3.811787e-04
5.419992e-02 4.914839e-03 3.824686e-04
5.447074e-02 5.386351e-03 3.818766e-04
5.474155e-02 4.616151e-03 3.865778e-04
5.501237e-02 4.117310e-03 3.894665e-04
5.528318e-02 4.905010e-03 4.014182e-04
5.555400e-02 5.039489e-03 3.930702e-04
5.582481e-02 4.124040e-03 4.024464e-04
5.609563e-02 4.587870e-03 4.031935e-04
5.636644e-02 5.069049e-03 4.015392e-04
5.663725e-02 4.392900e-03 4.010554e-04
5.690807e-02 3.801860e-03 4.071885e-04
5.717888e-02 4.589058e-03 4.107262e-04
5.744969e-02 3.294062e-03 4.067027e-04
5.772051e-02 4.046991e-03 4.041984e-04
5.799133e-02 4.534861e-03 4.062522e-04
5.826214e-02 4.183251e-03 4.005880e-04
5.853295e-02 4.183518e-03 4.071162e-04
5.880377e-02 3.132770e-03 4.004125e-04
5.907458e-02 4.554981e-03 4.083231e-04
5.934540e-02 3.904952e-03 4.044867e-04
5.961621e-02 4.258219e-03 4.079242e-04
5.988703e-02 4.061110e-03 4.063874e-04
6.015784e-02 3.548339e-03 4.062827e-04
6.042865e-02 4.430031e-03 4.114862e-04
6.069947e-02 4.287841e-03 4.071997e-04
6.097028e-02 4.526770e-03 4.040328e-04
6.124110e-02 3.306217e-03 3.908754e-04
6.151191e-02 3.790660e-03 3.963912e-04
6.178273e-02 4.351040e-03 3.976297e-04
6.205354e-02 3.931388e-03 3.906452e-04
6.232436e-02 4.213009e-03 3.899839e-04
6.259517e-02 3.412498e-03 3.874013e-04
6.286598e-02 3.869310e-03 3.837260e-04
6.313679e-02 4.058551e-03 3.915441e-04
6.340761e-02 3.141090e-03 3.800209e-04
6.367842e-02 4.038760e-03 3.848423e-04
6.394923e-02 3.753832e-03 3.784399e-04
6.422005e-02 3.094999e-03 3.850399e-04
6.449086e-02 3.390430e-03 3.815765e-04
6.476168e-02 3.900191e-03 3.808000e-04
6.503250e-02 3.716249e-03 3.832185e-04
6.530331e-02 3.731059e-03 3.774470e-04
6.557412e-02 3.730711e-03 3.788509e-04
6.584494e-02 3.741009e-03 3.771214e-04
6.611575e-02 3.532980e-03 3.790819e-04
6.638657e-02 4.481291e-03 3.807978e-04
6.665738e-02 2.145499e-03 3.673959e-04
6.692819e-02 3.773380e-03 3.753326e-04
6.719901e-02 3.571101e-03 3.792580e-04
6.746982e-02 3.491651e-03 3.733402e-04
6.774063e-02 3.648330e-03 3.771949e-04
6.801146e-02 2.954409e-03 3.706384e-04
6.828227e-02 3.597461e-03 3.730947e-04
6.855308e-02 3.611980e-03 3.783187e-04
6.882390e-02 3.422659e-03 3.680872e-04
6.909471e-02 3.826551e-03 3.796083e-04
6.936552e-02 2.749860e-03 3.677897e-04
6.963634e-02 3.460001e-03 3.645407e-04
6.990715e-02 3.601871e-03 3.721808e-04
7.017796e-02 3.805561e-03 3.690928e-04
7.044878e-02 3.649700e-03 3.644013e-04
7.071959e-02 2.897311e-03 3.662787e-04
7.099041e-02 4.075710e-03 3.710717e-04
7.126123e-02 2.973931e-03 3.628207e-04
7.153204e-02 4.026931e-03 3.665136e-04
7.180285e-02 2.786642e-03 3.566853e-04
7.207367e-02 2.779322e-03 3.630744e-04
7.234448e-02 4.087502e-03 3.659850e-04
7.261530e-02 3.315810e-03 3.612646e-04
7.288611e-02 3.433110e-03 3.663106e-04
7.315692e-02 2.547100e-03 3.622669e-04
7.342774e-02 3.706580e-03 3.584257e-04
7.369855e-02 2.660390e-03 3.557980e-04
7.396936e-02 3.215110e-03 3.590026e-04
7.424019e-02 3.464470e-03 3.601572e-04
7.451100e-02 2.809271e-03 3.596425e-04
7.478181e-02 2.606321e-03 3.611889e-04
7.505263e-02 3.044449e-03 3.511142e-04
7.532344e-02 2.933810e-03 3.607157e-04
7.559425e-02 3.193898e-03 3.537033e-04
7.586507e-02 2.908161e-03 3.542281e-04
7.613588e-02 2.521742e-03 3.530845e-04
7.640669e-02 2.858531e-03 3.524305e-04
7.667751e-02 2.960881e-03 3.588750e-04
7.694832e-02 2.689380e-03 3.502504e-04
7.721914e-02 2.908662e-03 3.511789e-04
7.748996e-02 3.111469e-03 3.530348e-04
7.776077e-02 2.846528e-03 3.483806e-04
7.803158e-02 2.746580e-03 3.487035e-04
7.830240e-02 2.662139e-03 3.495882e-04
7.857321e-02 3.225720e-03 3.536593e-04
7.884403e-02 3.551340e-03 3.514323e-04
7.911484e-02 2.759540e-03 3.497926e-04
7.938565e-02 3.210800e-03 3.498221e-04
7.965647e-02 2.329929e-03 3.480109e-04
7.992728e-02 2.402749e-03 3.430078e-04
8.019809e-02 2.759201e-03 3.432810e-04
8.046892e-02 3.034139e-03 3.460350e-04
8.073973e-02 2.447141e-03 3.436476e-04
8.101054e-02 2.732290e-03 3.453969e-04
8.128136e-02 2.568079e-03 3.417004e-04
8.155217e-02 2.837911e-03 3.459428e-04
8.182298e-02 2.642842e-03 3.434303e-04
8.209380e-02 2.665659e-03 3.471324e-04
8.236461e-02 3.161380e-03 3.442947e-04
8.263543e-02 2.845351e-03 3.457365e-04
8.290624e-02 2.463588e-03 3.419511e-04
8.317705e-02 2.870228e-03 3.386868e-04
8.344787e-02 2.146160e-03 3.400385e-04
8.371869e-02 2.514869e-03 3.396674e-04
8.398950e-02 2.929060e-03 3.399886e-04
8.426031e-02 2.447911e-03 3.377378e-04
8.453113e-02 2.494020e-03 3.379243e-04
8.480194e-02 2.714090e-03 3.388327e-04
8.507276e-02 2.460560e-03 3.396218e-04
8.534357e-02 2.468610e-03 3.366046e-04
8.561438e-02 2.405768e-03 3.407032e-04
8.588520e-02 2.596101e-03 3.331075e-04
8.615601e-02 2.707129e-03 3.307664e-04
8.642682e-02 2.459211e-03 3.357107e-04
8.669765e-02 2.010060e-03 3.315527e-04
8.696846e-02 2.970209e-03 3.349726e-04
8.723927e-02 2.493059e-03 3.310914e-04
8.751009e-02 2.161201e-03 3.307042e-04
8.778090e-02 2.577981e-03 3.267479e-04
8.805171e-02 2.404701e-03 3.301655e-04
8.832253e-02 2.321741e-03 3.330566e-04
8.859334e-02 2.517270e-03 3.353643e-04
8.886416e-02 2.462650e-03 3.281483e-04
8.913497e-02 2.555199e-03 3.293790e-04
8.940578e-02 2.550781e-03 3.312639e-04
8.967660e-02 2.913639e-03 3.301354e-04
8.994742e-02 2.401860e-03 3.307024e-04
9.021823e-02 2.151500e-03 3.256603e-04
9.048904e-02 2.306119e-03 3.286448e-04
9.075986e-02 2.272241e-03 3.290453e-04
9.103067e-02 2.923142e-03 3.267697e-04
9.130149e-02 1.855159e-03 3.234838e-04
9.157230e-02 3.090428e-03 3.254934e-04
9.184311e-02 1.955241e-03 3.297843e-04
9.211393e-02 2.026141e-03 3.208059e-04
9.238474e-02 2.865111e-03 3.269018e-04
9.265555e-02 2.517609e-03 3.269505e-04
9.292637e-02 2.224170e-03 3.219876e-04
9.319719e-02 2.222739e-03 3.217723e-04
9.346800e-02 2.770521e-03 3.262249e-04
9.373882e-02 2.076920e-03 3.219636e-04
9.400963e-02 1.890320e-03 3.227188e-04
9.428044e-02 2.462899e-03 3.222135e-04
9.455126e-02 2.436602e-03 3.233935e-04
9.482207e-02 2.223000e-03 3.162264e-04
9.509289e-02 2.310110e-03 3.224242e-04
9.536370e-02 2.270089e-03 3.270720e-04
9.563451e-02 2.023621e-03 3.154506e-04
9.590533e-02 2.294259e-03 3.226566e-04
9.617615e-02 3.110331e-03 3.193264e-04
9.644696e-02 1.469702e-03 3.186362e-04
9.671777e-02 2.079651e-03 3.183229e-04
9.698859e-02 2.200590e-03 3.159275e-04
9.725940e-02 1.672911e-03 3.151111e-04
9.753022e-02 2.646212e-03 3.166045e-04
9.780103e-02 1.479469e-03 3.173547e-04
9.807184e-02 2.374191e-03 3.135409e-04
9.834266e-02 1.975890e-03 3.141086e-04
9.861347e-02 2.327511e-03 3.167385e-04
9.888428e-02 1.563720e-03 3.107081e-04
9.915510e-02 2.475509e-03 3.170850e-04
9.942592e-02 1.885841e-03 3.140363e-04
9.969673e-02 2.225570e-03 3.137455e-04
9.996755e-02 1.713900e-03 3.104898e-04
1.002384e-01 2.419550e-03 3.107467e-04
1.005092e-01 1.728330e-03 3.173688e-04
1.007800e-01 1.823060e-03 3.099093e-04
1.010508e-01 1.755029e-03 3.127557e-04
1.013216e-01 1.780909e-03 3.069093e-04
1.015924e-01 2.686400e-03 3.143849e-04
1.018632e-01 2.432240e-03 3.133170e-04
1.021341e-01 2.220258e-03 3.136978e-04
1.024049e-01 1.924491e-03 3.124578e-04
1.026757e-01 1.953810e-03 3.088950e-04
1.029465e-01 1.374731e-03 3.080021e-04
1.032173e-01 1.856610e-03 3.056415e-04
1.034881e-01 2.265409e-03 3.072054e-04
1.037589e-01 2.200771e-03 3.074558e-04
1.040298e-01 2.296340e-03 3.075544e-04
1.043006e-01 2.276730e-03 3.119120e-04
1.045714e-01 1.612870e-03 3.021618e-04
1.048422e-01 2.109120e-03 3.083515e-04
1.051130e-01 2.187930e-03 3.057913e-04
1.053838e-01 2.058860e-03 3.037155e-04
1.056546e-01 2.021831e-03 3.082896e-04
1.059255e-01 2.761960e-03 3.106348e-04
1.061963e-01 2.191979e-03 3.052341e-04
1.064671e-01 1.039099e-03 3.025007e-04
1.067379e-01 1.659300e-03 3.061020e-04
1.070087e-01 1.446141e-03 3.038275e-04
1.072795e-01 2.194410e-03 3.054194e-04
1.075503e-01 2.161590e-03 3.063580e-04
1.078212e-01 1.732660e-03 3.030809e-04
1.080920e-01 1.392329e-03 2.980619e-04
1.083628e-01 1.649281e-03 3.027965e-04
1.086336e-01 2.226220e-03 2.985266e-04
1.089044e-01 1.583610e-03 3.019957e-04
1.091752e-01 1.643728e-03 3.060454e-04
1.094460e-01 1.969840e-03 2.967778e-04
1.097169e-01 1.647819e-03 3.008936e-04
1.099877e-01 1.498189e-03 3.011911e-04
1.102585e-01 1.918539e-03 3.008629e-04
1.105293e-01 1.501638e-03 3.017174e-04
1.108001e-01 1.805291e-03 3.050718e-04
1.110709e-01 1.733860e-03 3.122137e-04
1.113417e-01 2.495481e-03 3.113151e-04
1.116126e-01 1.561901e-03 3.121395e-04
1.118834e-01 1.435041e-03 3.089599e-04
1.121542e-01 1.705360e-03 3.153213e-04
1.124250e-01 2.089979e-03 3.175107e-04
1.126958e-01 1.566051e-03 3.158149e-04
1.129666e-01 1.916811e-03 3.208185e-04
1.132374e-01 1.683369e-03 3.226033e-04
1.135083e-01 2.204200e-03 3.301213e-04
1.137791e-01 1.617249e-03 3.306563e-04
1.140499e-01 2.527440e-03 3.283643e-04
1.143207e-01 1.368651e-03 3.291038e-04
1.145915e-01 1.883330e-03 3.350182e-04
1.148623e-01 1.636531e-03 3.380059e-04
1.151332e-01 1.940610e-03 3.332220e-04
1.154040e-01 1.486830e-03 3.409355e-04
1.156748e-01 1.744000e-03 3.371395e-04
1.159456e-01 1.838900e-03 3.451117e-04
1.162164e-01 1.067352e-03 3.428950e-04
1.164872e-01 1.578081e-03 3.448363e-04
1.167580e-01 1.455311e-03 3.488785e-04
1.170288e-01 1.884880e-03 3.526435e-04
1.172997e-01 1.265611e-03 3.483910e-04
1.175705e-01 1.608860e-03 3.520672e-04
1.178413e-01 1.840409e-03 3.526879e-04
1.181121e-01 1.662379e-03 3.495579e-04
1.183829e-01 1.450371e-03 3.421899e-04
1.186537e-01 1.387840e-03 3.374857e-04
1.189246e-01 1.181010e-03 3.362733e-04
1.191954e-01 1.621589e-03 3.442840e-04
1.194662e-01 1.532251e-03 3.390366e-04
1.197370e-01 1.130221e-03 3.333776e-04
1.200078e-01 1.783978e-03 3.409066e-04
1.202786e-01 1.267141e-03 3.370564e-04
1.205494e-01 1.426769e-03 3.342466e-04
1.208202e-01 8.955803e-04 3.379415e-04
1.210911e-01 1.530971e-03 3.339847e-04
1.213619e-01 1.762241e-03 3.400480e-04
1.216327e-01 1.847541e-03 3.381311e-04
1.219035e-01 1.307141e-03 3.350946e-04
1.221743e-01 2.042331e-03 3.406095e-04
1.224451e-01 2.288919e-03 3.400932e-04
1.227160e-01 1.774790e-03 3.349345e-04
1.229868e-01 1.552120e-03 3.382505e-04
1.232576e-01 2.091421e-03 3.381920e-04
1.235284e-01 1.101239e-03 3.361970e-04
1.237992e-01 1.581980e-03 3.413547e-04
1.240700e-01 1.534199e-03 3.381827e-04
1.243408e-01 1.017839e-03 3.327270e-04
1.246117e-01 1.693370e-03 3.382492e-04
1.248825e-01 1.563439e-03 3.353812e-04
1.251533e-01 1.413641e-03 3.403143e-04
1.254241e-01 9.670295e-04 3.326085e-04
1.256949e-01 1.265951e-03 3.346989e-04
1.259657e-01 1.353160e-03 3.371555e-04
1.262365e-01 1.860820e-03 3.326643e-04
1.265074e-01 2.080239e-03 3.337095e-04
1.267782e-01 1.250070e-03 3.332897e-04
1.270490e-01 1.881760e-03 3.337588e-04
1.273198e-01 1.090810e-03 3.296545e-04
1.275906e-01 1.212459e-03 3.290196e-04
1.278614e-01 1.667259e-03 3.310655e-04
1.281322e-01 1.818100e-03 3.286364e-04
1.284031e-01 1.533510e-03 3.303897e-04
1.286739e-01 1.692520e-03 3.343460e-04
1.289447e-01 1.717871e-03 3.301596e-04
1.292155e-01 1.082418e-03 3.276417e-04
1.294863e-01 1.388660e-03 3.262609e-04
1.297571e-01 1.559660e-03 3.281298e-04
1.300279e-01 1.451230e-03 3.299903e-04
1.302988e-01 1.257900e-03 3.323199e-04
1.305696e-01 1.483530e-03 3.241528e-04
1.308404e-01 1.364540e-03 3.265214e-04
1.311112e-01 1.767490e-03 3.268274e-04
1.313820e-01 1.352649e-03 3.199834e-04
1.316528e-01 1.457091e-03 3.252527e-04
1.319236e-01 1.546169e-03 3.257861e-04
1.321945e-01 1.231659e-03 3.252070e-04
1.324653e-01 1.335729e-03 3.265174e-04
1.327361e-01 1.159450e-03 3.227610e-04
1.330069e-01 1.649819e-03 3.249833e-04
1.332777e-01 1.387930e-03 3.259224e-04
1.335485e-01 1.521880e-03 3.227298e-04
1.338193e-01 9.387303e-04 3.244809e-04
1.340902e-01 1.349669e-03 3.206879e-04
1.343610e-01 5.652215e-04 3.272857e-04
1.346318e-01 1.113189e-03 3.217421e-04
1.349026e-01 2.021968e-03 3.224031e-04
1.351734e-01 1.000879e-03 3.217440e-04
1.354442e-01 1.181690e-03 3.235332e-04
1.357151e-01 1.709661e-03 3.234498e-04
1.359859e-01 5.976707e-04 3.191537e-04
1.362567e-01 1.213500e-03 3.211168e-04
1.365275e-01 1.750810e-03 3.231614e-04
1.367983e-01 1.531878e-03 3.184373e-04
1.370691e-01 1.088290e-03 3.228475e-04
1.373399e-01 1.363939e-03 3.274541e-04
1.376107e-01 1.516610e-03 3.272733e-04
1.378816e-01 6.456412e-04 3.301295e-04
1.381524e-01 1.118800e-03 3.302925e-04
1.384232e-01 6.257202e-04 3.385730e-04
1.386940e-01 1.334701e-03 3.299155e-04
1.389648e-01 7.704198e-04 3.328250e-04
1.392356e-01 5.719699e-04 3.367016e-04
1.395064e-01 9.813886e-04 3.349014e-04
1.397773e-01 1.609651e-03 3.438332e-04
1.400481e-01 1.222180e-03 3.402868e-04
1.403189e-01 9.962302e-04 3.403760e-04
1.405897e-01 1.213409e-03 3.432280e-04
1.408605e-01 3.313497e-04 3.450059e-04
1.411313e-01 1.816111e-03 3.534855e-04
1.414021e-01 2.033208e-04 3.446753e-04
1.416730e-01 2.116140e-03 3.582125e-04
1.419438e-01 5.814899e-04 3.499112e-04
1.422146e-01 1.394089e-03 3.572480e-04
1.424854e-01 1.681661e-03 3.542121e-04
1.427562e-01 1.190200e-03 3.530278e-04
1.430270e-01 1.695380e-03 3.527846e-04
1.432979e-01 1.002960e-03 3.535025e-04
1.435687e-01 1.024552e-03 3.580223e-04
1.438395e-01 1.303161e-03 3.520026e-04
1.441103e-01 1.106929e-03 3.563075e-04
1.443811e-01 9.694491e-04 3.580656e-04
1.446519e-01 8.152090e-04 3.544629e-04
1.449227e-01 1.441050e-03 3.639559e-04
1.451935e-01 1.259482e-03 3.618033e-04
1.454644e-01 8.856095e-04 3.613017e-04
1.457352e-01 1.251681e-03 3.669481e-04
1.460060e-01 1.572331e-03 3.631676e-04
1.462768e-01 1.378190e-03 3.658174e-04
1.465476e-01 9.000003e-04 3.666281e-04
1.468184e-01 3.654193e-04 3.685595e-04
1.470892e-01 8.604303e-04 3.708170e-04
1.473601e-01 1.474531e-03 3.665482e-04
1.476309e-01 8.647703e-04 3.696259e-04
1.479017e-01 9.778701e-04 3.627445e-04
1.481725e-01 1.767950e-03 3.793306e-04
1.484433e-01 7.344000e-04 3.656048e-04
1.487141e-01 1.964679e-03 3.714573e-04
1.489850e-01 1.133660e-03 3.631849e-04
1.492558e-01 1.354000e-03 3.634645e-04
1.495266e-01 7.413588e-04 3.707233e-04
1.497974e-01 3.895108e-04 3.580033e-04
1.500682e-01 1.511579e-03 3.645472e-04
1.503390e-01 1.066197e-04 3.613924e-04
1.506098e-01 7.774606e-04 3.622027e-04
1.508806e-01 9.015109e-04 3.619946e-04
1.511515e-01 1.395430e-03 3.589053e-04
1.514223e-01 1.728404e-04 3.598435e-04
1.516931e-01 1.572819e-03 3.648642e-04
1.519639e-01 1.185540e-03 3.599142e-04
1.522347e-01 1.102230e-03 3.682920e-04
1.525055e-01 1.579620e-03 3.647071e-04
1.527763e-01 1.077250e-03 3.612087e-04
1.530472e-01 6.756410e-04 3.600853e-04
1.533180e-01 8.672196e-04 3.632876e-04
1.535888e-01 1.018420e-03 3.663847e-04
1.538596e-01 1.669960e-03 3.672794e-04
1.541304e-01 1.068819e-03 3.623872e-04
1.544012e-01 9.264797e-04 3.638253e-04
1.546721e-01 7.985607e-04 3.705655e-04
1.549429e-01 1.596330e-03 3.684205e-04
1.552137e-01 1.169041e-03 3.688952e-04
1.554845e-01 9.286702e-04 3.663414e-04
1.557553e-01 1.477880e-03 3.658732e-04
1.560261e-01 6.828103e-04 3.670886e-04
1.562969e-01 1.679320e-03 3.647586e-04
1.565678e-01 1.362680e-03 3.718992e-04
1.568386e-01 1.835318e-03 3.740674e-04
1.571094e-01 1.184529e-03 3.658685e-04
1.573802e-01 1.495229e-03 3.700241e-04
1.576510e-01 8.349400e-04 3.696393e-04
1.579218e-01 1.944019e-03 3.732316e-04
1.581926e-01 5.544089e-04 3.622867e-04
1.584634e-01 1.296530e-03 3.641288e-04
1.587343e-01 1.157010e-03 3.661704e-04
1.590051e-01 1.440430e-03 3.663369e-04
1.592759e-01 1.222230e-03 3.636745e-04
1.595467e-01 1.440398e-03 3.676026e-04
1.598175e-01 7.370301e-04 3.663521e-04
1.600883e-01 7.018708e-04 3.643330e-04
1.603591e-01 1.427421e-03 3.609638e-04
1.606300e-01 1.031999e-03 3.628167e-04
1.609008e-01 1.065169e-03 3.672638e-04
1.611716e-01 4.681293e-04 3.600400e-04
1.614424e-01 5.329493e-04 3.581319e-04
1.617132e-01 1.412030e-03 3.683269e-04
1.619840e-01 4.566703e-04 3.528445e-04
1.622549e-01 3.912300e-04 3.647687e-04
1.625257e-01 8.486398e-04 3.610166e-04
1.627965e-01 7.035397e-04 3.588257e-04
1.630673e-01 9.149499e-04 3.575956e-04
1.633381e-01 9.110086e-04 3.631617e-04
1.636089e-01 1.055069e-03 3.615995e-04
1.638797e-01 9.963494e-04 3.632991e-04
1.641506e-01 6.111600e-04 3.557320e-04
1.644214e-01 4.732106e-04 3.629536e-04
1.646922e-01 1.410799e-03 3.606378e-04
1.649630e-01 5.820096e-04 3.586978e-04
1.652338e-01 1.422800e-03 3.631666e-04
1.655046e-01 6.632991e-04 3.695650e-04
1.657754e-01 8.732490e-04 3.616409e-04
1.660462e-01 7.184595e-04 3.678370e-04
1.663171e-01 5.956907e-04 3.604776e-04
1.665879e-01 1.001179e-03 3.614485e-04
1.668587e-01 1.151890e-03 3.637738e-04
1.671295e-01 8.478090e-04 3.574266e-04
1.674003e-01 1.442859e-03 3.646566e-04
1.676711e-01 1.244489e-03 3.794626e-04
1.679420e-01 9.361692e-04 3.862616e-04
1.682128e-01 1.280710e-03 3.893942e-04
1.684836e-01 1.417194e-04 3.870215e-04
1.687544e-01 1.588000e-03 3.921496e-04
1.690252e-01 9.464603e-04 3.932320e-04
1.692960e-01 1.364460e-03 3.928916e-04
1.695668e-01 9.317007e-04 4.035716e-04
1.698377e-01 1.422821e-03 4.059093e-04
1.701085e-01 1.791820e-03 4.121422e-04
1.703793e-01 -1.709908e-06 4.159344e-04
1.706501e-01 8.711498e-04 4.108835e-04
1.709209e-01 4.226901e-04 4.144288e-04
1.711917e-01 1.383889e-03 4.242111e-04
1.714625e-01 1.384940e-03 4.292258e-04
1.717333e-01 1.114761e-03 4.293626e-04
1.720042e-01 1.080079e-03 4.282316e-04
1.722750e-01 5.257800e-04 4.309365e-04
1.725458e-01 1.081800e-03 4.379203e-04
1.728166e-01 3.344603e-04 4.340201e-04
1.730874e-01 6.989297e-04 4.341464e-04
1.733582e-01 3.992990e-04 4.382803e-04
1.736291e-01 7.383004e-04 4.519020e-04
1.738999e-01 4.688799e-04 4.453636e-04
1.741707e-01 1.235902e-04 4.547129e-04
1.744415e-01 8.747503e-04 4.478361e-04
1.747123e-01 9.748098e-04 4.623251e-04
1.749831e-01 1.452491e-03 4.361759e-04
1.752539e-01 1.174040e-03 4.327294e-04
1.755248e-01 1.354789e-03 4.325505e-04
1.757956e-01 1.243670e-03 4.218777e-04
1.760664e-01 6.179307e-04 4.239430e-04
1.763372e-01 1.426049e-03 4.269504e-04
1.766080e-01 1.156459e-03 4.233476e-04
1.768788e-01 -4.532933e-05 4.140912e-04
1.771496e-01 8.155610e-04 4.182044e-04
1.774205e-01 8.876584e-04 4.153017e-04
1.776913e-01 9.059999e-04 4.131837e-04
1.779621e-01 1.197159e-03 4.073746e-04
1.782329e-01 1.912279e-03 4.111900e-04
1.785037e-01 8.418709e-04 4.059232e-04
1.787745e-01 1.203131e-03 4.126866e-04
1.790453e-01 1.365120e-03 4.023242e-04
1.793161e-01 1.402760e-03 4.056754e-04
1.795870e-01 4.410390e-04 3.987944e-04
1.798578e-01 6.257910e-04 3.993186e-04
1.801286e-01 1.018619e-03 4.021142e-04
1.803994e-01 1.441501e-04 3.968924e-04
1.806702e-01 -3.209338e-06 3.921018e-04
1.809410e-01 1.024900e-03 4.044662e-04
1.812119e-01 -1.569595e-04 3.845349e-04
1.814827e-01 1.056820e-03 3.901147e-04
1.817535e-01 8.225497e-04 3.961652e-04
1.820243e-01 8.277502e-04 3.906043e-04
1.822951e-01 1.533721e-03 3.900139e-04
1.825659e-01 9.180102e-04 3.958722e-04
1.828367e-01 8.516591e-04 4.034859e-04
1.831076e-01 1.229551e-03 3.899711e-04
1.833784e-01 1.086960e-03 3.944330e-04
1.836492e-01 9.462107e-04 3.911574e-04
1.839200e-01 6.896798e-04 3.967318e-04
1.841908e-01 6.419793e-04 3.943043e-04
1.844616e-01 1.042491e-03 3.880683e-04
1.847324e-01 1.059351e-03 3.928141e-04
1.850033e-01 1.294691e-03 3.912584e-04
1.852741e-01 1.126820e-03 3.938342e-04
1.855449e-01 7.924791e-04 3.893349e-04
1.858157e-01 5.363710e-04 3.975122e-04
1.860865e-01 1.133308e-04 3.938709e-04
1.863573e-01 8.426700e-04 3.886774e-04
1.866281e-01 7.407088e-04 3.900096e-04
1.868990e-01 9.815991e-04 3.924194e-04
1.871698e-01 9.799805e-04 3.910342e-04
1.874406e-01 5.245395e-04 3.870826e-04
1.877114e-01 3.054086e-04 3.825254e-04
1.879822e-01 1.509581e-03 3.927211e-04
1.882530e-01 6.514397e-04 3.878090e-04
1.885238e-01 3.226399e-04 3.906504e-04
1.887947e-01 9.239595e-04 3.845097e-04
1.890655e-01 1.172939e-03 3.924229e-04
1.893363e-01 2.538096e-04 3.848884e-04
1.896071e-01 1.047740e-03 3.897826e-04
1.898779e-01 8.236896e-04 3.943996e-04
1.901487e-01 -2.687052e-05 3.871990e-04
1.904195e-01 1.251210e-03 3.934730e-04
1.906904e-01 8.595493e-04 3.923074e-04
1.909612e-01 3.991704e-04 3.868414e-04
1.912320e-01 3.996007e-04 3.913381e-04
1.915028e-01 4.883818e-04 3.792169e-04
1.917736e-01 1.074160e-03 3.831326e-04
1.920444e-01 7.098503e-04 3.836171e-04
1.923153e-01 1.516489e-03 3.879649e-04
1.925861e-01 8.074287e-04 3.904452e-04
1.928569e-01 1.344495e-04 3.803039e-04
1.931277e-01 4.523303e-04 3.826204e-04
1.933985e-01 1.123371e-03 3.861123e-04
1.936693e-01 8.939002e-04 3.892917e-04
1.939401e-01 1.276806e-04 3.835700e-04
1.942109e-01 3.457889e-04 3.849981e-04
1.944818e-01 1.050051e-03 3.889711e-04
1.947526e-01 6.613489e-04 3.895876e-04
1.950234e-01 4.538000e-04 3.852633e-04
1.952942e-01 9.823907e-04 3.821435e-04
1.955650e-01 8.385498e-04 3.931739e-04
1.958358e-01 1.009671e-03 3.834541e-04
1.961066e-01 7.118508e-04 3.863233e-04
1.963775e-01 8.081701e-04 3.905612e-04
1.966483e-01 5.968492e-04 3.867623e-04
1.969191e-01 5.585793e-04 3.837481e-04
1.971899e-01 7.726494e-04 3.863706e-04
1.974607e-01 5.294308e-04 3.851589e-04
1.977315e-01 9.560194e-04 3.841915e-04
1.980023e-01 1.275599e-03 3.870609e-04
1.982732e-01 1.508281e-03 3.838158e-04
1.985440e-01 9.419806e-04 3.898403e-04
1.988148e-01 7.036589e-04 3.821379e-04
1.990856e-01 -1.258031e-05 3.825183e-04
1.993564e-01 3.855489e-04 3.922182e-04
1.996272e-01 7.526018e-05 3.908326e-04
1.998980e-01 1.300899e-03 4.040871e-04
2.001689e-01 1.410792e-03 3.881161e-04
2.004397e-01 9.496007e-04 3.770658e-04
2.007105e-01 5.685985e-04 3.789621e-04
2.009813e-01 6.842911e-04 3.808674e-04
2.012521e-01 1.516370e-03 3.868396e-04
2.015229e-01 1.319449e-03 3.834429e-04
2.017937e-01 1.529640e-03 3.878847e-04
2.020646e-01 9.967200e-04 3.866311e-04
2.023354e-01 1.289051e-03 3.881648e-04
2.026062e-01 1.406251e-03 3.808874e-04
2.028770e-01 1.028148e-03 3.846948e-04
2.031478e-01 4.085805e-04 3.805986e-04
2.034186e-01 3.304705e-04 3.789722e-04
2.036894e-01 6.517693e-04 3.835837e-04
2.039603e-01 8.601509e-04 3.812811e-04
2.042311e-01 5.527101e-04 3.833318e-04
2.045019e-01 1.451969e-03 3.824735e-04
2.047727e-01 1.441250e-03 3.817135e-04
2.050435e-01 9.775199e-04 3.720709e-04
2.053143e-01 1.272419e-03 3.813232e-04
2.055852e-01 2.235942e-03 3.794879e-04
2.058560e-01 1.173960e-03 3.750947e-04
2.061268e-01 1.638399e-03 3.773680e-04
2.063976e-01 1.103500e-03 3.841606e-04
2.066684e-01 1.746209e-03 3.751847e-04
2.069392e-01 1.040779e-03 3.804908e-04
2.072100e-01 9.582490e-04 3.860604e-04
2.074808e-01 1.134612e-03 3.750032e-04
2.077517e-01 1.033390e-03 3.795186e-04
2.080225e-01 4.997402e-04 3.769478e-04
2.082933e-01 1.598101e-03 3.808512e-04
2.085641e-01 1.164360e-03 3.759613e-04
2.088349e-01 2.312809e-03 3.875155e-04
2.091057e-01 1.026599e-03 3.774653e-04
2.093765e-01 1.412781e-03 3.749639e-04
2.096474e-01 1.423990e-03 3.741040e-04
2.099182e-01 1.725370e-03 3.809539e-04
2.101890e-01 1.246400e-03 3.747037e-04
2.104598e-01 2.167638e-03 3.754201e-04
2.107306e-01 1.845701e-03 3.810257e-04
2.110014e-01 2.232568e-03 3.885885e-04
2.112723e-01 2.569251e-03 3.865102e-04
2.115431e-01 2.261510e-03 3.812253e-04
2.118139e-01 2.246950e-03 3.883119e-04
2.120847e-01 2.250910e-03 3.837198e-04
2.123555e-01 2.819231e-03 3.906210e-04
2.126263e-01 3.112061e-03 3.919488e-04
2.128971e-01 3.845649e-03 3.901005e-04
2.131680e-01 3.780451e-03 3.897815e-04
2.134388e-01 3.295360e-03 3.891979e-04
2.137096e-01 3.500018e-03 3.897187e-04
2.139804e-01 4.134038e-03 3.952273e-04
2.142512e-01 4.200010e-03 3.921636e-04
2.145220e-01 3.701719e-03 3.966890e-04
2.147928e-01 3.677400e-03 3.859378e-04
2.150636e-01 5.125841e-03 3.976657e-04
2.153345e-01 3.797850e-03 3.930748e-04
2.156053e-01 4.830420e-03 3.980891e-04
2.158761e-01 4.540259e-03 3.936623e-04
2.161469e-01 4.393822e-03 3.962432e-04
2.164177e-01 4.312169e-03 3.930525e-04
2.166885e-01 4.422020e-03 3.929133e-04
2.169593e-01 4.130781e-03 3.934199e-04
2.172302e-01 4.004771e-03 3.989813e-04
2.175010e-01 2.986290e-03 3.889252e-04
2.177718e-01 3.003130e-03 3.936412e-04
2.180426e-01 3.043272e-03 3.877611e-04
2.183134e-01 3.064102e-03 3.855833e-04
2.185842e-01 2.533039e-03 3.806416e-04
2.188551e-01 3.002111e-03 3.845158e-04
2.191259e-01 2.444439e-03 3.863061e-04
2.193967e-01 2.513770e-03 3.855415e-04
2.196675e-01 3.027089e-03 3.814520e-04
2.199383e-01 2.357870e-03 3.830301e-04
2.202091e-01 1.812169e-03 3.762620e-04
2.204799e-01 2.142109e-03 3.755489e-04
2.207507e-01 1.715139e-03 3.807751e-04
2.210216e-01 1.711721e-03 3.773646e-04
2.212924e-01 1.339080e-03 3.704104e-04
2.215632e-01 1.512179e-03 3.684892e-04
2.218340e-01 1.487792e-03 3.754844e-04
2.221048e-01 9.323508e-04 3.687251e-04
2.223756e-01 1.604570e-03 3.695943e-04
2.226464e-01 1.850141e-03 3.754432e-04
2.229173e-01 1.378270e-03 3.661449e-04
2.231881e-01 1.287181e-03 3.666339e-04
2.234589e-01 1.278320e-03 3.690161e-04
2.237297e-01 1.208929e-03 3.649278e-04
2.240005e-01 8.640997e-04 3.641053e-04
2.242713e-01 1.068531e-03 3.615895e-04
2.245422e-01 7.227995e-05 3.652582e-04
2.248130e-01 1.420820e-03 3.747469e-04
2.250838e-01 1.111221e-03 3.669381e-04
2.253546e-01 1.010420e-03 3.707986e-04
2.256254e-01 7.491503e-04 3.667806e-04
2.258962e-01 6.119702e-04 3.694350e-04
2.261670e-01 3.081895e-04 3.787824e-04
2.264379e-01 9.711906e-04 3.932994e-04
2.267087e-01 2.481397e-04 3.897428e-04
2.269795e-01 1.944231e-03 4.030872e-04
2.272503e-01 9.919405e-04 4.068513e-04
2.275211e-01 1.308169e-03 4.125312e-04
2.277919e-01 4.941989e-04 4.060134e-04
2.280627e-01 5.142111e-04 4.131936e-04
2.283335e-01 6.211996e-04 4.263688e-04
2.286044e-01 8.271616e-04 4.125716e-04
2.288752e-01 1.160419e-03 4.364500e-04
2.291460e-01 1.072891e-03 4.364748e-04
2.294168e-01 1.961496e-04 4.317080e-04
2.296876e-01 6.653387e-04 4.386986e-04
2.299584e-01 4.241299e-04 4.486186e-04
2.302293e-01 1.068041e-05 4.538381e-04
2.305001e-01 1.194799e-03 4.648772e-04
2.307709e-01 7.112790e-04 4.617520e-04
2.310417e-01 1.272140e-03 4.604006e-04
2.313125e-01 1.056019e-03 4.664942e-04
2.315833e-01 7.455200e-04 4.674357e-04
2.318541e-01 1.336221e-03 4.719673e-04
2.321250e-01 3.884993e-04 4.754349e-04
2.323958e-01 9.150710e-04 4.747483e-04
2.326666e-01 7.012505e-04 4.777541e-04
2.329374e-01 1.311060e-03 4.950573e-04
2.332082e-01 1.031520e-03 4.815814e-04
2.334790e-01 9.653904e-05 4.874009e-04
2.337498e-01 1.047799e-03 5.060334e-04
2.340207e-01 1.139341e-03 4.982205e-04
2.342915e-01 5.748887e-04 5.114852e-04
2.345623e-01 2.125297e-04 4.972495e-04
2.348331e-01 9.599496e-04 5.188468e-04
2.351039e-01 1.346240e-03 5.227626e-04
2.353747e-01 1.462881e-03 5.305661e-04
2.356455e-01 9.726901e-04 5.370269e-04
2.359163e-01 1.228530e-03 5.265046e-04
2.361872e-01 9.080116e-04 5.331800e-04
2.364580e-01 8.669998e-04 5.383448e-04
2.367288e-01 1.316570e-03 5.412322e-04
2.369996e-01 1.236489e-03 5.392958e-04
2.372704e-01 1.382159e-03 5.647184e-04
2.375412e-01 7.499903e-04 5.523454e-04
2.378121e-01 1.865104e-04 5.625305e-04
2.380829e-01 5.153697e-04 5.556888e-04
2.383537e-01 7.357299e-04 5.731657e-04
2.386245e-01 -6.268173e-05 5.932257e-04
2.388953e-01 -3.362074e-05 5.736908e-04
2.391661e-01 1.221159e-03 5.889907e-04
2.394369e-01 1.759540e-03 5.866632e-04
2.397078e-01 3.847685e-04 6.111750e-04
2.399786e-01 1.059379e-03 6.047241e-04
2.402494e-01 1.756400e-04 6.013755e-04
2.405202e-01 7.258914e-04 6.130426e-04
2.407910e-01 -7.789023e-05 6.307373e-04
2.410618e-01 1.096658e-03 6.178116e-04
2.413326e-01 1.220610e-03 6.252962e-04
2.416034e-01 4.438013e-04 6.301553e-04
2.418743e-01 9.313505e-04 6.686853e-04
2.421451e-01 -2.787076e-05 6.455455e-04
2.424159e-01 7.081088e-04 6.739597e-04
2.426867e-01 4.206989e-04 6.618838e-04
2.429575e-01 1.381002e-04 6.825726e-04
2.432283e-01 1.693107e-04 6.848389e-04
2.434992e-01 1.268800e-03 6.970595e-04
2.437700e-01 1.919195e-04 7.138502e-04
2.440408e-01 3.298409e-04 7.297988e-04
2.443116e-01 1.047030e-03 7.096633e-04
2.445824e-01 2.440181e-03 7.489592e-04
2.448532e-01 7.789005e-04 7.573187e-04
2.451240e-01 -3.054999e-04 7.536041e-04
2.453949e-01 -7.029492e-04 7.336098e-04
2.456657e-01 -1.067594e-04 7.565082e-04
2.459365e-01 2.642609e-04 7.777973e-04
2.462073e-01 -4.759710e-04 7.734583e-04
2.464781e-01 -2.694000e-04 8.163144e-04
2.467489e-01 2.091303e-04 8.120084e-04
2.470197e-01 5.712509e-04 8.323285e-04
2.472906e-01 2.487991e-04 8.349266e-04
2.475614e-01 1.103040e-03 8.607689e-04
2.478322e-01 7.102806e-04 8.658196e-04
2.481030e-01 2.106391e-04 8.951379e-04
2.483738e-01 1.680590e-03 9.092141e-04
2.486446e-01 1.421539e-03 9.549034e-04
2.489154e-01 2.486501e-04 9.479961e-04
2.491863e-01 -1.215311e-03 9.312402e-04
2.494571e-01 -3.165994e-04 9.541550e-04
2.497279e-01 -9.437092e-04 9.668121e-04
2.499987e-01 7.976964e-05 1.047210e-03
2.502695e-01 -1.513211e-03 1.046279e-03
2.505403e-01 -1.106901e-03 1.079337e-03
2.508111e-01 1.495369e-03 1.105565e-03
2.510819e-01 5.806815e-04 1.133209e-03
2.513528e-01 -1.303719e-03 1.106099e-03
2.516236e-01 2.297429e-03 1.228251e-03
2.518944e-01 -9.724088e-04 1.249308e-03
2.521652e-01 -3.694296e-04 1.314063e-03
2.524360e-01 1.641270e-03 1.365578e-03
2.527068e-01 -4.433393e-04 1.291017e-03
2.529776e-01 -4.244689e-04 1.409108e-03
2.532485e-01 1.140701e-03 1.339584e-03
2.535193e-01 -8.265991e-04 1.509293e-03
2.537901e-01 -6.602593e-04 1.458470e-03
2.540609e-01 2.722908e-04 1.462671e-03
2.543317e-01 3.896961e-03 1.622103e-03
2.546025e-01 1.175640e-03 1.562686e-03
2.548733e-01 -1.892000e-03 1.604151e-03
2.551441e-01 2.408080e-03 1.909199e-03
2.554150e-01 -1.480130e-03 1.684997e-03
2.556858e-01 1.700770e-03 1.929028e-03
2.559566e-01 -1.085730e-03 1.902653e-03
2.562274e-01 1.802798e-04 2.095901e-03
2.564982e-01 -2.136780e-03 2.220627e-03
2.567690e-01 -1.940370e-03 2.533337e-03
2.570398e-01 1.156289e-03 3.032320e-03
2.573107e-01 -2.499569e-03 2.927359e-03
2.575815e-01 1.306701e-03 3.798453e-03
2.578523e-01 8.988662e-03 5.674258e-03
2.581231e-01 1.413371e-02 8.857380e-03
