3.286826e-03 9.750319e-02 0.000000e+00
3.557641e-03 1.217709e-01 7.913090e-02
3.828455e-03 1.701498e-01 5.005071e-02
4.099269e-03 1.647711e-01 3.741824e-02
4.370084e-03 1.330810e-01 2.775540e-02
4.640898e-03 1.360040e-01 1.932714e-02
4.911712e-03 9.893894e-02 1.597395e-02
5.182527e-03 9.460092e-02 1.264324e-02
5.453341e-03 9.906399e-02 1.164003e-02
5.724155e-03 8.938301e-02 8.825966e-03
5.994970e-03 8.947110e-02 7.645843e-03
6.265784e-03 7.141072e-02 6.415522e-03
6.536598e-03 7.013202e-02 5.298033e-03
6.807412e-03 6.787270e-02 4.879620e-03
7.078227e-03 6.806856e-02 4.308055e-03
7.349041e-03 6.782162e-02 3.728138e-03
7.619855e-03 5.777869e-02 3.316356e-03
7.890671e-03 5.698630e-02 2.961888e-03
8.161485e-03 5.587909e-02 2.823829e-03
8.432299e-03 5.044219e-02 2.496516e-03
8.703114e-03 5.487350e-02 2.280713e-03
8.973928e-03 5.072272e-02 2.075625e-03
9.244742e-03 5.194169e-02 1.961118e-03
9.515557e-03 4.653350e-02 1.800118e-03
9.786371e-03 4.984319e-02 1.701348e-03
1.005718e-02 4.708029e-02 1.608889e-03
1.032800e-02 4.689409e-02 1.493440e-03
1.059881e-02 4.546700e-02 1.453206e-03
1.086963e-02 4.743761e-02 1.366307e-03
1.114044e-02 4.386081e-02 1.265300e-03
1.141126e-02 4.296780e-02 1.250737e-03
1.168207e-02 4.335400e-02 1.185987e-03
1.195289e-02 4.300371e-02 1.124927e-03
1.222370e-02 4.439130e-02 1.079694e-03
1.249451e-02 4.413079e-02 1.024031e-03
1.276533e-02 4.221751e-02 9.991235e-04
1.303614e-02 4.255082e-02 9.470957e-04
1.330696e-02 4.135798e-02 9.058064e-04
1.357777e-02 4.195610e-02 8.748587e-04
1.384859e-02 4.205196e-02 8.412644e-04
1.411940e-02 4.164708e-02 8.174298e-04
1.439021e-02 4.151303e-02 7.754397e-04
1.466103e-02 4.070567e-02 7.772206e-04
1.493184e-02 3.973087e-02 7.549168e-04
1.520266e-02 3.969299e-02 7.418586e-04
1.547347e-02 3.848550e-02 7.162795e-04
1.574429e-02 3.866741e-02 6.974213e-04
1.601510e-02 3.846181e-02 6.847067e-04
1.628591e-02 3.894661e-02 6.773772e-04
1.655673e-02 3.768156e-02 6.506382e-04
1.682754e-02 3.786932e-02 6.423541e-04
1.709836e-02 3.818490e-02 6.325664e-04
1.736917e-02 3.870367e-02 6.166444e-04
1.763999e-02 3.879244e-02 6.074831e-04
1.791080e-02 3.693532e-02 5.885735e-04
1.818161e-02 3.593328e-02 5.921845e-04
1.845243e-02 3.591293e-02 5.968319e-04
1.872324e-02 3.771393e-02 5.883278e-04
1.899406e-02 3.676070e-02 5.828708e-04
1.926487e-02 3.579765e-02 5.791644e-04
1.953569e-02 3.633433e-02 5.759157e-04
1.980650e-02 3.541572e-02 5.751350e-04
2.007731e-02 3.541644e-02 5.621448e-04
2.034813e-02 3.604590e-02 5.632125e-04
2.061894e-02 3.599597e-02 5.602217e-04
2.088976e-02 3.574841e-02 5.504873e-04
2.116057e-02 3.559669e-02 5.465949e-04
2.143139e-02 3.530125e-02 5.417615e-04
2.170220e-02 3.530279e-02 5.463905e-04
2.197302e-02 3.380819e-02 5.363003e-04
2.224383e-02 3.508225e-02 5.285101e-04
2.251465e-02 3.420666e-02 5.215888e-04
2.278546e-02 3.503889e-02 5.058917e-04
2.305627e-02 3.400452e-02 5.043388e-04
2.332709e-02 3.355957e-02 4.919358e-04
2.359790e-02 3.487795e-02 4.868638e-04
2.386872e-02 3.403398e-02 4.822825e-04
2.413953e-02 3.293555e-02 4.775057e-04
2.441034e-02 3.418486e-02 4.674940e-04
2.468116e-02 3.365813e-02 4.647835e-04
2.495197e-02 3.289118e-02 4.622523e-04
2.522279e-02 3.330035e-02 4.621001e-04
2.549360e-02 3.358637e-02 4.500168e-04
2.576442e-02 3.246168e-02 4.455713e-04
2.603523e-02 3.295898e-02 4.450085e-04
2.630604e-02 3.243069e-02 4.377747e-04
2.657686e-02 3.145261e-02 4.333667e-04
2.684767e-02 3.237735e-02 4.272133e-04
2.711849e-02 3.191969e-02 4.298058e-04
2.738930e-02 3.202274e-02 4.288321e-04
2.766012e-02 3.117900e-02 4.189566e-04
2.793093e-02 3.121462e-02 4.146517e-04
2.820175e-02 3.121720e-02 4.046396e-04
2.847256e-02 3.102955e-02 4.080773e-04
2.874337e-02 3.045092e-02 4.010371e-04
2.901419e-02 3.039101e-02 3.975180e-04
2.928500e-02 3.060695e-02 3.916584e-04
2.955582e-02 3.081498e-02 3.902848e-04
2.982663e-02 3.101550e-02 3.922565e-04
3.009745e-02 3.038991e-02 3.891151e-04
3.036826e-02 3.009310e-02 3.802298e-04
3.063907e-02 2.999562e-02 3.808934e-04
3.090989e-02 3.030021e-02 3.766575e-04
3.118070e-02 2.932733e-02 3.776168e-04
3.145152e-02 2.910769e-02 3.757303e-04
3.172233e-02 2.938888e-02 3.690269e-04
3.199315e-02 2.907226e-02 3.687315e-04
3.226396e-02 2.910254e-02 3.628903e-04
3.253478e-02 2.880502e-02 3.683042e-04
3.280559e-02 2.855758e-02 3.602582e-04
3.307641e-02 2.905980e-02 3.624435e-04
3.334722e-02 2.815481e-02 3.562350e-04
3.361803e-02 2.843360e-02 3.576347e-04
3.388885e-02 2.773541e-02 3.534873e-04
3.415966e-02 2.821051e-02 3.537504e-04
3.443048e-02 2.755005e-02 3.524030e-04
3.470129e-02 2.719991e-02 3.514379e-04
3.497211e-02 2.797730e-02 3.469899e-04
3.524292e-02 2.749541e-02 3.412757e-04
3.551374e-02 2.790111e-02 3.457784e-04
3.578455e-02 2.683798e-02 3.432463e-04
3.605536e-02 2.688966e-02 3.402721e-04
3.632618e-02 2.671177e-02 3.370360e-04
3.659699e-02 2.641385e-02 3.345207e-04
3.686780e-02 2.718851e-02 3.340316e-04
3.713862e-02 2.607522e-02 3.288356e-04
3.740944e-02 2.671233e-02 3.275926e-04
3.768025e-02 2.622069e-02 3.267498e-04
3.795106e-02 2.650660e-02 3.244972e-04
3.822188e-02 2.578891e-02 3.242668e-04
3.849269e-02 2.551350e-02 3.174758e-04
3.876351e-02 2.596153e-02 3.199039e-04
3.903432e-02 2.577893e-02 3.193413e-04
3.930514e-02 2.583019e-02 3.161186e-04
3.957595e-02 2.517042e-02 3.187513e-04
3.984676e-02 2.527070e-02 3.119217e-04
4.011758e-02 2.513081e-02 3.152804e-04
4.038839e-02 2.490723e-02 3.119906e-04
4.065921e-02 2.511918e-02 3.084851e-04
4.093002e-02 2.461249e-02 3.107087e-04
4.120084e-02 2.439991e-02 3.045805e-04
4.147165e-02 2.423024e-02 3.053643e-04
4.174246e-02 2.413371e-02 3.064159e-04
4.201328e-02 2.366553e-02 3.018512e-04
4.228409e-02 2.379799e-02 3.035579e-04
4.255491e-02 2.389347e-02 2.974928e-04
4.282572e-02 2.407613e-02 2.998313e-04
4.309653e-02 2.401751e-02 2.965128e-04
4.336735e-02 2.360453e-02 2.958758e-04
4.363817e-02 2.288113e-02 2.974926e-04
4.390898e-02 2.324779e-02 2.949226e-04
4.417979e-02 2.325937e-02 2.919471e-04
4.445061e-02 2.288608e-02 2.891035e-04
4.472142e-02 2.330179e-02 2.887244e-04
4.499224e-02 2.279704e-02 2.905477e-04
4.526305e-02 2.307434e-02 2.886958e-04
4.553387e-02 2.304972e-02 2.856274e-04
4.580468e-02 2.220884e-02 2.849662e-04
4.607549e-02 2.234664e-02 2.842905e-04
4.634631e-02 2.287588e-02 2.814875e-04
4.661712e-02 2.214033e-02 2.844272e-04
4.688794e-02 2.146138e-02 2.796256e-04
4.715875e-02 2.199311e-02 2.760314e-04
4.742957e-02 2.187572e-02 2.753630e-04
4.770038e-02 2.118658e-02 2.751158e-04
4.797119e-02 2.110688e-02 2.739016e-04
4.824201e-02 2.122122e-02 2.718375e-04
4.851282e-02 2.148249e-02 2.739016e-04
4.878364e-02 2.153474e-02 2.731621e-04
4.905445e-02 2.148495e-02 2.708327e-04
4.932526e-02 2.138537e-02 2.687538e-04
4.959608e-02 2.048644e-02 2.655825e-04
4.986690e-02 2.060176e-02 2.698382e-04
5.013771e-02 2.063845e-02 2.662531e-04
5.040852e-02 2.016431e-02 2.652411e-04
5.067934e-02 2.018603e-02 2.651395e-04
5.095015e-02 1.996069e-02 2.634063e-04
5.122096e-02 2.036717e-02 2.641860e-04
5.149178e-02 1.987916e-02 2.618259e-04
5.176260e-02 1.979026e-02 2.616477e-04
5.203341e-02 1.952097e-02 2.634320e-04
5.230422e-02 2.005032e-02 2.566558e-04
5.257504e-02 1.981533e-02 2.601327e-04
5.284585e-02 1.944205e-02 2.555091e-04
5.311667e-02 1.981402e-02 2.554788e-04
5.338748e-02 1.946122e-02 2.617465e-04
5.365830e-02 1.949693e-02 2.599217e-04
5.392911e-02 1.896872e-02 2.613127e-04
5.419992e-02 1.879726e-02 2.611472e-04
5.447074e-02 1.924489e-02 2.611757e-04
5.474155e-02 1.902941e-02 2.642804e-04
5.501237e-02 1.865099e-02 2.659276e-04
5.528318e-02 1.901405e-02 2.711583e-04
5.555400e-02 1.806253e-02 2.693714e-04
5.582481e-02 1.819734e-02 2.721507e-04
5.609563e-02 1.834416e-02 2.747619e-04
5.636644e-02 1.824257e-02 2.747852e-04
5.663725e-02 1.792066e-02 2.761694e-04
5.690807e-02 1.797682e-02 2.766765e-04
5.717888e-02 1.780446e-02 2.735010e-04
5.744969e-02 1.727384e-02 2.757374e-04
5.772051e-02 1.798572e-02 2.796394e-04
5.799133e-02 1.732432e-02 2.755859e-04
5.826214e-02 1.712023e-02 2.764807e-04
5.853295e-02 1.741040e-02 2.750852e-04
5.880377e-02 1.733767e-02 2.739645e-04
5.907458e-02 1.762490e-02 2.766296e-04
5.934540e-02 1.699916e-02 2.776983e-04
5.961621e-02 1.660569e-02 2.782502e-04
5.988703e-02 1.681742e-02 2.788078e-04
6.015784e-02 1.667405e-02 2.779923e-04
6.042865e-02 1.676688e-02 2.770604e-04
6.069947e-02 1.614995e-02 2.726396e-04
6.097028e-02 1.621335e-02 2.721480e-04
6.124110e-02 1.643187e-02 2.689199e-04
6.151191e-02 1.620954e-02 2.695210e-04
6.178273e-02 1.623579e-02 2.687604e-04
6.205354e-02 1.591200e-02 2.667404e-04
6.232436e-02 1.619159e-02 2.658263e-04
6.259517e-02 1.636840e-02 2.626829e-04
6.286598e-02 1.620141e-02 2.623488e-04
6.313679e-02 1.592010e-02 2.640985e-04
6.340761e-02 1.537993e-02 2.615175e-04
6.367842e-02 1.617955e-02 2.612020e-04
6.394923e-02 1.594434e-02 2.596349e-04
6.422005e-02 1.552663e-02 2.597963e-04
6.449086e-02 1.528541e-02 2.594499e-04
6.476168e-02 1.511598e-02 2.569835e-04
6.503250e-02 1.536105e-02 2.601235e-04
6.530331e-02 1.562153e-02 2.565722e-04
6.557412e-02 1.514033e-02 2.563696e-04
6.584494e-02 1.535672e-02 2.573396e-04
6.611575e-02 1.548871e-02 2.559679e-04
6.638657e-02 1.450792e-02 2.541348e-04
6.665738e-02 1.468286e-02 2.540552e-04
6.692819e-02 1.463471e-02 2.559984e-04
6.719901e-02 1.483580e-02 2.549123e-04
6.746982e-02 1.476921e-02 2.536388e-04
6.774063e-02 1.419991e-02 2.555222e-04
6.801146e-02 1.407218e-02 2.520899e-04
6.828227e-02 1.444073e-02 2.510188e-04
6.855308e-02 1.430053e-02 2.535346e-04
6.882390e-02 1.457684e-02 2.526131e-04
6.909471e-02 1.439195e-02 2.510962e-04
6.936552e-02 1.401218e-02 2.481609e-04
6.963634e-02 1.394929e-02 2.489845e-04
6.990715e-02 1.371901e-02 2.496915e-04
7.017796e-02 1.371083e-02 2.452533e-04
7.044878e-02 1.384330e-02 2.470844e-04
7.071959e-02 1.329866e-02 2.473268e-04
7.099041e-02 1.360761e-02 2.477042e-04
7.126123e-02 1.401637e-02 2.437011e-04
7.153204e-02 1.353567e-02 2.433794e-04
7.180285e-02 1.338818e-02 2.458858e-04
7.207367e-02 1.350014e-02 2.464130e-04
7.234448e-02 1.335865e-02 2.450444e-04
7.261530e-02 1.313973e-02 2.446158e-04
7.288611e-02 1.337832e-02 2.416169e-04
7.315692e-02 1.310710e-02 2.448700e-04
7.342774e-02 1.352427e-02 2.424769e-04
7.369855e-02 1.323207e-02 2.420571e-04
7.396936e-02 1.275253e-02 2.417590e-04
7.424019e-02 1.276304e-02 2.423526e-04
7.451100e-02 1.259513e-02 2.404656e-04
7.478181e-02 1.231965e-02 2.394841e-04
7.505263e-02 1.241764e-02 2.386967e-04
7.532344e-02 1.233291e-02 2.426086e-04
7.559425e-02 1.266632e-02 2.383597e-04
7.586507e-02 1.230700e-02 2.408951e-04
7.613588e-02 1.220845e-02 2.371981e-04
7.640669e-02 1.231721e-02 2.370859e-04
7.667751e-02 1.178065e-02 2.391366e-04
7.694832e-02 1.217592e-02 2.351039e-04
7.721914e-02 1.224615e-02 2.370784e-04
7.748996e-02 1.167735e-02 2.352341e-04
7.776077e-02 1.181392e-02 2.339209e-04
7.803158e-02 1.208794e-02 2.378943e-04
7.830240e-02 1.172915e-02 2.346862e-04
7.857321e-02 1.208492e-02 2.334081e-04
7.884403e-02 1.195622e-02 2.351546e-04
7.911484e-02 1.199419e-02 2.313508e-04
7.938565e-02 1.150009e-02 2.357534e-04
7.965647e-02 1.127514e-02 2.308156e-04
7.992728e-02 1.154504e-02 2.313439e-04
8.019809e-02 1.128904e-02 2.306823e-04
8.046892e-02 1.145240e-02 2.298088e-04
8.073973e-02 1.138936e-02 2.316458e-04
8.101054e-02 1.108236e-02 2.289504e-04
8.128136e-02 1.129564e-02 2.302063e-04
8.155217e-02 1.055941e-02 2.303025e-04
8.182298e-02 1.084131e-02 2.296090e-04
8.209380e-02 1.036220e-02 2.287171e-04
8.236461e-02 1.111898e-02 2.296296e-04
8.263543e-02 1.062566e-02 2.277405e-04
8.290624e-02 1.061450e-02 2.287212e-04
8.317705e-02 1.031983e-02 2.253766e-04
8.344787e-02 1.004791e-02 2.280749e-04
8.371869e-02 1.095196e-02 2.268055e-04
8.398950e-02 1.081018e-02 2.252147e-04
8.426031e-02 1.053704e-02 2.265102e-04
8.453113e-02 1.043359e-02 2.246125e-04
8.480194e-02 1.033067e-02 2.243433e-04
8.507276e-02 9.788917e-03 2.249160e-04
8.534357e-02 1.026459e-02 2.227111e-04
8.561438e-02 9.845288e-03 2.220904e-04
8.588520e-02 1.046270e-02 2.211106e-04
8.615601e-02 1.008693e-02 2.224776e-04
8.642682e-02 1.004174e-02 2.225462e-04
8.669765e-02 9.967061e-03 2.208519e-04
8.696846e-02 9.873068e-03 2.215906e-04
8.723927e-02 1.006184e-02 2.196130e-04
8.751009e-02 1.015078e-02 2.201593e-04
8.778090e-02 1.010432e-02 2.187775e-04
8.805171e-02 9.949841e-03 2.205499e-04
8.832253e-02 9.818150e-03 2.195259e-04
8.859334e-02 9.448940e-03 2.194231e-04
8.886416e-02 9.866370e-03 2.192583e-04
8.913497e-02 9.456709e-03 2.190661e-04
8.940578e-02 9.569619e-03 2.187039e-04
8.967660e-02 9.992357e-03 2.180355e-04
8.994742e-02 9.499980e-03 2.188837e-04
9.021823e-02 9.532388e-03 2.178512e-04
9.048904e-02 9.163801e-03 2.173654e-04
9.075986e-02 9.178199e-03 2.172122e-04
9.103067e-02 9.538531e-03 2.154938e-04
9.130149e-02 9.171261e-03 2.156454e-04
9.157230e-02 9.719169e-03 2.163580e-04
9.184311e-02 8.981179e-03 2.158996e-04
9.211393e-02 8.818639e-03 2.133307e-04
9.238474e-02 8.956911e-03 2.139681e-04
9.265555e-02 8.973202e-03 2.145190e-04
9.292637e-02 8.703951e-03 2.129187e-04
9.319719e-02 8.993138e-03 2.149958e-04
9.346800e-02 8.675169e-03 2.132052e-04
9.373882e-02 8.720260e-03 2.124882e-04
9.400963e-02 8.320091e-03 2.133554e-04
9.428044e-02 8.927951e-03 2.124968e-04
9.455126e-02 8.575270e-03 2.130671e-04
9.482207e-02 8.773873e-03 2.102841e-04
9.509289e-02 8.639859e-03 2.114965e-04
9.536370e-02 8.619212e-03 2.131678e-04
9.563451e-02 8.499952e-03 2.106297e-04
9.590533e-02 8.376608e-03 2.126437e-04
9.617615e-02 8.454140e-03 2.087606e-04
9.644696e-02 8.598102e-03 2.101480e-04
9.671777e-02 8.367540e-03 2.089068e-04
9.698859e-02 8.356690e-03 2.077117e-04
9.725940e-02 7.890401e-03 2.099000e-04
9.753022e-02 8.571051e-03 2.077745e-04
9.780103e-02 8.043561e-03 2.094256e-04
9.807184e-02 8.244500e-03 2.067984e-04
9.834266e-02 7.512208e-03 2.075638e-04
9.861347e-02 8.187601e-03 2.079555e-04
9.888428e-02 8.008908e-03 2.069515e-04
9.915510e-02 8.277720e-03 2.079939e-04
9.942592e-02 7.752702e-03 2.066245e-04
9.969673e-02 7.832101e-03 2.074260e-04
9.996755e-02 7.880701e-03 2.060046e-04
1.002384e-01 8.056460e-03 2.047191e-04
1.005092e-01 7.560408e-03 2.066476e-04
1.007800e-01 7.516131e-03 2.041437e-04
1.010508e-01 7.614829e-03 2.068754e-04
1.013216e-01 7.585220e-03 2.041460e-04
1.015924e-01 7.896569e-03 2.037517e-04
1.018632e-01 7.871481e-03 2.048897e-04
1.021341e-01 7.497448e-03 2.030368e-04
1.024049e-01 7.368801e-03 2.046580e-04
1.026757e-01 7.396240e-03 2.038461e-04
1.029465e-01 7.381812e-03 2.015282e-04
1.032173e-01 7.264951e-03 2.032305e-04
1.034881e-01 7.543350e-03 2.007324e-04
1.037589e-01 7.759521e-03 2.019011e-04
1.040298e-01 7.292820e-03 2.004734e-04
1.043006e-01 7.128010e-03 2.015212e-04
1.045714e-01 7.311441e-03 2.010429e-04
1.048422e-01 7.278169e-03 2.002857e-04
1.051130e-01 6.942270e-03 2.006573e-04
1.053838e-01 7.276300e-03 2.010658e-04
1.056546e-01 6.811230e-03 2.006793e-04
1.059255e-01 7.230610e-03 2.000743e-04
1.061963e-01 7.082220e-03 2.003560e-04
1.064671e-01 6.594190e-03 1.988014e-04
1.067379e-01 6.603109e-03 1.989090e-04
1.070087e-01 7.097011e-03 2.006544e-04
1.072795e-01 7.374639e-03 1.967284e-04
1.075503e-01 7.192720e-03 1.976073e-04
1.078212e-01 7.070351e-03 1.981830e-04
1.080920e-01 6.529948e-03 1.983777e-04
1.083628e-01 6.716741e-03 1.976015e-04
1.086336e-01 7.292531e-03 1.971778e-04
1.089044e-01 6.446429e-03 1.979443e-04
1.091752e-01 6.358480e-03 1.961823e-04
1.094460e-01 6.819099e-03 1.964064e-04
1.097169e-01 6.520709e-03 1.972563e-04
1.099877e-01 6.231999e-03 1.945148e-04
1.102585e-01 6.688060e-03 1.970094e-04
1.105293e-01 6.496020e-03 1.980507e-04
1.108001e-01 6.471040e-03 1.996472e-04
1.110709e-01 6.396191e-03 2.030293e-04
1.113417e-01 6.365892e-03 2.000906e-04
1.116126e-01 6.525740e-03 2.043154e-04
1.118834e-01 6.399609e-03 2.027413e-04
1.121542e-01 6.357050e-03 2.044598e-04
1.124250e-01 6.181009e-03 2.071158e-04
1.126958e-01 6.391581e-03 2.075390e-04
1.129666e-01 6.275760e-03 2.097170e-04
1.132374e-01 6.016640e-03 2.108776e-04
1.135083e-01 5.896781e-03 2.130342e-04
1.137791e-01 5.749620e-03 2.135450e-04
1.140499e-01 6.425081e-03 2.136729e-04
1.143207e-01 6.376762e-03 2.169031e-04
1.145915e-01 5.853511e-03 2.147496e-04
1.148623e-01 6.072652e-03 2.196306e-04
1.151332e-01 5.978299e-03 2.167745e-04
1.154040e-01 5.795632e-03 2.212045e-04
1.156748e-01 6.159151e-03 2.216844e-04
1.159456e-01 6.263219e-03 2.239582e-04
1.162164e-01 5.910221e-03 2.239946e-04
1.164872e-01 6.086562e-03 2.226568e-04
1.167580e-01 5.564161e-03 2.269321e-04
1.170288e-01 5.862789e-03 2.274079e-04
1.172997e-01 5.817931e-03 2.271858e-04
1.175705e-01 5.690292e-03 2.282343e-04
1.178413e-01 6.017411e-03 2.311417e-04
1.181121e-01 5.827649e-03 2.264016e-04
1.183829e-01 5.780900e-03 2.221717e-04
1.186537e-01 5.988922e-03 2.242580e-04
1.189246e-01 5.452972e-03 2.224387e-04
1.191954e-01 5.228350e-03 2.218307e-04
1.194662e-01 5.302941e-03 2.216323e-04
1.197370e-01 5.615249e-03 2.202348e-04
1.200078e-01 5.316591e-03 2.185379e-04
1.202786e-01 5.894551e-03 2.210008e-04
1.205494e-01 5.304569e-03 2.200463e-04
1.208202e-01 5.454089e-03 2.208000e-04
1.210911e-01 5.498340e-03 2.195847e-04
1.213619e-01 5.612042e-03 2.206022e-04
1.216327e-01 5.471399e-03 2.167128e-04
1.219035e-01 5.585819e-03 2.191644e-04
1.221743e-01 5.380031e-03 2.183412e-04
1.224451e-01 5.544009e-03 2.182656e-04
1.227160e-01 5.262250e-03 2.204078e-04
1.229868e-01 5.081229e-03 2.168051e-04
1.232576e-01 5.480971e-03 2.196665e-04
1.235284e-01 5.397169e-03 2.201708e-04
1.237992e-01 5.256882e-03 2.194036e-04
1.240700e-01 5.569519e-03 2.198579e-04
1.243408e-01 5.302979e-03 2.202425e-04
1.246117e-01 5.150352e-03 2.173331e-04
1.248825e-01 5.206089e-03 2.185661e-04
1.251533e-01 5.124951e-03 2.163731e-04
1.254241e-01 4.564438e-03 2.169209e-04
1.256949e-01 4.983991e-03 2.152498e-04
1.259657e-01 5.267490e-03 2.170729e-04
1.262365e-01 5.176919e-03 2.153821e-04
1.265074e-01 5.086690e-03 2.149159e-04
1.267782e-01 5.186900e-03 2.148784e-04
1.270490e-01 4.782148e-03 2.126903e-04
1.273198e-01 4.972029e-03 2.157676e-04
1.275906e-01 5.035348e-03 2.135263e-04
1.278614e-01 4.794778e-03 2.125248e-04
1.281322e-01 5.121121e-03 2.157191e-04
1.284031e-01 4.472230e-03 2.111483e-04
1.286739e-01 4.849471e-03 2.141787e-04
1.289447e-01 4.447950e-03 2.111164e-04
1.292155e-01 5.079728e-03 2.153059e-04
1.294863e-01 4.599260e-03 2.119955e-04
1.297571e-01 5.109360e-03 2.119322e-04
1.300279e-01 4.858380e-03 2.109229e-04
1.302988e-01 4.422160e-03 2.126129e-04
1.305696e-01 4.953008e-03 2.105640e-04
1.308404e-01 4.545121e-03 2.108685e-04
1.311112e-01 4.574051e-03 2.108482e-04
1.313820e-01 4.813630e-03 2.100663e-04
1.316528e-01 4.702039e-03 2.120833e-04
1.319236e-01 4.626710e-03 2.107378e-04
1.321945e-01 4.499780e-03 2.106872e-04
1.324653e-01 4.457461e-03 2.114949e-04
1.327361e-01 4.654190e-03 2.092775e-04
1.330069e-01 4.560972e-03 2.112986e-04
1.332777e-01 4.091199e-03 2.105843e-04
1.335485e-01 4.306749e-03 2.084842e-04
1.338193e-01 4.498929e-03 2.119133e-04
1.340902e-01 4.302857e-03 2.088707e-04
1.343610e-01 4.297862e-03 2.097551e-04
1.346318e-01 4.901681e-03 2.089942e-04
1.349026e-01 4.466109e-03 2.064415e-04
1.351734e-01 4.457891e-03 2.085644e-04
1.354442e-01 4.108028e-03 2.079323e-04
1.357151e-01 4.309969e-03 2.077563e-04
1.359859e-01 4.344480e-03 2.076341e-04
1.362567e-01 4.248090e-03 2.067473e-04
1.365275e-01 4.177511e-03 2.076128e-04
1.367983e-01 4.515089e-03 2.039907e-04
1.370691e-01 4.041359e-03 2.089749e-04
1.373399e-01 4.274501e-03 2.098430e-04
1.376107e-01 4.377728e-03 2.118660e-04
1.378816e-01 4.114810e-03 2.142997e-04
1.381524e-01 3.944458e-03 2.137791e-04
1.384232e-01 3.903382e-03 2.180757e-04
1.386940e-01 4.415281e-03 2.180793e-04
1.389648e-01 4.234051e-03 2.200286e-04
1.392356e-01 3.918808e-03 2.198812e-04
1.395064e-01 3.873998e-03 2.188205e-04
1.397773e-01 3.852591e-03 2.206691e-04
1.400481e-01 3.927862e-03 2.219068e-04
1.403189e-01 4.219221e-03 2.245604e-04
1.405897e-01 4.065990e-03 2.233051e-04
1.408605e-01 3.941061e-03 2.249350e-04
1.411313e-01 4.444072e-03 2.254881e-04
1.414021e-01 3.261602e-03 2.236945e-04
1.416730e-01 3.959859e-03 2.278307e-04
1.419438e-01 3.850400e-03 2.268195e-04
1.422146e-01 3.940281e-03 2.280291e-04
1.424854e-01 3.697859e-03 2.275586e-04
1.427562e-01 4.350260e-03 2.282748e-04
1.430270e-01 3.976321e-03 2.243150e-04
1.432979e-01 3.411341e-03 2.272032e-04
1.435687e-01 3.441872e-03 2.287299e-04
1.438395e-01 3.799072e-03 2.286553e-04
1.441103e-01 3.598049e-03 2.301266e-04
1.443811e-01 3.425069e-03 2.313126e-04
1.446519e-01 4.144968e-03 2.316650e-04
1.449227e-01 3.534589e-03 2.334586e-04
1.451935e-01 3.362430e-03 2.307215e-04
1.454644e-01 3.456341e-03 2.337180e-04
1.457352e-01 3.423179e-03 2.351358e-04
1.460060e-01 4.054479e-03 2.337082e-04
1.462768e-01 3.829220e-03 2.357457e-04
1.465476e-01 3.529150e-03 2.338993e-04
1.468184e-01 3.294030e-03 2.371239e-04
1.470892e-01 3.724672e-03 2.371305e-04
1.473601e-01 3.634049e-03 2.364472e-04
1.476309e-01 3.327779e-03 2.373621e-04
1.479017e-01 3.672400e-03 2.341531e-04
1.481725e-01 3.410419e-03 2.375755e-04
1.484433e-01 3.333781e-03 2.339259e-04
1.487141e-01 3.710730e-03 2.369214e-04
1.489850e-01 3.240798e-03 2.343491e-04
1.492558e-01 3.643738e-03 2.355018e-04
1.495266e-01 3.521340e-03 2.350977e-04
1.497974e-01 3.144080e-03 2.328664e-04
1.500682e-01 3.534239e-03 2.347478e-04
1.503390e-01 3.103171e-03 2.357531e-04
1.506098e-01 3.511602e-03 2.351911e-04
1.508806e-01 3.471900e-03 2.350686e-04
1.511515e-01 3.190381e-03 2.336641e-04
1.514223e-01 3.018592e-03 2.370356e-04
1.516931e-01 3.684761e-03 2.351623e-04
1.519639e-01 2.773069e-03 2.332076e-04
1.522347e-01 2.923189e-03 2.358610e-04
1.525055e-01 3.388900e-03 2.340529e-04
1.527763e-01 3.475320e-03 2.366609e-04
1.530472e-01 2.887201e-03 2.344050e-04
1.533180e-01 3.360860e-03 2.344653e-04
1.535888e-01 3.346331e-03 2.356301e-04
1.538596e-01 3.715908e-03 2.341079e-04
1.541304e-01 3.091641e-03 2.355065e-04
1.544012e-01 3.484089e-03 2.354407e-04
1.546721e-01 3.114821e-03 2.391652e-04
1.549429e-01 3.270021e-03 2.359386e-04
1.552137e-01 3.009561e-03 2.362737e-04
1.554845e-01 2.533240e-03 2.371588e-04
1.557553e-01 3.252709e-03 2.361985e-04
1.560261e-01 2.835911e-03 2.367618e-04
1.562969e-01 3.145741e-03 2.348325e-04
1.565678e-01 3.658889e-03 2.370184e-04
1.568386e-01 3.039319e-03 2.349099e-04
1.571094e-01 2.946900e-03 2.374391e-04
1.573802e-01 3.382530e-03 2.368242e-04
1.576510e-01 2.794690e-03 2.355950e-04
1.579218e-01 3.450600e-03 2.353854e-04
1.581926e-01 3.047600e-03 2.368937e-04
1.584634e-01 3.107699e-03 2.356151e-04
1.587343e-01 3.850052e-03 2.368210e-04
1.590051e-01 3.309160e-03 2.358482e-04
1.592759e-01 3.267130e-03 2.342436e-04
1.595467e-01 2.969678e-03 2.347959e-04
1.598175e-01 2.713541e-03 2.350738e-04
1.600883e-01 2.494561e-03 2.336310e-04
1.603591e-01 2.485571e-03 2.322700e-04
1.606300e-01 3.077678e-03 2.337441e-04
1.609008e-01 2.750440e-03 2.327846e-04
1.611716e-01 3.114779e-03 2.336845e-04
1.614424e-01 2.893260e-03 2.315098e-04
1.617132e-01 3.047680e-03 2.323336e-04
1.619840e-01 2.544980e-03 2.326284e-04
1.622549e-01 2.904400e-03 2.333568e-04
1.625257e-01 2.973031e-03 2.317733e-04
1.627965e-01 3.093211e-03 2.305570e-04
1.630673e-01 2.588410e-03 2.311843e-04
1.633381e-01 2.745369e-03 2.343586e-04
1.636089e-01 2.950659e-03 2.311818e-04
1.638797e-01 2.659770e-03 2.344886e-04
1.641506e-01 2.779821e-03 2.333385e-04
1.644214e-01 2.599120e-03 2.336943e-04
1.646922e-01 2.911720e-03 2.317618e-04
1.649630e-01 2.813760e-03 2.313850e-04
1.652338e-01 3.195161e-03 2.363506e-04
1.655046e-01 2.368119e-03 2.332576e-04
1.657754e-01 2.789879e-03 2.327403e-04
1.660462e-01 2.795279e-03 2.332842e-04
1.663171e-01 2.707120e-03 2.334423e-04
1.665879e-01 2.693539e-03 2.333313e-04
1.668587e-01 2.845930e-03 2.331014e-04
1.671295e-01 2.962960e-03 2.345718e-04
1.674003e-01 2.750050e-03 2.337655e-04
1.676711e-01 2.616800e-03 2.416099e-04
1.679420e-01 2.454750e-03 2.459165e-04
1.682128e-01 2.659010e-03 2.470441e-04
1.684836e-01 2.511481e-03 2.529284e-04
1.687544e-01 2.518339e-03 2.522903e-04
1.690252e-01 2.959719e-03 2.549199e-04
1.692960e-01 3.272250e-03 2.507882e-04
1.695668e-01 2.498971e-03 2.581639e-04
1.698377e-01 2.347251e-03 2.600815e-04
1.701085e-01 2.881119e-03 2.616586e-04
1.703793e-01 2.768310e-03 2.662521e-04
1.706501e-01 2.453180e-03 2.628025e-04
1.709209e-01 2.625221e-03 2.701570e-04
1.711917e-01 2.689159e-03 2.672445e-04
1.714625e-01 2.136361e-03 2.707977e-04
1.717333e-01 2.894631e-03 2.779824e-04
1.720042e-01 2.278101e-03 2.759352e-04
1.722750e-01 2.772799e-03 2.803635e-04
1.725458e-01 2.114210e-03 2.800764e-04
1.728166e-01 2.478231e-03 2.790551e-04
1.730874e-01 2.260121e-03 2.838687e-04
1.733582e-01 2.019400e-03 2.805552e-04
1.736291e-01 2.271371e-03 2.864207e-04
1.738999e-01 1.960790e-03 2.815510e-04
1.741707e-01 2.091071e-03 2.914250e-04
1.744415e-01 2.306230e-03 2.876581e-04
1.747123e-01 1.982141e-03 2.929192e-04
1.749831e-01 2.895121e-03 2.832668e-04
1.752539e-01 2.179809e-03 2.744113e-04
1.755248e-01 2.160961e-03 2.736147e-04
1.757956e-01 2.146110e-03 2.696989e-04
1.760664e-01 1.764050e-03 2.710428e-04
1.763372e-01 2.037289e-03 2.706384e-04
1.766080e-01 2.621349e-03 2.682298e-04
1.768788e-01 2.200020e-03 2.690037e-04
1.771496e-01 2.433700e-03 2.656816e-04
1.774205e-01 2.251780e-03 2.650484e-04
1.776913e-01 2.361150e-03 2.628425e-04
1.779621e-01 2.294099e-03 2.607413e-04
1.782329e-01 2.217159e-03 2.623302e-04
1.785037e-01 2.181631e-03 2.579904e-04
1.787745e-01 2.318600e-03 2.602308e-04
1.790453e-01 2.728900e-03 2.591474e-04
1.793161e-01 2.057239e-03 2.568979e-04
1.795870e-01 2.263410e-03 2.587703e-04
1.798578e-01 2.202511e-03 2.546317e-04
1.801286e-01 2.570489e-03 2.558348e-04
1.803994e-01 2.243429e-03 2.551490e-04
1.806702e-01 2.037190e-03 2.539738e-04
1.809410e-01 1.905670e-03 2.533735e-04
1.812119e-01 2.129380e-03 2.530264e-04
1.814827e-01 2.368230e-03 2.547830e-04
1.817535e-01 2.350289e-03 2.518590e-04
1.820243e-01 2.060780e-03 2.512256e-04
1.822951e-01 2.553551e-03 2.528336e-04
1.825659e-01 1.853131e-03 2.534067e-04
1.828367e-01 2.177130e-03 2.552192e-04
1.831076e-01 2.268190e-03 2.485614e-04
1.833784e-01 2.096191e-03 2.546516e-04
1.836492e-01 2.564769e-03 2.490186e-04
1.839200e-01 2.599800e-03 2.520607e-04
1.841908e-01 2.761159e-03 2.531886e-04
1.844616e-01 2.455000e-03 2.501059e-04
1.847324e-01 2.071371e-03 2.515233e-04
1.850033e-01 1.970651e-03 2.488827e-04
1.852741e-01 2.009720e-03 2.502742e-04
1.855449e-01 2.535939e-03 2.509356e-04
1.858157e-01 1.511581e-03 2.526001e-04
1.860865e-01 1.353830e-03 2.512487e-04
1.863573e-01 2.065251e-03 2.480427e-04
1.866281e-01 2.069820e-03 2.494068e-04
1.868990e-01 1.952989e-03 2.482414e-04
1.871698e-01 2.380900e-03 2.504272e-04
1.874406e-01 2.299089e-03 2.508450e-04
1.877114e-01 1.843190e-03 2.473136e-04
1.879822e-01 2.111301e-03 2.493412e-04
1.882530e-01 2.100078e-03 2.454801e-04
1.885238e-01 1.792161e-03 2.493437e-04
1.887947e-01 1.644889e-03 2.470308e-04
1.890655e-01 2.017450e-03 2.488442e-04
1.893363e-01 1.831789e-03 2.478092e-04
1.896071e-01 1.995750e-03 2.464619e-04
1.898779e-01 1.487330e-03 2.510280e-04
1.901487e-01 1.585370e-03 2.480390e-04
1.904195e-01 2.216840e-03 2.465647e-04
1.906904e-01 1.079390e-03 2.493084e-04
1.909612e-01 1.673410e-03 2.457800e-04
1.912320e-01 1.685651e-03 2.476548e-04
1.915028e-01 1.957761e-03 2.462547e-04
1.917736e-01 2.028201e-03 2.471960e-04
1.920444e-01 1.867680e-03 2.473652e-04
1.923153e-01 2.078550e-03 2.474360e-04
1.925861e-01 2.040640e-03 2.487118e-04
1.928569e-01 1.585569e-03 2.470272e-04
1.931277e-01 1.907559e-03 2.445631e-04
1.933985e-01 1.683410e-03 2.467407e-04
1.936693e-01 1.925081e-03 2.458358e-04
1.939401e-01 1.977071e-03 2.481089e-04
1.942109e-01 1.630850e-03 2.445963e-04
1.944818e-01 2.073120e-03 2.468515e-04
1.947526e-01 2.097020e-03 2.463599e-04
1.950234e-01 1.924209e-03 2.464577e-04
1.952942e-01 1.945050e-03 2.462709e-04
1.955650e-01 1.660690e-03 2.476298e-04
1.958358e-01 1.903212e-03 2.459337e-04
1.961066e-01 1.832770e-03 2.477153e-04
1.963775e-01 1.965091e-03 2.486565e-04
1.966483e-01 1.241930e-03 2.455486e-04
1.969191e-01 1.514900e-03 2.460378e-04
1.971899e-01 1.494439e-03 2.469702e-04
1.974607e-01 1.436319e-03 2.481299e-04
1.977315e-01 1.771070e-03 2.457785e-04
1.980023e-01 1.800749e-03 2.436950e-04
1.982732e-01 1.997761e-03 2.452719e-04
1.985440e-01 1.754452e-03 2.469087e-04
1.988148e-01 1.726730e-03 2.474021e-04
1.990856e-01 1.393400e-03 2.440409e-04
1.993564e-01 1.381990e-03 2.458913e-04
1.996272e-01 1.588009e-03 2.455949e-04
1.998980e-01 1.556110e-03 2.449946e-04
2.001689e-01 1.757970e-03 2.459083e-04
2.004397e-01 1.981990e-03 2.422210e-04
2.007105e-01 1.506979e-03 2.406026e-04
2.009813e-01 1.278460e-03 2.419733e-04
2.012521e-01 1.777731e-03 2.432060e-04
2.015229e-01 1.791270e-03 2.445547e-04
2.017937e-01 1.755819e-03 2.436693e-04
2.020646e-01 1.762070e-03 2.467022e-04
2.023354e-01 1.603201e-03 2.441338e-04
2.026062e-01 1.709290e-03 2.419990e-04
2.028770e-01 1.938639e-03 2.426171e-04
2.031478e-01 1.379959e-03 2.438760e-04
2.034186e-01 1.604091e-03 2.411228e-04
2.036894e-01 1.628749e-03 2.409063e-04
2.039603e-01 1.747120e-03 2.417919e-04
2.042311e-01 1.479140e-03 2.429314e-04
2.045019e-01 1.998689e-03 2.413650e-04
2.047727e-01 1.737259e-03 2.416812e-04
2.050435e-01 1.847550e-03 2.400542e-04
2.053143e-01 1.458960e-03 2.429650e-04
2.055852e-01 2.085092e-03 2.389872e-04
2.058560e-01 1.469279e-03 2.395127e-04
2.061268e-01 1.843449e-03 2.390475e-04
2.063976e-01 1.448670e-03 2.408921e-04
2.066684e-01 1.730610e-03 2.359485e-04
2.069392e-01 1.578279e-03 2.388153e-04
2.072100e-01 9.591598e-04 2.398466e-04
2.074808e-01 1.353871e-03 2.376355e-04
2.077517e-01 1.375690e-03 2.372856e-04
2.080225e-01 1.120871e-03 2.385033e-04
2.082933e-01 1.682201e-03 2.376026e-04
2.085641e-01 1.791850e-03 2.367649e-04
2.088349e-01 2.049901e-03 2.436060e-04
2.091057e-01 1.432749e-03 2.374020e-04
2.093765e-01 1.579311e-03 2.367760e-04
2.096474e-01 1.258429e-03 2.375733e-04
2.099182e-01 1.787441e-03 2.408906e-04
2.101890e-01 1.208201e-03 2.381602e-04
2.104598e-01 1.569649e-03 2.384889e-04
2.107306e-01 1.602380e-03 2.363303e-04
2.110014e-01 1.732539e-03 2.377070e-04
2.112723e-01 1.248792e-03 2.382021e-04
2.115431e-01 1.391411e-03 2.353416e-04
2.118139e-01 1.068931e-03 2.381033e-04
2.120847e-01 1.565479e-03 2.389681e-04
2.123555e-01 1.278970e-03 2.388377e-04
2.126263e-01 1.426000e-03 2.356729e-04
2.128971e-01 1.684159e-03 2.380681e-04
2.131680e-01 2.111951e-03 2.369937e-04
2.134388e-01 1.328379e-03 2.381076e-04
2.137096e-01 1.125969e-03 2.376949e-04
2.139804e-01 1.403101e-03 2.384419e-04
2.142512e-01 1.664279e-03 2.367559e-04
2.145220e-01 1.314109e-03 2.420608e-04
2.147928e-01 1.423059e-03 2.381461e-04
2.150636e-01 1.214331e-03 2.359034e-04
2.153345e-01 1.490729e-03 2.385859e-04
2.156053e-01 1.329150e-03 2.394206e-04
2.158761e-01 1.440650e-03 2.384760e-04
2.161469e-01 1.511300e-03 2.372001e-04
2.164177e-01 1.263879e-03 2.370239e-04
2.166885e-01 1.515700e-03 2.392394e-04
2.169593e-01 1.539631e-03 2.388021e-04
2.172302e-01 1.201650e-03 2.395333e-04
2.175010e-01 1.129929e-03 2.364861e-04
2.177718e-01 1.301061e-03 2.365424e-04
2.180426e-01 1.435271e-03 2.402306e-04
2.183134e-01 1.408441e-03 2.359699e-04
2.185842e-01 1.746019e-03 2.359248e-04
2.188551e-01 1.564370e-03 2.363538e-04
2.191259e-01 9.279996e-04 2.366020e-04
2.193967e-01 1.579620e-03 2.353005e-04
2.196675e-01 1.470311e-03 2.353453e-04
2.199383e-01 1.385570e-03 2.367663e-04
2.202091e-01 1.339801e-03 2.348863e-04
2.204799e-01 1.275579e-03 2.336065e-04
2.207507e-01 1.388889e-03 2.362651e-04
2.210216e-01 1.432130e-03 2.334500e-04
2.212924e-01 1.587590e-03 2.330954e-04
2.215632e-01 1.576599e-03 2.341216e-04
2.218340e-01 1.097471e-03 2.353613e-04
2.221048e-01 1.569230e-03 2.333878e-04
2.223756e-01 1.490580e-03 2.334282e-04
2.226464e-01 1.658661e-03 2.329549e-04
2.229173e-01 1.633659e-03 2.339190e-04
2.231881e-01 1.204900e-03 2.321594e-04
2.234589e-01 1.270941e-03 2.322400e-04
2.237297e-01 1.501940e-03 2.310027e-04
2.240005e-01 1.334211e-03 2.328938e-04
2.242713e-01 1.460550e-03 2.306693e-04
2.245422e-01 1.079401e-03 2.315530e-04
2.248130e-01 1.167990e-03 2.345043e-04
2.250838e-01 1.276750e-03 2.319821e-04
2.253546e-01 1.026720e-03 2.328570e-04
2.256254e-01 1.027189e-03 2.307512e-04
2.258962e-01 1.256309e-03 2.331402e-04
2.261670e-01 7.290002e-04 2.427342e-04
2.264379e-01 1.345931e-03 2.474054e-04
2.267087e-01 8.817594e-04 2.483832e-04
2.269795e-01 1.423111e-03 2.517694e-04
2.272503e-01 1.520071e-03 2.574663e-04
2.275211e-01 1.299700e-03 2.591488e-04
2.277919e-01 1.098000e-03 2.602978e-04
2.280627e-01 9.117406e-04 2.621956e-04
2.283335e-01 1.257800e-03 2.675115e-04
2.286044e-01 1.430530e-03 2.677759e-04
2.288752e-01 7.852092e-04 2.707150e-04
2.291460e-01 2.010660e-03 2.738937e-04
2.294168e-01 1.124701e-03 2.773549e-04
2.296876e-01 1.464620e-03 2.794296e-04
2.299584e-01 1.047840e-03 2.806386e-04
2.302293e-01 1.579961e-03 2.859345e-04
2.305001e-01 9.027906e-04 2.868314e-04
2.307709e-01 9.141397e-04 2.882593e-04
2.310417e-01 1.476109e-03 2.922256e-04
2.313125e-01 1.385769e-03 2.941679e-04
2.315833e-01 1.473581e-03 2.944538e-04
2.318541e-01 1.661990e-03 2.965930e-04
2.321250e-01 1.365241e-03 3.041079e-04
2.323958e-01 1.215391e-03 3.024511e-04
2.326666e-01 1.186829e-03 3.050013e-04
2.329374e-01 4.950110e-04 3.107192e-04
2.332082e-01 1.350021e-03 3.088559e-04
2.334790e-01 7.433388e-04 3.148994e-04
2.337498e-01 1.149459e-03 3.194337e-04
2.340207e-01 1.017420e-03 3.204567e-04
2.342915e-01 1.221959e-03 3.208337e-04
2.345623e-01 8.824710e-04 3.175581e-04
2.348331e-01 1.775850e-03 3.257613e-04
2.351039e-01 1.401030e-03 3.313633e-04
2.353747e-01 1.425060e-03 3.287225e-04
2.356455e-01 1.108380e-03 3.332947e-04
2.359163e-01 1.706669e-03 3.367892e-04
2.361872e-01 1.637470e-03 3.400133e-04
2.364580e-01 1.247142e-03 3.402047e-04
2.367288e-01 1.463789e-03 3.423060e-04
2.369996e-01 1.207789e-03 3.454993e-04
2.372704e-01 1.728769e-03 3.547918e-04
2.375412e-01 1.390500e-03 3.527025e-04
2.378121e-01 1.031790e-03 3.597221e-04
2.380829e-01 1.072580e-03 3.537161e-04
2.383537e-01 1.597991e-03 3.650842e-04
2.386245e-01 7.295981e-05 3.726652e-04
2.388953e-01 5.998705e-04 3.693172e-04
2.391661e-01 1.587460e-03 3.721792e-04
2.394369e-01 1.590909e-03 3.733358e-04
2.397078e-01 7.804483e-04 3.838227e-04
2.399786e-01 1.252990e-03 3.834406e-04
2.402494e-01 9.868406e-04 3.903302e-04
2.405202e-01 1.351601e-03 3.890236e-04
2.407910e-01 1.333309e-03 3.996028e-04
2.410618e-01 8.894689e-04 3.999980e-04
2.413326e-01 1.980860e-03 4.076721e-04
2.416034e-01 9.887815e-04 4.071565e-04
2.418743e-01 6.091110e-04 4.160735e-04
2.421451e-01 9.084586e-04 4.236632e-04
2.424159e-01 5.677193e-04 4.296839e-04
2.426867e-01 8.099992e-04 4.173791e-04
2.429575e-01 2.441300e-03 4.348770e-04
2.432283e-01 1.004109e-03 4.415365e-04
2.434992e-01 1.457822e-03 4.369883e-04
2.437700e-01 5.685706e-04 4.453801e-04
2.440408e-01 2.561398e-04 4.555714e-04
2.443116e-01 1.209330e-03 4.627476e-04
2.445824e-01 1.718611e-03 4.626805e-04
2.448532e-01 1.245979e-03 4.655864e-04
2.451240e-01 9.488985e-04 4.788289e-04
2.453949e-01 8.172505e-04 4.833425e-04
2.456657e-01 1.297360e-03 4.923898e-04
2.459365e-01 1.354190e-03 4.980136e-04
2.462073e-01 7.692184e-04 4.994883e-04
2.464781e-01 1.332240e-03 5.200425e-04
2.467489e-01 1.099629e-03 5.240982e-04
2.470197e-01 1.269471e-03 5.218561e-04
2.472906e-01 4.206691e-04 5.330358e-04
2.475614e-01 1.687400e-03 5.484957e-04
2.478322e-01 1.864821e-03 5.720611e-04
2.481030e-01 4.804097e-04 5.666982e-04
2.483738e-01 1.471050e-03 5.640213e-04
2.486446e-01 1.333149e-03 5.887666e-04
2.489154e-01 1.035869e-03 6.126984e-04
2.491863e-01 5.994104e-04 6.027349e-04
2.494571e-01 6.541796e-04 6.227077e-04
2.497279e-01 7.666405e-04 6.435522e-04
2.499987e-01 8.960087e-04 6.674232e-04
2.502695e-01 2.473269e-03 6.696678e-04
2.505403e-01 7.643793e-04 6.931615e-04
2.508111e-01 1.171090e-03 6.942548e-04
2.510819e-01 1.433691e-03 7.508775e-04
2.513528e-01 -4.509501e-04 7.373424e-04
2.516236e-01 3.237421e-03 7.568535e-04
2.518944e-01 6.786007e-04 7.804748e-04
2.521652e-01 9.497199e-04 8.508145e-04
2.524360e-01 -1.095515e-04 8.642234e-04
2.527068e-01 1.199611e-03 8.402551e-04
2.529776e-01 1.133630e-03 8.673624e-04
2.532485e-01 1.128061e-03 9.002763e-04
2.535193e-01 -3.314298e-04 9.069258e-04
2.537901e-01 1.290813e-06 9.670889e-04
2.540609e-01 3.006341e-03 9.698416e-04
2.543317e-01 -2.733897e-04 9.894157e-04
2.546025e-01 2.618080e-03 1.008452e-03
2.548733e-01 -9.605810e-04 1.074017e-03
2.551441e-01 2.317030e-03 1.098355e-03
2.554150e-01 4.482493e-04 1.120410e-03
2.556858e-01 1.852710e-03 1.168626e-03
2.559566e-01 3.327485e-04 1.253519e-03
2.562274e-01 1.196789e-03 1.359425e-03
2.564982e-01 1.150509e-03 1.508691e-03
2.567690e-01 2.020961e-03 1.632642e-03
2.570398e-01 4.776889e-03 1.833144e-03
2.573107e-01 1.706971e-03 1.870989e-03
2.575815e-01 6.046211e-03 2.587391e-03
2.578523e-01 3.325431e-03 3.227591e-03
2.581231e-01 -1.843989e-03 4.971211e-03
