3.286826e-03 5.690381e+01 0.000000e+00
3.557641e-03 6.630731e+01 5.280537e+00
3.828455e-03 6.502258e+01 3.216502e+00
4.099269e-03 6.413161e+01 2.504818e+00
4.370084e-03 6.515179e+01 1.912753e+00
4.640898e-03 6.420430e+01 1.293256e+00
4.911712e-03 6.273720e+01 1.095486e+00
5.182527e-03 6.274315e+01 8.718163e-01
5.453341e-03 6.120057e+01 7.731874e-01
5.724155e-03 6.078696e+01 6.213918e-01
5.994970e-03 6.018314e+01 5.600145e-01
6.265784e-03 5.885264e+01 4.755978e-01
6.536598e-03 5.883517e+01 3.951675e-01
6.807412e-03 5.805430e+01 3.735870e-01
7.078227e-03 5.674776e+01 3.355950e-01
7.349041e-03 5.643889e+01 2.895224e-01
7.619855e-03 5.581621e+01 2.712287e-01
7.890671e-03 5.450714e+01 2.489521e-01
8.161485e-03 5.371264e+01 2.388517e-01
8.432299e-03 5.322304e+01 2.163514e-01
8.703114e-03 5.236137e+01 2.041514e-01
8.973928e-03 5.156345e+01 1.935700e-01
9.244742e-03 5.033686e+01 1.861924e-01
9.515557e-03 4.979423e+01 1.781631e-01
9.786371e-03 4.867586e+01 1.652379e-01
1.005718e-02 4.806444e+01 1.620012e-01
1.032800e-02 4.728531e+01 1.503792e-01
1.059881e-02 4.614501e+01 1.475593e-01
1.086963e-02 4.518306e+01 1.428029e-01
1.114044e-02 4.425318e+01 1.357307e-01
1.141126e-02 4.363910e+01 1.343484e-01
1.168207e-02 4.271894e+01 1.290824e-01
1.195289e-02 4.202924e+01 1.266268e-01
1.222370e-02 4.066875e+01 1.209050e-01
1.249451e-02 3.990154e+01 1.171508e-01
1.276533e-02 3.909068e+01 1.126830e-01
1.303614e-02 3.814332e+01 1.087091e-01
1.330696e-02 3.724964e+01 1.065440e-01
1.357777e-02 3.646077e+01 1.058277e-01
1.384859e-02 3.546882e+01 1.007344e-01
1.411940e-02 3.452826e+01 9.746799e-02
1.439021e-02 3.362772e+01 9.409531e-02
1.466103e-02 3.259053e+01 9.231667e-02
1.493184e-02 3.188961e+01 9.107797e-02
1.520266e-02 3.115474e+01 8.961581e-02
1.547347e-02 3.020428e+01 8.500972e-02
1.574429e-02 2.929513e+01 8.377854e-02
1.601510e-02 2.844634e+01 8.081364e-02
1.628591e-02 2.775013e+01 8.110720e-02
1.655673e-02 2.694029e+01 7.818073e-02
1.682754e-02 2.614033e+01 7.717242e-02
1.709836e-02 2.531935e+01 7.350457e-02
1.736917e-02 2.450175e+01 7.285972e-02
1.763999e-02 2.381172e+01 7.026266e-02
1.791080e-02 2.295325e+01 6.825403e-02
1.818161e-02 2.213075e+01 6.788762e-02
1.845243e-02 2.152216e+01 6.762594e-02
1.872324e-02 2.075424e+01 6.627588e-02
1.899406e-02 2.015340e+01 6.523195e-02
1.926487e-02 1.945620e+01 6.534228e-02
1.953569e-02 1.882703e+01 6.331703e-02
1.980650e-02 1.811628e+01 6.272200e-02
2.007731e-02 1.745673e+01 6.104028e-02
2.034813e-02 1.681855e+01 6.028194e-02
2.061894e-02 1.624812e+01 5.931805e-02
2.088976e-02 1.562870e+01 5.760487e-02
2.116057e-02 1.522508e+01 5.624399e-02
2.143139e-02 1.457481e+01 5.565964e-02
2.170220e-02 1.395441e+01 5.558887e-02
2.197302e-02 1.347651e+01 5.320225e-02
2.224383e-02 1.299895e+01 5.226383e-02
2.251465e-02 1.248474e+01 5.082032e-02
2.278546e-02 1.194020e+01 4.943872e-02
2.305627e-02 1.140817e+01 4.898718e-02
2.332709e-02 1.101124e+01 4.705534e-02
2.359790e-02 1.055017e+01 4.547920e-02
2.386872e-02 1.010736e+01 4.486899e-02
2.413953e-02 9.611678e+00 4.298130e-02
2.441034e-02 9.183240e+00 4.169303e-02
2.468116e-02 8.818186e+00 4.149857e-02
2.495197e-02 8.449307e+00 3.989069e-02
2.522279e-02 8.073384e+00 4.000646e-02
2.549360e-02 7.733788e+00 3.824168e-02
2.576442e-02 7.361464e+00 3.748660e-02
2.603523e-02 7.012919e+00 3.674378e-02
2.630604e-02 6.623713e+00 3.594543e-02
2.657686e-02 6.420870e+00 3.568691e-02
2.684767e-02 6.093281e+00 3.403444e-02
2.711849e-02 5.792775e+00 3.403066e-02
2.738930e-02 5.553608e+00 3.311186e-02
2.766012e-02 5.236525e+00 3.208985e-02
2.793093e-02 5.001140e+00 3.159369e-02
2.820175e-02 4.801604e+00 3.018095e-02
2.847256e-02 4.482084e+00 2.995475e-02
2.874337e-02 4.385065e+00 2.955318e-02
2.901419e-02 4.111743e+00 2.855699e-02
2.928500e-02 3.915862e+00 2.811009e-02
2.955582e-02 3.716713e+00 2.753755e-02
2.982663e-02 3.486822e+00 2.748139e-02
3.009745e-02 3.359937e+00 2.711496e-02
3.036826e-02 3.185451e+00 2.617226e-02
3.063907e-02 3.033332e+00 2.588540e-02
3.090989e-02 2.889497e+00 2.564569e-02
3.118070e-02 2.721182e+00 2.509071e-02
3.145152e-02 2.587960e+00 2.455030e-02
3.172233e-02 2.442576e+00 2.418602e-02
3.199315e-02 2.341324e+00 2.407148e-02
3.226396e-02 2.168945e+00 2.360380e-02
3.253478e-02 2.056231e+00 2.329402e-02
3.280559e-02 1.953726e+00 2.285701e-02
3.307641e-02 1.911853e+00 2.264272e-02
3.334722e-02 1.767243e+00 2.241504e-02
3.361803e-02 1.674256e+00 2.234755e-02
3.388885e-02 1.588799e+00 2.170417e-02
3.415966e-02 1.536630e+00 2.172140e-02
3.443048e-02 1.418368e+00 2.147475e-02
3.470129e-02 1.366149e+00 2.102520e-02
3.497211e-02 1.265950e+00 2.091278e-02
3.524292e-02 1.197815e+00 2.046031e-02
3.551374e-02 1.139999e+00 2.040493e-02
3.578455e-02 1.109234e+00 2.023178e-02
3.605536e-02 1.048535e+00 1.975578e-02
3.632618e-02 1.011791e+00 1.990835e-02
3.659699e-02 1.000799e+00 1.950276e-02
3.686780e-02 9.285311e-01 1.942839e-02
3.713862e-02 8.389789e-01 1.916623e-02
3.740944e-02 8.173251e-01 1.884620e-02
3.768025e-02 7.861419e-01 1.868584e-02
3.795106e-02 7.669671e-01 1.861941e-02
3.822188e-02 7.274699e-01 1.871106e-02
3.849269e-02 7.198050e-01 1.834221e-02
3.876351e-02 6.577330e-01 1.829615e-02
3.903432e-02 6.676091e-01 1.826697e-02
3.930514e-02 6.210879e-01 1.803075e-02
3.957595e-02 6.118729e-01 1.798480e-02
3.984676e-02 5.260439e-01 1.765778e-02
4.011758e-02 5.385761e-01 1.756394e-02
4.038839e-02 5.261999e-01 1.758998e-02
4.065921e-02 5.175811e-01 1.737392e-02
4.093002e-02 5.435631e-01 1.741854e-02
4.120084e-02 4.895600e-01 1.723328e-02
4.147165e-02 4.879650e-01 1.714006e-02
4.174246e-02 5.048771e-01 1.709121e-02
4.201328e-02 4.844790e-01 1.700663e-02
4.228409e-02 4.406880e-01 1.697964e-02
4.255491e-02 4.532421e-01 1.675099e-02
4.282572e-02 4.373760e-01 1.699212e-02
4.309653e-02 4.193450e-01 1.657363e-02
4.336735e-02 4.166290e-01 1.646866e-02
4.363817e-02 4.032040e-01 1.645083e-02
4.390898e-02 4.522200e-01 1.645898e-02
4.417979e-02 4.034950e-01 1.630106e-02
4.445061e-02 4.213560e-01 1.607570e-02
4.472142e-02 3.959610e-01 1.611281e-02
4.499224e-02 3.867130e-01 1.620806e-02
4.526305e-02 4.127810e-01 1.606232e-02
4.553387e-02 3.512170e-01 1.597423e-02
4.580468e-02 3.712350e-01 1.603822e-02
4.607549e-02 3.915950e-01 1.574813e-02
4.634631e-02 3.991730e-01 1.582767e-02
4.661712e-02 3.706230e-01 1.582232e-02
4.688794e-02 3.653740e-01 1.560714e-02
4.715875e-02 3.751099e-01 1.549905e-02
4.742957e-02 3.429170e-01 1.539093e-02
4.770038e-02 3.588130e-01 1.538285e-02
4.797119e-02 3.544990e-01 1.545912e-02
4.824201e-02 3.317159e-01 1.527449e-02
4.851282e-02 3.504800e-01 1.546089e-02
4.878364e-02 3.339480e-01 1.523906e-02
4.905445e-02 3.797760e-01 1.513257e-02
4.932526e-02 3.165530e-01 1.525170e-02
4.959608e-02 3.233429e-01 1.500789e-02
4.986690e-02 3.500590e-01 1.518808e-02
5.013771e-02 3.282720e-01 1.500461e-02
5.040852e-02 3.314000e-01 1.482474e-02
5.067934e-02 3.208629e-01 1.507116e-02
5.095015e-02 3.402810e-01 1.477183e-02
5.122096e-02 3.184190e-01 1.494622e-02
5.149178e-02 3.271401e-01 1.485215e-02
5.176260e-02 2.941680e-01 1.481647e-02
5.203341e-02 3.287250e-01 1.475381e-02
5.230422e-02 3.007770e-01 1.451381e-02
5.257504e-02 3.005880e-01 1.470973e-02
5.284585e-02 3.235110e-01 1.445564e-02
5.311667e-02 2.934060e-01 1.447823e-02
5.338748e-02 2.987161e-01 1.471649e-02
5.365830e-02 3.223641e-01 1.455042e-02
5.392911e-02 3.103110e-01 1.479507e-02
5.419992e-02 2.867990e-01 1.462062e-02
5.447074e-02 3.121880e-01 1.455875e-02
5.474155e-02 2.946171e-01 1.484088e-02
5.501237e-02 2.723720e-01 1.509580e-02
5.528318e-02 3.181250e-01 1.534083e-02
5.555400e-02 2.575010e-01 1.532974e-02
5.582481e-02 2.900270e-01 1.525293e-02
5.609563e-02 2.838240e-01 1.533262e-02
5.636644e-02 2.573850e-01 1.554039e-02
5.663725e-02 2.722690e-01 1.544837e-02
5.690807e-02 2.712860e-01 1.564333e-02
5.717888e-02 2.539320e-01 1.558151e-02
5.744969e-02 2.746520e-01 1.538584e-02
5.772051e-02 2.618480e-01 1.571910e-02
5.799133e-02 2.706280e-01 1.551353e-02
5.826214e-02 2.312189e-01 1.573243e-02
5.853295e-02 2.371629e-01 1.567777e-02
5.880377e-02 2.561090e-01 1.562622e-02
5.907458e-02 2.424910e-01 1.559925e-02
5.934540e-02 2.214401e-01 1.566205e-02
5.961621e-02 2.171350e-01 1.579918e-02
5.988703e-02 2.257330e-01 1.582065e-02
6.015784e-02 2.304070e-01 1.578791e-02
6.042865e-02 2.381030e-01 1.568941e-02
6.069947e-02 2.248430e-01 1.553495e-02
6.097028e-02 2.003920e-01 1.559178e-02
6.124110e-02 2.493680e-01 1.528021e-02
6.151191e-02 2.332801e-01 1.515067e-02
6.178273e-02 2.261630e-01 1.518028e-02
6.205354e-02 2.119640e-01 1.506795e-02
6.232436e-02 1.928071e-01 1.514683e-02
6.259517e-02 2.064140e-01 1.490377e-02
6.286598e-02 2.044829e-01 1.485289e-02
6.313679e-02 2.099971e-01 1.514349e-02
6.340761e-02 1.906509e-01 1.482606e-02
6.367842e-02 2.037110e-01 1.480421e-02
6.394923e-02 2.017820e-01 1.465282e-02
6.422005e-02 1.995090e-01 1.490132e-02
6.449086e-02 1.827070e-01 1.476335e-02
6.476168e-02 1.893940e-01 1.456621e-02
6.503250e-02 1.792880e-01 1.488205e-02
6.530331e-02 1.665219e-01 1.470196e-02
6.557412e-02 1.842691e-01 1.464351e-02
6.584494e-02 1.611530e-01 1.463041e-02
6.611575e-02 1.680390e-01 1.456004e-02
6.638657e-02 1.541370e-01 1.454729e-02
6.665738e-02 1.537069e-01 1.462779e-02
6.692819e-02 1.591849e-01 1.446614e-02
6.719901e-02 1.436250e-01 1.456974e-02
6.746982e-02 1.724360e-01 1.441340e-02
6.774063e-02 1.888100e-01 1.453189e-02
6.801146e-02 1.519301e-01 1.442525e-02
6.828227e-02 1.265180e-01 1.448918e-02
6.855308e-02 1.457590e-01 1.448125e-02
6.882390e-02 1.489381e-01 1.445230e-02
6.909471e-02 1.453630e-01 1.442708e-02
6.936552e-02 1.453010e-01 1.430230e-02
6.963634e-02 1.478260e-01 1.419057e-02
6.990715e-02 1.317750e-01 1.430822e-02
7.017796e-02 1.470909e-01 1.412453e-02
7.044878e-02 1.436939e-01 1.399139e-02
7.071959e-02 1.599721e-01 1.416199e-02
7.099041e-02 1.227870e-01 1.417541e-02
7.126123e-02 1.280351e-01 1.412553e-02
7.153204e-02 1.634539e-01 1.396357e-02
7.180285e-02 1.444349e-01 1.406627e-02
7.207367e-02 1.329131e-01 1.410563e-02
7.234448e-02 1.206080e-01 1.405826e-02
7.261530e-02 1.369159e-01 1.402792e-02
7.288611e-02 1.458780e-01 1.386894e-02
7.315692e-02 9.688699e-02 1.408674e-02
7.342774e-02 1.064360e-01 1.402482e-02
7.369855e-02 1.143030e-01 1.383358e-02
7.396936e-02 1.197699e-01 1.405119e-02
7.424019e-02 1.228499e-01 1.396191e-02
7.451100e-02 1.169100e-01 1.376528e-02
7.478181e-02 1.079630e-01 1.378798e-02
7.505263e-02 1.174090e-01 1.370819e-02
7.532344e-02 1.194540e-01 1.381676e-02
7.559425e-02 1.218181e-01 1.386462e-02
7.586507e-02 1.378530e-01 1.377806e-02
7.613588e-02 1.262550e-01 1.380411e-02
7.640669e-02 1.066220e-01 1.369547e-02
7.667751e-02 1.190079e-01 1.369318e-02
7.694832e-02 1.054610e-01 1.366586e-02
7.721914e-02 1.073660e-01 1.373921e-02
7.748996e-02 8.725405e-02 1.371658e-02
7.776077e-02 1.078809e-01 1.364558e-02
7.803158e-02 1.000659e-01 1.366042e-02
7.830240e-02 1.167870e-01 1.360414e-02
7.857321e-02 1.030360e-01 1.342792e-02
7.884403e-02 1.046430e-01 1.348930e-02
7.911484e-02 1.112460e-01 1.344867e-02
7.938565e-02 7.331896e-02 1.358974e-02
7.965647e-02 1.332630e-01 1.334715e-02
7.992728e-02 8.879507e-02 1.348079e-02
8.019809e-02 8.476508e-02 1.343508e-02
8.046892e-02 9.027910e-02 1.322732e-02
8.073973e-02 1.024750e-01 1.341040e-02
8.101054e-02 1.066810e-01 1.327249e-02
8.128136e-02 1.064219e-01 1.330847e-02
8.155217e-02 9.250998e-02 1.341675e-02
8.182298e-02 1.066281e-01 1.329649e-02
8.209380e-02 9.817696e-02 1.319443e-02
8.236461e-02 7.662404e-02 1.329079e-02
8.263543e-02 1.194460e-01 1.318037e-02
8.290624e-02 7.505703e-02 1.327258e-02
8.317705e-02 9.543693e-02 1.319069e-02
8.344787e-02 7.072699e-02 1.323679e-02
8.371869e-02 7.042396e-02 1.336010e-02
8.398950e-02 1.125510e-01 1.310711e-02
8.426031e-02 7.749903e-02 1.306517e-02
8.453113e-02 9.277189e-02 1.305913e-02
8.480194e-02 7.666302e-02 1.316661e-02
8.507276e-02 1.220059e-01 1.318205e-02
8.534357e-02 8.217406e-02 1.306813e-02
8.561438e-02 9.477901e-02 1.302235e-02
8.588520e-02 7.949805e-02 1.286550e-02
8.615601e-02 7.719302e-02 1.285962e-02
8.642682e-02 9.864306e-02 1.301935e-02
8.669765e-02 9.508395e-02 1.290366e-02
8.696846e-02 1.073999e-01 1.292019e-02
8.723927e-02 5.184698e-02 1.290779e-02
8.751009e-02 7.588601e-02 1.277472e-02
8.778090e-02 6.707191e-02 1.290126e-02
8.805171e-02 7.859707e-02 1.284956e-02
8.832253e-02 6.933105e-02 1.279573e-02
8.859334e-02 6.608403e-02 1.292730e-02
8.886416e-02 5.960500e-02 1.275947e-02
8.913497e-02 9.316599e-02 1.281834e-02
8.940578e-02 7.362008e-02 1.283568e-02
8.967660e-02 8.204997e-02 1.284179e-02
8.994742e-02 7.974803e-02 1.283683e-02
9.021823e-02 7.330704e-02 1.276237e-02
9.048904e-02 5.753005e-02 1.269975e-02
9.075986e-02 6.217492e-02 1.281461e-02
9.103067e-02 7.968903e-02 1.262085e-02
9.130149e-02 5.734396e-02 1.272079e-02
9.157230e-02 5.875504e-02 1.264665e-02
9.184311e-02 5.827999e-02 1.270591e-02
9.211393e-02 5.167806e-02 1.251713e-02
9.238474e-02 5.390799e-02 1.264318e-02
9.265555e-02 9.714401e-02 1.264669e-02
9.292637e-02 9.079504e-02 1.249026e-02
9.319719e-02 6.526303e-02 1.259847e-02
9.346800e-02 8.529699e-02 1.248324e-02
9.373882e-02 9.923398e-02 1.243300e-02
9.400963e-02 6.926203e-02 1.258614e-02
9.428044e-02 6.412089e-02 1.261954e-02
9.455126e-02 4.800105e-02 1.247819e-02
9.482207e-02 3.130794e-02 1.253490e-02
9.509289e-02 5.126297e-02 1.245251e-02
9.536370e-02 6.134403e-02 1.264973e-02
9.563451e-02 7.215202e-02 1.234144e-02
9.590533e-02 6.526506e-02 1.249712e-02
9.617615e-02 8.779705e-02 1.233191e-02
9.644696e-02 6.031704e-02 1.230909e-02
9.671777e-02 7.934606e-02 1.250614e-02
9.698859e-02 6.582391e-02 1.222745e-02
9.725940e-02 7.963300e-02 1.236923e-02
9.753022e-02 4.504097e-02 1.228377e-02
9.780103e-02 6.004095e-02 1.226996e-02
9.807184e-02 6.823897e-02 1.219470e-02
9.834266e-02 4.860699e-02 1.229731e-02
9.861347e-02 6.541395e-02 1.231641e-02
9.888428e-02 4.605806e-02 1.225074e-02
9.915510e-02 5.279207e-02 1.228462e-02
9.942592e-02 5.904400e-02 1.214080e-02
9.969673e-02 6.601894e-02 1.219164e-02
9.996755e-02 4.916799e-02 1.227849e-02
1.002384e-01 4.711103e-02 1.211410e-02
1.005092e-01 7.037997e-02 1.213256e-02
1.007800e-01 6.795096e-02 1.213136e-02
1.010508e-01 6.695592e-02 1.228634e-02
1.013216e-01 5.361199e-02 1.212672e-02
1.015924e-01 6.490099e-02 1.197023e-02
1.018632e-01 5.536604e-02 1.223247e-02
1.021341e-01 5.473197e-02 1.198951e-02
1.024049e-01 6.307197e-02 1.216736e-02
1.026757e-01 7.684898e-02 1.202386e-02
1.029465e-01 5.292499e-02 1.211648e-02
1.032173e-01 6.143594e-02 1.203305e-02
1.034881e-01 5.861795e-02 1.204452e-02
1.037589e-01 4.461300e-02 1.199277e-02
1.040298e-01 3.950894e-02 1.197730e-02
1.043006e-01 5.256295e-02 1.200813e-02
1.045714e-01 7.507491e-02 1.194714e-02
1.048422e-01 4.355299e-02 1.189725e-02
1.051130e-01 5.140698e-02 1.192158e-02
1.053838e-01 5.348599e-02 1.197242e-02
1.056546e-01 5.260503e-02 1.194494e-02
1.059255e-01 5.734801e-02 1.188640e-02
1.061963e-01 5.674100e-02 1.190523e-02
1.064671e-01 4.495597e-02 1.182792e-02
1.067379e-01 4.954207e-02 1.188423e-02
1.070087e-01 5.921602e-02 1.192180e-02
1.072795e-01 5.550992e-02 1.182231e-02
1.075503e-01 4.019701e-02 1.178003e-02
1.078212e-01 6.328905e-02 1.180507e-02
1.080920e-01 5.757701e-02 1.178975e-02
1.083628e-01 4.445195e-02 1.173396e-02
1.086336e-01 6.197298e-02 1.177562e-02
1.089044e-01 5.950499e-02 1.175995e-02
1.091752e-01 5.604899e-02 1.173384e-02
1.094460e-01 5.095208e-02 1.166063e-02
1.097169e-01 4.180098e-02 1.180444e-02
1.099877e-01 6.260204e-02 1.174051e-02
1.102585e-01 2.641904e-02 1.177225e-02
1.105293e-01 3.181112e-02 1.190808e-02
1.108001e-01 5.231202e-02 1.197390e-02
1.110709e-01 5.085301e-02 1.211572e-02
1.113417e-01 3.907394e-02 1.199252e-02
1.116126e-01 5.430198e-02 1.219305e-02
1.118834e-01 5.046201e-02 1.217161e-02
1.121542e-01 8.012402e-02 1.220384e-02
1.124250e-01 5.653608e-02 1.247383e-02
1.126958e-01 4.747999e-02 1.237346e-02
1.129666e-01 7.840002e-02 1.246235e-02
1.132374e-01 3.305793e-02 1.266814e-02
1.135083e-01 5.068898e-02 1.281105e-02
1.137791e-01 6.454396e-02 1.286531e-02
1.140499e-01 4.108191e-02 1.279399e-02
1.143207e-01 4.571199e-02 1.294271e-02
1.145915e-01 4.643393e-02 1.287411e-02
1.148623e-01 5.496395e-02 1.315237e-02
1.151332e-01 5.538797e-02 1.302192e-02
1.154040e-01 8.892798e-02 1.326728e-02
1.156748e-01 3.390396e-02 1.328006e-02
1.159456e-01 3.601992e-02 1.337913e-02
1.162164e-01 3.556597e-02 1.332550e-02
1.164872e-01 5.573905e-02 1.342166e-02
1.167580e-01 6.529009e-02 1.358570e-02
1.170288e-01 6.251800e-02 1.352876e-02
1.172997e-01 4.141104e-02 1.373754e-02
1.175705e-01 4.488301e-02 1.370189e-02
1.178413e-01 4.306304e-02 1.381228e-02
1.181121e-01 5.323792e-02 1.370919e-02
1.183829e-01 5.040503e-02 1.332994e-02
1.186537e-01 4.159594e-02 1.339685e-02
1.189246e-01 2.896011e-02 1.334342e-02
1.191954e-01 6.254601e-02 1.321912e-02
1.194662e-01 5.219507e-02 1.330055e-02
1.197370e-01 4.572594e-02 1.325580e-02
1.200078e-01 3.933704e-02 1.332357e-02
1.202786e-01 6.493497e-02 1.321183e-02
1.205494e-01 4.267895e-02 1.316150e-02
1.208202e-01 6.104302e-02 1.330951e-02
1.210911e-01 3.299403e-02 1.314911e-02
1.213619e-01 5.768991e-02 1.315015e-02
1.216327e-01 4.519403e-02 1.321205e-02
1.219035e-01 3.807902e-02 1.320677e-02
1.221743e-01 2.043796e-02 1.311421e-02
1.224451e-01 3.794408e-02 1.308347e-02
1.227160e-01 3.245592e-02 1.315386e-02
1.229868e-01 5.256903e-02 1.310838e-02
1.232576e-01 5.808604e-02 1.323904e-02
1.235284e-01 4.819906e-02 1.325729e-02
1.237992e-01 4.608810e-02 1.315469e-02
1.240700e-01 3.759801e-02 1.325196e-02
1.243408e-01 5.791497e-02 1.315510e-02
1.246117e-01 4.741502e-02 1.320271e-02
1.248825e-01 2.399898e-02 1.326247e-02
1.251533e-01 1.970696e-02 1.307138e-02
1.254241e-01 2.877903e-02 1.313705e-02
1.256949e-01 4.651105e-02 1.294925e-02
1.259657e-01 2.765203e-02 1.300562e-02
1.262365e-01 5.420101e-02 1.308928e-02
1.265074e-01 3.941405e-02 1.293471e-02
1.267782e-01 3.729606e-02 1.303232e-02
1.270490e-01 2.301002e-02 1.304227e-02
1.273198e-01 3.893793e-02 1.288479e-02
1.275906e-01 3.932202e-02 1.287486e-02
1.278614e-01 2.395093e-02 1.292194e-02
1.281322e-01 2.490306e-02 1.282949e-02
1.284031e-01 3.602195e-02 1.278266e-02
1.286739e-01 3.443396e-02 1.280012e-02
1.289447e-01 2.705503e-02 1.283671e-02
1.292155e-01 3.061402e-02 1.288263e-02
1.294863e-01 4.851508e-02 1.291389e-02
1.297571e-01 3.078508e-02 1.282660e-02
1.300279e-01 2.302003e-02 1.275607e-02
1.302988e-01 4.628801e-02 1.283765e-02
1.305696e-01 5.903304e-02 1.286483e-02
1.308404e-01 1.947904e-02 1.272461e-02
1.311112e-01 3.547001e-02 1.286952e-02
1.313820e-01 3.405392e-02 1.269227e-02
1.316528e-01 3.654599e-02 1.296735e-02
1.319236e-01 3.168607e-02 1.281617e-02
1.321945e-01 3.638899e-02 1.274130e-02
1.324653e-01 4.975700e-02 1.287545e-02
1.327361e-01 4.366601e-02 1.269712e-02
1.330069e-01 3.167999e-02 1.275498e-02
1.332777e-01 2.422595e-02 1.270685e-02
1.335485e-01 1.069593e-02 1.267799e-02
1.338193e-01 5.540597e-02 1.279135e-02
1.340902e-01 1.309395e-02 1.263932e-02
1.343610e-01 4.776597e-02 1.276061e-02
1.346318e-01 5.435300e-02 1.265406e-02
1.349026e-01 4.409695e-02 1.263291e-02
1.351734e-01 2.178395e-02 1.273787e-02
1.354442e-01 4.317689e-02 1.261757e-02
1.357151e-01 3.900397e-02 1.265650e-02
1.359859e-01 2.747691e-02 1.262811e-02
1.362567e-01 2.707005e-02 1.249401e-02
1.365275e-01 6.994963e-03 1.261055e-02
1.367983e-01 3.559005e-02 1.252752e-02
1.370691e-01 3.464901e-02 1.278897e-02
1.373399e-01 3.804410e-02 1.270871e-02
1.376107e-01 2.246106e-02 1.281676e-02
1.378816e-01 3.493094e-02 1.312540e-02
1.381524e-01 6.106997e-02 1.287923e-02
1.384232e-01 2.958798e-02 1.323732e-02
1.386940e-01 4.664910e-02 1.321237e-02
1.389648e-01 4.517698e-02 1.329212e-02
1.392356e-01 3.474700e-02 1.339917e-02
1.395064e-01 3.179502e-02 1.342752e-02
1.397773e-01 3.497601e-02 1.341984e-02
1.400481e-01 3.210390e-02 1.346412e-02
1.403189e-01 4.482603e-02 1.364586e-02
1.405897e-01 2.185500e-02 1.353484e-02
1.408605e-01 1.524508e-02 1.372166e-02
1.411313e-01 2.178800e-02 1.382382e-02
1.414021e-01 3.106201e-02 1.370556e-02
1.416730e-01 4.732907e-02 1.385029e-02
1.419438e-01 5.638993e-02 1.382254e-02
1.422146e-01 4.181194e-02 1.380252e-02
1.424854e-01 3.362799e-02 1.390794e-02
1.427562e-01 3.083909e-02 1.391045e-02
1.430270e-01 4.446197e-02 1.388673e-02
1.432979e-01 1.408195e-02 1.381479e-02
1.435687e-01 1.620495e-02 1.412876e-02
1.438395e-01 2.033007e-02 1.400059e-02
1.441103e-01 3.633296e-02 1.397868e-02
1.443811e-01 3.400493e-02 1.418069e-02
1.446519e-01 6.330407e-02 1.408207e-02
1.449227e-01 3.377795e-02 1.423744e-02
1.451935e-01 2.409399e-02 1.405423e-02
1.454644e-01 2.252805e-02 1.426477e-02
1.457352e-01 9.814978e-03 1.421978e-02
1.460060e-01 2.129209e-02 1.424158e-02
1.462768e-01 3.877497e-02 1.448163e-02
1.465476e-01 3.342295e-02 1.432025e-02
1.468184e-01 1.742399e-02 1.456461e-02
1.470892e-01 3.885007e-02 1.453834e-02
1.473601e-01 4.951596e-02 1.438097e-02
1.476309e-01 1.199806e-02 1.433474e-02
1.479017e-01 5.391502e-02 1.434787e-02
1.481725e-01 2.499998e-02 1.461370e-02
1.484433e-01 2.576602e-02 1.426852e-02
1.487141e-01 5.457604e-02 1.437381e-02
1.489850e-01 4.141998e-02 1.447418e-02
1.492558e-01 2.391100e-02 1.438823e-02
1.495266e-01 2.150404e-02 1.446360e-02
1.497974e-01 3.996205e-02 1.426500e-02
1.500682e-01 1.781499e-02 1.446424e-02
1.503390e-01 1.636195e-02 1.442237e-02
1.506098e-01 1.330101e-02 1.435468e-02
1.508806e-01 8.625031e-03 1.428544e-02
1.511515e-01 -1.389027e-03 1.439595e-02
1.514223e-01 1.475990e-02 1.449825e-02
1.516931e-01 2.287602e-02 1.442140e-02
1.519639e-01 2.807093e-02 1.433464e-02
1.522347e-01 2.727306e-02 1.448221e-02
1.525055e-01 3.131902e-02 1.434858e-02
1.527763e-01 1.482904e-02 1.458537e-02
1.530472e-01 7.941961e-03 1.432614e-02
1.533180e-01 1.592398e-02 1.433315e-02
1.535888e-01 2.863801e-02 1.443864e-02
1.538596e-01 1.787901e-02 1.437015e-02
1.541304e-01 2.640104e-02 1.450002e-02
1.544012e-01 3.053594e-02 1.433958e-02
1.546721e-01 3.100801e-02 1.458572e-02
1.549429e-01 1.997900e-02 1.454537e-02
1.552137e-01 1.112795e-02 1.452750e-02
1.554845e-01 1.815808e-02 1.442407e-02
1.557553e-01 1.944792e-02 1.448257e-02
1.560261e-01 3.650796e-02 1.444767e-02
1.562969e-01 1.914191e-02 1.448536e-02
1.565678e-01 3.654397e-02 1.442136e-02
1.568386e-01 1.580107e-02 1.442177e-02
1.571094e-01 4.811001e-02 1.459948e-02
1.573802e-01 2.428603e-02 1.438202e-02
1.576510e-01 9.591937e-03 1.448301e-02
1.579218e-01 5.349100e-02 1.442577e-02
1.581926e-01 4.184604e-02 1.452231e-02
1.584634e-01 2.482593e-02 1.450531e-02
1.587343e-01 1.672304e-02 1.450190e-02
1.590051e-01 2.874708e-02 1.427511e-02
1.592759e-01 3.007400e-02 1.445050e-02
1.595467e-01 7.703066e-03 1.447498e-02
1.598175e-01 4.082799e-02 1.430155e-02
1.600883e-01 2.982104e-02 1.440493e-02
1.603591e-01 3.222895e-02 1.452559e-02
1.606300e-01 3.804004e-02 1.448691e-02
1.609008e-01 3.598201e-02 1.427871e-02
1.611716e-01 1.954091e-02 1.440080e-02
1.614424e-01 2.509499e-02 1.432079e-02
1.617132e-01 3.714800e-02 1.436253e-02
1.619840e-01 3.814697e-02 1.444906e-02
1.622549e-01 1.833200e-02 1.423923e-02
1.625257e-01 1.577401e-02 1.441500e-02
1.627965e-01 -1.313305e-02 1.429380e-02
1.630673e-01 2.873099e-02 1.418699e-02
1.633381e-01 5.085099e-02 1.430610e-02
1.636089e-01 1.810491e-02 1.438597e-02
1.638797e-01 4.094195e-02 1.447373e-02
1.641506e-01 3.957796e-02 1.426611e-02
1.644214e-01 2.353203e-02 1.424350e-02
1.646922e-01 4.426396e-02 1.423514e-02
1.649630e-01 5.875397e-02 1.425703e-02
1.652338e-01 6.181800e-02 1.444035e-02
1.655046e-01 1.808000e-02 1.441077e-02
1.657754e-01 9.026051e-03 1.430665e-02
1.660462e-01 3.680003e-02 1.432656e-02
1.663171e-01 3.592503e-02 1.438930e-02
1.665879e-01 1.543498e-02 1.432579e-02
1.668587e-01 2.291095e-02 1.438027e-02
1.671295e-01 2.543294e-02 1.447052e-02
1.674003e-01 1.582897e-02 1.434406e-02
1.676711e-01 7.626057e-03 1.496401e-02
1.679420e-01 1.129031e-03 1.505424e-02
1.682128e-01 3.297400e-02 1.536301e-02
1.684836e-01 2.583981e-03 1.565200e-02
1.687544e-01 3.543305e-02 1.551328e-02
1.690252e-01 1.593912e-02 1.556673e-02
1.692960e-01 2.981305e-02 1.554340e-02
1.695668e-01 2.663708e-02 1.604223e-02
1.698377e-01 3.847957e-03 1.597884e-02
1.701085e-01 2.002692e-02 1.623843e-02
1.703793e-01 4.424894e-02 1.628138e-02
1.706501e-01 5.142498e-02 1.641250e-02
1.709209e-01 5.617404e-02 1.653325e-02
1.711917e-01 1.031601e-02 1.651754e-02
1.714625e-01 3.310597e-02 1.668508e-02
1.717333e-01 1.383293e-02 1.706703e-02
1.720042e-01 3.963602e-02 1.679755e-02
1.722750e-01 1.904500e-02 1.713756e-02
1.725458e-01 2.323902e-02 1.725329e-02
1.728166e-01 3.201294e-02 1.722054e-02
1.730874e-01 5.878091e-03 1.747457e-02
1.733582e-01 3.679907e-02 1.736599e-02
1.736291e-01 3.474605e-02 1.772231e-02
1.738999e-01 1.941895e-02 1.732212e-02
1.741707e-01 -1.828206e-02 1.792964e-02
1.744415e-01 1.722205e-02 1.774692e-02
1.747123e-01 3.242016e-03 1.805647e-02
1.749831e-01 1.514006e-02 1.740472e-02
1.752539e-01 3.084064e-03 1.707242e-02
1.755248e-01 3.374302e-02 1.720874e-02
1.757956e-01 2.296102e-02 1.663798e-02
1.760664e-01 3.602397e-02 1.671184e-02
1.763372e-01 2.181506e-02 1.674994e-02
1.766080e-01 3.669405e-02 1.646063e-02
1.768788e-01 6.130934e-03 1.689233e-02
1.771496e-01 2.197790e-02 1.638073e-02
1.774205e-01 2.429807e-02 1.636162e-02
1.776913e-01 -5.335927e-03 1.627892e-02
1.779621e-01 -6.539822e-04 1.617393e-02
1.782329e-01 2.104092e-02 1.619859e-02
1.785037e-01 2.564394e-02 1.599768e-02
1.787745e-01 4.408395e-02 1.617292e-02
1.790453e-01 1.873398e-02 1.609280e-02
1.793161e-01 2.603102e-02 1.581893e-02
1.795870e-01 2.419603e-02 1.599714e-02
1.798578e-01 2.266502e-02 1.575670e-02
1.801286e-01 -1.315951e-03 1.605296e-02
1.803994e-01 6.570935e-03 1.573631e-02
1.806702e-01 3.076077e-03 1.565155e-02
1.809410e-01 2.162099e-02 1.563146e-02
1.812119e-01 3.414500e-02 1.561275e-02
1.814827e-01 1.934099e-02 1.559401e-02
1.817535e-01 5.469203e-02 1.541508e-02
1.820243e-01 2.362800e-02 1.566028e-02
1.822951e-01 3.172505e-02 1.561335e-02
1.825659e-01 3.194702e-02 1.554322e-02
1.828367e-01 3.122294e-02 1.578449e-02
1.831076e-01 3.336072e-03 1.548872e-02
1.833784e-01 2.645910e-02 1.570144e-02
1.836492e-01 3.507400e-02 1.560139e-02
1.839200e-01 5.165994e-02 1.553498e-02
1.841908e-01 3.258395e-02 1.542960e-02
1.844616e-01 2.208102e-02 1.539697e-02
1.847324e-01 2.240598e-02 1.567654e-02
1.850033e-01 1.747608e-02 1.526891e-02
1.852741e-01 3.764701e-02 1.551967e-02
1.855449e-01 2.984190e-02 1.544820e-02
1.858157e-01 3.302503e-02 1.537612e-02
1.860865e-01 2.351892e-02 1.543606e-02
1.863573e-01 1.715064e-03 1.542101e-02
1.866281e-01 1.884305e-02 1.547728e-02
1.868990e-01 4.585004e-02 1.550027e-02
1.871698e-01 4.255903e-02 1.548969e-02
1.874406e-01 3.489006e-02 1.538900e-02
1.877114e-01 2.813900e-02 1.545274e-02
1.879822e-01 4.192495e-02 1.542995e-02
1.882530e-01 2.472806e-02 1.514935e-02
1.885238e-01 2.142692e-02 1.544298e-02
1.887947e-01 2.993202e-02 1.541607e-02
1.890655e-01 1.774704e-02 1.516286e-02
1.893363e-01 4.755402e-02 1.544990e-02
1.896071e-01 2.280104e-02 1.519368e-02
1.898779e-01 2.068400e-02 1.543551e-02
1.901487e-01 4.716599e-02 1.540292e-02
1.904195e-01 3.216100e-02 1.546607e-02
1.906904e-01 1.408195e-02 1.555790e-02
1.909612e-01 2.107394e-02 1.519764e-02
1.912320e-01 2.478790e-02 1.540062e-02
1.915028e-01 1.368296e-02 1.530097e-02
1.917736e-01 -4.261971e-03 1.556383e-02
1.920444e-01 1.834500e-02 1.539395e-02
1.923153e-01 2.950203e-02 1.529952e-02
1.925861e-01 2.897799e-02 1.539643e-02
1.928569e-01 3.178000e-02 1.516242e-02
1.931277e-01 2.533507e-02 1.514057e-02
1.933985e-01 2.995694e-02 1.550694e-02
1.936693e-01 3.603208e-02 1.550016e-02
1.939401e-01 6.402016e-03 1.534899e-02
1.942109e-01 7.879019e-03 1.518072e-02
1.944818e-01 3.661597e-02 1.524377e-02
1.947526e-01 5.091798e-02 1.530864e-02
1.950234e-01 1.374900e-02 1.530148e-02
1.952942e-01 8.893967e-03 1.526217e-02
1.955650e-01 -1.658106e-02 1.530852e-02
1.958358e-01 2.113104e-02 1.524524e-02
1.961066e-01 8.220077e-03 1.525543e-02
1.963775e-01 -7.900953e-03 1.531463e-02
1.966483e-01 3.635800e-02 1.527170e-02
1.969191e-01 4.912007e-02 1.524742e-02
1.971899e-01 1.862991e-02 1.539128e-02
1.974607e-01 7.314193e-02 1.515034e-02
1.977315e-01 3.292501e-02 1.521925e-02
1.980023e-01 1.991904e-02 1.517683e-02
1.982732e-01 2.192807e-02 1.519150e-02
1.985440e-01 1.006496e-02 1.531157e-02
1.988148e-01 4.233897e-02 1.528256e-02
1.990856e-01 9.824991e-03 1.538265e-02
1.993564e-01 9.503007e-03 1.531601e-02
1.996272e-01 1.281297e-02 1.535404e-02
1.998980e-01 2.521098e-02 1.521179e-02
2.001689e-01 1.626801e-02 1.505576e-02
2.004397e-01 4.266608e-02 1.500098e-02
2.007105e-01 1.100504e-02 1.510419e-02
2.009813e-01 1.008606e-02 1.511697e-02
2.012521e-01 1.593399e-02 1.520819e-02
2.015229e-01 1.622403e-02 1.526883e-02
2.017937e-01 2.224207e-02 1.524144e-02
2.020646e-01 3.333807e-02 1.511802e-02
2.023354e-01 2.864993e-02 1.511409e-02
2.026062e-01 8.694053e-03 1.498719e-02
2.028770e-01 1.408696e-02 1.495199e-02
2.031478e-01 2.248406e-02 1.514117e-02
2.034186e-01 1.630998e-02 1.504475e-02
2.036894e-01 3.568494e-02 1.518827e-02
2.039603e-01 1.381302e-02 1.496438e-02
2.042311e-01 5.306101e-02 1.488565e-02
2.045019e-01 2.074504e-02 1.504567e-02
2.047727e-01 -1.716971e-03 1.494707e-02
2.050435e-01 2.105999e-02 1.489241e-02
2.053143e-01 2.994311e-02 1.517584e-02
2.055852e-01 1.991200e-02 1.499487e-02
2.058560e-01 3.715503e-02 1.467492e-02
2.061268e-01 2.763402e-02 1.490251e-02
2.063976e-01 3.035998e-02 1.488945e-02
2.066684e-01 4.255402e-02 1.487135e-02
2.069392e-01 5.612302e-02 1.483953e-02
2.072100e-01 3.807700e-02 1.477954e-02
2.074808e-01 3.049898e-02 1.491534e-02
2.077517e-01 2.932394e-02 1.474635e-02
2.080225e-01 2.778196e-02 1.473203e-02
2.082933e-01 2.824700e-02 1.472558e-02
2.085641e-01 2.868199e-02 1.469010e-02
2.088349e-01 2.645791e-02 1.488098e-02
2.091057e-01 5.819798e-04 1.476280e-02
2.093765e-01 1.355493e-02 1.481870e-02
2.096474e-01 6.983995e-03 1.483892e-02
2.099182e-01 2.124906e-02 1.499728e-02
2.101890e-01 2.545500e-02 1.493404e-02
2.104598e-01 2.074504e-02 1.475355e-02
2.107306e-01 3.960109e-02 1.487997e-02
2.110014e-01 7.115960e-03 1.492352e-02
2.112723e-01 1.981509e-02 1.473299e-02
2.115431e-01 1.988208e-02 1.479126e-02
2.118139e-01 4.125988e-02 1.488546e-02
2.120847e-01 1.820409e-02 1.480920e-02
2.123555e-01 1.652694e-02 1.479577e-02
2.126263e-01 2.423799e-02 1.464903e-02
2.128971e-01 7.326007e-03 1.475281e-02
2.131680e-01 4.516995e-02 1.467300e-02
2.134388e-01 1.720703e-02 1.483395e-02
2.137096e-01 4.521966e-03 1.490356e-02
2.139804e-01 2.067089e-03 1.488948e-02
2.142512e-01 3.064907e-02 1.466432e-02
2.145220e-01 4.016304e-02 1.492661e-02
2.147928e-01 1.420200e-02 1.480751e-02
2.150636e-01 4.127395e-02 1.478991e-02
2.153345e-01 5.805802e-02 1.501403e-02
2.156053e-01 2.879488e-02 1.483514e-02
2.158761e-01 3.610301e-02 1.480941e-02
2.161469e-01 -7.082105e-03 1.494376e-02
2.164177e-01 1.064098e-02 1.474026e-02
2.166885e-01 8.790016e-03 1.500016e-02
2.169593e-01 3.218901e-02 1.468890e-02
2.172302e-01 6.716013e-03 1.483504e-02
2.175010e-01 3.383899e-02 1.474631e-02
2.177718e-01 1.987600e-02 1.478886e-02
2.180426e-01 1.610494e-02 1.474382e-02
2.183134e-01 2.798307e-02 1.476291e-02
2.185842e-01 1.239061e-03 1.477220e-02
2.188551e-01 1.618600e-02 1.468152e-02
2.191259e-01 1.288497e-02 1.474404e-02
2.193967e-01 1.629090e-02 1.457010e-02
2.196675e-01 -6.170273e-04 1.477041e-02
2.199383e-01 -1.274693e-02 1.479817e-02
2.202091e-01 1.367903e-02 1.465790e-02
2.204799e-01 1.589704e-02 1.470017e-02
2.207507e-01 3.617299e-02 1.476138e-02
2.210216e-01 -7.390022e-03 1.459861e-02
2.212924e-01 9.571075e-03 1.454655e-02
2.215632e-01 3.272009e-02 1.453397e-02
2.218340e-01 1.902592e-02 1.465733e-02
2.221048e-01 1.669097e-02 1.457415e-02
2.223756e-01 1.886499e-02 1.457764e-02
2.226464e-01 1.552701e-02 1.457302e-02
2.229173e-01 1.229799e-02 1.454566e-02
2.231881e-01 2.054501e-02 1.453687e-02
2.234589e-01 1.231098e-02 1.440121e-02
2.237297e-01 2.850401e-02 1.448764e-02
2.240005e-01 4.761100e-02 1.438581e-02
2.242713e-01 4.757702e-02 1.422911e-02
2.245422e-01 1.445055e-03 1.460506e-02
2.248130e-01 -5.527973e-03 1.453778e-02
2.250838e-01 2.192605e-02 1.455062e-02
2.253546e-01 6.170034e-03 1.456349e-02
2.256254e-01 3.260899e-02 1.458866e-02
2.258962e-01 -3.594041e-03 1.451111e-02
2.261670e-01 2.715898e-02 1.527723e-02
2.264379e-01 4.633594e-02 1.534909e-02
2.267087e-01 2.938306e-02 1.559961e-02
2.269795e-01 1.456499e-02 1.574869e-02
2.272503e-01 1.385903e-02 1.601918e-02
2.275211e-01 1.678908e-02 1.620093e-02
2.277919e-01 1.773906e-02 1.636908e-02
2.280627e-01 1.267302e-02 1.649641e-02
2.283335e-01 3.421104e-02 1.662339e-02
2.286044e-01 1.136899e-02 1.685365e-02
2.288752e-01 -6.404042e-03 1.696135e-02
2.291460e-01 -2.699971e-03 1.720777e-02
2.294168e-01 2.131999e-02 1.746470e-02
2.296876e-01 5.370378e-04 1.728921e-02
2.299584e-01 2.969801e-02 1.737754e-02
2.302293e-01 1.149607e-02 1.770456e-02
2.305001e-01 1.697302e-02 1.792266e-02
2.307709e-01 1.684010e-02 1.803503e-02
2.310417e-01 4.228902e-02 1.801613e-02
2.313125e-01 4.244006e-02 1.853022e-02
2.315833e-01 1.483297e-02 1.838378e-02
2.318541e-01 1.466095e-02 1.892526e-02
2.321250e-01 1.013494e-02 1.882312e-02
2.323958e-01 2.865195e-02 1.888553e-02
2.326666e-01 -1.394606e-02 1.888585e-02
2.329374e-01 1.452994e-02 1.917066e-02
2.332082e-01 1.066196e-02 1.922439e-02
2.334790e-01 4.501700e-02 1.926521e-02
2.337498e-01 2.673101e-02 1.973827e-02
2.340207e-01 1.868808e-02 1.989675e-02
2.342915e-01 2.714610e-02 2.006893e-02
2.345623e-01 6.182909e-03 1.976106e-02
2.348331e-01 3.080964e-03 2.024970e-02
2.351039e-01 3.433943e-03 2.046260e-02
2.353747e-01 -8.729935e-03 2.064728e-02
2.356455e-01 4.036903e-02 2.075787e-02
2.359163e-01 5.584097e-02 2.087193e-02
2.361872e-01 9.390116e-04 2.126323e-02
2.364580e-01 3.683925e-03 2.145167e-02
2.367288e-01 1.918077e-03 2.143247e-02
2.369996e-01 4.220700e-02 2.128513e-02
2.372704e-01 2.568007e-02 2.209568e-02
2.375412e-01 1.186097e-02 2.197345e-02
2.378121e-01 1.358604e-02 2.209026e-02
2.380829e-01 -2.464902e-02 2.238295e-02
2.383537e-01 2.684200e-02 2.233666e-02
2.386245e-01 -5.136013e-03 2.314601e-02
2.388953e-01 1.133704e-02 2.267832e-02
2.391661e-01 2.986908e-03 2.365085e-02
2.394369e-01 1.526201e-02 2.332194e-02
2.397078e-01 1.844800e-02 2.372462e-02
2.399786e-01 1.163900e-02 2.410142e-02
2.402494e-01 -1.157904e-02 2.456406e-02
2.405202e-01 5.280399e-02 2.431380e-02
2.407910e-01 1.170802e-02 2.494139e-02
2.410618e-01 -2.165604e-02 2.525838e-02
2.413326e-01 2.565503e-02 2.565494e-02
2.416034e-01 -1.166701e-02 2.550142e-02
2.418743e-01 1.882601e-02 2.564849e-02
2.421451e-01 -6.397009e-03 2.557353e-02
2.424159e-01 5.550981e-03 2.624381e-02
2.426867e-01 -1.109505e-02 2.637346e-02
2.429575e-01 3.814602e-02 2.713454e-02
2.432283e-01 4.352891e-02 2.796768e-02
2.434992e-01 2.473593e-02 2.725743e-02
2.437700e-01 2.007496e-02 2.767642e-02
2.440408e-01 4.220104e-02 2.803500e-02
2.443116e-01 1.121902e-02 2.861991e-02
2.445824e-01 2.512407e-02 2.824995e-02
2.448532e-01 6.363201e-02 2.850807e-02
2.451240e-01 1.003897e-02 2.954456e-02
2.453949e-01 1.232898e-02 3.037859e-02
2.456657e-01 4.798198e-02 3.054275e-02
2.459365e-01 7.668602e-02 3.118236e-02
2.462073e-01 2.473307e-02 3.111483e-02
2.464781e-01 -1.187992e-02 3.176374e-02
2.467489e-01 7.809997e-03 3.312534e-02
2.470197e-01 8.427000e-02 3.249198e-02
2.472906e-01 1.415968e-03 3.306710e-02
2.475614e-01 5.486393e-02 3.347071e-02
2.478322e-01 5.393100e-02 3.511585e-02
2.481030e-01 7.117605e-02 3.472181e-02
2.483738e-01 8.264899e-02 3.540735e-02
2.486446e-01 1.337910e-02 3.653745e-02
2.489154e-01 4.188299e-02 3.893291e-02
2.491863e-01 4.230309e-02 3.700718e-02
2.494571e-01 2.225411e-02 3.776165e-02
2.497279e-01 4.853702e-02 4.019870e-02
2.499987e-01 4.366601e-02 4.152135e-02
2.502695e-01 7.153308e-02 4.112764e-02
2.505403e-01 1.792192e-02 4.174693e-02
2.508111e-01 8.506060e-03 4.356668e-02
2.510819e-01 2.438796e-02 4.749069e-02
2.513528e-01 -2.836406e-02 4.654548e-02
2.516236e-01 1.767302e-02 4.795369e-02
2.518944e-01 -5.974901e-02 4.910448e-02
2.521652e-01 1.267302e-02 5.531123e-02
2.524360e-01 4.144502e-02 5.180353e-02
2.527068e-01 -8.108974e-03 5.066041e-02
2.529776e-01 1.779890e-02 5.544322e-02
2.532485e-01 -8.714902e-02 5.590551e-02
2.535193e-01 9.153295e-02 5.794188e-02
2.537901e-01 -7.889986e-03 5.592460e-02
2.540609e-01 -1.121150e-01 5.679917e-02
2.543317e-01 -1.879799e-02 6.238085e-02
2.546025e-01 -7.915020e-03 6.201368e-02
2.548733e-01 7.130098e-02 6.550179e-02
2.551441e-01 1.409030e-01 6.666758e-02
2.554150e-01 6.304610e-02 6.933401e-02
2.556858e-01 1.884670e-01 7.444914e-02
2.559566e-01 1.008170e-01 8.022002e-02
2.562274e-01 -6.054199e-02 8.283616e-02
2.564982e-01 1.219250e-01 8.947752e-02
2.567690e-01 6.902599e-02 1.029598e-01
2.570398e-01 6.238890e-02 1.144056e-01
2.573107e-01 -1.493499e-01 1.328794e-01
2.575815e-01 3.719441e-01 1.432196e-01
2.578523e-01 4.192510e-01 2.151953e-01
2.581231e-01 -7.406415e-01 3.100797e-01
