3.286826e-03 9.245310e-01 0.000000e+00
3.557641e-03 9.836850e-01 8.238774e-02
3.828455e-03 9.101558e-01 5.073664e-02
4.099269e-03 8.224001e-01 3.938561e-02
4.370084e-03 7.079692e-01 2.941594e-02
4.640898e-03 6.409290e-01 2.052043e-02
4.911712e-03 5.985031e-01 1.796765e-02
5.182527e-03 5.329729e-01 1.434399e-02
5.453341e-03 4.769241e-01 1.270336e-02
5.724155e-03 4.331830e-01 9.993616e-03
5.994970e-03 4.039000e-01 8.862061e-03
6.265784e-03 3.578097e-01 7.635624e-03
6.536598e-03 3.423882e-01 6.148281e-03
6.807412e-03 3.118126e-01 5.753275e-03
7.078227e-03 2.927846e-01 4.936902e-03
7.349041e-03 2.735338e-01 4.416468e-03
7.619855e-03 2.495932e-01 4.039226e-03
7.890671e-03 2.368575e-01 3.594709e-03
8.161485e-03 2.184069e-01 3.262414e-03
8.432299e-03 2.013284e-01 2.908671e-03
8.703114e-03 1.908026e-01 2.679744e-03
8.973928e-03 1.736348e-01 2.444721e-03
9.244742e-03 1.649452e-01 2.310820e-03
9.515557e-03 1.533570e-01 2.099540e-03
9.786371e-03 1.464206e-01 1.933664e-03
1.005718e-02 1.387243e-01 1.832695e-03
1.032800e-02 1.263012e-01 1.648287e-03
1.059881e-02 1.179229e-01 1.632129e-03
1.086963e-02 1.109741e-01 1.509459e-03
1.114044e-02 1.049892e-01 1.417416e-03
1.141126e-02 9.760229e-02 1.366688e-03
1.168207e-02 9.115950e-02 1.280233e-03
1.195289e-02 8.744700e-02 1.227113e-03
1.222370e-02 7.997199e-02 1.162609e-03
1.249451e-02 7.729670e-02 1.089970e-03
1.276533e-02 7.276388e-02 1.064697e-03
1.303614e-02 6.807547e-02 1.001194e-03
1.330696e-02 6.519659e-02 9.611340e-04
1.357777e-02 6.034546e-02 9.449454e-04
1.384859e-02 5.744770e-02 9.070965e-04
1.411940e-02 5.371430e-02 8.472896e-04
1.439021e-02 5.079681e-02 8.066846e-04
1.466103e-02 4.783222e-02 7.874552e-04
1.493184e-02 4.431152e-02 7.817938e-04
1.520266e-02 4.258683e-02 7.453907e-04
1.547347e-02 3.992616e-02 7.181971e-04
1.574429e-02 3.796488e-02 6.966202e-04
1.601510e-02 3.630528e-02 6.837261e-04
1.628591e-02 3.326056e-02 6.611165e-04
1.655673e-02 3.189050e-02 6.350318e-04
1.682754e-02 3.058711e-02 6.270713e-04
1.709836e-02 2.927035e-02 6.152174e-04
1.736917e-02 2.701626e-02 5.921399e-04
1.763999e-02 2.534599e-02 5.790617e-04
1.791080e-02 2.419756e-02 5.580720e-04
1.818161e-02 2.345685e-02 5.571267e-04
1.845243e-02 2.136453e-02 5.598825e-04
1.872324e-02 2.113826e-02 5.410777e-04
1.899406e-02 1.916898e-02 5.330242e-04
1.926487e-02 1.741313e-02 5.276718e-04
1.953569e-02 1.862828e-02 5.220454e-04
1.980650e-02 1.625732e-02 5.217070e-04
2.007731e-02 1.470481e-02 5.089644e-04
2.034813e-02 1.440968e-02 5.012809e-04
2.061894e-02 1.326464e-02 4.936303e-04
2.088976e-02 1.331535e-02 4.966651e-04
2.116057e-02 1.259271e-02 4.837999e-04
2.143139e-02 1.204738e-02 4.769486e-04
2.170220e-02 1.151416e-02 4.752070e-04
2.197302e-02 1.039115e-02 4.656447e-04
2.224383e-02 1.046300e-02 4.612989e-04
2.251465e-02 9.591449e-03 4.530427e-04
2.278546e-02 9.265609e-03 4.410283e-04
2.305627e-02 9.075411e-03 4.389004e-04
2.332709e-02 8.471821e-03 4.274579e-04
2.359790e-02 7.118188e-03 4.178611e-04
2.386872e-02 7.345270e-03 4.140249e-04
2.413953e-02 6.594229e-03 4.068651e-04
2.441034e-02 6.016798e-03 3.985401e-04
2.468116e-02 5.499691e-03 4.026295e-04
2.495197e-02 5.937241e-03 3.887510e-04
2.522279e-02 5.914781e-03 3.929276e-04
2.549360e-02 4.914090e-03 3.804377e-04
2.576442e-02 4.970830e-03 3.755967e-04
2.603523e-02 4.865330e-03 3.747794e-04
2.630604e-02 4.424579e-03 3.716204e-04
2.657686e-02 4.666857e-03 3.672519e-04
2.684767e-02 3.602520e-03 3.609845e-04
2.711849e-02 4.245933e-03 3.536462e-04
2.738930e-02 4.154362e-03 3.557627e-04
2.766012e-02 3.104750e-03 3.499757e-04
2.793093e-02 3.585771e-03 3.465430e-04
2.820175e-02 2.924938e-03 3.369712e-04
2.847256e-02 2.478410e-03 3.372908e-04
2.874337e-02 2.404578e-03 3.388639e-04
2.901419e-02 2.521109e-03 3.285024e-04
2.928500e-02 2.047412e-03 3.270283e-04
2.955582e-02 1.784138e-03 3.240470e-04
2.982663e-02 1.897179e-03 3.252355e-04
3.009745e-02 2.011310e-03 3.209812e-04
3.036826e-02 1.562010e-03 3.140306e-04
3.063907e-02 1.726028e-03 3.140985e-04
3.090989e-02 1.173880e-03 3.145364e-04
3.118070e-02 1.573462e-03 3.144463e-04
3.145152e-02 1.440100e-03 3.106277e-04
3.172233e-02 1.149952e-03 3.074961e-04
3.199315e-02 1.786638e-03 3.049478e-04
3.226396e-02 1.437180e-03 3.077264e-04
3.253478e-02 9.616911e-04 3.009227e-04
3.280559e-02 8.806996e-04 3.020353e-04
3.307641e-02 9.321906e-04 2.978299e-04
3.334722e-02 8.647405e-04 2.965895e-04
3.361803e-02 9.555705e-04 2.961950e-04
3.388885e-02 8.172877e-04 2.915471e-04
3.415966e-02 3.211945e-05 2.915678e-04
3.443048e-02 8.121803e-04 2.918009e-04
3.470129e-02 6.233230e-04 2.884469e-04
3.497211e-02 3.175586e-04 2.871041e-04
3.524292e-02 1.548570e-03 2.815075e-04
3.551374e-02 5.686730e-04 2.872202e-04
3.578455e-02 5.088523e-04 2.839920e-04
3.605536e-02 8.518621e-04 2.807617e-04
3.632618e-02 3.050305e-04 2.820192e-04
3.659699e-02 1.816005e-04 2.793204e-04
3.686780e-02 3.351495e-04 2.757987e-04
3.713862e-02 5.789511e-04 2.749916e-04
3.740944e-02 6.181002e-04 2.721846e-04
3.768025e-02 2.733245e-05 2.714711e-04
3.795106e-02 3.821217e-04 2.686812e-04
3.822188e-02 6.850809e-05 2.708988e-04
3.849269e-02 3.674887e-04 2.667214e-04
3.876351e-02 6.011780e-04 2.667832e-04
3.903432e-02 -2.516061e-05 2.666409e-04
3.930514e-02 7.675029e-05 2.638533e-04
3.957595e-02 4.666708e-04 2.627216e-04
3.984676e-02 4.126113e-04 2.601651e-04
4.011758e-02 5.898196e-04 2.596188e-04
4.038839e-02 7.119216e-05 2.629157e-04
4.065921e-02 4.235581e-04 2.587621e-04
4.093002e-02 1.576897e-04 2.593534e-04
4.120084e-02 1.184698e-04 2.559068e-04
4.147165e-02 1.151189e-04 2.559688e-04
4.174246e-02 1.957789e-04 2.552612e-04
4.201328e-02 5.747005e-05 2.532106e-04
4.228409e-02 -2.819300e-04 2.538945e-04
4.255491e-02 3.119987e-04 2.515284e-04
4.282572e-02 5.538389e-04 2.521087e-04
4.309653e-02 2.338011e-04 2.490973e-04
4.336735e-02 7.074904e-04 2.490276e-04
4.363817e-02 4.249606e-04 2.484490e-04
4.390898e-02 3.296696e-04 2.481914e-04
4.417979e-02 6.388109e-04 2.448581e-04
4.445061e-02 4.382096e-04 2.433068e-04
4.472142e-02 2.080016e-05 2.421653e-04
4.499224e-02 -2.063103e-04 2.449626e-04
4.526305e-02 2.142303e-04 2.434814e-04
4.553387e-02 3.223903e-04 2.403315e-04
4.580468e-02 6.868709e-04 2.408128e-04
4.607549e-02 1.896694e-04 2.402822e-04
4.634631e-02 2.429690e-04 2.374332e-04
4.661712e-02 -8.875877e-05 2.407358e-04
4.688794e-02 4.041102e-04 2.386548e-04
4.715875e-02 -1.739599e-04 2.360769e-04
4.742957e-02 -3.565606e-04 2.329334e-04
4.770038e-02 -7.210299e-06 2.336219e-04
4.797119e-02 1.835488e-04 2.329850e-04
4.824201e-02 -1.124199e-04 2.326845e-04
4.851282e-02 2.190787e-04 2.337339e-04
4.878364e-02 -1.103412e-04 2.297894e-04
4.905445e-02 1.360700e-04 2.290656e-04
4.932526e-02 4.928317e-04 2.313109e-04
4.959608e-02 -6.664917e-05 2.294609e-04
4.986690e-02 -5.700998e-05 2.286540e-04
5.013771e-02 -6.179139e-05 2.277493e-04
5.040852e-02 2.360195e-04 2.261590e-04
5.067934e-02 1.371298e-04 2.270462e-04
5.095015e-02 1.712795e-04 2.255055e-04
5.122096e-02 1.219586e-04 2.251935e-04
5.149178e-02 3.494695e-04 2.237742e-04
5.176260e-02 3.491305e-04 2.250852e-04
5.203341e-02 1.392402e-04 2.249042e-04
5.230422e-02 2.319198e-04 2.203506e-04
5.257504e-02 -9.649061e-05 2.231697e-04
5.284585e-02 -3.012195e-04 2.213223e-04
5.311667e-02 1.397599e-04 2.207917e-04
5.338748e-02 2.359711e-04 2.246492e-04
5.365830e-02 4.316010e-04 2.233442e-04
5.392911e-02 -1.479108e-04 2.253298e-04
5.419992e-02 3.629699e-04 2.242256e-04
5.447074e-02 5.340949e-05 2.214464e-04
5.474155e-02 -1.459010e-05 2.287685e-04
5.501237e-02 4.465897e-04 2.318520e-04
5.528318e-02 -4.712604e-04 2.329107e-04
5.555400e-02 -2.120510e-04 2.350682e-04
5.582481e-02 3.690086e-05 2.344076e-04
5.609563e-02 -7.564947e-05 2.378166e-04
5.636644e-02 1.343396e-04 2.372718e-04
5.663725e-02 -2.979618e-04 2.373139e-04
5.690807e-02 5.771499e-04 2.382686e-04
5.717888e-02 2.355892e-04 2.385154e-04
5.744969e-02 1.451001e-04 2.386085e-04
5.772051e-02 1.038890e-04 2.402317e-04
5.799133e-02 7.517077e-05 2.364309e-04
5.826214e-02 5.401000e-04 2.435585e-04
5.853295e-02 3.672950e-05 2.406974e-04
5.880377e-02 2.511106e-04 2.389791e-04
5.907458e-02 2.398118e-04 2.395572e-04
5.934540e-02 -4.200265e-06 2.416055e-04
5.961621e-02 2.142601e-04 2.425987e-04
5.988703e-02 -8.599833e-05 2.425952e-04
6.015784e-02 -4.367307e-04 2.401965e-04
6.042865e-02 -5.899705e-04 2.432103e-04
6.069947e-02 -1.282208e-04 2.379958e-04
6.097028e-02 3.193393e-04 2.372963e-04
6.124110e-02 1.578797e-04 2.353716e-04
6.151191e-02 1.048092e-04 2.337968e-04
6.178273e-02 9.568036e-05 2.333176e-04
6.205354e-02 2.480689e-04 2.307815e-04
6.232436e-02 4.016701e-04 2.333628e-04
6.259517e-02 -1.460407e-04 2.294588e-04
6.286598e-02 -2.282802e-04 2.316368e-04
6.313679e-02 3.851019e-05 2.324700e-04
6.340761e-02 -1.332294e-04 2.285888e-04
6.367842e-02 -2.534315e-04 2.280772e-04
6.394923e-02 3.087893e-05 2.265152e-04
6.422005e-02 -4.185606e-04 2.297846e-04
6.449086e-02 -4.750397e-04 2.275999e-04
6.476168e-02 -2.611428e-06 2.256634e-04
6.503250e-02 -2.613403e-04 2.281552e-04
6.530331e-02 7.988885e-06 2.261074e-04
6.557412e-02 5.277898e-04 2.275148e-04
6.584494e-02 5.469099e-05 2.274254e-04
6.611575e-02 1.286697e-04 2.258029e-04
6.638657e-02 -1.093987e-04 2.259053e-04
6.665738e-02 -2.116486e-04 2.248764e-04
6.692819e-02 -9.438023e-05 2.239172e-04
6.719901e-02 9.873882e-05 2.235536e-04
6.746982e-02 -1.774896e-04 2.233940e-04
6.774063e-02 -4.958920e-05 2.255826e-04
6.801146e-02 4.293956e-05 2.227803e-04
6.828227e-02 1.180507e-04 2.220925e-04
6.855308e-02 -5.677696e-04 2.229442e-04
6.882390e-02 -4.369207e-04 2.222296e-04
6.909471e-02 3.113393e-04 2.214827e-04
6.936552e-02 -4.591402e-04 2.202683e-04
6.963634e-02 3.832206e-04 2.217374e-04
6.990715e-02 1.998059e-05 2.204983e-04
7.017796e-02 -2.690032e-05 2.179579e-04
7.044878e-02 -2.372414e-04 2.191650e-04
7.071959e-02 -1.748502e-04 2.192001e-04
7.099041e-02 4.835799e-04 2.194385e-04
7.126123e-02 1.769997e-04 2.191643e-04
7.153204e-02 1.453403e-04 2.170210e-04
7.180285e-02 2.065003e-04 2.175249e-04
7.207367e-02 -2.834704e-04 2.170164e-04
7.234448e-02 -5.706009e-04 2.182815e-04
7.261530e-02 4.266948e-05 2.169892e-04
7.288611e-02 -3.602188e-04 2.161274e-04
7.315692e-02 -5.581975e-05 2.168689e-04
7.342774e-02 -3.222302e-04 2.161702e-04
7.369855e-02 7.340685e-06 2.169936e-04
7.396936e-02 -1.809094e-04 2.152614e-04
7.424019e-02 -1.609903e-04 2.156836e-04
7.451100e-02 3.918819e-05 2.138570e-04
7.478181e-02 -7.408299e-04 2.141419e-04
7.505263e-02 -2.110898e-04 2.138138e-04
7.532344e-02 -1.001917e-05 2.175107e-04
7.559425e-02 -2.670698e-04 2.139314e-04
7.586507e-02 -1.703091e-04 2.151731e-04
7.613588e-02 -3.250800e-04 2.112255e-04
7.640669e-02 -5.933084e-05 2.126687e-04
7.667751e-02 -2.306607e-04 2.139628e-04
7.694832e-02 -3.594905e-05 2.117252e-04
7.721914e-02 2.716817e-04 2.125749e-04
7.748996e-02 -4.565697e-04 2.116722e-04
7.776077e-02 -3.999099e-04 2.111867e-04
7.803158e-02 -5.623102e-04 2.126876e-04
7.830240e-02 -6.495044e-05 2.088252e-04
7.857321e-02 4.749745e-06 2.109774e-04
7.884403e-02 -3.544204e-04 2.096640e-04
7.911484e-02 -4.692804e-04 2.097226e-04
7.938565e-02 1.353007e-04 2.121697e-04
7.965647e-02 -3.434401e-04 2.065161e-04
7.992728e-02 -1.429208e-04 2.107301e-04
8.019809e-02 -8.646958e-05 2.094724e-04
8.046892e-02 -8.754991e-05 2.072985e-04
8.073973e-02 -1.677703e-04 2.081579e-04
8.101054e-02 8.966960e-05 2.076595e-04
8.128136e-02 -1.745895e-04 2.060913e-04
8.155217e-02 1.389999e-04 2.077450e-04
8.182298e-02 -4.984997e-04 2.051264e-04
8.209380e-02 -1.550503e-04 2.055958e-04
8.236461e-02 -2.955087e-05 2.071958e-04
8.263543e-02 -2.300385e-04 2.052588e-04
8.290624e-02 -3.552586e-04 2.069528e-04
8.317705e-02 -2.214592e-04 2.041987e-04
8.344787e-02 -1.739003e-04 2.052296e-04
8.371869e-02 -1.271199e-04 2.060357e-04
8.398950e-02 -1.518894e-04 2.043357e-04
8.426031e-02 -3.633387e-04 2.047820e-04
8.453113e-02 -2.108794e-04 2.028084e-04
8.480194e-02 6.686896e-07 2.039770e-04
8.507276e-02 -1.420788e-04 2.037658e-04
8.534357e-02 -4.227888e-04 2.043021e-04
8.561438e-02 -2.782494e-04 2.030117e-04
8.588520e-02 8.590519e-06 2.004874e-04
8.615601e-02 -9.107105e-04 2.012511e-04
8.642682e-02 -4.163701e-04 2.018300e-04
8.669765e-02 7.919967e-06 2.000798e-04
8.696846e-02 -1.835190e-04 2.012878e-04
8.723927e-02 -3.147312e-04 2.000530e-04
8.751009e-02 -2.842806e-04 2.015159e-04
8.778090e-02 9.952858e-05 1.999177e-04
8.805171e-02 -3.297608e-04 2.009065e-04
8.832253e-02 -6.261393e-04 2.018079e-04
8.859334e-02 -1.902208e-04 2.010008e-04
8.886416e-02 -2.305023e-05 1.992973e-04
8.913497e-02 -1.312513e-04 1.988570e-04
8.940578e-02 2.612919e-05 1.992140e-04
8.967660e-02 -4.263613e-04 1.998509e-04
8.994742e-02 -1.610909e-04 1.988571e-04
9.021823e-02 -3.159046e-05 1.983088e-04
9.048904e-02 -4.876107e-04 1.991378e-04
9.075986e-02 -4.204903e-04 1.993482e-04
9.103067e-02 -4.115105e-04 1.978668e-04
9.130149e-02 -4.740991e-04 1.970548e-04
9.157230e-02 -3.028903e-04 1.975463e-04
9.184311e-02 -1.818892e-04 1.983815e-04
9.211393e-02 -9.719282e-06 1.979699e-04
9.238474e-02 -3.446098e-04 1.952967e-04
9.265555e-02 -2.355985e-04 1.969241e-04
9.292637e-02 -3.202390e-04 1.950297e-04
9.319719e-02 -3.201403e-04 1.973433e-04
9.346800e-02 -4.500300e-04 1.950782e-04
9.373882e-02 -9.363890e-05 1.967009e-04
9.400963e-02 3.873929e-05 1.953981e-04
9.428044e-02 -3.762189e-04 1.960030e-04
9.455126e-02 -7.808022e-05 1.952051e-04
9.482207e-02 -2.497900e-04 1.938221e-04
9.509289e-02 -2.541691e-04 1.946344e-04
9.536370e-02 -3.340002e-04 1.951346e-04
9.563451e-02 1.379717e-04 1.924516e-04
9.590533e-02 9.663962e-05 1.943882e-04
9.617615e-02 -6.138608e-04 1.929360e-04
9.644696e-02 -1.520813e-04 1.937429e-04
9.671777e-02 3.609993e-05 1.924970e-04
9.698859e-02 -1.757685e-04 1.914094e-04
9.725940e-02 -1.017209e-04 1.933326e-04
9.753022e-02 -4.903004e-04 1.913602e-04
9.780103e-02 -5.091093e-04 1.940103e-04
9.807184e-02 -3.466588e-04 1.905264e-04
9.834266e-02 -3.402196e-04 1.939616e-04
9.861347e-02 -1.795962e-05 1.904562e-04
9.888428e-02 -2.086703e-04 1.914098e-04
9.915510e-02 -3.355611e-04 1.928830e-04
9.942592e-02 -3.878027e-05 1.892704e-04
9.969673e-02 -3.780592e-04 1.909370e-04
9.996755e-02 -3.978610e-06 1.908384e-04
1.002384e-01 -3.199503e-04 1.902995e-04
1.005092e-01 1.573004e-05 1.898054e-04
1.007800e-01 -2.445094e-04 1.886735e-04
1.010508e-01 -2.920311e-04 1.895088e-04
1.013216e-01 -3.580097e-04 1.894627e-04
1.015924e-01 -1.988299e-04 1.879400e-04
1.018632e-01 -3.414992e-04 1.894204e-04
1.021341e-01 2.381001e-04 1.889250e-04
1.024049e-01 1.357589e-04 1.893894e-04
1.026757e-01 -3.858898e-04 1.886499e-04
1.029465e-01 -3.767293e-04 1.880231e-04
1.032173e-01 -3.517102e-04 1.882680e-04
1.034881e-01 -4.321504e-04 1.869362e-04
1.037589e-01 -2.629589e-04 1.863296e-04
1.040298e-01 1.800992e-04 1.859593e-04
1.043006e-01 -1.886990e-04 1.875589e-04
1.045714e-01 -6.748904e-04 1.860305e-04
1.048422e-01 -4.805699e-04 1.859627e-04
1.051130e-01 -4.630405e-04 1.863107e-04
1.053838e-01 -2.650395e-04 1.876242e-04
1.056546e-01 -1.551490e-04 1.859320e-04
1.059255e-01 -1.716055e-05 1.848632e-04
1.061963e-01 -5.073007e-04 1.856334e-04
1.064671e-01 -1.836792e-04 1.853870e-04
1.067379e-01 -2.371203e-04 1.860818e-04
1.070087e-01 -2.659503e-04 1.872806e-04
1.072795e-01 5.551986e-05 1.827388e-04
1.075503e-01 -1.406092e-04 1.853075e-04
1.078212e-01 -3.514383e-04 1.850174e-04
1.080920e-01 -3.185086e-04 1.837355e-04
1.083628e-01 -1.815110e-04 1.834447e-04
1.086336e-01 -4.884601e-04 1.828746e-04
1.089044e-01 -4.929900e-04 1.840956e-04
1.091752e-01 -2.437383e-04 1.838167e-04
1.094460e-01 -1.166016e-05 1.821605e-04
1.097169e-01 -3.691111e-04 1.843498e-04
1.099877e-01 -1.239609e-04 1.821779e-04
1.102585e-01 1.879912e-04 1.840217e-04
1.105293e-01 -2.286900e-04 1.861513e-04
1.108001e-01 -2.216995e-04 1.885404e-04
1.110709e-01 -2.059489e-04 1.893335e-04
1.113417e-01 -7.507950e-05 1.885561e-04
1.116126e-01 -5.851593e-04 1.894894e-04
1.118834e-01 -2.944600e-04 1.905684e-04
1.121542e-01 -2.226196e-04 1.919453e-04
1.124250e-01 -3.452804e-04 1.925372e-04
1.126958e-01 -3.414974e-05 1.939206e-04
1.129666e-01 -2.511609e-04 1.952998e-04
1.132374e-01 -3.758408e-04 1.982180e-04
1.135083e-01 -2.648607e-04 2.006501e-04
1.137791e-01 -5.859006e-04 2.005663e-04
1.140499e-01 -2.755802e-04 1.994109e-04
1.143207e-01 -1.799818e-04 2.026360e-04
1.145915e-01 -4.241299e-04 2.022512e-04
1.148623e-01 -4.036091e-04 2.057592e-04
1.151332e-01 -2.315100e-04 2.059153e-04
1.154040e-01 -4.228204e-04 2.078969e-04
1.156748e-01 -1.235120e-05 2.075985e-04
1.159456e-01 -1.387503e-04 2.082358e-04
1.162164e-01 -2.496392e-04 2.112617e-04
1.164872e-01 -5.646050e-05 2.088676e-04
1.167580e-01 -3.005695e-04 2.139096e-04
1.170288e-01 -5.675796e-04 2.123337e-04
1.172997e-01 -3.373697e-04 2.126285e-04
1.175705e-01 1.568515e-04 2.144326e-04
1.178413e-01 -6.206688e-04 2.148636e-04
1.181121e-01 -2.120994e-04 2.127307e-04
1.183829e-01 -3.504697e-04 2.098437e-04
1.186537e-01 -2.959706e-04 2.090791e-04
1.189246e-01 -1.982991e-04 2.083441e-04
1.191954e-01 2.688002e-04 2.079575e-04
1.194662e-01 -1.478493e-04 2.085187e-04
1.197370e-01 1.638606e-04 2.068482e-04
1.200078e-01 6.207079e-05 2.079655e-04
1.202786e-01 -4.148800e-04 2.063725e-04
1.205494e-01 6.444007e-05 2.054508e-04
1.208202e-01 -5.003214e-04 2.081235e-04
1.210911e-01 -8.862093e-05 2.055500e-04
1.213619e-01 -5.611014e-04 2.083384e-04
1.216327e-01 -3.249198e-04 2.064336e-04
1.219035e-01 -4.999116e-04 2.061168e-04
1.221743e-01 -3.655609e-04 2.072607e-04
1.224451e-01 -4.859306e-04 2.066088e-04
1.227160e-01 -2.418198e-04 2.083927e-04
1.229868e-01 2.039801e-04 2.043263e-04
1.232576e-01 -3.269091e-04 2.065158e-04
1.235284e-01 -1.956411e-04 2.072257e-04
1.237992e-01 -3.817789e-04 2.063313e-04
1.240700e-01 -7.142387e-04 2.069218e-04
1.243408e-01 1.057591e-04 2.047595e-04
1.246117e-01 -3.432799e-04 2.065365e-04
1.248825e-01 -3.503505e-04 2.063424e-04
1.251533e-01 -1.110993e-04 2.050143e-04
1.254241e-01 -2.604909e-05 2.064767e-04
1.256949e-01 -1.372490e-04 2.031760e-04
1.259657e-01 -2.751108e-04 2.035784e-04
1.262365e-01 -1.305398e-04 2.035146e-04
1.265074e-01 -4.892889e-04 2.033281e-04
1.267782e-01 -3.927946e-05 2.036585e-04
1.270490e-01 -6.569196e-04 2.015070e-04
1.273198e-01 -3.701299e-04 2.032489e-04
1.275906e-01 -2.990607e-04 2.011079e-04
1.278614e-01 9.560026e-05 2.014742e-04
1.281322e-01 -3.841706e-04 2.012897e-04
1.284031e-01 5.654991e-05 2.004819e-04
1.286739e-01 -3.372002e-04 2.014383e-04
1.289447e-01 -3.260914e-04 2.000779e-04
1.292155e-01 -6.569084e-04 2.032713e-04
1.294863e-01 -3.978051e-05 2.001702e-04
1.297571e-01 -3.502108e-04 1.993881e-04
1.300279e-01 -7.485971e-05 1.999961e-04
1.302988e-01 1.345798e-04 2.011122e-04
1.305696e-01 -4.216600e-04 2.020022e-04
1.308404e-01 -1.953486e-04 2.005456e-04
1.311112e-01 -7.582828e-05 2.005614e-04
1.313820e-01 3.261101e-04 1.992286e-04
1.316528e-01 -1.658797e-04 2.009526e-04
1.319236e-01 -3.302507e-04 1.998162e-04
1.321945e-01 -5.470030e-05 1.994645e-04
1.324653e-01 -5.224589e-04 2.009347e-04
1.327361e-01 -1.287386e-04 1.986475e-04
1.330069e-01 -5.769301e-04 2.001205e-04
1.332777e-01 -1.811311e-04 2.003206e-04
1.335485e-01 -3.013313e-04 1.984435e-04
1.338193e-01 -2.824906e-04 2.003269e-04
1.340902e-01 -5.837604e-04 1.974766e-04
1.343610e-01 -3.183503e-04 1.998572e-04
1.346318e-01 -3.149901e-04 1.991989e-04
1.349026e-01 -9.840913e-05 1.958021e-04
1.351734e-01 -2.331100e-04 1.983023e-04
1.354442e-01 -5.349610e-04 1.959764e-04
1.357151e-01 -2.665203e-04 1.989124e-04
1.359859e-01 -3.099293e-04 1.966230e-04
1.362567e-01 -2.876502e-04 1.953737e-04
1.365275e-01 -4.767608e-04 1.964201e-04
1.367983e-01 -3.962908e-04 1.945374e-04
1.370691e-01 -2.297312e-04 1.994115e-04
1.373399e-01 -5.736798e-04 1.993274e-04
1.376107e-01 -1.747292e-04 2.022926e-04
1.378816e-01 -3.320295e-04 2.054250e-04
1.381524e-01 -1.149699e-04 2.048282e-04
1.384232e-01 -3.745705e-04 2.076165e-04
1.386940e-01 -4.383903e-04 2.050626e-04
1.389648e-01 -3.310107e-04 2.089489e-04
1.392356e-01 -1.461301e-04 2.109079e-04
1.395064e-01 -3.846493e-04 2.081240e-04
1.397773e-01 -1.540408e-06 2.113392e-04
1.400481e-01 -2.636090e-04 2.105302e-04
1.403189e-01 -1.243688e-04 2.136682e-04
1.405897e-01 -3.789924e-05 2.121362e-04
1.408605e-01 -3.905315e-04 2.147591e-04
1.411313e-01 -2.055001e-04 2.157516e-04
1.414021e-01 2.814829e-05 2.127821e-04
1.416730e-01 -8.107107e-04 2.168375e-04
1.419438e-01 -8.449890e-05 2.151097e-04
1.422146e-01 -4.583970e-05 2.170696e-04
1.424854e-01 -3.932603e-04 2.169746e-04
1.427562e-01 -9.827875e-05 2.162796e-04
1.430270e-01 -2.098605e-04 2.151595e-04
1.432979e-01 -1.449883e-05 2.164384e-04
1.435687e-01 -1.999307e-04 2.189270e-04
1.438395e-01 -6.799959e-05 2.193964e-04
1.441103e-01 3.559887e-05 2.199936e-04
1.443811e-01 -2.869889e-04 2.211397e-04
1.446519e-01 -4.857704e-04 2.194916e-04
1.449227e-01 -4.830100e-04 2.231228e-04
1.451935e-01 2.009310e-04 2.213760e-04
1.454644e-01 -4.231390e-04 2.220246e-04
1.457352e-01 -3.519394e-04 2.249481e-04
1.460060e-01 -2.162512e-04 2.232500e-04
1.462768e-01 -4.477054e-05 2.254627e-04
1.465476e-01 -2.562907e-04 2.244013e-04
1.468184e-01 -4.231613e-04 2.290270e-04
1.470892e-01 4.057959e-05 2.264596e-04
1.473601e-01 -4.905704e-04 2.262280e-04
1.476309e-01 -2.811905e-04 2.270773e-04
1.479017e-01 -1.453701e-04 2.250255e-04
1.481725e-01 -2.881587e-04 2.252190e-04
1.484433e-01 -2.226103e-04 2.255298e-04
1.487141e-01 -6.952100e-04 2.251089e-04
1.489850e-01 -3.056899e-04 2.259944e-04
1.492558e-01 -6.055292e-04 2.252878e-04
1.495266e-01 -1.847912e-04 2.261613e-04
1.497974e-01 1.218002e-04 2.214246e-04
1.500682e-01 -2.695005e-04 2.249794e-04
1.503390e-01 -4.734490e-04 2.263565e-04
1.506098e-01 -1.286808e-04 2.253084e-04
1.508806e-01 -8.634683e-04 2.257665e-04
1.511515e-01 -2.827086e-04 2.240496e-04
1.514223e-01 -5.163997e-04 2.257792e-04
1.516931e-01 -5.022287e-04 2.250511e-04
1.519639e-01 -2.558399e-04 2.241497e-04
1.522347e-01 -2.490208e-04 2.262422e-04
1.525055e-01 3.354065e-05 2.247476e-04
1.527763e-01 -3.130510e-04 2.274332e-04
1.530472e-01 -4.747137e-05 2.245276e-04
1.533180e-01 -3.874004e-04 2.260774e-04
1.535888e-01 -3.275406e-04 2.272451e-04
1.538596e-01 -3.967807e-04 2.260973e-04
1.541304e-01 -4.827008e-04 2.266180e-04
1.544012e-01 -2.943892e-04 2.253714e-04
1.546721e-01 -5.870610e-04 2.279096e-04
1.549429e-01 -2.438799e-04 2.256851e-04
1.552137e-01 -3.747810e-04 2.273504e-04
1.554845e-01 -3.684908e-04 2.262270e-04
1.557553e-01 -3.194306e-04 2.258910e-04
1.560261e-01 -4.728101e-04 2.274770e-04
1.562969e-01 -4.313812e-04 2.259455e-04
1.565678e-01 -4.576705e-04 2.244400e-04
1.568386e-01 -1.894813e-04 2.274663e-04
1.571094e-01 -3.199000e-04 2.280277e-04
1.573802e-01 -1.324303e-04 2.267254e-04
1.576510e-01 -5.619805e-04 2.246975e-04
1.579218e-01 -7.473100e-04 2.267266e-04
1.581926e-01 -9.818804e-04 2.280752e-04
1.584634e-01 -2.387594e-04 2.251154e-04
1.587343e-01 -4.928615e-04 2.258891e-04
1.590051e-01 -3.566314e-04 2.255757e-04
1.592759e-01 7.203966e-05 2.254134e-04
1.595467e-01 -5.613286e-04 2.256543e-04
1.598175e-01 -2.409909e-04 2.251886e-04
1.600883e-01 -4.344601e-04 2.237001e-04
1.603591e-01 -4.857201e-04 2.257991e-04
1.606300e-01 -6.571040e-05 2.253724e-04
1.609008e-01 -2.484024e-05 2.239461e-04
1.611716e-01 -2.685897e-04 2.239515e-04
1.614424e-01 -3.503691e-04 2.238498e-04
1.617132e-01 -4.913192e-04 2.244490e-04
1.619840e-01 -5.020592e-04 2.230533e-04
1.622549e-01 -5.434193e-04 2.242532e-04
1.625257e-01 -4.751906e-04 2.240432e-04
1.627965e-01 -3.530607e-04 2.235892e-04
1.630673e-01 -3.543701e-04 2.240529e-04
1.633381e-01 -5.101599e-04 2.244244e-04
1.636089e-01 -3.123116e-04 2.238182e-04
1.638797e-01 -1.222100e-04 2.246775e-04
1.641506e-01 -2.542306e-04 2.236268e-04
1.644214e-01 -2.755113e-04 2.252873e-04
1.646922e-01 -3.392100e-04 2.257542e-04
1.649630e-01 -5.949102e-04 2.227035e-04
1.652338e-01 3.200956e-05 2.274101e-04
1.655046e-01 -5.028304e-04 2.260672e-04
1.657754e-01 -1.464803e-04 2.235093e-04
1.660462e-01 6.850064e-05 2.256146e-04
1.663171e-01 -5.487110e-04 2.252564e-04
1.665879e-01 -2.196915e-04 2.230226e-04
1.668587e-01 -5.133506e-04 2.260930e-04
1.671295e-01 -3.287103e-04 2.250220e-04
1.674003e-01 1.434982e-05 2.247979e-04
1.676711e-01 -1.337193e-04 2.317171e-04
1.679420e-01 -1.726914e-04 2.368971e-04
1.682128e-01 -7.248204e-04 2.366182e-04
1.684836e-01 -4.503783e-04 2.417445e-04
1.687544e-01 -2.321005e-04 2.428479e-04
1.690252e-01 1.165196e-04 2.457292e-04
1.692960e-01 -1.877286e-04 2.436718e-04
1.695668e-01 -1.182612e-04 2.502260e-04
1.698377e-01 1.807883e-04 2.509668e-04
1.701085e-01 -1.930594e-04 2.553275e-04
1.703793e-01 -4.374590e-04 2.561359e-04
1.706501e-01 -1.495015e-04 2.553884e-04
1.709209e-01 -5.465001e-05 2.576865e-04
1.711917e-01 3.947690e-04 2.591482e-04
1.714625e-01 -1.930892e-04 2.591480e-04
1.717333e-01 -5.773902e-04 2.663706e-04
1.720042e-01 -5.505104e-04 2.659891e-04
1.722750e-01 -3.364291e-04 2.701142e-04
1.725458e-01 -4.284084e-05 2.681056e-04
1.728166e-01 -1.503397e-04 2.682657e-04
1.730874e-01 3.330968e-05 2.739837e-04
1.733582e-01 -8.169003e-05 2.750416e-04
1.736291e-01 -2.465993e-04 2.791673e-04
1.738999e-01 -4.102495e-04 2.748742e-04
1.741707e-01 -3.804807e-04 2.820812e-04
1.744415e-01 -6.137490e-04 2.791187e-04
1.747123e-01 -1.511406e-04 2.816065e-04
1.749831e-01 -5.275104e-04 2.717511e-04
1.752539e-01 -2.302006e-04 2.634227e-04
1.755248e-01 -3.271308e-04 2.659084e-04
1.757956e-01 -2.368316e-04 2.593335e-04
1.760664e-01 -1.743603e-04 2.611978e-04
1.763372e-01 -1.657903e-04 2.623777e-04
1.766080e-01 -1.642108e-05 2.615888e-04
1.768788e-01 -3.243517e-04 2.626957e-04
1.771496e-01 -3.258903e-04 2.560198e-04
1.774205e-01 1.205206e-04 2.600133e-04
1.776913e-01 -3.724918e-05 2.552764e-04
1.779621e-01 9.625033e-05 2.558348e-04
1.782329e-01 -6.234311e-04 2.552986e-04
1.785037e-01 -1.986511e-04 2.483632e-04
1.787745e-01 -1.416299e-04 2.522984e-04
1.790453e-01 -2.725050e-05 2.498427e-04
1.793161e-01 -3.537200e-04 2.520491e-04
1.795870e-01 -5.343705e-04 2.504744e-04
1.798578e-01 -5.485788e-04 2.479775e-04
1.801286e-01 -6.272700e-04 2.518466e-04
1.803994e-01 -3.305599e-04 2.454353e-04
1.806702e-01 -2.752207e-04 2.454023e-04
1.809410e-01 -4.526693e-04 2.464631e-04
1.812119e-01 -4.541129e-06 2.459856e-04
1.814827e-01 -2.317131e-05 2.436706e-04
1.817535e-01 -3.847498e-04 2.438129e-04
1.820243e-01 -2.464205e-04 2.443127e-04
1.822951e-01 -5.662702e-04 2.445635e-04
1.825659e-01 -1.753904e-04 2.441542e-04
1.828367e-01 -6.800890e-05 2.455991e-04
1.831076e-01 -4.706085e-04 2.410263e-04
1.833784e-01 -7.335395e-04 2.439994e-04
1.836492e-01 -1.492407e-04 2.408638e-04
1.839200e-01 -4.418604e-04 2.412330e-04
1.841908e-01 -4.244000e-04 2.429925e-04
1.844616e-01 2.256613e-04 2.416888e-04
1.847324e-01 -2.602208e-04 2.456377e-04
1.850033e-01 -7.863101e-04 2.419306e-04
1.852741e-01 -1.403298e-04 2.414033e-04
1.855449e-01 -1.997408e-04 2.407265e-04
1.858157e-01 -1.886096e-04 2.442779e-04
1.860865e-01 -4.987698e-04 2.421275e-04
1.863573e-01 2.395902e-04 2.400766e-04
1.866281e-01 -2.707206e-04 2.430580e-04
1.868990e-01 -3.616307e-04 2.412738e-04
1.871698e-01 -3.984403e-04 2.414116e-04
1.874406e-01 -3.670305e-04 2.437396e-04
1.877114e-01 -2.511032e-05 2.365302e-04
1.879822e-01 3.743693e-04 2.435327e-04
1.882530e-01 7.580034e-05 2.398739e-04
1.885238e-01 -8.750707e-04 2.407785e-04
1.887947e-01 -2.784394e-04 2.420162e-04
1.890655e-01 -2.204385e-04 2.406204e-04
1.893363e-01 -1.303684e-04 2.418632e-04
1.896071e-01 -2.009813e-04 2.369349e-04
1.898779e-01 -2.140906e-04 2.409237e-04
1.901487e-01 -3.628302e-04 2.409051e-04
1.904195e-01 -1.848694e-04 2.403409e-04
1.906904e-01 -2.938993e-04 2.446512e-04
1.909612e-01 -4.741810e-04 2.386382e-04
1.912320e-01 -2.477504e-04 2.411230e-04
1.915028e-01 1.333486e-04 2.412876e-04
1.917736e-01 -4.292503e-04 2.391563e-04
1.920444e-01 -5.543288e-04 2.415105e-04
1.923153e-01 -9.615906e-05 2.389742e-04
1.925861e-01 -1.959112e-04 2.413452e-04
1.928569e-01 -6.950498e-04 2.388671e-04
1.931277e-01 -3.738403e-04 2.386756e-04
1.933985e-01 -9.516999e-05 2.404555e-04
1.936693e-01 -2.985504e-04 2.400839e-04
1.939401e-01 -3.909506e-04 2.418272e-04
1.942109e-01 9.804033e-05 2.383386e-04
1.944818e-01 -2.125800e-04 2.401192e-04
1.947526e-01 -3.438015e-04 2.394491e-04
1.950234e-01 -1.725107e-04 2.393594e-04
1.952942e-01 -3.474802e-04 2.393377e-04
1.955650e-01 -2.755597e-04 2.372308e-04
1.958358e-01 -5.525909e-05 2.375238e-04
1.961066e-01 -2.767090e-04 2.405295e-04
1.963775e-01 -6.047990e-04 2.393058e-04
1.966483e-01 -7.468089e-05 2.374293e-04
1.969191e-01 -1.106299e-04 2.382932e-04
1.971899e-01 -5.964004e-05 2.403641e-04
1.974607e-01 -2.835002e-04 2.393949e-04
1.977315e-01 -2.118945e-05 2.401543e-04
1.980023e-01 -3.258605e-04 2.396473e-04
1.982732e-01 -6.658956e-05 2.403802e-04
1.985440e-01 -2.766028e-05 2.384152e-04
1.988148e-01 1.698602e-04 2.406519e-04
1.990856e-01 2.920404e-04 2.399334e-04
1.993564e-01 -5.646981e-05 2.404689e-04
1.996272e-01 1.537055e-05 2.401889e-04
1.998980e-01 -6.014910e-04 2.377977e-04
2.001689e-01 -1.811702e-04 2.354528e-04
2.004397e-01 -3.629904e-04 2.378829e-04
2.007105e-01 -2.877805e-04 2.364286e-04
2.009813e-01 3.015790e-04 2.364925e-04
2.012521e-01 -2.772510e-04 2.374223e-04
2.015229e-01 -2.312101e-04 2.362257e-04
2.017937e-01 -3.488101e-04 2.381852e-04
2.020646e-01 -3.923196e-04 2.371498e-04
2.023354e-01 -1.975000e-04 2.370630e-04
2.026062e-01 -5.236398e-04 2.364546e-04
2.028770e-01 -2.718996e-04 2.377348e-04
2.031478e-01 1.967717e-04 2.351228e-04
2.034186e-01 -1.158994e-04 2.351186e-04
2.036894e-01 -1.678113e-04 2.361091e-04
2.039603e-01 -2.490692e-04 2.365393e-04
2.042311e-01 -4.346091e-04 2.352669e-04
2.045019e-01 -1.876783e-04 2.345581e-04
2.047727e-01 4.431978e-05 2.357156e-04
2.050435e-01 -1.668986e-04 2.333036e-04
2.053143e-01 -6.046388e-04 2.355953e-04
2.055852e-01 -4.829504e-04 2.347440e-04
2.058560e-01 -9.841099e-05 2.323803e-04
2.061268e-01 -5.274005e-04 2.332088e-04
2.063976e-01 -3.768299e-04 2.326405e-04
2.066684e-01 -4.239101e-04 2.344078e-04
2.069392e-01 -2.090000e-04 2.324317e-04
2.072100e-01 -3.083982e-05 2.307391e-04
2.074808e-01 -6.852485e-04 2.324671e-04
2.077517e-01 -7.984005e-04 2.325519e-04
2.080225e-01 -2.112594e-04 2.311011e-04
2.082933e-01 -2.282597e-04 2.311795e-04
2.085641e-01 7.218122e-05 2.301716e-04
2.088349e-01 -4.230700e-04 2.335794e-04
2.091057e-01 -5.632192e-04 2.324225e-04
2.093765e-01 -1.947694e-04 2.318058e-04
2.096474e-01 -4.246105e-04 2.328519e-04
2.099182e-01 -8.542202e-04 2.329230e-04
2.101890e-01 -6.050002e-04 2.312115e-04
2.104598e-01 -7.742699e-04 2.330078e-04
2.107306e-01 -5.136896e-04 2.306621e-04
2.110014e-01 -3.791489e-04 2.327493e-04
2.112723e-01 -2.607089e-04 2.316421e-04
2.115431e-01 -3.490914e-04 2.331453e-04
2.118139e-01 -2.059005e-04 2.338595e-04
2.120847e-01 -5.318802e-04 2.333775e-04
2.123555e-01 1.100078e-05 2.346955e-04
2.126263e-01 -1.486205e-04 2.287979e-04
2.128971e-01 -3.901199e-04 2.305742e-04
2.131680e-01 -2.944302e-04 2.316653e-04
2.134388e-01 -4.898496e-04 2.318745e-04
2.137096e-01 -6.373189e-04 2.295004e-04
2.139804e-01 -7.735882e-04 2.315662e-04
2.142512e-01 -1.105107e-04 2.321342e-04
2.145220e-01 -4.616287e-04 2.315845e-04
2.147928e-01 -2.785400e-04 2.316901e-04
2.150636e-01 -1.069196e-04 2.329656e-04
2.153345e-01 -6.883685e-04 2.322119e-04
2.156053e-01 -4.246403e-04 2.340043e-04
2.158761e-01 -1.276191e-04 2.325474e-04
2.161469e-01 -5.700998e-05 2.303312e-04
2.164177e-01 -3.843009e-04 2.293763e-04
2.166885e-01 -3.856402e-04 2.328070e-04
2.169593e-01 -3.694892e-04 2.320719e-04
2.172302e-01 -3.925599e-04 2.333968e-04
2.175010e-01 -2.194010e-05 2.313126e-04
2.177718e-01 -4.284605e-04 2.326203e-04
2.180426e-01 -2.981406e-04 2.329175e-04
2.183134e-01 -1.952909e-04 2.320072e-04
2.185842e-01 -5.569402e-04 2.312030e-04
2.188551e-01 -5.679503e-04 2.313068e-04
2.191259e-01 -2.550799e-04 2.330105e-04
2.193967e-01 -4.091002e-04 2.291975e-04
2.196675e-01 1.140125e-05 2.289580e-04
2.199383e-01 1.732111e-04 2.331358e-04
2.202091e-01 -3.520790e-04 2.305386e-04
2.204799e-01 -1.350902e-04 2.289230e-04
2.207507e-01 -5.207900e-04 2.286162e-04
2.210216e-01 -5.262196e-04 2.285477e-04
2.212924e-01 -2.314709e-04 2.291710e-04
2.215632e-01 -3.145803e-04 2.279109e-04
2.218340e-01 -4.460290e-04 2.293315e-04
2.221048e-01 -3.105197e-04 2.279561e-04
2.223756e-01 -1.027510e-04 2.287094e-04
2.226464e-01 1.756418e-04 2.280662e-04
2.229173e-01 -2.720598e-04 2.281084e-04
2.231881e-01 -6.329007e-04 2.280918e-04
2.234589e-01 3.463030e-05 2.267875e-04
2.237297e-01 -3.637206e-04 2.289773e-04
2.240005e-01 -6.795097e-04 2.271578e-04
2.242713e-01 -2.805889e-05 2.248988e-04
2.245422e-01 -3.846698e-04 2.283488e-04
2.248130e-01 -2.636909e-04 2.275972e-04
2.250838e-01 -2.954304e-04 2.271652e-04
2.253546e-01 -2.342891e-04 2.246843e-04
2.256254e-01 -5.960092e-04 2.271223e-04
2.258962e-01 -5.437806e-04 2.268560e-04
2.261670e-01 -4.538801e-04 2.368191e-04
2.264379e-01 2.210960e-05 2.407509e-04
2.267087e-01 -6.501302e-04 2.446342e-04
2.269795e-01 -3.642701e-04 2.465721e-04
2.272503e-01 -4.282705e-04 2.494979e-04
2.275211e-01 -4.654191e-04 2.528160e-04
2.277919e-01 -4.703496e-04 2.536905e-04
2.280627e-01 -5.212985e-05 2.569576e-04
2.283335e-01 -1.044013e-05 2.610682e-04
2.286044e-01 -1.022719e-03 2.585185e-04
2.288752e-01 -3.649406e-04 2.667769e-04
2.291460e-01 -6.717909e-04 2.675937e-04
2.294168e-01 -1.298897e-04 2.717957e-04
2.296876e-01 -4.274901e-04 2.696344e-04
2.299584e-01 -3.472194e-04 2.726780e-04
2.302293e-01 -5.621593e-04 2.766788e-04
2.305001e-01 -2.122298e-04 2.795071e-04
2.307709e-01 -9.266883e-04 2.814558e-04
2.310417e-01 2.532098e-04 2.832762e-04
2.313125e-01 -4.364401e-04 2.831922e-04
2.315833e-01 -1.492705e-04 2.869087e-04
2.318541e-01 -4.380792e-04 2.923792e-04
2.321250e-01 -3.848989e-04 2.951479e-04
2.323958e-01 -3.060196e-04 2.951855e-04
2.326666e-01 3.533997e-05 3.007396e-04
2.329374e-01 -2.289508e-04 3.032835e-04
2.332082e-01 -6.514043e-05 3.009191e-04
2.334790e-01 -6.437600e-04 3.013560e-04
2.337498e-01 -2.295393e-04 3.097968e-04
2.340207e-01 -3.941413e-04 3.146329e-04
2.342915e-01 2.618004e-04 3.115000e-04
2.345623e-01 -4.764199e-04 3.147118e-04
2.348331e-01 -1.787003e-04 3.213491e-04
2.351039e-01 9.790063e-06 3.232979e-04
2.353747e-01 -3.038999e-04 3.211775e-04
2.356455e-01 5.869009e-05 3.277769e-04
2.359163e-01 6.306600e-04 3.302689e-04
2.361872e-01 -1.682714e-04 3.300733e-04
2.364580e-01 9.389594e-06 3.358942e-04
2.367288e-01 -6.129406e-04 3.339054e-04
2.369996e-01 1.349393e-04 3.381691e-04
2.372704e-01 2.060086e-05 3.439895e-04
2.375412e-01 -6.520990e-04 3.421414e-04
2.378121e-01 -9.020977e-05 3.500958e-04
2.380829e-01 -4.135072e-05 3.486601e-04
2.383537e-01 -3.918502e-04 3.565648e-04
2.386245e-01 -4.641805e-04 3.622986e-04
2.388953e-01 7.200986e-05 3.610641e-04
2.391661e-01 1.313798e-04 3.636079e-04
2.394369e-01 -2.925806e-04 3.635761e-04
2.397078e-01 -3.283601e-04 3.769816e-04
2.399786e-01 -2.742708e-04 3.698087e-04
2.402494e-01 -2.777949e-05 3.842498e-04
2.405202e-01 -1.215290e-03 3.849926e-04
2.407910e-01 -3.473405e-04 3.898983e-04
2.410618e-01 2.922900e-04 3.870144e-04
2.413326e-01 6.144121e-05 3.986532e-04
2.416034e-01 -6.897599e-04 3.946189e-04
2.418743e-01 -1.934096e-04 4.088202e-04
2.421451e-01 -7.752404e-04 4.085083e-04
2.424159e-01 -7.493496e-04 4.158728e-04
2.426867e-01 -2.249107e-04 4.109118e-04
2.429575e-01 -9.098705e-04 4.234625e-04
2.432283e-01 8.193962e-05 4.399978e-04
2.434992e-01 1.292117e-05 4.243298e-04
2.437700e-01 -4.569199e-04 4.381680e-04
2.440408e-01 1.739394e-04 4.432713e-04
2.443116e-01 -3.783293e-04 4.512455e-04
2.445824e-01 -8.699894e-04 4.574845e-04
2.448532e-01 -9.923913e-04 4.507591e-04
2.451240e-01 -9.387918e-05 4.684016e-04
2.453949e-01 -1.567807e-04 4.878680e-04
2.456657e-01 -9.717289e-04 4.802623e-04
2.459365e-01 -1.395060e-03 4.887410e-04
2.462073e-01 -3.418494e-04 4.931306e-04
2.464781e-01 8.787606e-04 5.010055e-04
2.467489e-01 -3.390796e-04 5.116214e-04
2.470197e-01 -6.687306e-04 5.195370e-04
2.472906e-01 -7.997714e-04 5.300997e-04
2.475614e-01 -3.723409e-04 5.354673e-04
2.478322e-01 -7.124189e-04 5.542018e-04
2.481030e-01 -1.160830e-03 5.518462e-04
2.483738e-01 -9.262003e-05 5.607522e-04
2.486446e-01 -3.468487e-04 5.791777e-04
2.489154e-01 5.186200e-04 6.076574e-04
2.491863e-01 -6.229989e-05 5.947775e-04
2.494571e-01 -5.648397e-04 6.108851e-04
2.497279e-01 -2.473705e-04 6.190149e-04
2.499987e-01 -3.262404e-04 6.609498e-04
2.502695e-01 -1.508500e-03 6.651590e-04
2.505403e-01 -5.930662e-06 6.752396e-04
2.508111e-01 4.861392e-04 6.973769e-04
2.510819e-01 -1.285760e-03 7.253455e-04
2.513528e-01 -1.366710e-03 7.158010e-04
2.516236e-01 -2.778396e-04 7.590944e-04
2.518944e-01 -1.142848e-03 7.719357e-04
2.521652e-01 -3.987607e-04 8.213115e-04
2.524360e-01 -9.384789e-04 8.435130e-04
2.527068e-01 -9.112395e-04 8.122114e-04
2.529776e-01 -7.376410e-04 8.419368e-04
2.532485e-01 -1.081290e-03 8.802390e-04
2.535193e-01 -1.193199e-03 9.054555e-04
2.537901e-01 -3.029201e-04 9.348417e-04
2.540609e-01 9.799004e-05 9.116592e-04
2.543317e-01 -5.456116e-04 9.802917e-04
2.546025e-01 1.114899e-03 9.820886e-04
2.548733e-01 -9.278897e-04 1.058426e-03
2.551441e-01 1.963507e-04 1.075253e-03
2.554150e-01 4.808698e-04 1.122277e-03
2.556858e-01 -4.472304e-04 1.202769e-03
2.559566e-01 -4.325099e-04 1.296337e-03
2.562274e-01 -1.467280e-03 1.385393e-03
2.564982e-01 -8.978602e-04 1.405444e-03
2.567690e-01 -1.005169e-03 1.586360e-03
2.570398e-01 -1.455681e-03 1.880287e-03
2.573107e-01 4.529953e-06 1.847153e-03
2.575815e-01 -3.384100e-03 2.564591e-03
2.578523e-01 -6.503984e-05 3.065629e-03
2.581231e-01 7.974310e-03 4.507104e-03
