3.286826e-03 1.378222e-01 0.000000e+00
3.557641e-03 5.113792e-02 7.425870e-02
3.828455e-03 2.318239e-02 4.737098e-02
4.099269e-03 3.149033e-03 3.638064e-02
4.370084e-03 1.364207e-02 2.690368e-02
4.640898e-03 5.443096e-03 1.889301e-02
4.911712e-03 -3.240943e-03 1.588657e-02
5.182527e-03 -2.637982e-03 1.247495e-02
5.453341e-03 2.932906e-03 1.137455e-02
5.724155e-03 2.179980e-03 8.525899e-03
5.994970e-03 3.753901e-03 7.829082e-03
6.265784e-03 2.955914e-03 6.558515e-03
6.536598e-03 2.398789e-03 5.210046e-03
6.807412e-03 8.230507e-03 4.831821e-03
7.078227e-03 1.320493e-02 4.113934e-03
7.349041e-03 8.336067e-03 3.633140e-03
7.619855e-03 9.202480e-03 3.286644e-03
7.890671e-03 8.557796e-03 2.923128e-03
8.161485e-03 5.206406e-03 2.732826e-03
8.432299e-03 7.673293e-03 2.431046e-03
8.703114e-03 2.994925e-03 2.242984e-03
8.973928e-03 4.241496e-03 2.015865e-03
9.244742e-03 1.832590e-03 1.917020e-03
9.515557e-03 3.165394e-03 1.796399e-03
9.786371e-03 4.743040e-04 1.592705e-03
1.005718e-02 5.227998e-03 1.505615e-03
1.032800e-02 3.297403e-03 1.382270e-03
1.059881e-02 9.347051e-04 1.325185e-03
1.086963e-02 1.119301e-03 1.236186e-03
1.114044e-02 1.645193e-03 1.160323e-03
1.141126e-02 4.661694e-03 1.104032e-03
1.168207e-02 -1.861006e-04 1.069223e-03
1.195289e-02 2.212971e-04 1.008601e-03
1.222370e-02 6.935000e-04 9.613374e-04
1.249451e-02 1.054198e-03 9.209350e-04
1.276533e-02 2.400123e-03 8.722540e-04
1.303614e-02 1.880907e-03 8.357560e-04
1.330696e-02 4.378185e-04 7.983010e-04
1.357777e-02 2.928682e-03 7.860472e-04
1.384859e-02 1.522645e-03 7.600136e-04
1.411940e-02 3.347993e-04 7.329184e-04
1.439021e-02 5.567595e-04 6.920295e-04
1.466103e-02 1.284756e-03 6.735873e-04
1.493184e-02 4.913136e-04 6.688103e-04
1.520266e-02 1.395829e-03 6.455300e-04
1.547347e-02 1.682110e-03 6.284439e-04
1.574429e-02 1.541078e-03 6.017634e-04
1.601510e-02 1.342129e-03 5.930414e-04
1.628591e-02 1.390472e-03 5.790333e-04
1.655673e-02 3.744699e-04 5.649641e-04
1.682754e-02 -5.047768e-05 5.570758e-04
1.709836e-02 9.234510e-04 5.405921e-04
1.736917e-02 3.417395e-04 5.289256e-04
1.763999e-02 1.281798e-03 5.188114e-04
1.791080e-02 1.546998e-03 5.000614e-04
1.818161e-02 4.937612e-04 5.080191e-04
1.845243e-02 -1.416802e-04 5.053446e-04
1.872324e-02 3.418513e-04 5.007385e-04
1.899406e-02 4.964024e-04 4.864457e-04
1.926487e-02 1.303300e-03 4.804124e-04
1.953569e-02 8.646026e-05 4.763231e-04
1.980650e-02 7.852800e-04 4.813346e-04
2.007731e-02 7.433780e-04 4.647311e-04
2.034813e-02 2.062701e-03 4.665667e-04
2.061894e-02 5.247705e-04 4.640341e-04
2.088976e-02 4.369393e-04 4.583191e-04
2.116057e-02 7.998198e-04 4.548872e-04
2.143139e-02 5.330779e-04 4.472810e-04
2.170220e-02 4.354417e-04 4.527228e-04
2.197302e-02 4.540496e-04 4.448845e-04
2.224383e-02 5.384907e-05 4.371621e-04
2.251465e-02 1.604982e-03 4.299629e-04
2.278546e-02 1.858100e-04 4.209965e-04
2.305627e-02 4.886799e-04 4.202680e-04
2.332709e-02 1.790114e-04 4.094451e-04
2.359790e-02 -6.157905e-06 4.022722e-04
2.386872e-02 -1.732111e-04 3.968207e-04
2.413953e-02 -3.236905e-05 3.932549e-04
2.441034e-02 3.423095e-04 3.805255e-04
2.468116e-02 3.015287e-04 3.840735e-04
2.495197e-02 4.233904e-04 3.790318e-04
2.522279e-02 2.421997e-04 3.808664e-04
2.549360e-02 4.211999e-04 3.717312e-04
2.576442e-02 2.592169e-04 3.668835e-04
2.603523e-02 1.112569e-03 3.718867e-04
2.630604e-02 3.106147e-05 3.579462e-04
2.657686e-02 7.272027e-04 3.576006e-04
2.684767e-02 -3.477931e-05 3.512075e-04
2.711849e-02 -1.797117e-04 3.536232e-04
2.738930e-02 2.480596e-04 3.507323e-04
2.766012e-02 -1.201704e-04 3.444345e-04
2.793093e-02 -2.013594e-04 3.425584e-04
2.820175e-02 5.832799e-04 3.370609e-04
2.847256e-02 1.077749e-03 3.326287e-04
2.874337e-02 5.346797e-04 3.340085e-04
2.901419e-02 -8.665770e-05 3.274879e-04
2.928500e-02 -3.059991e-04 3.247543e-04
2.955582e-02 2.334379e-04 3.208310e-04
2.982663e-02 -1.849793e-04 3.220278e-04
3.009745e-02 1.318008e-04 3.231826e-04
3.036826e-02 -1.451001e-05 3.182491e-04
3.063907e-02 7.361174e-06 3.157802e-04
3.090989e-02 3.540106e-04 3.127407e-04
3.118070e-02 1.707673e-04 3.124864e-04
3.145152e-02 -1.835078e-05 3.079404e-04
3.172233e-02 7.888377e-04 3.081967e-04
3.199315e-02 7.596239e-05 3.053487e-04
3.226396e-02 3.872104e-04 3.051518e-04
3.253478e-02 1.994371e-04 3.037508e-04
3.280559e-02 4.539303e-04 3.003978e-04
3.307641e-02 7.255897e-04 2.977233e-04
3.334722e-02 -1.805983e-04 2.973434e-04
3.361803e-02 -1.634918e-04 2.952589e-04
3.388885e-02 -1.878105e-04 2.904307e-04
3.415966e-02 5.590282e-04 2.932044e-04
3.443048e-02 3.043376e-04 2.916906e-04
3.470129e-02 -4.844218e-04 2.869158e-04
3.497211e-02 2.191179e-04 2.898077e-04
3.524292e-02 5.448237e-05 2.838897e-04
3.551374e-02 1.209974e-05 2.861073e-04
3.578455e-02 8.969009e-05 2.866141e-04
3.605536e-02 5.060062e-05 2.799283e-04
3.632618e-02 3.245920e-04 2.802120e-04
3.659699e-02 -4.238412e-04 2.797117e-04
3.686780e-02 -5.219691e-04 2.772458e-04
3.713862e-02 2.289899e-04 2.762567e-04
3.740944e-02 -5.926192e-05 2.756421e-04
3.768025e-02 4.629903e-04 2.721020e-04
3.795106e-02 1.961291e-04 2.701983e-04
3.822188e-02 1.784042e-05 2.718204e-04
3.849269e-02 -1.400709e-06 2.686924e-04
3.876351e-02 -1.109391e-04 2.707441e-04
3.903432e-02 -5.020592e-04 2.659459e-04
3.930514e-02 1.180209e-04 2.673673e-04
3.957595e-02 3.505126e-05 2.639669e-04
3.984676e-02 -1.451001e-04 2.620815e-04
4.011758e-02 1.975689e-04 2.629223e-04
4.038839e-02 -3.485978e-04 2.626323e-04
4.065921e-02 -2.970714e-04 2.594950e-04
4.093002e-02 -4.746392e-04 2.586943e-04
4.120084e-02 4.135091e-04 2.578075e-04
4.147165e-02 -3.348105e-04 2.575619e-04
4.174246e-02 -9.454042e-05 2.567324e-04
4.201328e-02 2.509616e-04 2.545647e-04
4.228409e-02 -3.093109e-05 2.549013e-04
4.255491e-02 1.822710e-04 2.527451e-04
4.282572e-02 2.315603e-04 2.553590e-04
4.309653e-02 -3.557205e-04 2.513947e-04
4.336735e-02 2.405085e-04 2.493961e-04
4.363817e-02 3.014002e-04 2.491429e-04
4.390898e-02 -4.110858e-05 2.483460e-04
4.417979e-02 -5.588122e-05 2.483732e-04
4.445061e-02 1.113210e-04 2.454879e-04
4.472142e-02 -5.768053e-05 2.421761e-04
4.499224e-02 -3.345702e-04 2.464732e-04
4.526305e-02 4.881062e-05 2.456496e-04
4.553387e-02 1.196098e-04 2.410029e-04
4.580468e-02 2.723932e-05 2.409950e-04
4.607549e-02 -2.847891e-04 2.414088e-04
4.634631e-02 -2.129003e-05 2.391372e-04
4.661712e-02 6.541051e-05 2.413855e-04
4.688794e-02 8.942001e-05 2.390592e-04
4.715875e-02 2.166070e-05 2.356164e-04
4.742957e-02 5.615205e-04 2.355258e-04
4.770038e-02 9.200908e-05 2.350764e-04
4.797119e-02 -9.970739e-06 2.352841e-04
4.824201e-02 2.607703e-07 2.327987e-04
4.851282e-02 1.245905e-04 2.344252e-04
4.878364e-02 3.067013e-04 2.313118e-04
4.905445e-02 -2.073999e-04 2.325360e-04
4.932526e-02 -7.219985e-05 2.343199e-04
4.959608e-02 -4.700590e-04 2.304366e-04
4.986690e-02 -2.265908e-04 2.292534e-04
5.013771e-02 2.868511e-04 2.294673e-04
5.040852e-02 1.575053e-05 2.294720e-04
5.067934e-02 -1.502912e-04 2.284149e-04
5.095015e-02 -2.822094e-05 2.262759e-04
5.122096e-02 -2.403092e-04 2.274309e-04
5.149178e-02 3.875308e-04 2.273897e-04
5.176260e-02 1.184698e-04 2.246646e-04
5.203341e-02 4.025921e-05 2.267189e-04
5.230422e-02 -2.333485e-04 2.229047e-04
5.257504e-02 3.869813e-04 2.240697e-04
5.284585e-02 1.069009e-04 2.226350e-04
5.311667e-02 -5.384907e-04 2.227675e-04
5.338748e-02 1.159813e-04 2.245044e-04
5.365830e-02 2.319310e-04 2.244196e-04
5.392911e-02 1.482852e-05 2.268794e-04
5.419992e-02 2.906788e-04 2.266694e-04
5.447074e-02 7.281080e-05 2.246999e-04
5.474155e-02 2.235901e-04 2.277738e-04
5.501237e-02 -1.251791e-04 2.312609e-04
5.528318e-02 3.294703e-04 2.329095e-04
5.555400e-02 1.151599e-04 2.375955e-04
5.582481e-02 -4.645996e-05 2.354164e-04
5.609563e-02 1.356583e-04 2.376342e-04
5.636644e-02 2.947096e-04 2.395160e-04
5.663725e-02 -1.837127e-05 2.404072e-04
5.690807e-02 1.632497e-04 2.412946e-04
5.717888e-02 1.791604e-04 2.387994e-04
5.744969e-02 8.339062e-05 2.408368e-04
5.772051e-02 7.632002e-05 2.400446e-04
5.799133e-02 -2.078097e-04 2.408268e-04
5.826214e-02 -7.314980e-05 2.434667e-04
5.853295e-02 1.541618e-04 2.423968e-04
5.880377e-02 8.562952e-05 2.426341e-04
5.907458e-02 -3.601592e-04 2.440370e-04
5.934540e-02 -2.117008e-04 2.425581e-04
5.961621e-02 -1.559984e-04 2.435208e-04
5.988703e-02 -1.753215e-04 2.439210e-04
6.015784e-02 -1.196787e-04 2.448587e-04
6.042865e-02 -1.504496e-04 2.456072e-04
6.069947e-02 4.785880e-05 2.391396e-04
6.097028e-02 2.256036e-05 2.395379e-04
6.124110e-02 2.914108e-05 2.367786e-04
6.151191e-02 2.805106e-04 2.348992e-04
6.178273e-02 -1.720786e-04 2.361217e-04
6.205354e-02 5.460307e-04 2.342902e-04
6.232436e-02 -1.655892e-04 2.367550e-04
6.259517e-02 -7.486902e-05 2.331754e-04
6.286598e-02 -5.283952e-05 2.322103e-04
6.313679e-02 -6.229393e-04 2.325063e-04
6.340761e-02 5.999580e-06 2.305710e-04
6.367842e-02 1.591500e-04 2.294767e-04
6.394923e-02 1.639593e-04 2.292309e-04
6.422005e-02 -1.078006e-04 2.308319e-04
6.449086e-02 3.415998e-04 2.317704e-04
6.476168e-02 -1.556892e-04 2.284360e-04
6.503250e-02 2.635997e-04 2.313569e-04
6.530331e-02 3.424007e-04 2.283195e-04
6.557412e-02 3.365986e-05 2.292924e-04
6.584494e-02 -2.162810e-04 2.291393e-04
6.611575e-02 -2.892874e-05 2.265019e-04
6.638657e-02 -2.015941e-05 2.278398e-04
6.665738e-02 -4.673004e-05 2.246362e-04
6.692819e-02 -4.611909e-05 2.277120e-04
6.719901e-02 2.865884e-04 2.253476e-04
6.746982e-02 3.438406e-04 2.254784e-04
6.774063e-02 9.427965e-05 2.254535e-04
6.801146e-02 1.921207e-04 2.247318e-04
6.828227e-02 7.775053e-05 2.232002e-04
6.855308e-02 -1.890287e-04 2.254100e-04
6.882390e-02 -5.050935e-05 2.265114e-04
6.909471e-02 -1.452398e-04 2.248010e-04
6.936552e-02 3.093109e-05 2.207135e-04
6.963634e-02 -4.127398e-04 2.230203e-04
6.990715e-02 -3.951211e-04 2.228102e-04
7.017796e-02 5.768985e-05 2.212512e-04
7.044878e-02 1.098998e-04 2.200295e-04
7.071959e-02 1.413990e-04 2.206139e-04
7.099041e-02 1.581945e-05 2.209838e-04
7.126123e-02 -1.138896e-04 2.195543e-04
7.153204e-02 -2.111103e-04 2.183827e-04
7.180285e-02 -1.120307e-04 2.201277e-04
7.207367e-02 2.025608e-04 2.187162e-04
7.234448e-02 -2.516061e-05 2.190277e-04
7.261530e-02 -1.561902e-04 2.205764e-04
7.288611e-02 -4.592910e-05 2.161992e-04
7.315692e-02 -1.447406e-04 2.188789e-04
7.342774e-02 2.926495e-04 2.181379e-04
7.369855e-02 7.473119e-05 2.175261e-04
7.396936e-02 -2.403799e-04 2.184805e-04
7.424019e-02 -3.633089e-04 2.193641e-04
7.451100e-02 -4.755799e-04 2.168240e-04
7.478181e-02 -3.834385e-04 2.159945e-04
7.505263e-02 -8.502044e-05 2.134309e-04
7.532344e-02 -1.160298e-04 2.178950e-04
7.559425e-02 -1.930501e-04 2.161986e-04
7.586507e-02 2.648998e-04 2.157719e-04
7.613588e-02 -2.019107e-05 2.144417e-04
7.640669e-02 2.361704e-04 2.128157e-04
7.667751e-02 3.812797e-04 2.158794e-04
7.694832e-02 -8.952990e-05 2.140564e-04
7.721914e-02 1.989584e-04 2.157383e-04
7.748996e-02 -2.444293e-04 2.138517e-04
7.776077e-02 -1.177900e-04 2.119449e-04
7.803158e-02 -6.448105e-05 2.156278e-04
7.830240e-02 1.056995e-04 2.118845e-04
7.857321e-02 1.696311e-04 2.140695e-04
7.884403e-02 2.859402e-04 2.131313e-04
7.911484e-02 1.764596e-04 2.107880e-04
7.938565e-02 -3.039315e-04 2.131085e-04
7.965647e-02 -4.165396e-04 2.092630e-04
7.992728e-02 -2.342202e-04 2.106523e-04
8.019809e-02 4.053302e-04 2.099212e-04
8.046892e-02 1.399592e-04 2.087617e-04
8.073973e-02 -2.940204e-04 2.116367e-04
8.101054e-02 -3.970042e-05 2.095719e-04
8.128136e-02 -1.827795e-04 2.086274e-04
8.155217e-02 -3.210194e-04 2.101468e-04
8.182298e-02 3.381800e-04 2.085202e-04
8.209380e-02 -1.959410e-04 2.059683e-04
8.236461e-02 -3.733691e-04 2.088348e-04
8.263543e-02 2.898499e-04 2.090564e-04
8.290624e-02 1.435708e-04 2.069907e-04
8.317705e-02 2.238005e-04 2.054368e-04
8.344787e-02 -2.927892e-04 2.088038e-04
8.371869e-02 2.440792e-04 2.079079e-04
8.398950e-02 3.367011e-04 2.073007e-04
8.426031e-02 -1.742393e-04 2.081311e-04
8.453113e-02 -1.851302e-04 2.049212e-04
8.480194e-02 5.066022e-05 2.062593e-04
8.507276e-02 -3.243983e-05 2.067786e-04
8.534357e-02 1.559891e-04 2.057674e-04
8.561438e-02 -4.022513e-04 2.039069e-04
8.588520e-02 -7.127039e-05 2.042080e-04
8.615601e-02 1.789406e-04 2.040813e-04
8.642682e-02 -1.700707e-04 2.032453e-04
8.669765e-02 -4.082918e-05 2.037810e-04
8.696846e-02 -9.053014e-05 2.030871e-04
8.723927e-02 3.494993e-04 2.029158e-04
8.751009e-02 -2.580900e-04 2.020442e-04
8.778090e-02 -3.178902e-04 2.005707e-04
8.805171e-02 1.301710e-04 2.017335e-04
8.832253e-02 1.084600e-04 2.037694e-04
8.859334e-02 -2.493113e-04 2.034914e-04
8.886416e-02 -2.378803e-04 2.026932e-04
8.913497e-02 3.360901e-04 2.012858e-04
8.940578e-02 1.713634e-07 2.001440e-04
8.967660e-02 -9.555928e-05 1.987612e-04
8.994742e-02 1.862999e-04 2.003033e-04
9.021823e-02 2.043098e-04 2.002059e-04
9.048904e-02 -4.255511e-04 2.000543e-04
9.075986e-02 -5.100705e-04 2.005587e-04
9.103067e-02 -3.016200e-04 2.000213e-04
9.130149e-02 -4.536603e-04 1.994145e-04
9.157230e-02 2.308805e-04 1.982088e-04
9.184311e-02 -1.479387e-04 2.013828e-04
9.211393e-02 1.359209e-04 1.982507e-04
9.238474e-02 -3.341213e-04 1.980289e-04
9.265555e-02 3.927015e-05 2.001671e-04
9.292637e-02 -7.983856e-05 1.974850e-04
9.319719e-02 -2.458878e-05 1.987792e-04
9.346800e-02 1.874901e-04 1.978359e-04
9.373882e-02 -9.989925e-05 1.987104e-04
9.400963e-02 2.477299e-04 1.972028e-04
9.428044e-02 -1.979284e-04 1.989454e-04
9.455126e-02 -2.471991e-04 1.961436e-04
9.482207e-02 2.704505e-04 1.956681e-04
9.509289e-02 -8.543022e-05 1.973387e-04
9.536370e-02 4.430301e-04 1.972547e-04
9.563451e-02 -3.969297e-06 1.950014e-04
9.590533e-02 2.537090e-04 1.958319e-04
9.617615e-02 3.000908e-05 1.939638e-04
9.644696e-02 -6.150827e-05 1.955898e-04
9.671777e-02 5.955063e-05 1.956052e-04
9.698859e-02 2.495311e-04 1.933277e-04
9.725940e-02 5.640090e-06 1.945460e-04
9.753022e-02 2.615191e-04 1.933581e-04
9.780103e-02 -2.395902e-04 1.954642e-04
9.807184e-02 -4.785880e-05 1.916353e-04
9.834266e-02 1.119599e-04 1.948968e-04
9.861347e-02 1.459606e-04 1.951240e-04
9.888428e-02 -6.690063e-05 1.927008e-04
9.915510e-02 6.720424e-06 1.938562e-04
9.942592e-02 5.681068e-05 1.926550e-04
9.969673e-02 -4.623607e-04 1.929487e-04
9.996755e-02 1.281016e-04 1.919780e-04
1.002384e-01 3.404506e-04 1.911513e-04
1.005092e-01 -6.367080e-05 1.928550e-04
1.007800e-01 -4.182942e-05 1.902468e-04
1.010508e-01 1.936611e-04 1.921166e-04
1.013216e-01 -7.873029e-05 1.929120e-04
1.015924e-01 3.737304e-04 1.907900e-04
1.018632e-01 3.706105e-05 1.920860e-04
1.021341e-01 -1.009107e-04 1.906194e-04
1.024049e-01 -1.901612e-04 1.911291e-04
1.026757e-01 2.176203e-04 1.898347e-04
1.029465e-01 3.099702e-04 1.902917e-04
1.032173e-01 1.039598e-04 1.899747e-04
1.034881e-01 -4.064906e-04 1.889927e-04
1.037589e-01 -9.959564e-06 1.899828e-04
1.040298e-01 -1.185890e-04 1.871526e-04
1.043006e-01 2.459493e-04 1.904496e-04
1.045714e-01 -5.867891e-05 1.889131e-04
1.048422e-01 -9.579957e-05 1.889492e-04
1.051130e-01 -3.851019e-05 1.889657e-04
1.053838e-01 3.909133e-05 1.886018e-04
1.056546e-01 -1.053400e-04 1.870915e-04
1.059255e-01 7.987022e-05 1.865615e-04
1.061963e-01 4.575960e-05 1.880489e-04
1.064671e-01 4.641153e-05 1.881857e-04
1.067379e-01 -2.667997e-04 1.871841e-04
1.070087e-01 -9.397976e-05 1.880081e-04
1.072795e-01 -1.233593e-04 1.853510e-04
1.075503e-01 1.116302e-04 1.865893e-04
1.078212e-01 2.778694e-04 1.862109e-04
1.080920e-01 2.820045e-06 1.869902e-04
1.083628e-01 -1.158603e-04 1.854263e-04
1.086336e-01 2.405588e-04 1.858471e-04
1.089044e-01 -4.978850e-06 1.857616e-04
1.091752e-01 1.575705e-04 1.852065e-04
1.094460e-01 -1.998208e-04 1.850164e-04
1.097169e-01 7.516891e-05 1.850481e-04
1.099877e-01 -3.475882e-05 1.834637e-04
1.102585e-01 -1.545809e-04 1.838783e-04
1.105293e-01 3.527850e-05 1.872990e-04
1.108001e-01 -1.161899e-04 1.893741e-04
1.110709e-01 2.040509e-04 1.918417e-04
1.113417e-01 -2.623908e-05 1.894012e-04
1.116126e-01 -1.657903e-04 1.924030e-04
1.118834e-01 -1.485087e-05 1.901426e-04
1.121542e-01 -7.907115e-05 1.923921e-04
1.124250e-01 1.440700e-04 1.945825e-04
1.126958e-01 -8.914992e-05 1.963710e-04
1.129666e-01 -2.201311e-04 1.965790e-04
1.132374e-01 -2.206862e-05 1.994309e-04
1.135083e-01 1.129396e-04 2.017029e-04
1.137791e-01 1.775809e-04 2.014928e-04
1.140499e-01 5.649403e-06 2.010725e-04
1.143207e-01 -5.015302e-04 2.041830e-04
1.145915e-01 -1.878701e-04 2.062543e-04
1.148623e-01 -5.543046e-05 2.085243e-04
1.151332e-01 -6.848685e-04 2.073741e-04
1.154040e-01 2.876855e-05 2.105290e-04
1.156748e-01 -4.143082e-05 2.102230e-04
1.159456e-01 1.305901e-04 2.114571e-04
1.162164e-01 2.185404e-04 2.106893e-04
1.164872e-01 1.027100e-04 2.108766e-04
1.167580e-01 -2.859160e-06 2.160363e-04
1.170288e-01 -6.197020e-05 2.143771e-04
1.172997e-01 -1.025591e-04 2.154700e-04
1.175705e-01 2.031289e-04 2.160564e-04
1.178413e-01 -2.650488e-04 2.178955e-04
1.181121e-01 1.837295e-04 2.149784e-04
1.183829e-01 2.874304e-04 2.108016e-04
1.186537e-01 -4.517306e-04 2.121192e-04
1.189246e-01 -2.613608e-04 2.114364e-04
1.191954e-01 1.874305e-04 2.101145e-04
1.194662e-01 -1.052897e-04 2.109562e-04
1.197370e-01 -6.023981e-05 2.087682e-04
1.200078e-01 -5.641952e-05 2.088366e-04
1.202786e-01 1.565106e-04 2.087012e-04
1.205494e-01 1.105107e-04 2.084183e-04
1.208202e-01 -2.158899e-04 2.085113e-04
1.210911e-01 -1.437999e-04 2.087055e-04
1.213619e-01 -1.821499e-04 2.101185e-04
1.216327e-01 -4.072711e-04 2.083088e-04
1.219035e-01 -5.903095e-05 2.091930e-04
1.221743e-01 2.185497e-04 2.093051e-04
1.224451e-01 2.102107e-04 2.083900e-04
1.227160e-01 -4.838035e-05 2.091520e-04
1.229868e-01 1.618508e-04 2.060376e-04
1.232576e-01 -9.706058e-05 2.077963e-04
1.235284e-01 1.522414e-04 2.093781e-04
1.237992e-01 6.187893e-05 2.078809e-04
1.240700e-01 -4.399009e-05 2.094754e-04
1.243408e-01 2.679899e-04 2.077599e-04
1.246117e-01 4.233979e-05 2.077794e-04
1.248825e-01 -2.745688e-04 2.076273e-04
1.251533e-01 2.151001e-04 2.087747e-04
1.254241e-01 2.224892e-04 2.074345e-04
1.256949e-01 2.967007e-05 2.047532e-04
1.259657e-01 1.006704e-04 2.064789e-04
1.262365e-01 1.932606e-04 2.062339e-04
1.265074e-01 1.747496e-04 2.044417e-04
1.267782e-01 1.251139e-05 2.048726e-04
1.270490e-01 -2.982300e-04 2.030774e-04
1.273198e-01 9.672903e-05 2.051978e-04
1.275906e-01 2.029166e-05 2.048564e-04
1.278614e-01 -1.107510e-04 2.041553e-04
1.281322e-01 -3.336612e-04 2.043441e-04
1.284031e-01 -1.722295e-04 2.038386e-04
1.286739e-01 1.021605e-04 2.039342e-04
1.289447e-01 2.312791e-04 2.034746e-04
1.292155e-01 -2.543200e-04 2.039284e-04
1.294863e-01 -1.390502e-04 2.036383e-04
1.297571e-01 1.573805e-04 2.010732e-04
1.300279e-01 3.092606e-04 2.027259e-04
1.302988e-01 -2.509616e-04 2.041857e-04
1.305696e-01 -8.887984e-05 2.021507e-04
1.308404e-01 1.180395e-04 2.016480e-04
1.311112e-01 -1.259297e-04 2.034024e-04
1.313820e-01 -1.943801e-04 2.011282e-04
1.316528e-01 -1.015905e-04 2.028826e-04
1.319236e-01 3.893115e-05 2.014960e-04
1.321945e-01 -2.689213e-04 2.002774e-04
1.324653e-01 -5.565099e-04 2.008538e-04
1.327361e-01 1.350977e-05 1.992302e-04
1.330069e-01 -2.606902e-04 2.012677e-04
1.332777e-01 8.036010e-05 2.020196e-04
1.335485e-01 -4.906021e-05 1.998801e-04
1.338193e-01 -1.342501e-04 2.028109e-04
1.340902e-01 4.324876e-05 1.986252e-04
1.343610e-01 1.696497e-04 2.008903e-04
1.346318e-01 -6.772019e-05 1.997953e-04
1.349026e-01 -1.944602e-04 1.996085e-04
1.351734e-01 -1.919214e-04 2.012528e-04
1.354442e-01 -1.046993e-04 1.990925e-04
1.357151e-01 6.061979e-05 2.009475e-04
1.359859e-01 -3.585909e-04 1.986641e-04
1.362567e-01 -7.911026e-05 1.971779e-04
1.365275e-01 1.599714e-04 1.993817e-04
1.367983e-01 -5.963072e-05 1.977806e-04
1.370691e-01 -1.240894e-04 2.001708e-04
1.373399e-01 3.028084e-04 2.014424e-04
1.376107e-01 -1.758505e-04 2.041207e-04
1.378816e-01 -2.291799e-04 2.062665e-04
1.381524e-01 -4.073288e-04 2.051984e-04
1.384232e-01 1.275297e-04 2.089140e-04
1.386940e-01 2.575908e-04 2.079727e-04
1.389648e-01 2.121907e-04 2.096351e-04
1.392356e-01 -3.148317e-04 2.110881e-04
1.395064e-01 -1.260191e-04 2.109931e-04
1.397773e-01 3.105961e-05 2.135990e-04
1.400481e-01 -1.976993e-04 2.123228e-04
1.403189e-01 2.648011e-04 2.156469e-04
1.405897e-01 8.796155e-05 2.143886e-04
1.408605e-01 1.711790e-04 2.156227e-04
1.411313e-01 -2.315082e-05 2.163978e-04
1.414021e-01 1.366008e-04 2.159539e-04
1.416730e-01 -1.179297e-04 2.199348e-04
1.419438e-01 2.335291e-04 2.174905e-04
1.422146e-01 -1.943093e-04 2.194126e-04
1.424854e-01 -1.864601e-04 2.204909e-04
1.427562e-01 -1.660511e-04 2.190008e-04
1.430270e-01 6.962940e-05 2.171430e-04
1.432979e-01 2.796389e-04 2.192131e-04
1.435687e-01 -3.664494e-04 2.201131e-04
1.438395e-01 7.401966e-05 2.218256e-04
1.441103e-01 2.841204e-04 2.214168e-04
1.443811e-01 -2.187714e-04 2.223285e-04
1.446519e-01 5.116872e-05 2.218063e-04
1.449227e-01 1.634192e-04 2.245561e-04
1.451935e-01 2.049599e-04 2.219885e-04
1.454644e-01 5.171075e-05 2.250872e-04
1.457352e-01 -4.822016e-05 2.272139e-04
1.460060e-01 -2.134908e-04 2.263238e-04
1.462768e-01 -4.270300e-04 2.295276e-04
1.465476e-01 5.303882e-05 2.271102e-04
1.468184e-01 1.714006e-05 2.287754e-04
1.470892e-01 -2.997890e-04 2.298645e-04
1.473601e-01 -7.459894e-05 2.297444e-04
1.476309e-01 -3.480911e-05 2.290124e-04
1.479017e-01 -3.180597e-04 2.279803e-04
1.481725e-01 -2.725292e-04 2.296404e-04
1.484433e-01 1.509991e-04 2.261238e-04
1.487141e-01 -1.238901e-04 2.277767e-04
1.489850e-01 -3.128685e-04 2.268402e-04
1.492558e-01 -3.425814e-04 2.268073e-04
1.495266e-01 6.531924e-05 2.299411e-04
1.497974e-01 -1.421385e-04 2.261920e-04
1.500682e-01 2.006609e-04 2.277274e-04
1.503390e-01 -2.920069e-05 2.275051e-04
1.506098e-01 3.811494e-04 2.274137e-04
1.508806e-01 7.475913e-05 2.262296e-04
1.511515e-01 1.336690e-04 2.257483e-04
1.514223e-01 -4.304945e-05 2.271896e-04
1.516931e-01 -9.519048e-05 2.259928e-04
1.519639e-01 -4.310589e-04 2.256035e-04
1.522347e-01 -4.185718e-04 2.300984e-04
1.525055e-01 7.116981e-05 2.271234e-04
1.527763e-01 -9.726919e-05 2.273281e-04
1.530472e-01 4.206970e-05 2.243994e-04
1.533180e-01 7.930025e-05 2.276636e-04
1.535888e-01 3.098808e-04 2.284916e-04
1.538596e-01 1.263097e-04 2.260435e-04
1.541304e-01 3.018044e-05 2.295769e-04
1.544012e-01 -2.668593e-04 2.261735e-04
1.546721e-01 -4.724804e-04 2.292747e-04
1.549429e-01 2.648104e-04 2.298022e-04
1.552137e-01 5.985983e-05 2.284975e-04
1.554845e-01 3.670286e-04 2.277150e-04
1.557553e-01 3.196914e-04 2.283225e-04
1.560261e-01 1.609493e-04 2.297655e-04
1.562969e-01 -1.339596e-04 2.287082e-04
1.565678e-01 -2.798587e-04 2.285721e-04
1.568386e-01 -2.859198e-04 2.302239e-04
1.571094e-01 -4.016794e-04 2.300834e-04
1.573802e-01 4.604403e-04 2.297085e-04
1.576510e-01 4.148893e-04 2.284873e-04
1.579218e-01 -2.298597e-04 2.290239e-04
1.581926e-01 -5.478095e-04 2.281985e-04
1.584634e-01 1.340304e-04 2.275459e-04
1.587343e-01 -2.780892e-04 2.290313e-04
1.590051e-01 2.157912e-04 2.277409e-04
1.592759e-01 -9.357929e-05 2.274632e-04
1.595467e-01 2.929941e-05 2.279767e-04
1.598175e-01 1.132116e-05 2.283045e-04
1.600883e-01 2.325289e-04 2.266512e-04
1.603591e-01 2.923496e-04 2.271231e-04
1.606300e-01 -3.389604e-04 2.256467e-04
1.609008e-01 3.995895e-04 2.261809e-04
1.611716e-01 2.045296e-04 2.264925e-04
1.614424e-01 2.079494e-04 2.255219e-04
1.617132e-01 -6.129034e-05 2.260411e-04
1.619840e-01 -1.463685e-04 2.254534e-04
1.622549e-01 4.285946e-05 2.258709e-04
1.625257e-01 -2.538916e-04 2.267582e-04
1.627965e-01 -8.746050e-05 2.248877e-04
1.630673e-01 1.890957e-05 2.283680e-04
1.633381e-01 -1.730900e-04 2.261237e-04
1.636089e-01 4.387703e-04 2.260265e-04
1.638797e-01 -1.223013e-05 2.278068e-04
1.641506e-01 -1.752004e-05 2.244927e-04
1.644214e-01 6.675199e-04 2.260770e-04
1.646922e-01 1.509804e-04 2.254676e-04
1.649630e-01 1.851469e-06 2.241473e-04
1.652338e-01 -1.922604e-04 2.281915e-04
1.655046e-01 3.527999e-04 2.260825e-04
1.657754e-01 -3.877096e-04 2.261368e-04
1.660462e-01 -1.002103e-05 2.267360e-04
1.663171e-01 -3.497861e-05 2.258427e-04
1.665879e-01 7.739104e-05 2.253356e-04
1.668587e-01 -3.363807e-04 2.273060e-04
1.671295e-01 1.591295e-04 2.260572e-04
1.674003e-01 -3.573112e-05 2.270921e-04
1.676711e-01 -5.656108e-05 2.328746e-04
1.679420e-01 7.050857e-05 2.386430e-04
1.682128e-01 3.002807e-04 2.408714e-04
1.684836e-01 3.027171e-05 2.445043e-04
1.687544e-01 1.320206e-04 2.461013e-04
1.690252e-01 1.056399e-04 2.496751e-04
1.692960e-01 -2.112687e-04 2.454786e-04
1.695668e-01 1.055095e-04 2.529530e-04
1.698377e-01 2.361406e-04 2.539672e-04
1.701085e-01 1.666192e-04 2.543212e-04
1.703793e-01 3.348887e-04 2.579912e-04
1.706501e-01 4.596077e-05 2.577795e-04
1.709209e-01 -2.752598e-04 2.632993e-04
1.711917e-01 -1.118388e-04 2.610016e-04
1.714625e-01 -2.942700e-04 2.662212e-04
1.717333e-01 -2.533942e-05 2.677519e-04
1.720042e-01 -3.013201e-04 2.666888e-04
1.722750e-01 6.588902e-04 2.696187e-04
1.725458e-01 1.610294e-04 2.704362e-04
1.728166e-01 -4.970711e-04 2.726787e-04
1.730874e-01 5.196966e-05 2.752036e-04
1.733582e-01 -6.752796e-04 2.750043e-04
1.736291e-01 -9.931996e-05 2.813036e-04
1.738999e-01 -5.583204e-04 2.788788e-04
1.741707e-01 -3.457703e-04 2.836275e-04
1.744415e-01 -5.079433e-06 2.842782e-04
1.747123e-01 8.060969e-05 2.842347e-04
1.749831e-01 -2.842899e-04 2.777211e-04
1.752539e-01 -7.966906e-05 2.670333e-04
1.755248e-01 2.382603e-04 2.673953e-04
1.757956e-01 -1.861695e-04 2.601622e-04
1.760664e-01 1.101289e-04 2.623427e-04
1.763372e-01 -2.465900e-04 2.637311e-04
1.766080e-01 1.568515e-04 2.626243e-04
1.768788e-01 4.722197e-04 2.623292e-04
1.771496e-01 3.965013e-05 2.573619e-04
1.774205e-01 -4.517399e-04 2.611656e-04
1.776913e-01 -3.388915e-04 2.561230e-04
1.779621e-01 -3.308989e-04 2.554219e-04
1.782329e-01 -2.745166e-05 2.581705e-04
1.785037e-01 9.890646e-06 2.509975e-04
1.787745e-01 -5.782954e-05 2.540882e-04
1.790453e-01 1.712199e-04 2.516393e-04
1.793161e-01 1.640394e-04 2.507335e-04
1.795870e-01 -2.518501e-04 2.535995e-04
1.798578e-01 4.200805e-04 2.469735e-04
1.801286e-01 -3.978200e-04 2.538901e-04
1.803994e-01 1.275111e-04 2.462824e-04
1.806702e-01 1.599304e-04 2.483105e-04
1.809410e-01 -2.217200e-04 2.489043e-04
1.812119e-01 -4.154090e-04 2.478782e-04
1.814827e-01 1.546182e-05 2.479895e-04
1.817535e-01 -3.607795e-04 2.457439e-04
1.820243e-01 -9.403005e-05 2.466648e-04
1.822951e-01 -2.260692e-04 2.478527e-04
1.825659e-01 -5.501881e-05 2.449071e-04
1.828367e-01 1.286101e-04 2.476201e-04
1.831076e-01 -2.822895e-04 2.437289e-04
1.833784e-01 -2.110377e-06 2.477598e-04
1.836492e-01 -9.934977e-05 2.452702e-04
1.839200e-01 4.004706e-04 2.465839e-04
1.841908e-01 1.936909e-04 2.442475e-04
1.844616e-01 -2.038199e-04 2.440335e-04
1.847324e-01 1.196805e-04 2.476231e-04
1.850033e-01 6.888062e-05 2.421152e-04
1.852741e-01 -8.768030e-05 2.450144e-04
1.855449e-01 -1.572389e-04 2.443843e-04
1.858157e-01 2.120398e-04 2.449198e-04
1.860865e-01 -5.174205e-04 2.457702e-04
1.863573e-01 -4.355982e-05 2.433863e-04
1.866281e-01 -1.426972e-05 2.440250e-04
1.868990e-01 4.094802e-04 2.416056e-04
1.871698e-01 1.971591e-04 2.473140e-04
1.874406e-01 2.544001e-05 2.449973e-04
1.877114e-01 -3.712699e-04 2.428798e-04
1.879822e-01 6.040931e-05 2.459586e-04
1.882530e-01 -1.158305e-04 2.420932e-04
1.885238e-01 -4.272498e-04 2.433499e-04
1.887947e-01 3.846921e-05 2.446236e-04
1.890655e-01 2.344400e-04 2.436182e-04
1.893363e-01 9.485148e-05 2.445295e-04
1.896071e-01 4.317053e-05 2.414028e-04
1.898779e-01 -5.599502e-04 2.448620e-04
1.901487e-01 -4.851595e-04 2.429379e-04
1.904195e-01 1.848806e-04 2.433993e-04
1.906904e-01 -2.820045e-05 2.423196e-04
1.909612e-01 -2.920497e-04 2.410080e-04
1.912320e-01 8.380972e-05 2.422258e-04
1.915028e-01 1.003593e-04 2.406623e-04
1.917736e-01 8.767098e-05 2.439621e-04
1.920444e-01 1.212489e-04 2.417445e-04
1.923153e-01 3.800914e-05 2.435792e-04
1.925861e-01 -9.360909e-05 2.447341e-04
1.928569e-01 3.653299e-04 2.411934e-04
1.931277e-01 -2.177488e-04 2.436987e-04
1.933985e-01 2.953298e-04 2.420473e-04
1.936693e-01 -4.677512e-04 2.411392e-04
1.939401e-01 -4.691612e-04 2.444988e-04
1.942109e-01 -2.973899e-04 2.405335e-04
1.944818e-01 9.727105e-05 2.440657e-04
1.947526e-01 -5.012006e-05 2.408387e-04
1.950234e-01 -3.761295e-04 2.415621e-04
1.952942e-01 3.106389e-04 2.424384e-04
1.955650e-01 -5.620196e-04 2.407439e-04
1.958358e-01 -5.863048e-05 2.413380e-04
1.961066e-01 -1.644194e-04 2.423355e-04
1.963775e-01 -3.132708e-04 2.395495e-04
1.966483e-01 1.019798e-04 2.395424e-04
1.969191e-01 1.343191e-04 2.418719e-04
1.971899e-01 1.018587e-04 2.421608e-04
1.974607e-01 8.512102e-05 2.410809e-04
1.977315e-01 1.505297e-04 2.429021e-04
1.980023e-01 -4.094839e-05 2.415787e-04
1.982732e-01 -1.822803e-04 2.411640e-04
1.985440e-01 1.848117e-05 2.416717e-04
1.988148e-01 -5.064607e-04 2.398019e-04
1.990856e-01 1.240093e-04 2.412238e-04
1.993564e-01 -4.928000e-05 2.405650e-04
1.996272e-01 1.662001e-04 2.409929e-04
1.998980e-01 -5.984288e-04 2.410402e-04
2.001689e-01 1.988001e-05 2.382391e-04
2.004397e-01 -2.319384e-04 2.387152e-04
2.007105e-01 3.061611e-04 2.387198e-04
2.009813e-01 2.587810e-04 2.402046e-04
2.012521e-01 -2.688300e-04 2.393868e-04
2.015229e-01 -2.411511e-04 2.386152e-04
2.017937e-01 -1.334399e-04 2.407008e-04
2.020646e-01 1.305304e-04 2.391260e-04
2.023354e-01 -9.109080e-05 2.394952e-04
2.026062e-01 -1.434200e-04 2.373667e-04
2.028770e-01 -5.090795e-04 2.382536e-04
2.031478e-01 4.040599e-04 2.388265e-04
2.034186e-01 2.016611e-04 2.385278e-04
2.036894e-01 -1.970604e-04 2.369444e-04
2.039603e-01 4.917011e-05 2.377700e-04
2.042311e-01 6.451085e-05 2.389047e-04
2.045019e-01 -3.117304e-04 2.356140e-04
2.047727e-01 -4.316792e-04 2.371392e-04
2.050435e-01 3.960598e-04 2.362394e-04
2.053143e-01 5.019698e-04 2.383030e-04
2.055852e-01 5.380996e-05 2.374734e-04
2.058560e-01 -3.414974e-05 2.351855e-04
2.061268e-01 1.526214e-04 2.344058e-04
2.063976e-01 3.842097e-04 2.353589e-04
2.066684e-01 -3.679600e-04 2.357306e-04
2.069392e-01 -3.351290e-04 2.363795e-04
2.072100e-01 8.311123e-06 2.361898e-04
2.074808e-01 -2.101287e-04 2.360494e-04
2.077517e-01 1.331903e-04 2.327130e-04
2.080225e-01 2.185702e-04 2.350087e-04
2.082933e-01 3.459007e-04 2.337257e-04
2.085641e-01 -2.764203e-04 2.338510e-04
2.088349e-01 -1.957100e-04 2.357489e-04
2.091057e-01 -1.066793e-04 2.340992e-04
2.093765e-01 -3.598109e-04 2.333210e-04
2.096474e-01 2.433099e-04 2.352319e-04
2.099182e-01 -1.507998e-04 2.357724e-04
2.101890e-01 2.440065e-05 2.326132e-04
2.104598e-01 2.216697e-04 2.347731e-04
2.107306e-01 -1.808312e-04 2.356807e-04
2.110014e-01 -4.924498e-04 2.313268e-04
2.112723e-01 2.373941e-05 2.356072e-04
2.115431e-01 2.719462e-06 2.335372e-04
2.118139e-01 -2.859291e-04 2.359663e-04
2.120847e-01 -3.433302e-04 2.343826e-04
2.123555e-01 2.136994e-04 2.369923e-04
2.126263e-01 1.908988e-04 2.329493e-04
2.128971e-01 5.321577e-06 2.336940e-04
2.131680e-01 -5.194917e-05 2.335317e-04
2.134388e-01 -1.707301e-04 2.343677e-04
2.137096e-01 -2.002902e-05 2.324846e-04
2.139804e-01 1.299512e-04 2.340733e-04
2.142512e-01 -2.345499e-04 2.339426e-04
2.145220e-01 2.522394e-04 2.340784e-04
2.147928e-01 -8.521043e-05 2.332050e-04
2.150636e-01 5.709007e-06 2.338470e-04
2.153345e-01 6.309897e-04 2.347620e-04
2.156053e-01 -1.803711e-04 2.349720e-04
2.158761e-01 -1.239795e-04 2.361592e-04
2.161469e-01 3.967062e-05 2.318278e-04
2.164177e-01 1.447890e-04 2.341163e-04
2.166885e-01 1.716204e-04 2.364135e-04
2.169593e-01 2.395287e-04 2.326528e-04
2.172302e-01 -1.432709e-04 2.343241e-04
2.175010e-01 -2.319608e-04 2.315295e-04
2.177718e-01 -1.191702e-04 2.342054e-04
2.180426e-01 -3.911201e-04 2.330992e-04
2.183134e-01 -1.964010e-04 2.311259e-04
2.185842e-01 2.627410e-04 2.334015e-04
2.188551e-01 -4.054084e-04 2.333814e-04
2.191259e-01 -6.614998e-05 2.329055e-04
2.193967e-01 1.127105e-04 2.334673e-04
2.196675e-01 -3.338307e-04 2.308415e-04
2.199383e-01 -2.830699e-04 2.311441e-04
2.202091e-01 1.929402e-04 2.302995e-04
2.204799e-01 1.525804e-04 2.304103e-04
2.207507e-01 2.281498e-04 2.326189e-04
2.210216e-01 -2.760086e-04 2.294144e-04
2.212924e-01 4.771296e-04 2.308853e-04
2.215632e-01 -8.659065e-05 2.300770e-04
2.218340e-01 3.865901e-04 2.295009e-04
2.221048e-01 -1.327805e-04 2.303881e-04
2.223756e-01 5.950965e-05 2.326369e-04
2.226464e-01 -2.176296e-04 2.297291e-04
2.229173e-01 1.824815e-04 2.291285e-04
2.231881e-01 3.757793e-04 2.281933e-04
2.234589e-01 1.544300e-04 2.300672e-04
2.237297e-01 6.601028e-05 2.303431e-04
2.240005e-01 2.027899e-04 2.301963e-04
2.242713e-01 8.024089e-05 2.285084e-04
2.245422e-01 3.699213e-06 2.291447e-04
2.248130e-01 3.832094e-04 2.301028e-04
2.250838e-01 6.285869e-05 2.271631e-04
2.253546e-01 -2.751127e-06 2.289876e-04
2.256254e-01 -3.738794e-04 2.262705e-04
2.258962e-01 -5.311593e-04 2.292712e-04
2.261670e-01 -7.458963e-05 2.374982e-04
2.264379e-01 8.421950e-05 2.451200e-04
2.267087e-01 -4.618112e-04 2.471745e-04
2.269795e-01 3.153104e-04 2.488967e-04
2.272503e-01 -8.798018e-05 2.510850e-04
2.275211e-01 -8.162111e-05 2.559372e-04
2.277919e-01 9.156018e-05 2.558513e-04
2.280627e-01 3.935304e-04 2.616106e-04
2.283335e-01 -1.003798e-04 2.638603e-04
2.286044e-01 -2.949294e-04 2.626749e-04
2.288752e-01 -3.543291e-04 2.691978e-04
2.291460e-01 8.516312e-04 2.707527e-04
2.294168e-01 -2.803598e-04 2.704349e-04
2.296876e-01 7.168949e-05 2.731206e-04
2.299584e-01 -2.918094e-04 2.753241e-04
2.302293e-01 -2.074800e-04 2.794210e-04
2.305001e-01 -2.875701e-04 2.823491e-04
2.307709e-01 3.096685e-04 2.837180e-04
2.310417e-01 -6.439164e-06 2.841562e-04
2.313125e-01 4.464891e-04 2.889039e-04
2.315833e-01 3.974102e-04 2.922310e-04
2.318541e-01 -4.971400e-06 2.954537e-04
2.321250e-01 1.111198e-04 2.957407e-04
2.323958e-01 7.047188e-04 3.009404e-04
2.326666e-01 -1.663491e-04 3.008115e-04
2.329374e-01 3.355388e-04 3.062993e-04
2.332082e-01 7.322058e-05 3.035679e-04
2.334790e-01 1.153089e-04 3.063845e-04
2.337498e-01 -8.581206e-06 3.126316e-04
2.340207e-01 -4.172493e-04 3.134809e-04
2.342915e-01 1.395904e-04 3.158175e-04
2.345623e-01 -9.327009e-05 3.164471e-04
2.348331e-01 1.407042e-05 3.215149e-04
2.351039e-01 -8.396059e-05 3.251613e-04
2.353747e-01 2.468098e-04 3.242903e-04
2.356455e-01 4.380997e-04 3.298478e-04
2.359163e-01 -6.416999e-05 3.350116e-04
2.361872e-01 -2.279505e-04 3.345152e-04
2.364580e-01 1.897197e-04 3.364585e-04
2.367288e-01 -5.600043e-05 3.339896e-04
2.369996e-01 -6.507151e-05 3.400068e-04
2.372704e-01 -1.730900e-04 3.489639e-04
2.375412e-01 1.400504e-04 3.522601e-04
2.378121e-01 -2.513099e-04 3.521336e-04
2.380829e-01 8.394942e-05 3.511956e-04
2.383537e-01 9.406358e-07 3.623508e-04
2.386245e-01 2.380461e-06 3.641815e-04
2.388953e-01 -4.097801e-04 3.628791e-04
2.391661e-01 -2.200790e-04 3.700049e-04
2.394369e-01 4.229136e-05 3.709851e-04
2.397078e-01 -1.136698e-04 3.752976e-04
2.399786e-01 3.390405e-04 3.758449e-04
2.402494e-01 -3.396589e-04 3.849808e-04
2.405202e-01 -1.854803e-04 3.859792e-04
2.407910e-01 -2.678707e-04 3.980355e-04
2.410618e-01 -2.204999e-05 3.923212e-04
2.413326e-01 5.685184e-04 4.019923e-04
2.416034e-01 -2.176892e-04 3.998349e-04
2.418743e-01 -2.590604e-04 4.138087e-04
2.421451e-01 -6.219372e-06 4.138795e-04
2.424159e-01 1.932867e-05 4.219292e-04
2.426867e-01 -2.561789e-04 4.162320e-04
2.429575e-01 -9.424295e-04 4.304749e-04
2.432283e-01 2.236012e-04 4.321239e-04
2.434992e-01 -7.428098e-04 4.277988e-04
2.437700e-01 -3.258698e-04 4.420019e-04
2.440408e-01 4.429705e-04 4.507539e-04
2.443116e-01 9.132698e-04 4.604037e-04
2.445824e-01 -3.055409e-04 4.486331e-04
2.448532e-01 -2.833810e-04 4.674681e-04
2.451240e-01 2.356507e-04 4.693295e-04
2.453949e-01 -2.959203e-04 4.784685e-04
2.456657e-01 1.060460e-03 4.789405e-04
2.459365e-01 5.748607e-04 4.888145e-04
2.462073e-01 3.859960e-05 4.967855e-04
2.464781e-01 3.360398e-04 5.067201e-04
2.467489e-01 -4.373007e-04 5.131977e-04
2.470197e-01 2.093054e-05 5.219737e-04
2.472906e-01 -2.693906e-04 5.311294e-04
2.475614e-01 2.251100e-04 5.345753e-04
2.478322e-01 1.453608e-04 5.586348e-04
2.481030e-01 5.280301e-04 5.424058e-04
2.483738e-01 8.394904e-04 5.590560e-04
2.486446e-01 2.334192e-04 5.881596e-04
2.489154e-01 -7.028691e-04 5.973642e-04
2.491863e-01 1.208130e-03 5.924786e-04
2.494571e-01 -2.956502e-04 6.068935e-04
2.497279e-01 -6.310306e-04 6.161661e-04
2.499987e-01 4.747510e-04 6.450531e-04
2.502695e-01 5.962290e-04 6.530952e-04
2.505403e-01 -6.138794e-04 6.726477e-04
2.508111e-01 1.929700e-04 6.925711e-04
2.510819e-01 1.223039e-03 7.354533e-04
2.513528e-01 -4.403293e-04 7.177516e-04
2.516236e-01 -3.905967e-05 7.288716e-04
2.518944e-01 7.522497e-04 7.711200e-04
2.521652e-01 1.015980e-03 8.262215e-04
2.524360e-01 5.553290e-04 8.351784e-04
2.527068e-01 -2.660695e-04 8.115637e-04
2.529776e-01 2.265200e-04 8.729381e-04
2.532485e-01 -9.023100e-04 8.987021e-04
2.535193e-01 -9.636804e-04 8.991828e-04
2.537901e-01 -6.840583e-04 9.206327e-04
2.540609e-01 -1.546685e-04 9.520489e-04
2.543317e-01 -1.911089e-03 9.794160e-04
2.546025e-01 1.332261e-03 9.991352e-04
2.548733e-01 -7.541850e-05 1.062158e-03
2.551441e-01 -1.212770e-03 1.104128e-03
2.554150e-01 2.884651e-03 1.127214e-03
2.556858e-01 2.065897e-04 1.151255e-03
2.559566e-01 -5.064886e-04 1.258425e-03
2.562274e-01 -2.176750e-03 1.368376e-03
2.564982e-01 -7.555410e-04 1.421498e-03
2.567690e-01 -1.147209e-03 1.631458e-03
2.570398e-01 1.257770e-03 1.865403e-03
2.573107e-01 8.679703e-04 1.996690e-03
2.575815e-01 -3.479321e-03 2.506920e-03
2.578523e-01 -5.570710e-03 3.426053e-03
2.581231e-01 -5.771799e-03 5.100433e-03
