3.286826e-03 5.224609e-01 0.000000e+00
3.557641e-03 7.447362e-01 8.904251e-02
3.828455e-03 5.906954e-01 5.491273e-02
4.099269e-03 4.872751e-01 4.012035e-02
4.370084e-03 3.905869e-01 2.933157e-02
4.640898e-03 3.504071e-01 2.064088e-02
4.911712e-03 2.914951e-01 1.766827e-02
5.182527e-03 2.655010e-01 1.389010e-02
5.453341e-03 2.349540e-01 1.206022e-02
5.724155e-03 2.236631e-01 9.616804e-03
5.994970e-03 1.996191e-01 8.217162e-03
6.265784e-03 1.885067e-01 7.046008e-03
6.536598e-03 1.853149e-01 5.727442e-03
6.807412e-03 1.769230e-01 5.360234e-03
7.078227e-03 1.571430e-01 4.639273e-03
7.349041e-03 1.514512e-01 4.162093e-03
7.619855e-03 1.406033e-01 3.764282e-03
7.890671e-03 1.321072e-01 3.348995e-03
8.161485e-03 1.154536e-01 3.030219e-03
8.432299e-03 1.064926e-01 2.740656e-03
8.703114e-03 1.001919e-01 2.554805e-03
8.973928e-03 8.589840e-02 2.301177e-03
9.244742e-03 7.286140e-02 2.193164e-03
9.515557e-03 6.657910e-02 2.030467e-03
9.786371e-03 5.776559e-02 1.850794e-03
1.005718e-02 5.568321e-02 1.783738e-03
1.032800e-02 4.476370e-02 1.601060e-03
1.059881e-02 4.066731e-02 1.550048e-03
1.086963e-02 3.773630e-02 1.475595e-03
1.114044e-02 3.173180e-02 1.348399e-03
1.141126e-02 2.953930e-02 1.297509e-03
1.168207e-02 2.625290e-02 1.229019e-03
1.195289e-02 2.313860e-02 1.170654e-03
1.222370e-02 2.087910e-02 1.124157e-03
1.249451e-02 2.157980e-02 1.055607e-03
1.276533e-02 1.707040e-02 1.014305e-03
1.303614e-02 1.638389e-02 9.582747e-04
1.330696e-02 1.674422e-02 9.169057e-04
1.357777e-02 1.399719e-02 8.920854e-04
1.384859e-02 1.338930e-02 8.543023e-04
1.411940e-02 1.311207e-02 8.366544e-04
1.439021e-02 1.163833e-02 7.966221e-04
1.466103e-02 1.084185e-02 7.609527e-04
1.493184e-02 1.090055e-02 7.435039e-04
1.520266e-02 1.027006e-02 7.303256e-04
1.547347e-02 9.134620e-03 6.990251e-04
1.574429e-02 8.630119e-03 6.904032e-04
1.601510e-02 8.300431e-03 6.615841e-04
1.628591e-02 8.060999e-03 6.591695e-04
1.655673e-02 7.917643e-03 6.336178e-04
1.682754e-02 7.576760e-03 6.152995e-04
1.709836e-02 6.170791e-03 6.067670e-04
1.736917e-02 7.729221e-03 5.907296e-04
1.763999e-02 5.731437e-03 5.877496e-04
1.791080e-02 6.298676e-03 5.587067e-04
1.818161e-02 6.065182e-03 5.622306e-04
1.845243e-02 6.557170e-03 5.664468e-04
1.872324e-02 6.540749e-03 5.544053e-04
1.899406e-02 5.002420e-03 5.469656e-04
1.926487e-02 6.722201e-03 5.455394e-04
1.953569e-02 5.330611e-03 5.384176e-04
1.980650e-02 5.321641e-03 5.366069e-04
2.007731e-02 5.338080e-03 5.208543e-04
2.034813e-02 5.523399e-03 5.239072e-04
2.061894e-02 4.553471e-03 5.113045e-04
2.088976e-02 5.608931e-03 5.114623e-04
2.116057e-02 5.099189e-03 5.055069e-04
2.143139e-02 4.474588e-03 4.990368e-04
2.170220e-02 5.477529e-03 4.955036e-04
2.197302e-02 4.984360e-03 4.899443e-04
2.224383e-02 4.100930e-03 4.793746e-04
2.251465e-02 4.937831e-03 4.779881e-04
2.278546e-02 4.449781e-03 4.623048e-04
2.305627e-02 4.784461e-03 4.595965e-04
2.332709e-02 4.486658e-03 4.476279e-04
2.359790e-02 5.131189e-03 4.380996e-04
2.386872e-02 4.469790e-03 4.405666e-04
2.413953e-02 4.474830e-03 4.258505e-04
2.441034e-02 3.957950e-03 4.189072e-04
2.468116e-02 3.155157e-03 4.237962e-04
2.495197e-02 4.771031e-03 4.120029e-04
2.522279e-02 3.523149e-03 4.128921e-04
2.549360e-02 3.354579e-03 4.049416e-04
2.576442e-02 4.061460e-03 4.000720e-04
2.603523e-02 3.702771e-03 3.988863e-04
2.630604e-02 4.103318e-03 3.893637e-04
2.657686e-02 3.560342e-03 3.923949e-04
2.684767e-02 4.196249e-03 3.793191e-04
2.711849e-02 3.745873e-03 3.754346e-04
2.738930e-02 3.692668e-03 3.795461e-04
2.766012e-02 3.757689e-03 3.739936e-04
2.793093e-02 3.104039e-03 3.683456e-04
2.820175e-02 3.488552e-03 3.580829e-04
2.847256e-02 3.192592e-03 3.558865e-04
2.874337e-02 2.690159e-03 3.594747e-04
2.901419e-02 3.135290e-03 3.528633e-04
2.928500e-02 3.322028e-03 3.489898e-04
2.955582e-02 2.714861e-03 3.470708e-04
2.982663e-02 3.139343e-03 3.453873e-04
3.009745e-02 3.497891e-03 3.403470e-04
3.036826e-02 2.975348e-03 3.364200e-04
3.063907e-02 2.716228e-03 3.362946e-04
3.090989e-02 2.664711e-03 3.371272e-04
3.118070e-02 2.707489e-03 3.344462e-04
3.145152e-02 2.757382e-03 3.265314e-04
3.172233e-02 2.563197e-03 3.300521e-04
3.199315e-02 2.693992e-03 3.265518e-04
3.226396e-02 2.032269e-03 3.240178e-04
3.253478e-02 2.951529e-03 3.182635e-04
3.280559e-02 2.777461e-03 3.168632e-04
3.307641e-02 3.084350e-03 3.177862e-04
3.334722e-02 2.584409e-03 3.138232e-04
3.361803e-02 2.051588e-03 3.173403e-04
3.388885e-02 2.225038e-03 3.082201e-04
3.415966e-02 2.407800e-03 3.124333e-04
3.443048e-02 2.408560e-03 3.078934e-04
3.470129e-02 2.399560e-03 3.066306e-04
3.497211e-02 2.272990e-03 3.056705e-04
3.524292e-02 2.315000e-03 3.027585e-04
3.551374e-02 2.242710e-03 3.050626e-04
3.578455e-02 2.280079e-03 3.013031e-04
3.605536e-02 1.545429e-03 2.992833e-04
3.632618e-02 2.094910e-03 2.976505e-04
3.659699e-02 2.323180e-03 2.952482e-04
3.686780e-02 2.326090e-03 2.918766e-04
3.713862e-02 1.726042e-03 2.929184e-04
3.740944e-02 2.630569e-03 2.912122e-04
3.768025e-02 2.058849e-03 2.871771e-04
3.795106e-02 2.419259e-03 2.878354e-04
3.822188e-02 1.890041e-03 2.867709e-04
3.849269e-02 1.728199e-03 2.845846e-04
3.876351e-02 1.768339e-03 2.842033e-04
3.903432e-02 1.881242e-03 2.805254e-04
3.930514e-02 2.020400e-03 2.783348e-04
3.957595e-02 1.882158e-03 2.817140e-04
3.984676e-02 1.886990e-03 2.749229e-04
4.011758e-02 1.970302e-03 2.758063e-04
4.038839e-02 1.213372e-03 2.753911e-04
4.065921e-02 1.314282e-03 2.724972e-04
4.093002e-02 1.823269e-03 2.740185e-04
4.120084e-02 1.746152e-03 2.683477e-04
4.147165e-02 1.590032e-03 2.679299e-04
4.174246e-02 1.914199e-03 2.713428e-04
4.201328e-02 1.408529e-03 2.658687e-04
4.228409e-02 1.784127e-03 2.671907e-04
4.255491e-02 1.162171e-03 2.646979e-04
4.282572e-02 1.634181e-03 2.673214e-04
4.309653e-02 1.476869e-03 2.624748e-04
4.336735e-02 1.697199e-03 2.604907e-04
4.363817e-02 1.294460e-03 2.640315e-04
4.390898e-02 1.043171e-03 2.620987e-04
4.417979e-02 1.309883e-03 2.591043e-04
4.445061e-02 1.237951e-03 2.572234e-04
4.472142e-02 1.559019e-03 2.550470e-04
4.499224e-02 1.455009e-03 2.585676e-04
4.526305e-02 1.596881e-03 2.547215e-04
4.553387e-02 1.793969e-03 2.557327e-04
4.580468e-02 1.834929e-03 2.545777e-04
4.607549e-02 1.431253e-03 2.542844e-04
4.634631e-02 1.401119e-03 2.497847e-04
4.661712e-02 1.376562e-03 2.536857e-04
4.688794e-02 1.601901e-03 2.502563e-04
4.715875e-02 1.319291e-03 2.477403e-04
4.742957e-02 1.285888e-03 2.468394e-04
4.770038e-02 1.264310e-03 2.455840e-04
4.797119e-02 1.606310e-03 2.469580e-04
4.824201e-02 1.626400e-03 2.449086e-04
4.851282e-02 1.511879e-03 2.462947e-04
4.878364e-02 1.553269e-03 2.434066e-04
4.905445e-02 7.984005e-04 2.420389e-04
4.932526e-02 1.536431e-03 2.417784e-04
4.959608e-02 1.043329e-03 2.390924e-04
4.986690e-02 1.511790e-03 2.407224e-04
5.013771e-02 1.132190e-03 2.397443e-04
5.040852e-02 2.007239e-03 2.378617e-04
5.067934e-02 1.310632e-03 2.395908e-04
5.095015e-02 1.095600e-03 2.354414e-04
5.122096e-02 1.116298e-03 2.380002e-04
5.149178e-02 1.242731e-03 2.359062e-04
5.176260e-02 1.386078e-03 2.360384e-04
5.203341e-02 1.674002e-03 2.371187e-04
5.230422e-02 1.551051e-03 2.313894e-04
5.257504e-02 9.271409e-04 2.335995e-04
5.284585e-02 8.962210e-04 2.318894e-04
5.311667e-02 1.277000e-03 2.306640e-04
5.338748e-02 1.369102e-03 2.365015e-04
5.365830e-02 1.355268e-03 2.336929e-04
5.392911e-02 1.581008e-03 2.362691e-04
5.419992e-02 1.140181e-03 2.350897e-04
5.447074e-02 1.500331e-03 2.341485e-04
5.474155e-02 1.190901e-03 2.393578e-04
5.501237e-02 1.362199e-03 2.419200e-04
5.528318e-02 1.127910e-03 2.457150e-04
5.555400e-02 1.252921e-03 2.457670e-04
5.582481e-02 8.795187e-04 2.451248e-04
5.609563e-02 1.406671e-03 2.470913e-04
5.636644e-02 8.048583e-04 2.491089e-04
5.663725e-02 1.081791e-03 2.519642e-04
5.690807e-02 1.138080e-03 2.509196e-04
5.717888e-02 1.138430e-03 2.495745e-04
5.744969e-02 1.166731e-03 2.509393e-04
5.772051e-02 1.278229e-03 2.501944e-04
5.799133e-02 1.540430e-03 2.513110e-04
5.826214e-02 3.973600e-04 2.517568e-04
5.853295e-02 9.399001e-04 2.522518e-04
5.880377e-02 1.153640e-03 2.505815e-04
5.907458e-02 1.399590e-03 2.507875e-04
5.934540e-02 1.153043e-03 2.513949e-04
5.961621e-02 1.263099e-03 2.543549e-04
5.988703e-02 5.599316e-04 2.536176e-04
6.015784e-02 7.223487e-04 2.551229e-04
6.042865e-02 1.152422e-03 2.550208e-04
6.069947e-02 1.009559e-03 2.481603e-04
6.097028e-02 8.648206e-04 2.491266e-04
6.124110e-02 9.148903e-04 2.466493e-04
6.151191e-02 8.507613e-04 2.435918e-04
6.178273e-02 6.275196e-04 2.466726e-04
6.205354e-02 1.240391e-03 2.435972e-04
6.232436e-02 1.008719e-03 2.442941e-04
6.259517e-02 9.363499e-04 2.417953e-04
6.286598e-02 9.050407e-04 2.397037e-04
6.313679e-02 9.296313e-04 2.435233e-04
6.340761e-02 6.590411e-04 2.398637e-04
6.367842e-02 1.104411e-03 2.387376e-04
6.394923e-02 1.050010e-03 2.372348e-04
6.422005e-02 1.261931e-03 2.400693e-04
6.449086e-02 1.033610e-03 2.398577e-04
6.476168e-02 8.800402e-04 2.355799e-04
6.503250e-02 7.350296e-04 2.398324e-04
6.530331e-02 8.535609e-04 2.355336e-04
6.557412e-02 1.161100e-03 2.372539e-04
6.584494e-02 1.163742e-03 2.367586e-04
6.611575e-02 8.519683e-04 2.370733e-04
6.638657e-02 6.054807e-04 2.393128e-04
6.665738e-02 4.867613e-04 2.328347e-04
6.692819e-02 1.352761e-03 2.372953e-04
6.719901e-02 9.474307e-04 2.343801e-04
6.746982e-02 8.178800e-04 2.347833e-04
6.774063e-02 1.018411e-03 2.371841e-04
6.801146e-02 8.781198e-04 2.342909e-04
6.828227e-02 9.380393e-04 2.339801e-04
6.855308e-02 6.482303e-04 2.333184e-04
6.882390e-02 8.372087e-04 2.335272e-04
6.909471e-02 6.390102e-04 2.311640e-04
6.936552e-02 6.602705e-04 2.313269e-04
6.963634e-02 6.503984e-04 2.323735e-04
6.990715e-02 7.481407e-04 2.327888e-04
7.017796e-02 1.316091e-03 2.282516e-04
7.044878e-02 7.339790e-04 2.293066e-04
7.071959e-02 7.835198e-04 2.285044e-04
7.099041e-02 9.668004e-04 2.298919e-04
7.126123e-02 6.835107e-04 2.281366e-04
7.153204e-02 8.298997e-04 2.282501e-04
7.180285e-02 1.062859e-03 2.280618e-04
7.207367e-02 1.383390e-03 2.275299e-04
7.234448e-02 9.116605e-04 2.272637e-04
7.261530e-02 7.551312e-04 2.284716e-04
7.288611e-02 9.318292e-04 2.259797e-04
7.315692e-02 9.023491e-04 2.273775e-04
7.342774e-02 1.198510e-03 2.272953e-04
7.369855e-02 7.585902e-04 2.261763e-04
7.396936e-02 8.720197e-04 2.256665e-04
7.424019e-02 7.347185e-04 2.274644e-04
7.451100e-02 1.158249e-03 2.237786e-04
7.478181e-02 8.989796e-04 2.231278e-04
7.505263e-02 9.348709e-04 2.241794e-04
7.532344e-02 8.151103e-04 2.256643e-04
7.559425e-02 4.079789e-04 2.232909e-04
7.586507e-02 6.640702e-04 2.240619e-04
7.613588e-02 9.729192e-04 2.221346e-04
7.640669e-02 6.183591e-04 2.207652e-04
7.667751e-02 1.213839e-03 2.241056e-04
7.694832e-02 9.579901e-04 2.201514e-04
7.721914e-02 1.067940e-03 2.219114e-04
7.748996e-02 8.500684e-04 2.210325e-04
7.776077e-02 1.218330e-03 2.206507e-04
7.803158e-02 1.267439e-03 2.225141e-04
7.830240e-02 6.836709e-04 2.177722e-04
7.857321e-02 5.189907e-04 2.200847e-04
7.884403e-02 6.014705e-04 2.201756e-04
7.911484e-02 3.223401e-04 2.196014e-04
7.938565e-02 6.072503e-04 2.218209e-04
7.965647e-02 1.870599e-04 2.180728e-04
7.992728e-02 8.544195e-04 2.183309e-04
8.019809e-02 4.549101e-04 2.170180e-04
8.046892e-02 8.417703e-04 2.170501e-04
8.073973e-02 4.597697e-04 2.165302e-04
8.101054e-02 1.056110e-03 2.167249e-04
8.128136e-02 4.183110e-04 2.157221e-04
8.155217e-02 7.826108e-04 2.171432e-04
8.182298e-02 8.525588e-04 2.160053e-04
8.209380e-02 4.480015e-04 2.138483e-04
8.236461e-02 5.714800e-04 2.157467e-04
8.263543e-02 2.680905e-04 2.162796e-04
8.290624e-02 6.710608e-04 2.163892e-04
8.317705e-02 6.933883e-04 2.133201e-04
8.344787e-02 6.935392e-04 2.148192e-04
8.371869e-02 -1.935102e-04 2.143481e-04
8.398950e-02 3.743004e-04 2.130447e-04
8.426031e-02 8.868799e-04 2.128466e-04
8.453113e-02 6.956700e-04 2.122888e-04
8.480194e-02 5.408209e-04 2.136833e-04
8.507276e-02 5.727112e-04 2.120046e-04
8.534357e-02 7.161889e-04 2.115426e-04
8.561438e-02 4.790798e-04 2.115397e-04
8.588520e-02 9.093303e-04 2.097419e-04
8.615601e-02 7.879697e-04 2.108902e-04
8.642682e-02 7.042307e-04 2.122715e-04
8.669765e-02 1.071269e-03 2.089049e-04
8.696846e-02 9.065587e-04 2.112302e-04
8.723927e-02 7.334985e-04 2.098506e-04
8.751009e-02 3.800206e-04 2.091354e-04
8.778090e-02 1.050001e-03 2.086727e-04
8.805171e-02 8.207411e-04 2.087929e-04
8.832253e-02 8.088797e-04 2.088699e-04
8.859334e-02 5.166288e-04 2.107326e-04
8.886416e-02 3.885292e-04 2.080385e-04
8.913497e-02 4.841406e-04 2.070819e-04
8.940578e-02 1.088399e-04 2.080883e-04
8.967660e-02 8.534584e-04 2.059237e-04
8.994742e-02 4.894100e-04 2.076217e-04
9.021823e-02 5.601402e-04 2.068542e-04
9.048904e-02 3.169104e-04 2.072169e-04
9.075986e-02 5.018301e-04 2.075381e-04
9.103067e-02 4.263204e-04 2.070014e-04
9.130149e-02 5.946606e-04 2.063653e-04
9.157230e-02 6.732699e-04 2.045401e-04
9.184311e-02 5.077887e-04 2.074382e-04
9.211393e-02 3.796089e-04 2.058954e-04
9.238474e-02 5.312096e-04 2.040266e-04
9.265555e-02 5.355608e-04 2.065697e-04
9.292637e-02 5.257111e-04 2.040596e-04
9.319719e-02 8.374006e-04 2.046330e-04
9.346800e-02 6.051287e-04 2.049118e-04
9.373882e-02 7.854905e-04 2.038988e-04
9.400963e-02 5.298704e-04 2.036463e-04
9.428044e-02 5.750600e-04 2.050105e-04
9.455126e-02 6.550793e-04 2.039517e-04
9.482207e-02 5.525202e-04 2.020172e-04
9.509289e-02 7.476006e-04 2.031216e-04
9.536370e-02 3.500301e-04 2.031258e-04
9.563451e-02 8.583199e-04 2.008807e-04
9.590533e-02 3.791489e-04 2.018628e-04
9.617615e-02 3.821105e-04 2.005081e-04
9.644696e-02 4.415195e-04 2.017904e-04
9.671777e-02 5.413983e-04 2.019302e-04
9.698859e-02 4.869904e-04 1.995993e-04
9.725940e-02 6.695185e-04 2.019807e-04
9.753022e-02 4.663393e-04 1.991204e-04
9.780103e-02 1.228116e-04 2.010532e-04
9.807184e-02 5.395003e-04 1.979273e-04
9.834266e-02 6.143898e-04 2.006799e-04
9.861347e-02 5.381107e-04 2.002293e-04
9.888428e-02 2.940409e-04 1.984189e-04
9.915510e-02 5.354211e-04 2.003646e-04
9.942592e-02 6.279815e-04 1.980003e-04
9.969673e-02 2.076495e-04 1.980140e-04
9.996755e-02 4.239809e-04 1.976348e-04
1.002384e-01 4.565790e-04 1.979817e-04
1.005092e-01 4.802905e-04 1.971230e-04
1.007800e-01 5.259197e-04 1.974948e-04
1.010508e-01 1.489092e-04 1.979225e-04
1.013216e-01 2.690088e-04 1.980902e-04
1.015924e-01 4.205499e-04 1.966386e-04
1.018632e-01 9.172037e-05 1.983673e-04
1.021341e-01 5.204901e-04 1.963121e-04
1.024049e-01 5.358700e-04 1.971131e-04
1.026757e-01 9.029303e-04 1.952832e-04
1.029465e-01 5.559511e-04 1.958196e-04
1.032173e-01 3.103204e-04 1.962832e-04
1.034881e-01 3.015902e-04 1.946896e-04
1.037589e-01 1.771804e-04 1.944244e-04
1.040298e-01 -3.658049e-05 1.937766e-04
1.043006e-01 6.397702e-04 1.962374e-04
1.045714e-01 2.109613e-04 1.937568e-04
1.048422e-01 2.913494e-04 1.928088e-04
1.051130e-01 2.936609e-04 1.936330e-04
1.053838e-01 4.897695e-04 1.944711e-04
1.056546e-01 4.424304e-04 1.934607e-04
1.059255e-01 3.149193e-04 1.918542e-04
1.061963e-01 2.498291e-04 1.930154e-04
1.064671e-01 3.064200e-04 1.923828e-04
1.067379e-01 3.712196e-04 1.924348e-04
1.070087e-01 6.020702e-04 1.940584e-04
1.072795e-01 5.875006e-04 1.907862e-04
1.075503e-01 5.298406e-04 1.913419e-04
1.078212e-01 3.779605e-04 1.921028e-04
1.080920e-01 4.269909e-04 1.918061e-04
1.083628e-01 1.520608e-04 1.924467e-04
1.086336e-01 7.108990e-04 1.902042e-04
1.089044e-01 6.871391e-04 1.911884e-04
1.091752e-01 5.529393e-04 1.904651e-04
1.094460e-01 4.355796e-04 1.898426e-04
1.097169e-01 3.876202e-04 1.907858e-04
1.099877e-01 3.634114e-04 1.910954e-04
1.102585e-01 2.998002e-04 1.913804e-04
1.105293e-01 -7.081032e-05 1.920746e-04
1.108001e-01 3.869589e-04 1.944025e-04
1.110709e-01 3.750902e-04 1.966684e-04
1.113417e-01 5.119704e-04 1.935108e-04
1.116126e-01 -2.028979e-05 1.969606e-04
1.118834e-01 1.754202e-04 1.973846e-04
1.121542e-01 3.615692e-04 1.982597e-04
1.124250e-01 4.984308e-04 2.004978e-04
1.126958e-01 6.362703e-04 2.023196e-04
1.129666e-01 3.374312e-04 2.019832e-04
1.132374e-01 1.015607e-04 2.058537e-04
1.135083e-01 3.843512e-04 2.084990e-04
1.137791e-01 2.574287e-04 2.089073e-04
1.140499e-01 -1.844112e-04 2.075269e-04
1.143207e-01 5.538389e-04 2.110405e-04
1.145915e-01 7.376000e-04 2.126071e-04
1.148623e-01 5.845912e-04 2.133850e-04
1.151332e-01 3.914498e-04 2.133796e-04
1.154040e-01 6.747097e-04 2.158996e-04
1.156748e-01 5.588904e-04 2.171976e-04
1.159456e-01 3.592204e-04 2.169190e-04
1.162164e-01 6.152298e-04 2.193527e-04
1.164872e-01 5.928800e-04 2.197910e-04
1.167580e-01 5.140994e-04 2.211331e-04
1.170288e-01 3.969893e-04 2.220785e-04
1.172997e-01 7.417388e-04 2.230146e-04
1.175705e-01 9.391084e-05 2.214541e-04
1.178413e-01 2.972968e-05 2.239699e-04
1.181121e-01 5.487408e-04 2.223562e-04
1.183829e-01 1.406204e-04 2.179163e-04
1.186537e-01 2.349894e-04 2.161357e-04
1.189246e-01 3.984291e-04 2.162839e-04
1.191954e-01 4.406609e-04 2.163933e-04
1.194662e-01 3.030803e-04 2.168734e-04
1.197370e-01 2.352912e-04 2.144656e-04
1.200078e-01 3.873389e-04 2.152067e-04
1.202786e-01 3.156587e-04 2.149017e-04
1.205494e-01 1.723114e-04 2.145318e-04
1.208202e-01 3.033094e-04 2.157419e-04
1.210911e-01 3.832411e-04 2.144047e-04
1.213619e-01 -1.628008e-04 2.165159e-04
1.216327e-01 1.331605e-04 2.140681e-04
1.219035e-01 7.549599e-04 2.139287e-04
1.221743e-01 3.546998e-04 2.149914e-04
1.224451e-01 5.893894e-04 2.134637e-04
1.227160e-01 1.884494e-04 2.173951e-04
1.229868e-01 4.133899e-04 2.126802e-04
1.232576e-01 6.619003e-04 2.153451e-04
1.235284e-01 4.187413e-04 2.157499e-04
1.237992e-01 9.130295e-04 2.129325e-04
1.240700e-01 3.991909e-04 2.139465e-04
1.243408e-01 4.007500e-04 2.132304e-04
1.246117e-01 -5.751103e-05 2.137135e-04
1.248825e-01 3.794413e-04 2.148189e-04
1.251533e-01 6.929971e-05 2.143772e-04
1.254241e-01 6.069094e-04 2.130951e-04
1.256949e-01 2.459399e-04 2.109612e-04
1.259657e-01 5.598404e-04 2.131157e-04
1.262365e-01 -4.857033e-05 2.110757e-04
1.265074e-01 5.496815e-04 2.122505e-04
1.267782e-01 5.244203e-04 2.122959e-04
1.270490e-01 3.602691e-04 2.101588e-04
1.273198e-01 7.461011e-05 2.105810e-04
1.275906e-01 3.736299e-04 2.111244e-04
1.278614e-01 5.835313e-04 2.091397e-04
1.281322e-01 2.427008e-04 2.085642e-04
1.284031e-01 3.043804e-04 2.070268e-04
1.286739e-01 2.765097e-04 2.105772e-04
1.289447e-01 1.788791e-04 2.090639e-04
1.292155e-01 1.160894e-04 2.089338e-04
1.294863e-01 4.423503e-04 2.098799e-04
1.297571e-01 2.851207e-04 2.084888e-04
1.300279e-01 3.579296e-04 2.081276e-04
1.302988e-01 2.405494e-04 2.097663e-04
1.305696e-01 6.948598e-04 2.090133e-04
1.308404e-01 2.332404e-04 2.055210e-04
1.311112e-01 6.130710e-04 2.104385e-04
1.313820e-01 3.301091e-04 2.076622e-04
1.316528e-01 2.213195e-04 2.080721e-04
1.319236e-01 6.083958e-05 2.067103e-04
1.321945e-01 5.221684e-04 2.066139e-04
1.324653e-01 4.275143e-05 2.075888e-04
1.327361e-01 4.383009e-04 2.070453e-04
1.330069e-01 3.570598e-04 2.064399e-04
1.332777e-01 4.242007e-04 2.061572e-04
1.335485e-01 1.643896e-04 2.053128e-04
1.338193e-01 1.534596e-04 2.083809e-04
1.340902e-01 8.768961e-05 2.045939e-04
1.343610e-01 2.133008e-04 2.072290e-04
1.346318e-01 3.745891e-04 2.060874e-04
1.349026e-01 5.241185e-04 2.042785e-04
1.351734e-01 4.571807e-04 2.072831e-04
1.354442e-01 5.404986e-04 2.049881e-04
1.357151e-01 4.370809e-04 2.056014e-04
1.359859e-01 2.602711e-04 2.034066e-04
1.362567e-01 3.302693e-04 2.037107e-04
1.365275e-01 4.911311e-04 2.037222e-04
1.367983e-01 6.959103e-04 2.021885e-04
1.370691e-01 1.116842e-05 2.051678e-04
1.373399e-01 5.037393e-04 2.081422e-04
1.376107e-01 4.553515e-04 2.100124e-04
1.378816e-01 3.573895e-04 2.120483e-04
1.381524e-01 -1.698099e-04 2.104285e-04
1.384232e-01 1.476500e-04 2.146079e-04
1.386940e-01 -7.356144e-05 2.154991e-04
1.389648e-01 1.220815e-04 2.167020e-04
1.392356e-01 2.763309e-04 2.180061e-04
1.395064e-01 1.520906e-04 2.181373e-04
1.397773e-01 1.696087e-04 2.195544e-04
1.400481e-01 2.666600e-04 2.180085e-04
1.403189e-01 2.583507e-04 2.225803e-04
1.405897e-01 3.327113e-04 2.205801e-04
1.408605e-01 3.683008e-04 2.227612e-04
1.411313e-01 5.430710e-04 2.215923e-04
1.414021e-01 4.420057e-06 2.211792e-04
1.416730e-01 -6.457977e-05 2.265063e-04
1.419438e-01 -1.392402e-04 2.248707e-04
1.422146e-01 2.330001e-04 2.253246e-04
1.424854e-01 2.485495e-04 2.246203e-04
1.427562e-01 6.750301e-04 2.241788e-04
1.430270e-01 6.058309e-04 2.230867e-04
1.432979e-01 9.342097e-05 2.232752e-04
1.435687e-01 5.452298e-04 2.253139e-04
1.438395e-01 7.819291e-04 2.287516e-04
1.441103e-01 2.154298e-04 2.286038e-04
1.443811e-01 3.893096e-04 2.312968e-04
1.446519e-01 5.009025e-05 2.286730e-04
1.449227e-01 1.107994e-04 2.293918e-04
1.451935e-01 4.321784e-04 2.271847e-04
1.454644e-01 1.153704e-04 2.320292e-04
1.457352e-01 -5.803071e-05 2.331448e-04
1.460060e-01 5.253591e-04 2.313981e-04
1.462768e-01 1.095589e-04 2.362022e-04
1.465476e-01 3.578998e-04 2.321647e-04
1.468184e-01 5.049203e-04 2.364778e-04
1.470892e-01 7.210504e-04 2.347459e-04
1.473601e-01 2.127215e-04 2.349779e-04
1.476309e-01 2.496894e-04 2.335108e-04
1.479017e-01 1.031402e-04 2.352417e-04
1.481725e-01 -3.444031e-05 2.376673e-04
1.484433e-01 4.777890e-04 2.326572e-04
1.487141e-01 -2.908483e-04 2.334347e-04
1.489850e-01 -6.883033e-05 2.348441e-04
1.492558e-01 1.347288e-04 2.353457e-04
1.495266e-01 -1.336802e-04 2.361224e-04
1.497974e-01 1.390800e-04 2.314212e-04
1.500682e-01 1.896396e-04 2.331355e-04
1.503390e-01 9.492040e-05 2.330832e-04
1.506098e-01 7.202849e-05 2.330842e-04
1.508806e-01 6.207302e-04 2.315117e-04
1.511515e-01 4.605893e-04 2.317025e-04
1.514223e-01 1.524184e-04 2.322910e-04
1.516931e-01 2.446026e-05 2.332779e-04
1.519639e-01 9.227917e-05 2.330342e-04
1.522347e-01 4.555192e-04 2.344142e-04
1.525055e-01 8.229166e-06 2.332355e-04
1.527763e-01 5.767997e-04 2.350571e-04
1.530472e-01 3.415812e-04 2.323693e-04
1.533180e-01 8.329004e-05 2.340436e-04
1.535888e-01 1.469888e-04 2.345994e-04
1.538596e-01 4.183874e-05 2.345695e-04
1.541304e-01 3.048014e-04 2.365473e-04
1.544012e-01 3.965404e-04 2.332425e-04
1.546721e-01 4.468802e-04 2.359133e-04
1.549429e-01 6.183498e-04 2.347539e-04
1.552137e-01 1.714695e-04 2.350756e-04
1.554845e-01 2.931990e-05 2.326693e-04
1.557553e-01 1.884308e-04 2.337587e-04
1.560261e-01 1.407489e-04 2.373504e-04
1.562969e-01 2.303794e-04 2.338396e-04
1.565678e-01 -2.324022e-05 2.338763e-04
1.568386e-01 1.952592e-04 2.366171e-04
1.571094e-01 -4.336983e-05 2.379482e-04
1.573802e-01 -2.621599e-04 2.352023e-04
1.576510e-01 3.698692e-04 2.337800e-04
1.579218e-01 -2.958309e-04 2.336256e-04
1.581926e-01 2.090707e-04 2.370125e-04
1.584634e-01 4.157498e-04 2.345939e-04
1.587343e-01 2.952199e-04 2.338321e-04
1.590051e-01 4.168898e-04 2.323930e-04
1.592759e-01 -1.216903e-04 2.334860e-04
1.595467e-01 -1.029409e-04 2.346851e-04
1.598175e-01 -2.279598e-04 2.338965e-04
1.600883e-01 4.380401e-04 2.316182e-04
1.603591e-01 2.884865e-05 2.328373e-04
1.606300e-01 5.074684e-04 2.341377e-04
1.609008e-01 9.651110e-05 2.307317e-04
1.611716e-01 -6.254017e-05 2.324273e-04
1.614424e-01 2.812501e-04 2.323603e-04
1.617132e-01 -3.693495e-04 2.328170e-04
1.619840e-01 4.391298e-04 2.315501e-04
1.622549e-01 -2.114102e-05 2.328636e-04
1.625257e-01 7.923879e-05 2.313494e-04
1.627965e-01 3.370605e-04 2.308758e-04
1.630673e-01 7.839873e-06 2.323598e-04
1.633381e-01 5.686413e-04 2.332745e-04
1.636089e-01 1.418106e-04 2.325959e-04
1.638797e-01 1.628697e-04 2.328958e-04
1.641506e-01 1.366306e-04 2.316813e-04
1.644214e-01 4.913695e-04 2.323536e-04
1.646922e-01 2.389606e-04 2.328219e-04
1.649630e-01 2.489388e-04 2.294394e-04
1.652338e-01 1.107398e-04 2.348455e-04
1.655046e-01 -8.750893e-05 2.323232e-04
1.657754e-01 3.739297e-04 2.309796e-04
1.660462e-01 5.005617e-04 2.327555e-04
1.663171e-01 7.394608e-04 2.332353e-04
1.665879e-01 -1.206286e-04 2.333899e-04
1.668587e-01 3.469493e-04 2.328254e-04
1.671295e-01 -4.390795e-04 2.346209e-04
1.674003e-01 2.225507e-04 2.344239e-04
1.676711e-01 5.894601e-04 2.420484e-04
1.679420e-01 -1.027901e-04 2.448522e-04
1.682128e-01 -4.119985e-05 2.467475e-04
1.684836e-01 2.342407e-04 2.523727e-04
1.687544e-01 -1.317207e-04 2.507016e-04
1.690252e-01 2.234895e-04 2.543127e-04
1.692960e-01 -6.432086e-05 2.495019e-04
1.695668e-01 1.094788e-04 2.597663e-04
1.698377e-01 4.721992e-04 2.595218e-04
1.701085e-01 -6.013922e-05 2.626052e-04
1.703793e-01 4.197843e-05 2.634958e-04
1.706501e-01 5.522687e-04 2.638280e-04
1.709209e-01 -1.032297e-04 2.675040e-04
1.711917e-01 1.251698e-04 2.685928e-04
1.714625e-01 -1.111794e-04 2.703368e-04
1.717333e-01 5.433895e-05 2.766149e-04
1.720042e-01 2.595205e-04 2.738934e-04
1.722750e-01 2.410598e-04 2.771452e-04
1.725458e-01 -1.121685e-04 2.780330e-04
1.728166e-01 -1.025107e-04 2.788450e-04
1.730874e-01 4.872791e-04 2.832320e-04
1.733582e-01 -1.715496e-04 2.827559e-04
1.736291e-01 -1.714006e-05 2.868675e-04
1.738999e-01 5.276985e-04 2.884015e-04
1.741707e-01 -9.096041e-05 2.935938e-04
1.744415e-01 -3.846493e-04 2.900909e-04
1.747123e-01 -2.673082e-05 2.934018e-04
1.749831e-01 -4.097819e-07 2.814809e-04
1.752539e-01 4.998967e-05 2.746041e-04
1.755248e-01 3.229287e-04 2.729058e-04
1.757956e-01 8.212086e-04 2.696070e-04
1.760664e-01 1.345016e-05 2.727849e-04
1.763372e-01 -1.446400e-04 2.701770e-04
1.766080e-01 3.061797e-04 2.728384e-04
1.768788e-01 2.758894e-04 2.700119e-04
1.771496e-01 3.524385e-04 2.656204e-04
1.774205e-01 5.777925e-05 2.676359e-04
1.776913e-01 1.861118e-04 2.662623e-04
1.779621e-01 1.122598e-04 2.652751e-04
1.782329e-01 -2.514012e-05 2.625677e-04
1.785037e-01 4.856512e-04 2.579466e-04
1.787745e-01 3.415886e-04 2.635573e-04
1.790453e-01 -5.708076e-05 2.593400e-04
1.793161e-01 4.294701e-04 2.585986e-04
1.795870e-01 4.095398e-04 2.570235e-04
1.798578e-01 5.427003e-05 2.543146e-04
1.801286e-01 -5.218014e-05 2.581749e-04
1.803994e-01 3.001802e-04 2.539409e-04
1.806702e-01 -2.643093e-04 2.535941e-04
1.809410e-01 1.633186e-04 2.569195e-04
1.812119e-01 1.260396e-04 2.544925e-04
1.814827e-01 3.528409e-04 2.547865e-04
1.817535e-01 4.111789e-04 2.510873e-04
1.820243e-01 2.702493e-04 2.542418e-04
1.822951e-01 2.259500e-04 2.541782e-04
1.825659e-01 -3.123600e-04 2.526148e-04
1.828367e-01 6.879121e-05 2.554406e-04
1.831076e-01 7.726066e-05 2.499637e-04
1.833784e-01 1.737513e-04 2.542551e-04
1.836492e-01 3.756005e-04 2.510100e-04
1.839200e-01 3.228392e-04 2.518593e-04
1.841908e-01 -1.274794e-04 2.501561e-04
1.844616e-01 -2.369303e-04 2.531103e-04
1.847324e-01 4.184060e-05 2.525860e-04
1.850033e-01 -6.255005e-04 2.502613e-04
1.852741e-01 -1.304392e-04 2.511585e-04
1.855449e-01 1.745112e-04 2.538391e-04
1.858157e-01 4.586615e-04 2.515992e-04
1.860865e-01 1.810864e-05 2.512857e-04
1.863573e-01 -4.366189e-04 2.509277e-04
1.866281e-01 1.276396e-04 2.504892e-04
1.868990e-01 -3.426895e-05 2.503510e-04
1.871698e-01 -1.880303e-04 2.488926e-04
1.874406e-01 -9.937026e-05 2.513102e-04
1.877114e-01 2.055615e-04 2.479300e-04
1.879822e-01 5.871505e-04 2.494189e-04
1.882530e-01 7.154047e-05 2.486834e-04
1.885238e-01 3.676713e-04 2.517008e-04
1.887947e-01 2.970416e-04 2.502626e-04
1.890655e-01 -6.416701e-04 2.502964e-04
1.893363e-01 5.826000e-04 2.512872e-04
1.896071e-01 2.275705e-04 2.475771e-04
1.898779e-01 5.254894e-05 2.515053e-04
1.901487e-01 1.804586e-04 2.492558e-04
1.904195e-01 4.131310e-04 2.507487e-04
1.906904e-01 -1.874603e-04 2.524410e-04
1.909612e-01 2.493393e-04 2.458861e-04
1.912320e-01 1.420192e-04 2.495688e-04
1.915028e-01 -3.298093e-04 2.483973e-04
1.917736e-01 -9.260885e-05 2.477282e-04
1.920444e-01 5.288292e-04 2.493683e-04
1.923153e-01 5.170610e-04 2.496435e-04
1.925861e-01 2.585296e-04 2.507305e-04
1.928569e-01 6.476045e-05 2.494086e-04
1.931277e-01 2.425909e-05 2.472754e-04
1.933985e-01 -8.657016e-05 2.484011e-04
1.936693e-01 5.499497e-04 2.484101e-04
1.939401e-01 4.309900e-04 2.519524e-04
1.942109e-01 4.303809e-04 2.473530e-04
1.944818e-01 8.868985e-05 2.492087e-04
1.947526e-01 -5.698390e-04 2.477921e-04
1.950234e-01 1.596306e-04 2.481764e-04
1.952942e-01 -3.329199e-04 2.463160e-04
1.955650e-01 -1.661796e-04 2.477034e-04
1.958358e-01 -1.918487e-04 2.486082e-04
1.961066e-01 -3.644899e-04 2.464809e-04
1.963775e-01 -2.286006e-04 2.482873e-04
1.966483e-01 1.275409e-04 2.472898e-04
1.969191e-01 4.803501e-04 2.492140e-04
1.971899e-01 -1.271293e-04 2.486658e-04
1.974607e-01 -9.854883e-05 2.483670e-04
1.977315e-01 2.631899e-04 2.503175e-04
1.980023e-01 3.706105e-04 2.475646e-04
1.982732e-01 9.231269e-06 2.459301e-04
1.985440e-01 2.250597e-04 2.486963e-04
1.988148e-01 -4.785880e-05 2.496611e-04
1.990856e-01 1.552198e-04 2.480804e-04
1.993564e-01 2.150796e-04 2.479732e-04
1.996272e-01 -3.026985e-05 2.469791e-04
1.998980e-01 -1.953710e-04 2.486093e-04
2.001689e-01 5.154870e-05 2.433285e-04
2.004397e-01 -7.834099e-05 2.447062e-04
2.007105e-01 -1.019202e-04 2.440630e-04
2.009813e-01 -4.401989e-05 2.450768e-04
2.012521e-01 1.767203e-04 2.452538e-04
2.015229e-01 2.534799e-04 2.444411e-04
2.017937e-01 -1.947284e-04 2.467829e-04
2.020646e-01 -2.060495e-04 2.447708e-04
2.023354e-01 -4.492402e-04 2.465706e-04
2.026062e-01 3.437139e-05 2.443270e-04
2.028770e-01 3.751200e-04 2.454939e-04
2.031478e-01 1.430400e-04 2.432578e-04
2.034186e-01 4.484206e-04 2.439050e-04
2.036894e-01 -3.706105e-05 2.445610e-04
2.039603e-01 9.614974e-05 2.438309e-04
2.042311e-01 5.705096e-04 2.452313e-04
2.045019e-01 3.348999e-04 2.425236e-04
2.047727e-01 -3.079697e-04 2.401049e-04
2.050435e-01 -9.373948e-05 2.427561e-04
2.053143e-01 9.007938e-05 2.443313e-04
2.055852e-01 1.217984e-05 2.425343e-04
2.058560e-01 6.826706e-04 2.409987e-04
2.061268e-01 -4.508607e-04 2.401870e-04
2.063976e-01 -1.786910e-04 2.412968e-04
2.066684e-01 3.842097e-04 2.413160e-04
2.069392e-01 1.376104e-04 2.425854e-04
2.072100e-01 -2.119131e-05 2.427560e-04
2.074808e-01 2.278592e-04 2.400007e-04
2.077517e-01 2.957992e-04 2.385838e-04
2.080225e-01 1.673996e-04 2.399932e-04
2.082933e-01 2.971496e-04 2.398280e-04
2.085641e-01 1.950599e-04 2.401251e-04
2.088349e-01 2.533700e-04 2.446965e-04
2.091057e-01 1.591500e-04 2.412648e-04
2.093765e-01 4.174113e-04 2.415216e-04
2.096474e-01 4.804600e-04 2.400134e-04
2.099182e-01 -4.397891e-05 2.413993e-04
2.101890e-01 1.077503e-04 2.411807e-04
2.104598e-01 1.508705e-04 2.419250e-04
2.107306e-01 -4.382990e-05 2.406320e-04
2.110014e-01 6.943010e-05 2.392329e-04
2.112723e-01 -4.968047e-05 2.392822e-04
2.115431e-01 -7.429905e-05 2.390674e-04
2.118139e-01 4.119985e-05 2.400084e-04
2.120847e-01 3.344007e-05 2.390454e-04
2.123555e-01 7.878989e-06 2.423646e-04
2.126263e-01 -9.629875e-06 2.387573e-04
2.128971e-01 -1.999401e-04 2.397828e-04
2.131680e-01 -1.352206e-04 2.397300e-04
2.134388e-01 -2.637599e-04 2.406682e-04
2.137096e-01 -9.320118e-05 2.382408e-04
2.139804e-01 8.166023e-05 2.389935e-04
2.142512e-01 1.449492e-04 2.397918e-04
2.145220e-01 -6.245077e-05 2.417798e-04
2.147928e-01 2.053007e-04 2.407704e-04
2.150636e-01 7.995963e-05 2.382990e-04
2.153345e-01 -2.575852e-05 2.407797e-04
2.156053e-01 1.748893e-04 2.405848e-04
2.158761e-01 -3.391895e-04 2.416704e-04
2.161469e-01 -6.229989e-05 2.400418e-04
2.164177e-01 -1.343396e-04 2.417530e-04
2.166885e-01 1.452398e-04 2.394111e-04
2.169593e-01 2.138093e-04 2.395224e-04
2.172302e-01 1.411717e-04 2.413407e-04
2.175010e-01 -9.397045e-05 2.382905e-04
2.177718e-01 1.932904e-04 2.394659e-04
2.180426e-01 2.932698e-04 2.412087e-04
2.183134e-01 -1.111999e-04 2.389636e-04
2.185842e-01 -4.855301e-04 2.384711e-04
2.188551e-01 9.549968e-05 2.408997e-04
2.191259e-01 -3.307499e-04 2.393080e-04
2.193967e-01 -1.817793e-04 2.393067e-04
2.196675e-01 4.069880e-05 2.379937e-04
2.199383e-01 1.994390e-04 2.379418e-04
2.202091e-01 1.097005e-04 2.377400e-04
2.204799e-01 8.862093e-05 2.372403e-04
2.207507e-01 -4.282705e-04 2.375339e-04
2.210216e-01 2.071410e-04 2.368864e-04
2.212924e-01 -1.847595e-04 2.380156e-04
2.215632e-01 -3.365986e-05 2.363840e-04
2.218340e-01 -1.835190e-04 2.362774e-04
2.221048e-01 2.183113e-04 2.343160e-04
2.223756e-01 2.019107e-05 2.361400e-04
2.226464e-01 2.654009e-04 2.363393e-04
2.229173e-01 6.587990e-05 2.350891e-04
2.231881e-01 -2.031792e-04 2.334781e-04
2.234589e-01 3.450699e-04 2.340378e-04
2.237297e-01 -2.656803e-04 2.351410e-04
2.240005e-01 1.144614e-04 2.333438e-04
2.242713e-01 2.834499e-04 2.345613e-04
2.245422e-01 -3.910493e-04 2.356260e-04
2.248130e-01 -3.781896e-04 2.357389e-04
2.250838e-01 2.721399e-04 2.344274e-04
2.253546e-01 1.649000e-05 2.347326e-04
2.256254e-01 5.068500e-04 2.361907e-04
2.258962e-01 -1.513958e-05 2.346791e-04
2.261670e-01 -8.055009e-05 2.429139e-04
2.264379e-01 -3.951900e-04 2.481495e-04
2.267087e-01 2.625901e-04 2.518109e-04
2.269795e-01 3.284961e-05 2.546539e-04
2.272503e-01 3.594998e-04 2.597543e-04
2.275211e-01 1.984388e-04 2.617490e-04
2.277919e-01 3.095809e-04 2.635766e-04
2.280627e-01 -2.297610e-04 2.653819e-04
2.283335e-01 -9.053014e-05 2.702800e-04
2.286044e-01 -1.996998e-04 2.724382e-04
2.288752e-01 3.551096e-04 2.749320e-04
2.291460e-01 1.574308e-04 2.768632e-04
2.294168e-01 3.281590e-04 2.832974e-04
2.296876e-01 -3.553610e-04 2.810787e-04
2.299584e-01 2.245996e-04 2.849015e-04
2.302293e-01 -5.612895e-05 2.876322e-04
2.305001e-01 2.939515e-04 2.894355e-04
2.307709e-01 -5.830079e-06 2.919687e-04
2.310417e-01 4.470702e-04 2.913276e-04
2.313125e-01 3.573503e-04 2.954496e-04
2.315833e-01 -8.966960e-05 2.983469e-04
2.318541e-01 1.315307e-04 3.014037e-04
2.321250e-01 -2.817716e-04 3.042916e-04
2.323958e-01 1.134705e-04 3.069115e-04
2.326666e-01 1.109112e-04 3.088356e-04
2.329374e-01 2.541300e-04 3.155087e-04
2.332082e-01 3.785491e-04 3.127785e-04
2.334790e-01 2.419092e-04 3.137976e-04
2.337498e-01 2.371799e-04 3.187882e-04
2.340207e-01 -4.391000e-04 3.216465e-04
2.342915e-01 -6.439704e-04 3.224438e-04
2.345623e-01 -2.576709e-04 3.240477e-04
2.348331e-01 7.267501e-04 3.267900e-04
2.351039e-01 -2.221316e-04 3.351791e-04
2.353747e-01 -1.207925e-05 3.323976e-04
2.356455e-01 1.673903e-04 3.368707e-04
2.359163e-01 3.094301e-04 3.421788e-04
2.361872e-01 5.338099e-04 3.418361e-04
2.364580e-01 4.341695e-04 3.421886e-04
2.367288e-01 -1.256317e-04 3.443813e-04
2.369996e-01 2.458114e-04 3.499722e-04
2.372704e-01 2.092402e-04 3.544847e-04
2.375412e-01 -2.817996e-04 3.566401e-04
2.378121e-01 7.651933e-05 3.659243e-04
2.380829e-01 5.442500e-04 3.574091e-04
2.383537e-01 -1.568198e-04 3.665792e-04
2.386245e-01 2.775602e-04 3.778401e-04
2.388953e-01 -1.293309e-04 3.703406e-04
2.391661e-01 5.307607e-04 3.727744e-04
2.394369e-01 6.386079e-05 3.812036e-04
2.397078e-01 -2.755392e-04 3.897316e-04
2.399786e-01 8.035004e-04 3.866020e-04
2.402494e-01 -6.489512e-04 3.933274e-04
2.405202e-01 -3.851689e-04 3.980864e-04
2.407910e-01 2.445802e-04 4.068012e-04
2.410618e-01 -3.837980e-05 4.006572e-04
2.413326e-01 2.744198e-04 4.082076e-04
2.416034e-01 -1.127403e-04 4.114177e-04
2.418743e-01 1.611002e-05 4.190067e-04
2.421451e-01 4.707500e-04 4.205169e-04
2.424159e-01 5.544592e-04 4.280361e-04
2.426867e-01 -1.856592e-04 4.244434e-04
2.429575e-01 2.641603e-04 4.449112e-04
2.432283e-01 4.050005e-04 4.529136e-04
2.434992e-01 2.039503e-04 4.431076e-04
2.437700e-01 8.422807e-04 4.476742e-04
2.440408e-01 -6.181002e-05 4.600584e-04
2.443116e-01 4.912000e-04 4.710409e-04
2.445824e-01 1.562014e-05 4.694087e-04
2.448532e-01 4.431512e-04 4.751960e-04
2.451240e-01 4.783887e-04 4.779782e-04
2.453949e-01 6.499104e-04 5.020045e-04
2.456657e-01 1.782905e-04 5.052628e-04
2.459365e-01 1.880694e-04 5.051781e-04
2.462073e-01 -7.056892e-04 4.968740e-04
2.464781e-01 -5.003195e-04 5.183912e-04
2.467489e-01 1.026860e-03 5.307376e-04
2.470197e-01 1.122130e-03 5.287748e-04
2.472906e-01 4.155897e-04 5.404621e-04
2.475614e-01 -9.123683e-04 5.517117e-04
2.478322e-01 4.549492e-04 5.784300e-04
2.481030e-01 1.103889e-03 5.669458e-04
2.483738e-01 -7.776190e-04 5.850536e-04
2.486446e-01 4.359148e-05 5.948814e-04
2.489154e-01 -6.739199e-04 6.175007e-04
2.491863e-01 2.622046e-05 6.128192e-04
2.494571e-01 4.909933e-05 6.389124e-04
2.497279e-01 5.473718e-04 6.604014e-04
2.499987e-01 -4.787799e-04 6.866946e-04
2.502695e-01 1.222881e-03 6.633688e-04
2.505403e-01 -9.218305e-04 6.871938e-04
2.508111e-01 -5.362798e-04 7.216403e-04
2.510819e-01 7.881299e-04 7.485097e-04
2.513528e-01 -9.278506e-04 7.427257e-04
2.516236e-01 4.756991e-04 7.790223e-04
2.518944e-01 -7.430092e-05 7.872935e-04
2.521652e-01 -8.796901e-04 8.394217e-04
2.524360e-01 3.856048e-05 8.943360e-04
2.527068e-01 6.052200e-04 8.408527e-04
2.529776e-01 -9.862408e-04 9.041375e-04
2.532485e-01 -2.439599e-04 9.233911e-04
2.535193e-01 -1.051541e-03 9.351113e-04
2.537901e-01 3.168210e-04 9.642248e-04
2.540609e-01 -7.645972e-05 9.523264e-04
2.543317e-01 -1.516180e-03 1.012085e-03
2.546025e-01 2.104431e-03 1.022286e-03
2.548733e-01 8.498300e-04 1.060445e-03
2.551441e-01 -4.080292e-04 1.071594e-03
2.554150e-01 1.125859e-03 1.198596e-03
2.556858e-01 8.082986e-04 1.214085e-03
2.559566e-01 -2.493802e-04 1.295235e-03
2.562274e-01 -2.894700e-04 1.367816e-03
2.564982e-01 -3.886297e-04 1.416258e-03
2.567690e-01 3.288850e-03 1.547592e-03
2.570398e-01 2.494721e-03 1.868150e-03
2.573107e-01 -1.686009e-03 2.043457e-03
2.575815e-01 -4.932210e-04 2.759185e-03
2.578523e-01 -1.336290e-03 3.493318e-03
2.581231e-01 -6.464358e-03 5.309880e-03
