3.286826e-03 2.096959e+00 0.000000e+00
3.557641e-03 2.471323e+00 9.293185e-02
3.828455e-03 2.364246e+00 5.965967e-02
4.099269e-03 2.246593e+00 4.560975e-02
4.370084e-03 2.095495e+00 3.436913e-02
4.640898e-03 1.975794e+00 2.339022e-02
4.911712e-03 1.884085e+00 2.025190e-02
5.182527e-03 1.799768e+00 1.604359e-02
5.453341e-03 1.724435e+00 1.449826e-02
5.724155e-03 1.649929e+00 1.147978e-02
5.994970e-03 1.609713e+00 1.037336e-02
6.265784e-03 1.546081e+00 8.941657e-03
6.536598e-03 1.474738e+00 7.368325e-03
6.807412e-03 1.435422e+00 7.106659e-03
7.078227e-03 1.394708e+00 6.239146e-03
7.349041e-03 1.344162e+00 5.619048e-03
7.619855e-03 1.299053e+00 5.243653e-03
7.890671e-03 1.247681e+00 4.673906e-03
8.161485e-03 1.212735e+00 4.457747e-03
8.432299e-03 1.179990e+00 4.204332e-03
8.703114e-03 1.143007e+00 3.951726e-03
8.973928e-03 1.103202e+00 3.577985e-03
9.244742e-03 1.067880e+00 3.477718e-03
9.515557e-03 1.041364e+00 3.336012e-03
9.786371e-03 1.000214e+00 3.134800e-03
1.005718e-02 9.677143e-01 3.082104e-03
1.032800e-02 9.453835e-01 2.865857e-03
1.059881e-02 9.149305e-01 2.761598e-03
1.086963e-02 8.793225e-01 2.579626e-03
1.114044e-02 8.510849e-01 2.501445e-03
1.141126e-02 8.239031e-01 2.395911e-03
1.168207e-02 7.973736e-01 2.338364e-03
1.195289e-02 7.707866e-01 2.310162e-03
1.222370e-02 7.454418e-01 2.207181e-03
1.249451e-02 7.199204e-01 2.125764e-03
1.276533e-02 6.994344e-01 2.003574e-03
1.303614e-02 6.740615e-01 1.945447e-03
1.330696e-02 6.507261e-01 1.939562e-03
1.357777e-02 6.294186e-01 1.872464e-03
1.384859e-02 6.045651e-01 1.794783e-03
1.411940e-02 5.855534e-01 1.709931e-03
1.439021e-02 5.628415e-01 1.608425e-03
1.466103e-02 5.443727e-01 1.595429e-03
1.493184e-02 5.246214e-01 1.576334e-03
1.520266e-02 5.063968e-01 1.530873e-03
1.547347e-02 4.867451e-01 1.482912e-03
1.574429e-02 4.705969e-01 1.417814e-03
1.601510e-02 4.524138e-01 1.364495e-03
1.628591e-02 4.375953e-01 1.352734e-03
1.655673e-02 4.193179e-01 1.319719e-03
1.682754e-02 4.021202e-01 1.258740e-03
1.709836e-02 3.858680e-01 1.250637e-03
1.736917e-02 3.721116e-01 1.219572e-03
1.763999e-02 3.551731e-01 1.157231e-03
1.791080e-02 3.422366e-01 1.136833e-03
1.818161e-02 3.251811e-01 1.130838e-03
1.845243e-02 3.150318e-01 1.109381e-03
1.872324e-02 3.033195e-01 1.091994e-03
1.899406e-02 2.905815e-01 1.060681e-03
1.926487e-02 2.792237e-01 1.062596e-03
1.953569e-02 2.677304e-01 1.032883e-03
1.980650e-02 2.549510e-01 1.009116e-03
2.007731e-02 2.446036e-01 9.958454e-04
2.034813e-02 2.336677e-01 9.715843e-04
2.061894e-02 2.254720e-01 9.571445e-04
2.088976e-02 2.156053e-01 9.291966e-04
2.116057e-02 2.047563e-01 9.023935e-04
2.143139e-02 1.968298e-01 8.860575e-04
2.170220e-02 1.866360e-01 8.715387e-04
2.197302e-02 1.809910e-01 8.658075e-04
2.224383e-02 1.716141e-01 8.348893e-04
2.251465e-02 1.626428e-01 8.087311e-04
2.278546e-02 1.581971e-01 7.832970e-04
2.305627e-02 1.473971e-01 7.648232e-04
2.332709e-02 1.419542e-01 7.430988e-04
2.359790e-02 1.357733e-01 7.146415e-04
2.386872e-02 1.279164e-01 7.142490e-04
2.413953e-02 1.220682e-01 6.776946e-04
2.441034e-02 1.161099e-01 6.745210e-04
2.468116e-02 1.115200e-01 6.558629e-04
2.495197e-02 1.053782e-01 6.309911e-04
2.522279e-02 9.908582e-02 6.287120e-04
2.549360e-02 9.464793e-02 6.040697e-04
2.576442e-02 8.985108e-02 5.860899e-04
2.603523e-02 8.572671e-02 5.886743e-04
2.630604e-02 8.198676e-02 5.629875e-04
2.657686e-02 7.810827e-02 5.564849e-04
2.684767e-02 7.354730e-02 5.401246e-04
2.711849e-02 7.071799e-02 5.362082e-04
2.738930e-02 6.686777e-02 5.271219e-04
2.766012e-02 6.275938e-02 5.094744e-04
2.793093e-02 6.019436e-02 5.010903e-04
2.820175e-02 5.651321e-02 4.840902e-04
2.847256e-02 5.360714e-02 4.751712e-04
2.874337e-02 5.139544e-02 4.743039e-04
2.901419e-02 4.856935e-02 4.577014e-04
2.928500e-02 4.591633e-02 4.514505e-04
2.955582e-02 4.380057e-02 4.428078e-04
2.982663e-02 4.031341e-02 4.363280e-04
3.009745e-02 3.908805e-02 4.347949e-04
3.036826e-02 3.716787e-02 4.162543e-04
3.063907e-02 3.587557e-02 4.176609e-04
3.090989e-02 3.336611e-02 4.087573e-04
3.118070e-02 3.156965e-02 4.063121e-04
3.145152e-02 3.025843e-02 3.985364e-04
3.172233e-02 2.796248e-02 3.924335e-04
3.199315e-02 2.705380e-02 3.896969e-04
3.226396e-02 2.614682e-02 3.842819e-04
3.253478e-02 2.423493e-02 3.793702e-04
3.280559e-02 2.289702e-02 3.758663e-04
3.307641e-02 2.200699e-02 3.725801e-04
3.334722e-02 2.029729e-02 3.657540e-04
3.361803e-02 1.985917e-02 3.652892e-04
3.388885e-02 1.936960e-02 3.580184e-04
3.415966e-02 1.809681e-02 3.575901e-04
3.443048e-02 1.745062e-02 3.516827e-04
3.470129e-02 1.632433e-02 3.487521e-04
3.497211e-02 1.574834e-02 3.464927e-04
3.524292e-02 1.572117e-02 3.400945e-04
3.551374e-02 1.480985e-02 3.402394e-04
3.578455e-02 1.384912e-02 3.349774e-04
3.605536e-02 1.317814e-02 3.272132e-04
3.632618e-02 1.267740e-02 3.301100e-04
3.659699e-02 1.165488e-02 3.246205e-04
3.686780e-02 1.157735e-02 3.281304e-04
3.713862e-02 1.129178e-02 3.240601e-04
3.740944e-02 1.116932e-02 3.164906e-04
3.768025e-02 1.065354e-02 3.163680e-04
3.795106e-02 9.978689e-03 3.143262e-04
3.822188e-02 9.904601e-03 3.136246e-04
3.849269e-02 9.675220e-03 3.120473e-04
3.876351e-02 8.901700e-03 3.089626e-04
3.903432e-02 9.004569e-03 3.040851e-04
3.930514e-02 8.820670e-03 3.047233e-04
3.957595e-02 8.532399e-03 3.025656e-04
3.984676e-02 8.071760e-03 2.987836e-04
4.011758e-02 8.025849e-03 2.984107e-04
4.038839e-02 7.347710e-03 2.998507e-04
4.065921e-02 7.431129e-03 2.925583e-04
4.093002e-02 6.809440e-03 2.938278e-04
4.120084e-02 7.355930e-03 2.915288e-04
4.147165e-02 7.618790e-03 2.898211e-04
4.174246e-02 6.988931e-03 2.899664e-04
4.201328e-02 6.672159e-03 2.898698e-04
4.228409e-02 6.649449e-03 2.861255e-04
4.255491e-02 6.961292e-03 2.844476e-04
4.282572e-02 6.462829e-03 2.866854e-04
4.309653e-02 6.611720e-03 2.799962e-04
4.336735e-02 5.921850e-03 2.834043e-04
4.363817e-02 5.978389e-03 2.792395e-04
4.390898e-02 6.668001e-03 2.788542e-04
4.417979e-02 6.219370e-03 2.795834e-04
4.445061e-02 5.870530e-03 2.762032e-04
4.472142e-02 5.487608e-03 2.746285e-04
4.499224e-02 5.581500e-03 2.761761e-04
4.526305e-02 5.495448e-03 2.749161e-04
4.553387e-02 5.418748e-03 2.712845e-04
4.580468e-02 5.937649e-03 2.705183e-04
4.607549e-02 5.261159e-03 2.716507e-04
4.634631e-02 4.745429e-03 2.669344e-04
4.661712e-02 5.319700e-03 2.706347e-04
4.688794e-02 5.790388e-03 2.680036e-04
4.715875e-02 5.524511e-03 2.662427e-04
4.742957e-02 5.044939e-03 2.625884e-04
4.770038e-02 5.636171e-03 2.604425e-04
4.797119e-02 4.991522e-03 2.615096e-04
4.824201e-02 5.141761e-03 2.599588e-04
4.851282e-02 4.767379e-03 2.601783e-04
4.878364e-02 4.865699e-03 2.581918e-04
4.905445e-02 5.393229e-03 2.585582e-04
4.932526e-02 4.526298e-03 2.564441e-04
4.959608e-02 4.702950e-03 2.536720e-04
4.986690e-02 4.802739e-03 2.560089e-04
5.013771e-02 5.021729e-03 2.546172e-04
5.040852e-02 4.883131e-03 2.531225e-04
5.067934e-02 4.216550e-03 2.525335e-04
5.095015e-02 4.937671e-03 2.495076e-04
5.122096e-02 4.845181e-03 2.535662e-04
5.149178e-02 4.779290e-03 2.504945e-04
5.176260e-02 4.498869e-03 2.504898e-04
5.203341e-02 4.579289e-03 2.502160e-04
5.230422e-02 4.699860e-03 2.450287e-04
5.257504e-02 4.586710e-03 2.493722e-04
5.284585e-02 4.781950e-03 2.461176e-04
5.311667e-02 4.524199e-03 2.447178e-04
5.338748e-02 3.515920e-03 2.504967e-04
5.365830e-02 4.058382e-03 2.477917e-04
5.392911e-02 4.105009e-03 2.488782e-04
5.419992e-02 4.359871e-03 2.502493e-04
5.447074e-02 3.960412e-03 2.476410e-04
5.474155e-02 4.584990e-03 2.530198e-04
5.501237e-02 3.988830e-03 2.561854e-04
5.528318e-02 4.001079e-03 2.585441e-04
5.555400e-02 3.788961e-03 2.607570e-04
5.582481e-02 4.061021e-03 2.600167e-04
5.609563e-02 3.979970e-03 2.629219e-04
5.636644e-02 4.200431e-03 2.641996e-04
5.663725e-02 3.878539e-03 2.649091e-04
5.690807e-02 3.802799e-03 2.666318e-04
5.717888e-02 4.215071e-03 2.633927e-04
5.744969e-02 3.939461e-03 2.631138e-04
5.772051e-02 3.424881e-03 2.668631e-04
5.799133e-02 3.378222e-03 2.633406e-04
5.826214e-02 3.371200e-03 2.662951e-04
5.853295e-02 3.448660e-03 2.694700e-04
5.880377e-02 3.518172e-03 2.652177e-04
5.907458e-02 3.710531e-03 2.663489e-04
5.934540e-02 3.866779e-03 2.664561e-04
5.961621e-02 3.457630e-03 2.678536e-04
5.988703e-02 3.246609e-03 2.675473e-04
6.015784e-02 3.632061e-03 2.709685e-04
6.042865e-02 3.644399e-03 2.672638e-04
6.069947e-02 3.680270e-03 2.636626e-04
6.097028e-02 4.048239e-03 2.630212e-04
6.124110e-02 3.110990e-03 2.595858e-04
6.151191e-02 3.050689e-03 2.594181e-04
6.178273e-02 3.186719e-03 2.584564e-04
6.205354e-02 3.143171e-03 2.549075e-04
6.232436e-02 2.946019e-03 2.575697e-04
6.259517e-02 3.026450e-03 2.542234e-04
6.286598e-02 3.120111e-03 2.532768e-04
6.313679e-02 2.974240e-03 2.560307e-04
6.340761e-02 3.010839e-03 2.529246e-04
6.367842e-02 3.146842e-03 2.531453e-04
6.394923e-02 2.653763e-03 2.532705e-04
6.422005e-02 3.113851e-03 2.522571e-04
6.449086e-02 2.734588e-03 2.522646e-04
6.476168e-02 3.009131e-03 2.497812e-04
6.503250e-02 3.003431e-03 2.517579e-04
6.530331e-02 2.501791e-03 2.484867e-04
6.557412e-02 2.781332e-03 2.482714e-04
6.584494e-02 2.943840e-03 2.502597e-04
6.611575e-02 2.687760e-03 2.499237e-04
6.638657e-02 2.674751e-03 2.507484e-04
6.665738e-02 2.357170e-03 2.450290e-04
6.692819e-02 2.585171e-03 2.492179e-04
6.719901e-02 2.843160e-03 2.481114e-04
6.746982e-02 2.671879e-03 2.457066e-04
6.774063e-02 2.590369e-03 2.478612e-04
6.801146e-02 2.722938e-03 2.441245e-04
6.828227e-02 2.490539e-03 2.447669e-04
6.855308e-02 2.630100e-03 2.455630e-04
6.882390e-02 2.224419e-03 2.438610e-04
6.909471e-02 2.771199e-03 2.461679e-04
6.936552e-02 2.364421e-03 2.445641e-04
6.963634e-02 2.396289e-03 2.433795e-04
6.990715e-02 2.232680e-03 2.449137e-04
7.017796e-02 2.399521e-03 2.384891e-04
7.044878e-02 2.250059e-03 2.418993e-04
7.071959e-02 2.385702e-03 2.399848e-04
7.099041e-02 1.794679e-03 2.406971e-04
7.126123e-02 2.387671e-03 2.412899e-04
7.153204e-02 2.246840e-03 2.388241e-04
7.180285e-02 2.639689e-03 2.406901e-04
7.207367e-02 2.087388e-03 2.375248e-04
7.234448e-02 2.389299e-03 2.394362e-04
7.261530e-02 2.413580e-03 2.393106e-04
7.288611e-02 2.018752e-03 2.358444e-04
7.315692e-02 2.299190e-03 2.380398e-04
7.342774e-02 2.610981e-03 2.380354e-04
7.369855e-02 1.947301e-03 2.370907e-04
7.396936e-02 2.259061e-03 2.355609e-04
7.424019e-02 1.829540e-03 2.361668e-04
7.451100e-02 1.896210e-03 2.367460e-04
7.478181e-02 2.279229e-03 2.349929e-04
7.505263e-02 1.525471e-03 2.329683e-04
7.532344e-02 2.402220e-03 2.379184e-04
7.559425e-02 2.381690e-03 2.349289e-04
7.586507e-02 1.866581e-03 2.353925e-04
7.613588e-02 2.107969e-03 2.341572e-04
7.640669e-02 2.262881e-03 2.319755e-04
7.667751e-02 2.170861e-03 2.360710e-04
7.694832e-02 1.494098e-03 2.338235e-04
7.721914e-02 1.978120e-03 2.332222e-04
7.748996e-02 1.767140e-03 2.311419e-04
7.776077e-02 2.025329e-03 2.306016e-04
7.803158e-02 2.025930e-03 2.318616e-04
7.830240e-02 1.484809e-03 2.301377e-04
7.857321e-02 1.728730e-03 2.315535e-04
7.884403e-02 1.577139e-03 2.302400e-04
7.911484e-02 1.888290e-03 2.311554e-04
7.938565e-02 1.608081e-03 2.308896e-04
7.965647e-02 1.632690e-03 2.277002e-04
7.992728e-02 2.186609e-03 2.286247e-04
8.019809e-02 1.799660e-03 2.279670e-04
8.046892e-02 1.516180e-03 2.266344e-04
8.073973e-02 1.769939e-03 2.298547e-04
8.101054e-02 1.722090e-03 2.266932e-04
8.128136e-02 1.775000e-03 2.258714e-04
8.155217e-02 1.742881e-03 2.276894e-04
8.182298e-02 1.482880e-03 2.263373e-04
8.209380e-02 1.955891e-03 2.261271e-04
8.236461e-02 1.420772e-03 2.289875e-04
8.263543e-02 1.742920e-03 2.262048e-04
8.290624e-02 1.705889e-03 2.265417e-04
8.317705e-02 1.984520e-03 2.236642e-04
8.344787e-02 1.756810e-03 2.260444e-04
8.371869e-02 1.735330e-03 2.256959e-04
8.398950e-02 1.787240e-03 2.249083e-04
8.426031e-02 1.424240e-03 2.242393e-04
8.453113e-02 1.686389e-03 2.221533e-04
8.480194e-02 1.952479e-03 2.232785e-04
8.507276e-02 1.713092e-03 2.232727e-04
8.534357e-02 1.498660e-03 2.218416e-04
8.561438e-02 1.643190e-03 2.219384e-04
8.588520e-02 1.835831e-03 2.211377e-04
8.615601e-02 1.008680e-03 2.217658e-04
8.642682e-02 1.902109e-03 2.227976e-04
8.669765e-02 1.359081e-03 2.191936e-04
8.696846e-02 1.100941e-03 2.204528e-04
8.723927e-02 1.718100e-03 2.195396e-04
8.751009e-02 1.993811e-03 2.187108e-04
8.778090e-02 1.451280e-03 2.201729e-04
8.805171e-02 1.395591e-03 2.193152e-04
8.832253e-02 1.591209e-03 2.204594e-04
8.859334e-02 1.216380e-03 2.194369e-04
8.886416e-02 1.891250e-03 2.184768e-04
8.913497e-02 1.335831e-03 2.184607e-04
8.940578e-02 1.851739e-03 2.169386e-04
8.967660e-02 1.580970e-03 2.164629e-04
8.994742e-02 1.371479e-03 2.189431e-04
9.021823e-02 1.805590e-03 2.175451e-04
9.048904e-02 1.311950e-03 2.163692e-04
9.075986e-02 1.552010e-03 2.167497e-04
9.103067e-02 1.694601e-03 2.168802e-04
9.130149e-02 1.445441e-03 2.179683e-04
9.157230e-02 1.533380e-03 2.151814e-04
9.184311e-02 1.633151e-03 2.184010e-04
9.211393e-02 1.605852e-03 2.163492e-04
9.238474e-02 1.504650e-03 2.154779e-04
9.265555e-02 8.914005e-04 2.153378e-04
9.292637e-02 1.182811e-03 2.151986e-04
9.319719e-02 1.297150e-03 2.156519e-04
9.346800e-02 1.685770e-03 2.152684e-04
9.373882e-02 1.390990e-03 2.147925e-04
9.400963e-02 1.121780e-03 2.126215e-04
9.428044e-02 1.280000e-03 2.148953e-04
9.455126e-02 1.897682e-03 2.147197e-04
9.482207e-02 1.199469e-03 2.131883e-04
9.509289e-02 1.385950e-03 2.139695e-04
9.536370e-02 1.260510e-03 2.133499e-04
9.563451e-02 1.358880e-03 2.108910e-04
9.590533e-02 1.481900e-03 2.134193e-04
9.617615e-02 1.285359e-03 2.110528e-04
9.644696e-02 1.161080e-03 2.109742e-04
9.671777e-02 1.194291e-03 2.122604e-04
9.698859e-02 1.432810e-03 2.086472e-04
9.725940e-02 1.055870e-03 2.115407e-04
9.753022e-02 1.382150e-03 2.085732e-04
9.780103e-02 1.599250e-03 2.115433e-04
9.807184e-02 1.222111e-03 2.084077e-04
9.834266e-02 1.325041e-03 2.104766e-04
9.861347e-02 1.433849e-03 2.102306e-04
9.888428e-02 1.300659e-03 2.084853e-04
9.915510e-02 1.158562e-03 2.094024e-04
9.942592e-02 1.177879e-03 2.072361e-04
9.969673e-02 1.533430e-03 2.093672e-04
9.996755e-02 9.144600e-04 2.080400e-04
1.002384e-01 1.067290e-03 2.076486e-04
1.005092e-01 1.171639e-03 2.080756e-04
1.007800e-01 1.352351e-03 2.073180e-04
1.010508e-01 1.488080e-03 2.075121e-04
1.013216e-01 7.887594e-04 2.085149e-04
1.015924e-01 8.499399e-04 2.047572e-04
1.018632e-01 1.112159e-03 2.075034e-04
1.021341e-01 1.575880e-03 2.071769e-04
1.024049e-01 1.391269e-03 2.059356e-04
1.026757e-01 1.372920e-03 2.056937e-04
1.029465e-01 1.204100e-03 2.056393e-04
1.032173e-01 1.280060e-03 2.061754e-04
1.034881e-01 1.054419e-03 2.043513e-04
1.037589e-01 1.332369e-03 2.037635e-04
1.040298e-01 1.291800e-03 2.032253e-04
1.043006e-01 1.506699e-03 2.048278e-04
1.045714e-01 1.380920e-03 2.024012e-04
1.048422e-01 1.448680e-03 2.036657e-04
1.051130e-01 1.215121e-03 2.036873e-04
1.053838e-01 1.257090e-03 2.045283e-04
1.056546e-01 1.392771e-03 2.029794e-04
1.059255e-01 1.232659e-03 2.020107e-04
1.061963e-01 1.135981e-03 2.032126e-04
1.064671e-01 1.400420e-03 2.035483e-04
1.067379e-01 1.438441e-03 2.024881e-04
1.070087e-01 1.106130e-03 2.042729e-04
1.072795e-01 1.209309e-03 2.004892e-04
1.075503e-01 1.216140e-03 2.019722e-04
1.078212e-01 1.358949e-03 2.020707e-04
1.080920e-01 1.398670e-03 2.004624e-04
1.083628e-01 1.366990e-03 2.024221e-04
1.086336e-01 1.340840e-03 2.005192e-04
1.089044e-01 1.473190e-03 2.018569e-04
1.091752e-01 1.261631e-03 1.997428e-04
1.094460e-01 1.012800e-03 1.998542e-04
1.097169e-01 1.339009e-03 2.001453e-04
1.099877e-01 1.258520e-03 1.997840e-04
1.102585e-01 1.399519e-03 2.004131e-04
1.105293e-01 1.322638e-03 2.036167e-04
1.108001e-01 9.536985e-04 2.045960e-04
1.110709e-01 1.048179e-03 2.070835e-04
1.113417e-01 1.161510e-03 2.069557e-04
1.116126e-01 9.317603e-04 2.087435e-04
1.118834e-01 1.297019e-03 2.077010e-04
1.121542e-01 1.379309e-03 2.079694e-04
1.124250e-01 1.303200e-03 2.102024e-04
1.126958e-01 1.005610e-03 2.119742e-04
1.129666e-01 1.444370e-03 2.124144e-04
1.132374e-01 8.856393e-04 2.158955e-04
1.135083e-01 1.388170e-03 2.180180e-04
1.137791e-01 7.610098e-04 2.212210e-04
1.140499e-01 1.512740e-03 2.198916e-04
1.143207e-01 1.134820e-03 2.215532e-04
1.145915e-01 1.193300e-03 2.218720e-04
1.148623e-01 9.059198e-04 2.251904e-04
1.151332e-01 1.293670e-03 2.230542e-04
1.154040e-01 1.580561e-03 2.264190e-04
1.156748e-01 1.597909e-03 2.275100e-04
1.159456e-01 1.021160e-03 2.287963e-04
1.162164e-01 1.304640e-03 2.300387e-04
1.164872e-01 8.416194e-04 2.285949e-04
1.167580e-01 1.156241e-03 2.350536e-04
1.170288e-01 1.473671e-03 2.336003e-04
1.172997e-01 1.455689e-03 2.306622e-04
1.175705e-01 9.554010e-04 2.353215e-04
1.178413e-01 1.352228e-03 2.364625e-04
1.181121e-01 1.616860e-03 2.332682e-04
1.183829e-01 1.465600e-03 2.297943e-04
1.186537e-01 1.452129e-03 2.296355e-04
1.189246e-01 1.064520e-03 2.281687e-04
1.191954e-01 1.209849e-03 2.271359e-04
1.194662e-01 1.186220e-03 2.270812e-04
1.197370e-01 8.924715e-04 2.259435e-04
1.200078e-01 1.475031e-03 2.267926e-04
1.202786e-01 1.204990e-03 2.264111e-04
1.205494e-01 1.111871e-03 2.245940e-04
1.208202e-01 9.165406e-04 2.281682e-04
1.210911e-01 9.300988e-04 2.250727e-04
1.213619e-01 1.264799e-03 2.261025e-04
1.216327e-01 1.313999e-03 2.262608e-04
1.219035e-01 1.077980e-03 2.263351e-04
1.221743e-01 9.553786e-04 2.240449e-04
1.224451e-01 9.308998e-04 2.251479e-04
1.227160e-01 1.432860e-03 2.274986e-04
1.229868e-01 8.636303e-04 2.248140e-04
1.232576e-01 1.017090e-03 2.254938e-04
1.235284e-01 1.275569e-03 2.284644e-04
1.237992e-01 1.039660e-03 2.257963e-04
1.240700e-01 1.089239e-03 2.265241e-04
1.243408e-01 1.096601e-03 2.245678e-04
1.246117e-01 1.059240e-03 2.259146e-04
1.248825e-01 1.213700e-03 2.259260e-04
1.251533e-01 1.248440e-03 2.259610e-04
1.254241e-01 1.371630e-03 2.252642e-04
1.256949e-01 1.517819e-03 2.223171e-04
1.259657e-01 1.001531e-03 2.253393e-04
1.262365e-01 1.115831e-03 2.224330e-04
1.265074e-01 1.366669e-03 2.215853e-04
1.267782e-01 1.022840e-03 2.226114e-04
1.270490e-01 1.007620e-03 2.204229e-04
1.273198e-01 9.217486e-04 2.221796e-04
1.275906e-01 9.329617e-04 2.210593e-04
1.278614e-01 1.103342e-03 2.223362e-04
1.281322e-01 1.176460e-03 2.207044e-04
1.284031e-01 8.228794e-04 2.193202e-04
1.286739e-01 1.545329e-03 2.228543e-04
1.289447e-01 1.136459e-03 2.185344e-04
1.292155e-01 1.727549e-03 2.199328e-04
1.294863e-01 6.596893e-04 2.194507e-04
1.297571e-01 9.975098e-04 2.189033e-04
1.300279e-01 1.038941e-03 2.191996e-04
1.302988e-01 8.510798e-04 2.195854e-04
1.305696e-01 1.341740e-03 2.193156e-04
1.308404e-01 1.556762e-03 2.178783e-04
1.311112e-01 1.177521e-03 2.196599e-04
1.313820e-01 1.246240e-03 2.181377e-04
1.316528e-01 7.709898e-04 2.205298e-04
1.319236e-01 1.227831e-03 2.188374e-04
1.321945e-01 1.038440e-03 2.178338e-04
1.324653e-01 8.248892e-04 2.179672e-04
1.327361e-01 1.118051e-03 2.177370e-04
1.330069e-01 1.451550e-03 2.182340e-04
1.332777e-01 1.074880e-03 2.179658e-04
1.335485e-01 1.492541e-03 2.171260e-04
1.338193e-01 1.170460e-03 2.186531e-04
1.340902e-01 1.071701e-03 2.143850e-04
1.343610e-01 1.365790e-03 2.173063e-04
1.346318e-01 5.890094e-04 2.152766e-04
1.349026e-01 1.498040e-03 2.154295e-04
1.351734e-01 1.191441e-03 2.184220e-04
1.354442e-01 8.964110e-04 2.148970e-04
1.357151e-01 1.039699e-03 2.179300e-04
1.359859e-01 1.106331e-03 2.160032e-04
1.362567e-01 1.048839e-03 2.150021e-04
1.365275e-01 9.193011e-04 2.144885e-04
1.367983e-01 1.130551e-03 2.140370e-04
1.370691e-01 1.206711e-03 2.162895e-04
1.373399e-01 7.252786e-04 2.169967e-04
1.376107e-01 1.249969e-03 2.217164e-04
1.378816e-01 9.588189e-04 2.246141e-04
1.381524e-01 1.554029e-03 2.229723e-04
1.384232e-01 1.369098e-03 2.268300e-04
1.386940e-01 1.430361e-03 2.254138e-04
1.389648e-01 8.757301e-04 2.279377e-04
1.392356e-01 8.719992e-04 2.287646e-04
1.395064e-01 8.501504e-04 2.311235e-04
1.397773e-01 8.636191e-04 2.294060e-04
1.400481e-01 1.139311e-03 2.296334e-04
1.403189e-01 1.159331e-03 2.333801e-04
1.405897e-01 9.145197e-04 2.334202e-04
1.408605e-01 1.156801e-03 2.325138e-04
1.411313e-01 8.313786e-04 2.359840e-04
1.414021e-01 9.246003e-04 2.349971e-04
1.416730e-01 1.068180e-03 2.349283e-04
1.419438e-01 8.635707e-04 2.354922e-04
1.422146e-01 1.123389e-03 2.375425e-04
1.424854e-01 1.269650e-03 2.371533e-04
1.427562e-01 9.479299e-04 2.375302e-04
1.430270e-01 1.029780e-03 2.378791e-04
1.432979e-01 1.508821e-03 2.373729e-04
1.435687e-01 1.100790e-03 2.363871e-04
1.438395e-01 7.078890e-04 2.401635e-04
1.441103e-01 5.293302e-04 2.411719e-04
1.443811e-01 1.061538e-03 2.412399e-04
1.446519e-01 1.114910e-03 2.425949e-04
1.449227e-01 1.001820e-03 2.438338e-04
1.451935e-01 6.265100e-04 2.405802e-04
1.454644e-01 1.012191e-03 2.442490e-04
1.457352e-01 1.086209e-03 2.443744e-04
1.460060e-01 8.858815e-04 2.436329e-04
1.462768e-01 1.553681e-03 2.475365e-04
1.465476e-01 1.503900e-03 2.455149e-04
1.468184e-01 7.254798e-04 2.487033e-04
1.470892e-01 1.188790e-03 2.484516e-04
1.473601e-01 1.047499e-03 2.481508e-04
1.476309e-01 1.284679e-03 2.489076e-04
1.479017e-01 1.135070e-03 2.450768e-04
1.481725e-01 1.178222e-03 2.486251e-04
1.484433e-01 1.429461e-03 2.465085e-04
1.487141e-01 9.168200e-04 2.481571e-04
1.489850e-01 9.420495e-04 2.471895e-04
1.492558e-01 9.799115e-04 2.480207e-04
1.495266e-01 1.229400e-03 2.501334e-04
1.497974e-01 6.627999e-04 2.440861e-04
1.500682e-01 9.029005e-04 2.484273e-04
1.503390e-01 8.071307e-04 2.471650e-04
1.506098e-01 1.160191e-03 2.449026e-04
1.508806e-01 1.337988e-03 2.469717e-04
1.511515e-01 7.010698e-04 2.451386e-04
1.514223e-01 1.058931e-03 2.497088e-04
1.516931e-01 9.914190e-04 2.455101e-04
1.519639e-01 1.315162e-03 2.469218e-04
1.522347e-01 8.947700e-04 2.470878e-04
1.525055e-01 1.063010e-03 2.452427e-04
1.527763e-01 1.404811e-03 2.480700e-04
1.530472e-01 1.131650e-03 2.445079e-04
1.533180e-01 1.107901e-03 2.484500e-04
1.535888e-01 1.204940e-03 2.471712e-04
1.538596e-01 7.832516e-04 2.470222e-04
1.541304e-01 7.775910e-04 2.474594e-04
1.544012e-01 8.026715e-04 2.458163e-04
1.546721e-01 1.074091e-03 2.462377e-04
1.549429e-01 9.473097e-04 2.481292e-04
1.552137e-01 8.316413e-04 2.481043e-04
1.554845e-01 1.547739e-03 2.470776e-04
1.557553e-01 8.227695e-04 2.466347e-04
1.560261e-01 1.102939e-03 2.483544e-04
1.562969e-01 1.023820e-03 2.502074e-04
1.565678e-01 1.054771e-03 2.484699e-04
1.568386e-01 9.764303e-04 2.494432e-04
1.571094e-01 9.494200e-04 2.522590e-04
1.573802e-01 8.281898e-04 2.487398e-04
1.576510e-01 1.145260e-03 2.469252e-04
1.579218e-01 1.201510e-03 2.488489e-04
1.581926e-01 1.207650e-03 2.474421e-04
1.584634e-01 1.253909e-03 2.480540e-04
1.587343e-01 8.621905e-04 2.468595e-04
1.590051e-01 8.811485e-04 2.476972e-04
1.592759e-01 8.087996e-04 2.473639e-04
1.595467e-01 9.234902e-04 2.466772e-04
1.598175e-01 1.252519e-03 2.469725e-04
1.600883e-01 6.344207e-04 2.460820e-04
1.603591e-01 1.111260e-03 2.460895e-04
1.606300e-01 1.187200e-03 2.451729e-04
1.609008e-01 6.838907e-04 2.462452e-04
1.611716e-01 1.126040e-03 2.437717e-04
1.614424e-01 1.278730e-03 2.444518e-04
1.617132e-01 8.254908e-04 2.458195e-04
1.619840e-01 6.486494e-04 2.453995e-04
1.622549e-01 1.058660e-03 2.442249e-04
1.625257e-01 1.174439e-03 2.457989e-04
1.627965e-01 1.030400e-03 2.446777e-04
1.630673e-01 1.161261e-03 2.437613e-04
1.633381e-01 1.023661e-03 2.473138e-04
1.636089e-01 7.122792e-04 2.425581e-04
1.638797e-01 9.011403e-04 2.478990e-04
1.641506e-01 1.021191e-03 2.454358e-04
1.644214e-01 9.677596e-04 2.462044e-04
1.646922e-01 9.859800e-04 2.435217e-04
1.649630e-01 1.431799e-03 2.425926e-04
1.652338e-01 1.361631e-03 2.457787e-04
1.655046e-01 1.165790e-03 2.464117e-04
1.657754e-01 1.074240e-03 2.455131e-04
1.660462e-01 1.133440e-03 2.469722e-04
1.663171e-01 1.279181e-03 2.440769e-04
1.665879e-01 8.172989e-04 2.468010e-04
1.668587e-01 5.448293e-04 2.462220e-04
1.671295e-01 7.973202e-04 2.470848e-04
1.674003e-01 7.377006e-04 2.454496e-04
1.676711e-01 1.468681e-03 2.520408e-04
1.679420e-01 9.235609e-04 2.590060e-04
1.682128e-01 1.127770e-03 2.586509e-04
1.684836e-01 1.284050e-03 2.656495e-04
1.687544e-01 1.075249e-03 2.652357e-04
1.690252e-01 1.027919e-03 2.698262e-04
1.692960e-01 6.963611e-04 2.653748e-04
1.695668e-01 9.724312e-04 2.754234e-04
1.698377e-01 1.281220e-03 2.727075e-04
1.701085e-01 1.202699e-03 2.767398e-04
1.703793e-01 7.637106e-04 2.803507e-04
1.706501e-01 9.997301e-04 2.789553e-04
1.709209e-01 1.209171e-03 2.842980e-04
1.711917e-01 1.167189e-03 2.850316e-04
1.714625e-01 1.056500e-03 2.860613e-04
1.717333e-01 6.304886e-04 2.912531e-04
1.720042e-01 1.296630e-03 2.897495e-04
1.722750e-01 8.055400e-04 2.944025e-04
1.725458e-01 1.509409e-03 2.934321e-04
1.728166e-01 9.393003e-04 2.938505e-04
1.730874e-01 1.295459e-03 2.999314e-04
1.733582e-01 6.322898e-04 2.967669e-04
1.736291e-01 1.050690e-03 3.040504e-04
1.738999e-01 9.397808e-04 2.996313e-04
1.741707e-01 9.227395e-04 3.116319e-04
1.744415e-01 8.017495e-04 3.066448e-04
1.747123e-01 1.343200e-03 3.069428e-04
1.749831e-01 8.282103e-04 2.973537e-04
1.752539e-01 1.448572e-03 2.890315e-04
1.755248e-01 1.063520e-03 2.915238e-04
1.757956e-01 1.031410e-03 2.864094e-04
1.760664e-01 1.134390e-03 2.876459e-04
1.763372e-01 1.179149e-03 2.866047e-04
1.766080e-01 1.475910e-03 2.852414e-04
1.768788e-01 8.418597e-04 2.866945e-04
1.771496e-01 6.639399e-04 2.793273e-04
1.774205e-01 1.164431e-03 2.804175e-04
1.776913e-01 1.284821e-03 2.772842e-04
1.779621e-01 1.395980e-03 2.769369e-04
1.782329e-01 9.195097e-04 2.793314e-04
1.785037e-01 1.021629e-03 2.727795e-04
1.787745e-01 7.392801e-04 2.776834e-04
1.790453e-01 6.875601e-04 2.732600e-04
1.793161e-01 1.222249e-03 2.722877e-04
1.795870e-01 1.138540e-03 2.751430e-04
1.798578e-01 1.063440e-03 2.708808e-04
1.801286e-01 5.857386e-04 2.744719e-04
1.803994e-01 1.052130e-03 2.676711e-04
1.806702e-01 1.024920e-03 2.673363e-04
1.809410e-01 1.004741e-03 2.696946e-04
1.812119e-01 1.093229e-03 2.669174e-04
1.814827e-01 1.169911e-03 2.683136e-04
1.817535e-01 7.894617e-04 2.675103e-04
1.820243e-01 7.365998e-04 2.671834e-04
1.822951e-01 9.854604e-04 2.680401e-04
1.825659e-01 1.144350e-03 2.655439e-04
1.828367e-01 9.145401e-04 2.710521e-04
1.831076e-01 1.077032e-03 2.652552e-04
1.833784e-01 9.819306e-04 2.693632e-04
1.836492e-01 7.837806e-04 2.660504e-04
1.839200e-01 1.393082e-03 2.668892e-04
1.841908e-01 6.922800e-04 2.658387e-04
1.844616e-01 1.082540e-03 2.682495e-04
1.847324e-01 7.710401e-04 2.693845e-04
1.850033e-01 1.135690e-03 2.644393e-04
1.852741e-01 1.335291e-03 2.653924e-04
1.855449e-01 4.974492e-04 2.684054e-04
1.858157e-01 2.209414e-04 2.660491e-04
1.860865e-01 1.150900e-03 2.683002e-04
1.863573e-01 1.014899e-03 2.633064e-04
1.866281e-01 7.267985e-04 2.642834e-04
1.868990e-01 1.005100e-03 2.641119e-04
1.871698e-01 1.244431e-03 2.680535e-04
1.874406e-01 1.310639e-03 2.665521e-04
1.877114e-01 9.322502e-04 2.616487e-04
1.879822e-01 1.204381e-03 2.654029e-04
1.882530e-01 1.242071e-03 2.624206e-04
1.885238e-01 5.616602e-04 2.653790e-04
1.887947e-01 7.791109e-04 2.651101e-04
1.890655e-01 8.776188e-04 2.659048e-04
1.893363e-01 1.277339e-03 2.656311e-04
1.896071e-01 1.081279e-03 2.624837e-04
1.898779e-01 8.137506e-04 2.662494e-04
1.901487e-01 7.374287e-04 2.648455e-04
1.904195e-01 1.390811e-03 2.638577e-04
1.906904e-01 9.548813e-04 2.642703e-04
1.909612e-01 1.501460e-03 2.610060e-04
1.912320e-01 1.041820e-03 2.647004e-04
1.915028e-01 1.101870e-03 2.610579e-04
1.917736e-01 9.803399e-04 2.642407e-04
1.920444e-01 8.300506e-04 2.630733e-04
1.923153e-01 8.222703e-04 2.610349e-04
1.925861e-01 1.035169e-03 2.642330e-04
1.928569e-01 5.231593e-04 2.625577e-04
1.931277e-01 1.358891e-03 2.644713e-04
1.933985e-01 9.370614e-04 2.627224e-04
1.936693e-01 1.553411e-03 2.612387e-04
1.939401e-01 5.633608e-04 2.650521e-04
1.942109e-01 1.321351e-03 2.645214e-04
1.944818e-01 1.146441e-03 2.634508e-04
1.947526e-01 8.042995e-04 2.633544e-04
1.950234e-01 7.914789e-04 2.614281e-04
1.952942e-01 1.321930e-03 2.638534e-04
1.955650e-01 7.477906e-04 2.623009e-04
1.958358e-01 1.386041e-03 2.616058e-04
1.961066e-01 6.057601e-04 2.638397e-04
1.963775e-01 4.270915e-04 2.595676e-04
1.966483e-01 1.383141e-03 2.595549e-04
1.969191e-01 1.597220e-03 2.620022e-04
1.971899e-01 1.061559e-03 2.631352e-04
1.974607e-01 1.197278e-03 2.646829e-04
1.977315e-01 1.088161e-03 2.610118e-04
1.980023e-01 1.399910e-03 2.623218e-04
1.982732e-01 9.316504e-04 2.628028e-04
1.985440e-01 1.336340e-03 2.644531e-04
1.988148e-01 8.262694e-04 2.620818e-04
1.990856e-01 1.040081e-03 2.618371e-04
1.993564e-01 1.196140e-03 2.620656e-04
1.996272e-01 1.113500e-03 2.630758e-04
1.998980e-01 1.184819e-03 2.593575e-04
2.001689e-01 1.528490e-03 2.573871e-04
2.004397e-01 1.302069e-03 2.576525e-04
2.007105e-01 1.603071e-03 2.610420e-04
2.009813e-01 1.087740e-03 2.606742e-04
2.012521e-01 2.033571e-03 2.605241e-04
2.015229e-01 1.241660e-03 2.600122e-04
2.017937e-01 1.172340e-03 2.614602e-04
2.020646e-01 1.768390e-03 2.597867e-04
2.023354e-01 9.763390e-04 2.617377e-04
2.026062e-01 1.332110e-03 2.565089e-04
2.028770e-01 1.070170e-03 2.604517e-04
2.031478e-01 8.717012e-04 2.576682e-04
2.034186e-01 1.177670e-03 2.585642e-04
2.036894e-01 1.108490e-03 2.598915e-04
2.039603e-01 4.602186e-04 2.586279e-04
2.042311e-01 1.258921e-03 2.589418e-04
2.045019e-01 1.070451e-03 2.563625e-04
2.047727e-01 7.758103e-04 2.570614e-04
2.050435e-01 1.192899e-03 2.546488e-04
2.053143e-01 5.826596e-04 2.577667e-04
2.055852e-01 1.541659e-03 2.568143e-04
2.058560e-01 1.089189e-03 2.548112e-04
2.061268e-01 1.304371e-03 2.556244e-04
2.063976e-01 1.428671e-03 2.561980e-04
2.066684e-01 1.637561e-03 2.538775e-04
2.069392e-01 1.019459e-03 2.570934e-04
2.072100e-01 9.803493e-04 2.544318e-04
2.074808e-01 9.489488e-04 2.543032e-04
2.077517e-01 1.005720e-03 2.528745e-04
2.080225e-01 1.187209e-03 2.541424e-04
2.082933e-01 1.574120e-03 2.524129e-04
2.085641e-01 1.286460e-03 2.541994e-04
2.088349e-01 1.020920e-03 2.549568e-04
2.091057e-01 1.685310e-03 2.537693e-04
2.093765e-01 5.572997e-04 2.547849e-04
2.096474e-01 6.533992e-04 2.536174e-04
2.099182e-01 1.206400e-03 2.561661e-04
2.101890e-01 1.093000e-03 2.534184e-04
2.104598e-01 1.203589e-03 2.555387e-04
2.107306e-01 1.567930e-03 2.524586e-04
2.110014e-01 8.803792e-04 2.530882e-04
2.112723e-01 1.166450e-03 2.545493e-04
2.115431e-01 1.111291e-03 2.539002e-04
2.118139e-01 1.247149e-03 2.550137e-04
2.120847e-01 1.377979e-03 2.562732e-04
2.123555e-01 1.058480e-03 2.556492e-04
2.126263e-01 9.498093e-04 2.520250e-04
2.128971e-01 1.320321e-03 2.556353e-04
2.131680e-01 1.192419e-03 2.544962e-04
2.134388e-01 5.871709e-04 2.539245e-04
2.137096e-01 1.077600e-03 2.539087e-04
2.139804e-01 1.218230e-03 2.538107e-04
2.142512e-01 7.097200e-04 2.512307e-04
2.145220e-01 1.016101e-03 2.563836e-04
2.147928e-01 5.383398e-04 2.540474e-04
2.150636e-01 1.077291e-03 2.535391e-04
2.153345e-01 8.243993e-04 2.571599e-04
2.156053e-01 1.005720e-03 2.560719e-04
2.158761e-01 1.176251e-03 2.543208e-04
2.161469e-01 1.239760e-03 2.528468e-04
2.164177e-01 1.137361e-03 2.516872e-04
2.166885e-01 9.224396e-04 2.553509e-04
2.169593e-01 1.467990e-03 2.539351e-04
2.172302e-01 1.152100e-03 2.537380e-04
2.175010e-01 1.328070e-03 2.523581e-04
2.177718e-01 1.259260e-03 2.527139e-04
2.180426e-01 1.010671e-03 2.534621e-04
2.183134e-01 7.254109e-04 2.499031e-04
2.185842e-01 9.097811e-04 2.521354e-04
2.188551e-01 5.046595e-04 2.509746e-04
2.191259e-01 1.225170e-03 2.531828e-04
2.193967e-01 1.035729e-03 2.517370e-04
2.196675e-01 5.137790e-04 2.506927e-04
2.199383e-01 1.216790e-03 2.502320e-04
2.202091e-01 1.351241e-03 2.508412e-04
2.204799e-01 9.866003e-04 2.502582e-04
2.207507e-01 1.113119e-03 2.499607e-04
2.210216e-01 7.046498e-04 2.498628e-04
2.212924e-01 1.575770e-03 2.514377e-04
2.215632e-01 8.231215e-04 2.500500e-04
2.218340e-01 9.914692e-04 2.497335e-04
2.221048e-01 9.892993e-04 2.475331e-04
2.223756e-01 1.114670e-03 2.522438e-04
2.226464e-01 1.321550e-03 2.511594e-04
2.229173e-01 1.030222e-03 2.507876e-04
2.231881e-01 1.063280e-03 2.480400e-04
2.234589e-01 1.117490e-03 2.484964e-04
2.237297e-01 1.106478e-03 2.500747e-04
2.240005e-01 1.065539e-03 2.468803e-04
2.242713e-01 7.963292e-04 2.474421e-04
2.245422e-01 6.780401e-04 2.487152e-04
2.248130e-01 1.363771e-03 2.479626e-04
2.250838e-01 1.307910e-03 2.486171e-04
2.253546e-01 1.148190e-03 2.479306e-04
2.256254e-01 1.015089e-03 2.481368e-04
2.258962e-01 4.225615e-04 2.499835e-04
2.261670e-01 9.257998e-04 2.596205e-04
2.264379e-01 8.011404e-04 2.648777e-04
2.267087e-01 1.365099e-03 2.685795e-04
2.269795e-01 4.997309e-04 2.686706e-04
2.272503e-01 1.215240e-03 2.730763e-04
2.275211e-01 1.051400e-03 2.766704e-04
2.277919e-01 7.737298e-04 2.783497e-04
2.280627e-01 1.151290e-03 2.815061e-04
2.283335e-01 6.986484e-04 2.870093e-04
2.286044e-01 9.595398e-04 2.839562e-04
2.288752e-01 1.063779e-03 2.909889e-04
2.291460e-01 1.192201e-03 2.935078e-04
2.294168e-01 7.146709e-04 2.976698e-04
2.296876e-01 1.072731e-03 2.985703e-04
2.299584e-01 1.147661e-03 2.970591e-04
2.302293e-01 1.155550e-03 2.993459e-04
2.305001e-01 1.260970e-03 3.080245e-04
2.307709e-01 1.153870e-03 3.054385e-04
2.310417e-01 1.745502e-03 3.076939e-04
2.313125e-01 1.014080e-03 3.144714e-04
2.315833e-01 6.805807e-04 3.144127e-04
2.318541e-01 1.303909e-03 3.180680e-04
2.321250e-01 7.747505e-04 3.193786e-04
2.323958e-01 8.497387e-04 3.259995e-04
2.326666e-01 4.650094e-04 3.291308e-04
2.329374e-01 9.982400e-04 3.314841e-04
2.332082e-01 8.457098e-04 3.283381e-04
2.334790e-01 1.240190e-03 3.320901e-04
2.337498e-01 5.346891e-04 3.395932e-04
2.340207e-01 1.215050e-03 3.401497e-04
2.342915e-01 7.718392e-04 3.387099e-04
2.345623e-01 9.467788e-04 3.397335e-04
2.348331e-01 1.165049e-03 3.440210e-04
2.351039e-01 1.310203e-04 3.500233e-04
2.353747e-01 1.225740e-03 3.510634e-04
2.356455e-01 9.335708e-04 3.548752e-04
2.359163e-01 1.682458e-03 3.578039e-04
2.361872e-01 3.533289e-04 3.652214e-04
2.364580e-01 8.663014e-04 3.661630e-04
2.367288e-01 1.177931e-03 3.653235e-04
2.369996e-01 5.481001e-04 3.676877e-04
2.372704e-01 5.162507e-04 3.771318e-04
2.375412e-01 7.273406e-04 3.763722e-04
2.378121e-01 1.847809e-03 3.805692e-04
2.380829e-01 1.838701e-03 3.799183e-04
2.383537e-01 1.140920e-03 3.900071e-04
2.386245e-01 1.115970e-03 4.006049e-04
2.388953e-01 3.928784e-04 3.941367e-04
2.391661e-01 6.763712e-04 3.953297e-04
2.394369e-01 8.317903e-04 4.021460e-04
2.397078e-01 8.052010e-04 4.091617e-04
2.399786e-01 7.822793e-04 4.075651e-04
2.402494e-01 1.730397e-04 4.081762e-04
2.405202e-01 4.294198e-04 4.173113e-04
2.407910e-01 1.709800e-03 4.344566e-04
2.410618e-01 1.287399e-03 4.215121e-04
2.413326e-01 7.906910e-04 4.342546e-04
2.416034e-01 7.053390e-04 4.344391e-04
2.418743e-01 7.759202e-04 4.410229e-04
2.421451e-01 2.855994e-04 4.464935e-04
2.424159e-01 6.456710e-04 4.568535e-04
2.426867e-01 4.325099e-04 4.510278e-04
2.429575e-01 5.031396e-04 4.637145e-04
2.432283e-01 1.108181e-03 4.683774e-04
2.434992e-01 3.508106e-04 4.696254e-04
2.437700e-01 1.695288e-03 4.621203e-04
2.440408e-01 1.367550e-03 4.899505e-04
2.443116e-01 5.589314e-04 4.946266e-04
2.445824e-01 7.806700e-04 4.938431e-04
2.448532e-01 3.020093e-04 5.027723e-04
2.451240e-01 3.530104e-04 5.069348e-04
2.453949e-01 1.285680e-03 5.201920e-04
2.456657e-01 8.364953e-05 5.256759e-04
2.459365e-01 1.075720e-03 5.322771e-04
2.462073e-01 7.220693e-04 5.392867e-04
2.464781e-01 2.233088e-04 5.559686e-04
2.467489e-01 3.372990e-04 5.697326e-04
2.470197e-01 2.850890e-04 5.616345e-04
2.472906e-01 -4.895963e-05 5.731770e-04
2.475614e-01 1.486521e-03 5.787891e-04
2.478322e-01 -6.225891e-05 6.143230e-04
2.481030e-01 8.390304e-04 5.902650e-04
2.483738e-01 1.417000e-03 6.133965e-04
2.486446e-01 -2.581812e-04 6.339199e-04
2.489154e-01 5.673598e-04 6.553106e-04
2.491863e-01 6.691497e-04 6.501370e-04
2.494571e-01 9.471700e-04 6.626235e-04
2.497279e-01 1.503870e-03 6.763315e-04
2.499987e-01 1.696520e-03 6.958597e-04
2.502695e-01 1.281129e-03 6.982692e-04
2.505403e-01 -1.284201e-04 7.388722e-04
2.508111e-01 -2.296194e-04 7.551896e-04
2.510819e-01 5.941894e-04 7.804403e-04
2.513528e-01 1.777891e-03 7.797066e-04
2.516236e-01 5.370695e-04 8.183471e-04
2.518944e-01 -5.791001e-04 8.277097e-04
2.521652e-01 7.703099e-04 9.066747e-04
2.524360e-01 1.411606e-04 9.201327e-04
2.527068e-01 2.222560e-03 8.764360e-04
2.529776e-01 1.378620e-03 9.517560e-04
2.532485e-01 1.164610e-03 9.691095e-04
2.535193e-01 2.166102e-03 9.895206e-04
2.537901e-01 3.087185e-04 1.014880e-03
2.540609e-01 2.845870e-03 9.883139e-04
2.543317e-01 1.370180e-03 1.071203e-03
2.546025e-01 -1.703706e-04 1.114037e-03
2.548733e-01 1.559729e-03 1.166527e-03
2.551441e-01 2.524015e-04 1.164612e-03
2.554150e-01 1.457250e-03 1.263916e-03
2.556858e-01 -6.952789e-04 1.269639e-03
2.559566e-01 -2.774894e-04 1.381297e-03
2.562274e-01 7.248987e-04 1.452485e-03
2.564982e-01 -1.306420e-03 1.596664e-03
2.567690e-01 7.352978e-05 1.786391e-03
2.570398e-01 6.594006e-04 1.889870e-03
2.573107e-01 9.976905e-04 2.199418e-03
2.575815e-01 -7.030088e-04 2.643112e-03
2.578523e-01 -1.493139e-03 3.415488e-03
2.581231e-01 -1.336591e-03 5.858810e-03
