3.286826e-03 -1.081572e-01 0.000000e+00
3.557641e-03 5.725813e-02 7.933500e-02
3.828455e-03 4.066706e-02 4.937775e-02
4.099269e-03 1.103289e-01 3.749012e-02
4.370084e-03 7.546711e-02 2.767497e-02
4.640898e-03 7.656908e-02 1.909883e-02
4.911712e-03 6.254292e-02 1.608243e-02
5.182527e-03 5.885792e-02 1.259128e-02
5.453341e-03 6.693506e-02 1.135875e-02
5.724155e-03 5.919003e-02 8.629511e-03
5.994970e-03 6.028211e-02 7.602848e-03
6.265784e-03 5.808383e-02 6.509246e-03
6.536598e-03 5.460769e-02 5.271317e-03
6.807412e-03 5.585909e-02 4.787922e-03
7.078227e-03 5.653149e-02 4.251160e-03
7.349041e-03 5.585241e-02 3.699018e-03
7.619855e-03 5.423728e-02 3.295001e-03
7.890671e-03 5.242220e-02 2.948517e-03
8.161485e-03 5.047160e-02 2.766125e-03
8.432299e-03 5.307180e-02 2.536824e-03
8.703114e-03 5.412638e-02 2.268498e-03
8.973928e-03 4.987401e-02 2.056424e-03
9.244742e-03 5.160210e-02 1.963010e-03
9.515557e-03 4.967061e-02 1.774923e-03
9.786371e-03 5.225101e-02 1.701184e-03
1.005718e-02 5.164950e-02 1.612679e-03
1.032800e-02 4.818450e-02 1.483205e-03
1.059881e-02 5.152550e-02 1.457609e-03
1.086963e-02 4.848351e-02 1.362230e-03
1.114044e-02 4.778101e-02 1.277621e-03
1.141126e-02 4.850280e-02 1.261872e-03
1.168207e-02 4.760230e-02 1.190680e-03
1.195289e-02 4.964191e-02 1.120960e-03
1.222370e-02 4.833639e-02 1.071159e-03
1.249451e-02 4.771999e-02 1.029083e-03
1.276533e-02 4.848331e-02 1.013214e-03
1.303614e-02 4.813553e-02 9.686502e-04
1.330696e-02 4.823928e-02 9.223597e-04
1.357777e-02 4.821370e-02 8.872191e-04
1.384859e-02 4.710976e-02 8.540276e-04
1.411940e-02 4.521938e-02 8.245493e-04
1.439021e-02 4.677112e-02 7.887071e-04
1.466103e-02 4.673536e-02 7.745942e-04
1.493184e-02 4.622786e-02 7.703657e-04
1.520266e-02 4.501189e-02 7.500466e-04
1.547347e-02 4.416720e-02 7.235516e-04
1.574429e-02 4.441321e-02 7.131905e-04
1.601510e-02 4.327967e-02 6.900081e-04
1.628591e-02 4.521132e-02 6.946322e-04
1.655673e-02 4.366373e-02 6.663618e-04
1.682754e-02 4.508014e-02 6.607429e-04
1.709836e-02 4.459706e-02 6.388130e-04
1.736917e-02 4.356468e-02 6.260687e-04
1.763999e-02 4.334469e-02 6.194906e-04
1.791080e-02 4.307906e-02 6.034991e-04
1.818161e-02 4.214912e-02 6.031703e-04
1.845243e-02 4.273677e-02 6.084457e-04
1.872324e-02 4.274397e-02 5.998814e-04
1.899406e-02 4.144544e-02 5.821984e-04
1.926487e-02 4.158859e-02 5.935927e-04
1.953569e-02 4.073122e-02 5.826881e-04
1.980650e-02 4.151037e-02 5.844610e-04
2.007731e-02 4.134807e-02 5.795447e-04
2.034813e-02 4.158173e-02 5.708479e-04
2.061894e-02 4.191633e-02 5.680030e-04
2.088976e-02 4.103178e-02 5.618218e-04
2.116057e-02 4.022394e-02 5.600906e-04
2.143139e-02 4.097907e-02 5.547525e-04
2.170220e-02 4.047101e-02 5.556037e-04
2.197302e-02 4.006606e-02 5.498720e-04
2.224383e-02 3.832071e-02 5.342884e-04
2.251465e-02 3.923853e-02 5.338239e-04
2.278546e-02 3.925887e-02 5.146275e-04
2.305627e-02 3.899962e-02 5.176535e-04
2.332709e-02 3.858374e-02 5.067654e-04
2.359790e-02 3.820538e-02 4.908417e-04
2.386872e-02 3.870925e-02 4.915617e-04
2.413953e-02 3.832050e-02 4.853658e-04
2.441034e-02 3.813522e-02 4.814385e-04
2.468116e-02 3.736967e-02 4.715194e-04
2.495197e-02 3.709953e-02 4.667857e-04
2.522279e-02 3.820026e-02 4.740263e-04
2.549360e-02 3.854304e-02 4.595698e-04
2.576442e-02 3.706718e-02 4.525561e-04
2.603523e-02 3.716384e-02 4.518983e-04
2.630604e-02 3.719040e-02 4.430894e-04
2.657686e-02 3.561413e-02 4.461162e-04
2.684767e-02 3.687429e-02 4.375543e-04
2.711849e-02 3.588656e-02 4.336279e-04
2.738930e-02 3.637022e-02 4.295156e-04
2.766012e-02 3.507841e-02 4.260905e-04
2.793093e-02 3.582089e-02 4.235809e-04
2.820175e-02 3.501892e-02 4.125857e-04
2.847256e-02 3.409487e-02 4.128036e-04
2.874337e-02 3.480443e-02 4.108526e-04
2.901419e-02 3.387171e-02 4.037389e-04
2.928500e-02 3.382330e-02 4.002593e-04
2.955582e-02 3.410417e-02 3.904689e-04
2.982663e-02 3.444710e-02 3.988345e-04
3.009745e-02 3.320437e-02 3.939224e-04
3.036826e-02 3.449320e-02 3.916270e-04
3.063907e-02 3.289787e-02 3.868309e-04
3.090989e-02 3.307566e-02 3.808477e-04
3.118070e-02 3.325599e-02 3.837065e-04
3.145152e-02 3.199413e-02 3.769733e-04
3.172233e-02 3.251352e-02 3.733597e-04
3.199315e-02 3.211709e-02 3.730646e-04
3.226396e-02 3.217476e-02 3.694560e-04
3.253478e-02 3.119934e-02 3.703271e-04
3.280559e-02 3.160911e-02 3.628278e-04
3.307641e-02 3.209117e-02 3.673978e-04
3.334722e-02 3.138658e-02 3.603091e-04
3.361803e-02 3.061134e-02 3.610026e-04
3.388885e-02 3.046593e-02 3.556922e-04
3.415966e-02 3.046180e-02 3.585146e-04
3.443048e-02 3.059498e-02 3.593235e-04
3.470129e-02 2.981807e-02 3.535898e-04
3.497211e-02 2.977201e-02 3.503047e-04
3.524292e-02 2.995779e-02 3.434141e-04
3.551374e-02 2.908942e-02 3.470439e-04
3.578455e-02 2.912228e-02 3.443282e-04
3.605536e-02 2.924508e-02 3.421615e-04
3.632618e-02 2.898010e-02 3.401014e-04
3.659699e-02 2.883375e-02 3.377023e-04
3.686780e-02 2.915893e-02 3.355069e-04
3.713862e-02 2.887364e-02 3.345439e-04
3.740944e-02 2.851835e-02 3.288233e-04
3.768025e-02 2.812345e-02 3.309151e-04
3.795106e-02 2.824400e-02 3.288158e-04
3.822188e-02 2.781628e-02 3.278184e-04
3.849269e-02 2.716906e-02 3.226209e-04
3.876351e-02 2.735174e-02 3.221651e-04
3.903432e-02 2.766965e-02 3.201212e-04
3.930514e-02 2.695449e-02 3.205586e-04
3.957595e-02 2.663533e-02 3.198608e-04
3.984676e-02 2.646270e-02 3.142723e-04
4.011758e-02 2.679584e-02 3.164345e-04
4.038839e-02 2.666711e-02 3.139845e-04
4.065921e-02 2.594081e-02 3.098441e-04
4.093002e-02 2.570092e-02 3.105972e-04
4.120084e-02 2.589894e-02 3.071888e-04
4.147165e-02 2.548693e-02 3.062528e-04
4.174246e-02 2.523736e-02 3.060266e-04
4.201328e-02 2.528083e-02 3.034035e-04
4.228409e-02 2.492045e-02 3.036720e-04
4.255491e-02 2.483082e-02 3.015150e-04
4.282572e-02 2.496550e-02 3.017226e-04
4.309653e-02 2.486518e-02 2.954231e-04
4.336735e-02 2.472690e-02 2.966818e-04
4.363817e-02 2.394177e-02 2.957108e-04
4.390898e-02 2.426616e-02 2.946591e-04
4.417979e-02 2.362944e-02 2.919344e-04
4.445061e-02 2.336823e-02 2.916902e-04
4.472142e-02 2.436770e-02 2.899915e-04
4.499224e-02 2.304890e-02 2.894159e-04
4.526305e-02 2.393657e-02 2.888552e-04
4.553387e-02 2.370611e-02 2.849074e-04
4.580468e-02 2.326475e-02 2.846637e-04
4.607549e-02 2.276780e-02 2.845738e-04
4.634631e-02 2.293353e-02 2.816008e-04
4.661712e-02 2.254449e-02 2.829149e-04
4.688794e-02 2.240171e-02 2.812362e-04
4.715875e-02 2.226202e-02 2.783065e-04
4.742957e-02 2.230513e-02 2.762129e-04
4.770038e-02 2.212369e-02 2.751285e-04
4.797119e-02 2.157314e-02 2.745951e-04
4.824201e-02 2.143211e-02 2.731427e-04
4.851282e-02 2.147078e-02 2.732151e-04
4.878364e-02 2.155897e-02 2.706579e-04
4.905445e-02 2.142609e-02 2.696754e-04
4.932526e-02 2.103763e-02 2.688182e-04
4.959608e-02 2.060976e-02 2.661840e-04
4.986690e-02 2.102109e-02 2.722310e-04
5.013771e-02 2.077363e-02 2.667248e-04
5.040852e-02 2.087405e-02 2.659505e-04
5.067934e-02 2.075551e-02 2.664358e-04
5.095015e-02 2.027696e-02 2.628071e-04
5.122096e-02 2.041533e-02 2.627297e-04
5.149178e-02 2.064975e-02 2.619501e-04
5.176260e-02 1.997725e-02 2.603169e-04
5.203341e-02 1.958704e-02 2.632399e-04
5.230422e-02 2.010403e-02 2.566863e-04
5.257504e-02 1.980047e-02 2.591729e-04
5.284585e-02 1.935434e-02 2.568484e-04
5.311667e-02 1.957746e-02 2.551888e-04
5.338748e-02 1.916637e-02 2.595257e-04
5.365830e-02 1.922132e-02 2.588715e-04
5.392911e-02 1.884673e-02 2.607687e-04
5.419992e-02 1.879177e-02 2.598392e-04
5.447074e-02 1.873300e-02 2.593381e-04
5.474155e-02 1.916639e-02 2.629712e-04
5.501237e-02 1.862037e-02 2.653547e-04
5.528318e-02 1.903644e-02 2.701893e-04
5.555400e-02 1.846023e-02 2.708630e-04
5.582481e-02 1.887034e-02 2.711343e-04
5.609563e-02 1.787234e-02 2.724655e-04
5.636644e-02 1.832737e-02 2.746743e-04
5.663725e-02 1.782966e-02 2.745811e-04
5.690807e-02 1.748966e-02 2.766471e-04
5.717888e-02 1.804841e-02 2.724651e-04
5.744969e-02 1.706183e-02 2.753913e-04
5.772051e-02 1.710802e-02 2.733074e-04
5.799133e-02 1.730152e-02 2.734583e-04
5.826214e-02 1.705344e-02 2.745874e-04
5.853295e-02 1.710997e-02 2.759138e-04
5.880377e-02 1.696169e-02 2.743671e-04
5.907458e-02 1.769600e-02 2.757434e-04
5.934540e-02 1.717462e-02 2.747538e-04
5.961621e-02 1.656979e-02 2.776454e-04
5.988703e-02 1.671169e-02 2.773266e-04
6.015784e-02 1.699863e-02 2.782105e-04
6.042865e-02 1.684644e-02 2.778276e-04
6.069947e-02 1.640183e-02 2.714698e-04
6.097028e-02 1.622470e-02 2.730325e-04
6.124110e-02 1.612329e-02 2.669389e-04
6.151191e-02 1.615748e-02 2.675561e-04
6.178273e-02 1.589102e-02 2.666953e-04
6.205354e-02 1.567833e-02 2.652536e-04
6.232436e-02 1.613059e-02 2.659887e-04
6.259517e-02 1.600416e-02 2.622191e-04
6.286598e-02 1.599160e-02 2.631974e-04
6.313679e-02 1.581294e-02 2.630225e-04
6.340761e-02 1.529467e-02 2.587846e-04
6.367842e-02 1.570968e-02 2.577463e-04
6.394923e-02 1.571349e-02 2.567872e-04
6.422005e-02 1.540445e-02 2.598282e-04
6.449086e-02 1.498339e-02 2.599513e-04
6.476168e-02 1.540094e-02 2.566840e-04
6.503250e-02 1.475037e-02 2.579962e-04
6.530331e-02 1.480476e-02 2.546763e-04
6.557412e-02 1.510736e-02 2.558431e-04
6.584494e-02 1.503726e-02 2.568070e-04
6.611575e-02 1.484767e-02 2.552572e-04
6.638657e-02 1.433808e-02 2.530806e-04
6.665738e-02 1.417083e-02 2.531493e-04
6.692819e-02 1.440602e-02 2.556492e-04
6.719901e-02 1.462944e-02 2.538302e-04
6.746982e-02 1.422307e-02 2.516880e-04
6.774063e-02 1.422934e-02 2.539853e-04
6.801146e-02 1.379382e-02 2.526584e-04
6.828227e-02 1.414068e-02 2.498774e-04
6.855308e-02 1.375636e-02 2.517746e-04
6.882390e-02 1.410377e-02 2.513457e-04
6.909471e-02 1.388413e-02 2.488743e-04
6.936552e-02 1.405629e-02 2.489850e-04
6.963634e-02 1.377293e-02 2.498432e-04
6.990715e-02 1.366907e-02 2.489537e-04
7.017796e-02 1.346734e-02 2.453837e-04
7.044878e-02 1.360683e-02 2.474095e-04
7.071959e-02 1.296539e-02 2.455566e-04
7.099041e-02 1.332628e-02 2.443961e-04
7.126123e-02 1.347705e-02 2.441285e-04
7.153204e-02 1.336703e-02 2.425861e-04
7.180285e-02 1.305002e-02 2.441783e-04
7.207367e-02 1.297627e-02 2.439762e-04
7.234448e-02 1.338695e-02 2.430115e-04
7.261530e-02 1.299178e-02 2.432279e-04
7.288611e-02 1.304290e-02 2.400045e-04
7.315692e-02 1.243922e-02 2.427042e-04
7.342774e-02 1.326631e-02 2.408252e-04
7.369855e-02 1.250368e-02 2.406164e-04
7.396936e-02 1.277656e-02 2.412867e-04
7.424019e-02 1.244146e-02 2.408207e-04
7.451100e-02 1.164564e-02 2.395597e-04
7.478181e-02 1.178408e-02 2.386823e-04
7.505263e-02 1.243767e-02 2.385681e-04
7.532344e-02 1.230618e-02 2.427098e-04
7.559425e-02 1.207834e-02 2.356521e-04
7.586507e-02 1.197195e-02 2.399863e-04
7.613588e-02 1.213534e-02 2.373892e-04
7.640669e-02 1.211379e-02 2.360384e-04
7.667751e-02 1.140537e-02 2.380917e-04
7.694832e-02 1.231496e-02 2.351257e-04
7.721914e-02 1.170808e-02 2.347606e-04
7.748996e-02 1.167343e-02 2.342337e-04
7.776077e-02 1.180926e-02 2.331113e-04
7.803158e-02 1.158055e-02 2.347482e-04
7.830240e-02 1.158880e-02 2.328409e-04
7.857321e-02 1.150101e-02 2.325036e-04
7.884403e-02 1.109317e-02 2.332079e-04
7.911484e-02 1.136000e-02 2.318695e-04
7.938565e-02 1.132868e-02 2.331518e-04
7.965647e-02 1.095271e-02 2.306197e-04
7.992728e-02 1.137128e-02 2.301340e-04
8.019809e-02 1.095057e-02 2.301075e-04
8.046892e-02 1.120046e-02 2.286752e-04
8.073973e-02 1.060442e-02 2.295736e-04
8.101054e-02 1.101308e-02 2.276361e-04
8.128136e-02 1.082449e-02 2.294761e-04
8.155217e-02 1.080765e-02 2.293906e-04
8.182298e-02 1.037607e-02 2.272151e-04
8.209380e-02 1.036496e-02 2.266910e-04
8.236461e-02 1.081548e-02 2.270815e-04
8.263543e-02 1.051948e-02 2.266877e-04
8.290624e-02 1.045709e-02 2.286874e-04
8.317705e-02 1.071188e-02 2.247766e-04
8.344787e-02 1.034939e-02 2.275904e-04
8.371869e-02 1.017458e-02 2.251853e-04
8.398950e-02 1.051097e-02 2.237475e-04
8.426031e-02 1.016638e-02 2.249417e-04
8.453113e-02 1.031813e-02 2.233460e-04
8.480194e-02 1.046390e-02 2.238139e-04
8.507276e-02 9.433569e-03 2.235983e-04
8.534357e-02 9.847561e-03 2.220216e-04
8.561438e-02 9.698799e-03 2.215888e-04
8.588520e-02 1.028785e-02 2.199668e-04
8.615601e-02 9.854568e-03 2.200916e-04
8.642682e-02 9.868981e-03 2.216069e-04
8.669765e-02 9.943368e-03 2.193926e-04
8.696846e-02 9.800049e-03 2.208419e-04
8.723927e-02 9.760739e-03 2.189861e-04
8.751009e-02 9.540599e-03 2.172036e-04
8.778090e-02 9.765731e-03 2.172471e-04
8.805171e-02 9.468209e-03 2.191724e-04
8.832253e-02 9.654889e-03 2.192118e-04
8.859334e-02 9.793809e-03 2.202472e-04
8.886416e-02 9.152280e-03 2.175102e-04
8.913497e-02 9.219341e-03 2.171361e-04
8.940578e-02 9.487290e-03 2.176156e-04
8.967660e-02 9.280007e-03 2.157442e-04
8.994742e-02 9.691959e-03 2.186835e-04
9.021823e-02 8.979399e-03 2.150339e-04
9.048904e-02 9.536032e-03 2.159798e-04
9.075986e-02 9.391181e-03 2.175026e-04
9.103067e-02 9.292379e-03 2.156721e-04
9.130149e-02 8.510580e-03 2.149095e-04
9.157230e-02 9.080241e-03 2.152290e-04
9.184311e-02 8.868951e-03 2.158614e-04
9.211393e-02 9.079261e-03 2.136634e-04
9.238474e-02 8.939171e-03 2.132853e-04
9.265555e-02 8.835429e-03 2.150477e-04
9.292637e-02 8.661158e-03 2.118582e-04
9.319719e-02 8.834530e-03 2.148971e-04
9.346800e-02 8.748721e-03 2.123318e-04
9.373882e-02 8.745462e-03 2.123001e-04
9.400963e-02 8.203572e-03 2.127933e-04
9.428044e-02 8.631120e-03 2.124155e-04
9.455126e-02 8.443361e-03 2.120215e-04
9.482207e-02 8.555202e-03 2.097631e-04
9.509289e-02 8.610660e-03 2.123536e-04
9.536370e-02 8.416891e-03 2.115534e-04
9.563451e-02 8.512760e-03 2.097899e-04
9.590533e-02 8.004388e-03 2.111835e-04
9.617615e-02 8.570090e-03 2.085449e-04
9.644696e-02 8.260960e-03 2.084536e-04
9.671777e-02 8.143781e-03 2.086471e-04
9.698859e-02 8.059811e-03 2.072853e-04
9.725940e-02 7.757610e-03 2.090513e-04
9.753022e-02 8.358508e-03 2.061032e-04
9.780103e-02 7.885400e-03 2.087259e-04
9.807184e-02 8.140732e-03 2.059453e-04
9.834266e-02 7.777750e-03 2.076031e-04
9.861347e-02 8.165231e-03 2.076660e-04
9.888428e-02 7.493019e-03 2.051805e-04
9.915510e-02 8.196710e-03 2.060131e-04
9.942592e-02 7.575650e-03 2.061250e-04
9.969673e-02 7.538030e-03 2.061314e-04
9.996755e-02 7.456390e-03 2.049359e-04
1.002384e-01 7.808721e-03 2.034000e-04
1.005092e-01 7.386999e-03 2.054937e-04
1.007800e-01 7.053889e-03 2.039787e-04
1.010508e-01 7.512849e-03 2.055509e-04
1.013216e-01 7.524099e-03 2.043335e-04
1.015924e-01 7.770140e-03 2.035319e-04
1.018632e-01 7.288100e-03 2.031164e-04
1.021341e-01 7.204968e-03 2.031245e-04
1.024049e-01 7.414730e-03 2.041432e-04
1.026757e-01 7.301260e-03 2.024215e-04
1.029465e-01 7.039741e-03 2.014778e-04
1.032173e-01 7.141130e-03 2.027594e-04
1.034881e-01 7.099899e-03 2.000178e-04
1.037589e-01 7.271091e-03 2.008569e-04
1.040298e-01 7.293491e-03 1.993891e-04
1.043006e-01 7.258961e-03 2.002612e-04
1.045714e-01 7.461280e-03 2.007894e-04
1.048422e-01 6.872268e-03 1.996161e-04
1.051130e-01 6.922690e-03 1.996453e-04
1.053838e-01 7.054690e-03 2.003555e-04
1.056546e-01 7.044500e-03 2.005373e-04
1.059255e-01 7.010892e-03 1.993358e-04
1.061963e-01 6.898910e-03 1.989347e-04
1.064671e-01 6.648870e-03 1.992356e-04
1.067379e-01 6.740341e-03 1.979311e-04
1.070087e-01 6.684771e-03 1.996055e-04
1.072795e-01 7.075360e-03 1.959339e-04
1.075503e-01 6.802879e-03 1.965242e-04
1.078212e-01 6.619532e-03 1.963046e-04
1.080920e-01 6.202040e-03 1.962709e-04
1.083628e-01 6.420920e-03 1.971851e-04
1.086336e-01 6.386220e-03 1.958505e-04
1.089044e-01 6.112657e-03 1.962513e-04
1.091752e-01 6.136669e-03 1.963982e-04
1.094460e-01 6.084111e-03 1.950511e-04
1.097169e-01 6.335108e-03 1.960372e-04
1.099877e-01 6.115029e-03 1.954159e-04
1.102585e-01 6.302631e-03 1.955581e-04
1.105293e-01 6.246448e-03 1.982667e-04
1.108001e-01 6.101029e-03 1.982336e-04
1.110709e-01 6.063169e-03 2.019724e-04
1.113417e-01 6.421171e-03 1.991701e-04
1.116126e-01 6.115459e-03 2.024130e-04
1.118834e-01 5.843960e-03 2.013155e-04
1.121542e-01 6.087599e-03 2.028428e-04
1.124250e-01 6.166682e-03 2.059134e-04
1.126958e-01 5.928110e-03 2.065524e-04
1.129666e-01 6.235952e-03 2.082571e-04
1.132374e-01 6.119790e-03 2.106924e-04
1.135083e-01 5.826790e-03 2.131766e-04
1.137791e-01 6.052971e-03 2.133769e-04
1.140499e-01 6.041570e-03 2.119379e-04
1.143207e-01 5.752552e-03 2.158469e-04
1.145915e-01 5.886659e-03 2.150683e-04
1.148623e-01 5.491890e-03 2.181595e-04
1.151332e-01 5.859641e-03 2.176468e-04
1.154040e-01 5.492490e-03 2.194474e-04
1.156748e-01 6.104780e-03 2.207732e-04
1.159456e-01 5.691841e-03 2.227971e-04
1.162164e-01 5.523231e-03 2.223008e-04
1.164872e-01 5.590770e-03 2.234978e-04
1.167580e-01 5.737491e-03 2.276581e-04
1.170288e-01 5.173629e-03 2.268568e-04
1.172997e-01 5.512342e-03 2.252086e-04
1.175705e-01 5.286142e-03 2.271665e-04
1.178413e-01 5.645221e-03 2.292921e-04
1.181121e-01 5.445438e-03 2.247307e-04
1.183829e-01 5.558012e-03 2.206778e-04
1.186537e-01 5.405992e-03 2.229262e-04
1.189246e-01 5.138230e-03 2.207325e-04
1.191954e-01 5.178349e-03 2.215056e-04
1.194662e-01 5.081350e-03 2.194462e-04
1.197370e-01 5.172551e-03 2.186926e-04
1.200078e-01 5.183751e-03 2.177212e-04
1.202786e-01 5.328162e-03 2.183894e-04
1.205494e-01 4.948949e-03 2.185562e-04
1.208202e-01 5.418569e-03 2.207547e-04
1.210911e-01 5.138921e-03 2.178055e-04
1.213619e-01 5.333170e-03 2.192116e-04
1.216327e-01 5.534830e-03 2.174165e-04
1.219035e-01 5.078442e-03 2.170378e-04
1.221743e-01 5.303461e-03 2.167321e-04
1.224451e-01 5.368700e-03 2.174066e-04
1.227160e-01 5.251208e-03 2.199837e-04
1.229868e-01 5.008548e-03 2.168721e-04
1.232576e-01 4.997991e-03 2.174888e-04
1.235284e-01 4.966000e-03 2.185719e-04
1.237992e-01 4.768880e-03 2.182360e-04
1.240700e-01 5.159238e-03 2.185826e-04
1.243408e-01 4.608708e-03 2.187540e-04
1.246117e-01 4.720770e-03 2.161634e-04
1.248825e-01 4.619110e-03 2.175406e-04
1.251533e-01 4.576860e-03 2.155803e-04
1.254241e-01 4.478090e-03 2.174929e-04
1.256949e-01 4.681580e-03 2.148220e-04
1.259657e-01 4.985899e-03 2.163089e-04
1.262365e-01 4.627781e-03 2.136534e-04
1.265074e-01 4.570771e-03 2.122818e-04
1.267782e-01 4.206318e-03 2.134452e-04
1.270490e-01 4.318900e-03 2.123580e-04
1.273198e-01 4.707061e-03 2.147835e-04
1.275906e-01 4.785910e-03 2.118803e-04
1.278614e-01 4.600560e-03 2.131280e-04
1.281322e-01 4.256742e-03 2.130045e-04
1.284031e-01 4.436612e-03 2.114536e-04
1.286739e-01 4.511282e-03 2.132044e-04
1.289447e-01 4.271870e-03 2.109582e-04
1.292155e-01 4.492261e-03 2.122727e-04
1.294863e-01 4.149022e-03 2.109463e-04
1.297571e-01 4.494751e-03 2.106007e-04
1.300279e-01 4.508609e-03 2.097337e-04
1.302988e-01 4.049892e-03 2.116969e-04
1.305696e-01 4.620600e-03 2.104373e-04
1.308404e-01 4.157992e-03 2.104152e-04
1.311112e-01 4.312960e-03 2.104418e-04
1.313820e-01 4.390258e-03 2.082800e-04
1.316528e-01 4.401270e-03 2.110824e-04
1.319236e-01 4.170541e-03 2.090720e-04
1.321945e-01 4.193859e-03 2.091170e-04
1.324653e-01 4.198579e-03 2.106247e-04
1.327361e-01 4.465329e-03 2.086831e-04
1.330069e-01 3.993200e-03 2.094831e-04
1.332777e-01 3.960971e-03 2.098303e-04
1.335485e-01 4.417781e-03 2.084310e-04
1.338193e-01 4.145861e-03 2.111782e-04
1.340902e-01 4.019329e-03 2.066314e-04
1.343610e-01 4.056180e-03 2.087225e-04
1.346318e-01 4.224248e-03 2.070703e-04
1.349026e-01 3.932308e-03 2.050702e-04
1.351734e-01 3.974240e-03 2.075080e-04
1.354442e-01 3.563629e-03 2.073473e-04
1.357151e-01 4.249400e-03 2.064190e-04
1.359859e-01 3.690729e-03 2.063419e-04
1.362567e-01 3.684919e-03 2.054468e-04
1.365275e-01 4.257809e-03 2.059807e-04
1.367983e-01 4.037950e-03 2.033860e-04
1.370691e-01 3.747638e-03 2.080261e-04
1.373399e-01 4.200971e-03 2.092258e-04
1.376107e-01 4.518630e-03 2.111468e-04
1.378816e-01 3.773719e-03 2.137631e-04
1.381524e-01 3.749250e-03 2.131506e-04
1.384232e-01 3.395479e-03 2.158559e-04
1.386940e-01 3.814362e-03 2.158976e-04
1.389648e-01 3.460469e-03 2.171490e-04
1.392356e-01 3.695641e-03 2.183440e-04
1.395064e-01 3.970319e-03 2.180186e-04
1.397773e-01 3.908899e-03 2.208273e-04
1.400481e-01 3.706539e-03 2.208736e-04
1.403189e-01 3.782691e-03 2.233124e-04
1.405897e-01 3.758639e-03 2.234712e-04
1.408605e-01 3.414439e-03 2.241954e-04
1.411313e-01 3.879732e-03 2.247370e-04
1.414021e-01 3.315201e-03 2.238599e-04
1.416730e-01 3.627328e-03 2.256963e-04
1.419438e-01 3.724739e-03 2.262965e-04
1.422146e-01 3.852960e-03 2.261801e-04
1.424854e-01 3.406679e-03 2.263725e-04
1.427562e-01 3.666081e-03 2.260568e-04
1.430270e-01 3.777279e-03 2.248886e-04
1.432979e-01 3.434122e-03 2.254966e-04
1.435687e-01 3.268002e-03 2.287378e-04
1.438395e-01 3.546121e-03 2.277731e-04
1.441103e-01 3.531441e-03 2.296080e-04
1.443811e-01 3.578048e-03 2.289585e-04
1.446519e-01 3.333928e-03 2.300342e-04
1.449227e-01 3.235031e-03 2.320578e-04
1.451935e-01 3.198100e-03 2.290539e-04
1.454644e-01 3.156358e-03 2.328734e-04
1.457352e-01 3.113201e-03 2.345944e-04
1.460060e-01 3.325701e-03 2.321394e-04
1.462768e-01 3.241459e-03 2.332698e-04
1.465476e-01 3.250431e-03 2.335282e-04
1.468184e-01 3.157401e-03 2.381601e-04
1.470892e-01 3.279351e-03 2.351116e-04
1.473601e-01 3.349369e-03 2.353497e-04
1.476309e-01 2.727620e-03 2.355552e-04
1.479017e-01 3.328549e-03 2.327624e-04
1.481725e-01 3.627101e-03 2.369293e-04
1.484433e-01 3.070042e-03 2.341333e-04
1.487141e-01 3.293199e-03 2.358676e-04
1.489850e-01 3.361918e-03 2.348815e-04
1.492558e-01 4.024291e-03 2.343716e-04
1.495266e-01 3.151029e-03 2.342501e-04
1.497974e-01 2.833741e-03 2.304511e-04
1.500682e-01 3.435541e-03 2.338420e-04
1.503390e-01 2.918411e-03 2.358324e-04
1.506098e-01 3.221570e-03 2.331403e-04
1.508806e-01 3.154140e-03 2.337288e-04
1.511515e-01 2.917150e-03 2.317585e-04
1.514223e-01 2.605991e-03 2.349670e-04
1.516931e-01 3.169009e-03 2.339627e-04
1.519639e-01 2.716780e-03 2.343274e-04
1.522347e-01 2.816340e-03 2.357780e-04
1.525055e-01 3.356360e-03 2.330275e-04
1.527763e-01 3.433999e-03 2.366194e-04
1.530472e-01 3.161792e-03 2.330441e-04
1.533180e-01 3.015921e-03 2.342603e-04
1.535888e-01 3.234040e-03 2.352969e-04
1.538596e-01 2.948049e-03 2.336226e-04
1.541304e-01 3.004860e-03 2.350136e-04
1.544012e-01 2.924869e-03 2.339097e-04
1.546721e-01 2.793390e-03 2.364513e-04
1.549429e-01 2.953121e-03 2.361009e-04
1.552137e-01 2.834620e-03 2.346711e-04
1.554845e-01 2.492469e-03 2.353943e-04
1.557553e-01 2.712280e-03 2.337241e-04
1.560261e-01 2.585050e-03 2.351776e-04
1.562969e-01 2.783250e-03 2.325077e-04
1.565678e-01 2.703888e-03 2.353392e-04
1.568386e-01 2.420159e-03 2.344740e-04
1.571094e-01 2.919069e-03 2.362422e-04
1.573802e-01 2.715120e-03 2.353266e-04
1.576510e-01 2.189381e-03 2.329793e-04
1.579218e-01 3.071319e-03 2.346423e-04
1.581926e-01 2.403470e-03 2.347434e-04
1.584634e-01 2.913520e-03 2.340968e-04
1.587343e-01 2.822250e-03 2.325472e-04
1.590051e-01 2.545619e-03 2.340951e-04
1.592759e-01 2.645060e-03 2.324154e-04
1.595467e-01 2.496360e-03 2.318162e-04
1.598175e-01 2.648491e-03 2.342107e-04
1.600883e-01 2.065070e-03 2.317020e-04
1.603591e-01 2.544610e-03 2.324327e-04
1.606300e-01 2.534119e-03 2.321137e-04
1.609008e-01 2.481369e-03 2.315594e-04
1.611716e-01 2.515530e-03 2.312762e-04
1.614424e-01 2.567340e-03 2.310622e-04
1.617132e-01 3.152810e-03 2.328853e-04
1.619840e-01 2.371890e-03 2.301852e-04
1.622549e-01 2.115751e-03 2.315345e-04
1.625257e-01 2.157930e-03 2.300945e-04
1.627965e-01 2.719041e-03 2.300870e-04
1.630673e-01 2.055669e-03 2.297582e-04
1.633381e-01 2.493430e-03 2.332554e-04
1.636089e-01 2.619550e-03 2.306593e-04
1.638797e-01 2.248939e-03 2.331595e-04
1.641506e-01 2.387941e-03 2.323569e-04
1.644214e-01 2.206411e-03 2.321006e-04
1.646922e-01 2.700990e-03 2.313163e-04
1.649630e-01 2.095841e-03 2.291720e-04
1.652338e-01 2.729760e-03 2.342052e-04
1.655046e-01 1.943039e-03 2.315986e-04
1.657754e-01 2.596850e-03 2.323941e-04
1.660462e-01 2.543980e-03 2.336697e-04
1.663171e-01 2.295660e-03 2.329723e-04
1.665879e-01 2.320139e-03 2.308081e-04
1.668587e-01 2.139909e-03 2.302355e-04
1.671295e-01 2.483940e-03 2.330507e-04
1.674003e-01 2.383091e-03 2.320779e-04
1.676711e-01 2.047300e-03 2.403084e-04
1.679420e-01 1.949860e-03 2.442995e-04
1.682128e-01 2.588140e-03 2.469931e-04
1.684836e-01 2.108751e-03 2.516273e-04
1.687544e-01 2.238160e-03 2.499156e-04
1.690252e-01 2.456270e-03 2.542216e-04
1.692960e-01 2.583381e-03 2.486296e-04
1.695668e-01 2.238872e-03 2.584678e-04
1.698377e-01 1.809631e-03 2.568193e-04
1.701085e-01 2.864620e-03 2.590002e-04
1.703793e-01 2.368320e-03 2.633426e-04
1.706501e-01 2.307190e-03 2.625301e-04
1.709209e-01 1.996830e-03 2.682515e-04
1.711917e-01 2.314320e-03 2.668554e-04
1.714625e-01 2.087090e-03 2.709010e-04
1.717333e-01 2.137491e-03 2.732080e-04
1.720042e-01 2.159400e-03 2.730543e-04
1.722750e-01 2.286650e-03 2.770981e-04
1.725458e-01 1.769440e-03 2.772024e-04
1.728166e-01 2.470842e-03 2.786475e-04
1.730874e-01 2.199210e-03 2.827908e-04
1.733582e-01 1.315970e-03 2.784667e-04
1.736291e-01 2.075711e-03 2.869197e-04
1.738999e-01 1.837131e-03 2.816028e-04
1.741707e-01 1.761461e-03 2.888082e-04
1.744415e-01 2.310431e-03 2.899648e-04
1.747123e-01 1.808841e-03 2.906873e-04
1.749831e-01 2.204441e-03 2.809329e-04
1.752539e-01 1.814689e-03 2.715056e-04
1.755248e-01 1.913959e-03 2.713152e-04
1.757956e-01 1.732469e-03 2.696955e-04
1.760664e-01 1.974490e-03 2.712369e-04
1.763372e-01 1.869559e-03 2.699593e-04
1.766080e-01 1.707409e-03 2.670272e-04
1.768788e-01 1.303410e-03 2.663877e-04
1.771496e-01 2.313292e-03 2.647668e-04
1.774205e-01 1.948738e-03 2.652373e-04
1.776913e-01 1.898421e-03 2.609148e-04
1.779621e-01 1.749979e-03 2.603221e-04
1.782329e-01 1.922490e-03 2.622373e-04
1.785037e-01 1.799490e-03 2.583101e-04
1.787745e-01 1.664741e-03 2.599589e-04
1.790453e-01 1.801720e-03 2.559183e-04
1.793161e-01 1.635170e-03 2.570819e-04
1.795870e-01 1.791690e-03 2.575893e-04
1.798578e-01 1.913181e-03 2.530332e-04
1.801286e-01 2.119090e-03 2.552508e-04
1.803994e-01 1.753720e-03 2.532285e-04
1.806702e-01 1.696980e-03 2.533609e-04
1.809410e-01 1.521491e-03 2.536194e-04
1.812119e-01 1.354581e-03 2.508030e-04
1.814827e-01 1.845110e-03 2.519042e-04
1.817535e-01 1.864839e-03 2.484254e-04
1.820243e-01 1.705330e-03 2.514872e-04
1.822951e-01 2.060561e-03 2.502057e-04
1.825659e-01 1.337489e-03 2.509491e-04
1.828367e-01 1.865990e-03 2.538271e-04
1.831076e-01 1.655139e-03 2.467415e-04
1.833784e-01 1.768271e-03 2.531456e-04
1.836492e-01 1.775380e-03 2.466665e-04
1.839200e-01 2.147980e-03 2.509714e-04
1.841908e-01 1.465399e-03 2.493918e-04
1.844616e-01 1.993909e-03 2.483870e-04
1.847324e-01 1.518412e-03 2.494519e-04
1.850033e-01 1.452051e-03 2.464994e-04
1.852741e-01 1.405749e-03 2.474150e-04
1.855449e-01 1.690609e-03 2.486143e-04
1.858157e-01 1.087440e-03 2.507876e-04
1.860865e-01 1.303749e-03 2.506365e-04
1.863573e-01 1.908980e-03 2.472921e-04
1.866281e-01 1.804110e-03 2.482318e-04
1.868990e-01 1.533069e-03 2.473961e-04
1.871698e-01 1.757501e-03 2.477746e-04
1.874406e-01 1.757560e-03 2.481266e-04
1.877114e-01 1.577709e-03 2.465525e-04
1.879822e-01 1.761740e-03 2.484804e-04
1.882530e-01 1.874929e-03 2.449095e-04
1.885238e-01 1.651300e-03 2.480523e-04
1.887947e-01 1.677169e-03 2.458313e-04
1.890655e-01 1.506090e-03 2.462129e-04
1.893363e-01 1.159569e-03 2.476378e-04
1.896071e-01 9.968989e-04 2.426679e-04
1.898779e-01 1.256360e-03 2.495478e-04
1.901487e-01 1.079299e-03 2.474315e-04
1.904195e-01 1.882460e-03 2.455487e-04
1.906904e-01 1.499290e-03 2.493150e-04
1.909612e-01 1.379170e-03 2.444590e-04
1.912320e-01 1.460049e-03 2.475179e-04
1.915028e-01 1.138590e-03 2.442431e-04
1.917736e-01 1.580250e-03 2.461444e-04
1.920444e-01 1.732409e-03 2.491016e-04
1.923153e-01 1.744600e-03 2.452939e-04
1.925861e-01 1.481989e-03 2.473207e-04
1.928569e-01 1.070600e-03 2.457351e-04
1.931277e-01 1.872011e-03 2.460993e-04
1.933985e-01 1.476640e-03 2.439041e-04
1.936693e-01 1.573870e-03 2.449963e-04
1.939401e-01 1.285112e-03 2.471123e-04
1.942109e-01 1.328520e-03 2.438393e-04
1.944818e-01 1.876451e-03 2.458993e-04
1.947526e-01 1.263389e-03 2.451331e-04
1.950234e-01 9.135399e-04 2.430169e-04
1.952942e-01 1.540961e-03 2.454572e-04
1.955650e-01 1.313360e-03 2.443105e-04
1.958358e-01 1.611201e-03 2.461186e-04
1.961066e-01 1.355840e-03 2.468728e-04
1.963775e-01 1.181841e-03 2.446036e-04
1.966483e-01 9.686295e-04 2.455497e-04
1.969191e-01 9.536501e-04 2.440927e-04
1.971899e-01 1.331480e-03 2.455569e-04
1.974607e-01 1.059840e-03 2.467993e-04
1.977315e-01 1.522359e-03 2.436926e-04
1.980023e-01 1.418749e-03 2.428506e-04
1.982732e-01 1.503311e-03 2.444157e-04
1.985440e-01 1.314791e-03 2.448187e-04
1.988148e-01 1.240060e-03 2.456993e-04
1.990856e-01 9.669084e-04 2.445912e-04
1.993564e-01 9.424388e-04 2.451925e-04
1.996272e-01 1.439240e-03 2.463923e-04
1.998980e-01 1.142999e-03 2.448209e-04
2.001689e-01 1.232840e-03 2.427178e-04
2.004397e-01 1.744030e-03 2.424627e-04
2.007105e-01 1.178918e-03 2.404760e-04
2.009813e-01 1.151150e-03 2.410271e-04
2.012521e-01 1.437530e-03 2.421332e-04
2.015229e-01 1.249511e-03 2.428796e-04
2.017937e-01 1.368560e-03 2.434423e-04
2.020646e-01 1.099370e-03 2.428878e-04
2.023354e-01 1.563201e-03 2.426902e-04
2.026062e-01 1.489140e-03 2.413062e-04
2.028770e-01 1.705760e-03 2.417190e-04
2.031478e-01 1.220379e-03 2.424602e-04
2.034186e-01 1.350161e-03 2.407077e-04
2.036894e-01 9.941701e-04 2.398027e-04
2.039603e-01 1.046080e-03 2.381324e-04
2.042311e-01 1.061440e-03 2.415346e-04
2.045019e-01 1.179850e-03 2.384236e-04
2.047727e-01 1.263179e-03 2.395734e-04
2.050435e-01 1.427861e-03 2.374446e-04
2.053143e-01 8.928385e-04 2.406576e-04
2.055852e-01 1.388190e-03 2.377442e-04
2.058560e-01 1.059579e-03 2.387143e-04
2.061268e-01 1.327839e-03 2.369483e-04
2.063976e-01 1.127239e-03 2.396279e-04
2.066684e-01 1.622129e-03 2.365319e-04
2.069392e-01 1.093959e-03 2.378383e-04
2.072100e-01 9.164102e-04 2.392663e-04
2.074808e-01 9.201001e-04 2.367483e-04
2.077517e-01 1.006151e-03 2.358234e-04
2.080225e-01 7.699206e-04 2.377086e-04
2.082933e-01 1.183821e-03 2.359197e-04
2.085641e-01 1.643639e-03 2.358452e-04
2.088349e-01 1.353320e-03 2.399704e-04
2.091057e-01 1.035118e-03 2.383288e-04
2.093765e-01 1.151191e-03 2.340731e-04
2.096474e-01 1.340030e-03 2.366918e-04
2.099182e-01 1.101090e-03 2.380240e-04
2.101890e-01 6.616414e-04 2.364041e-04
2.104598e-01 1.197958e-03 2.377322e-04
2.107306e-01 1.381770e-03 2.359457e-04
2.110014e-01 9.077098e-04 2.353946e-04
2.112723e-01 1.022451e-03 2.367907e-04
2.115431e-01 9.420998e-04 2.348582e-04
2.118139e-01 7.316209e-04 2.366930e-04
2.120847e-01 1.133250e-03 2.375467e-04
2.123555e-01 8.975901e-04 2.382162e-04
2.126263e-01 1.056951e-03 2.342278e-04
2.128971e-01 6.650891e-04 2.350997e-04
2.131680e-01 1.592290e-03 2.345008e-04
2.134388e-01 7.644296e-04 2.367700e-04
2.137096e-01 8.460488e-04 2.355993e-04
2.139804e-01 8.548498e-04 2.359722e-04
2.142512e-01 1.675330e-03 2.348553e-04
2.145220e-01 8.005388e-04 2.388324e-04
2.147928e-01 9.103399e-04 2.369635e-04
2.150636e-01 8.365810e-04 2.346844e-04
2.153345e-01 1.042109e-03 2.373630e-04
2.156053e-01 7.460695e-04 2.380712e-04
2.158761e-01 1.148820e-03 2.383320e-04
2.161469e-01 7.700305e-04 2.351945e-04
2.164177e-01 1.123549e-03 2.373182e-04
2.166885e-01 5.563106e-04 2.363019e-04
2.169593e-01 7.990710e-04 2.357815e-04
2.172302e-01 7.341094e-04 2.381961e-04
2.175010e-01 8.235089e-04 2.364354e-04
2.177718e-01 6.360896e-04 2.360586e-04
2.180426e-01 9.519011e-04 2.366975e-04
2.183134e-01 1.360070e-03 2.355309e-04
2.185842e-01 1.228819e-03 2.343211e-04
2.188551e-01 1.056181e-03 2.347260e-04
2.191259e-01 7.121693e-04 2.354068e-04
2.193967e-01 1.247549e-03 2.335974e-04
2.196675e-01 9.269994e-04 2.336797e-04
2.199383e-01 9.354092e-04 2.355054e-04
2.202091e-01 8.891895e-04 2.332898e-04
2.204799e-01 9.417497e-04 2.312504e-04
2.207507e-01 9.847786e-04 2.351890e-04
2.210216e-01 1.248350e-03 2.338163e-04
2.212924e-01 9.155590e-04 2.319778e-04
2.215632e-01 1.004450e-03 2.316927e-04
2.218340e-01 1.060901e-03 2.340183e-04
2.221048e-01 9.516105e-04 2.305919e-04
2.223756e-01 8.493401e-04 2.319032e-04
2.226464e-01 1.080330e-03 2.314571e-04
2.229173e-01 9.775087e-04 2.320578e-04
2.231881e-01 1.204981e-03 2.310157e-04
2.234589e-01 6.089397e-04 2.303514e-04
2.237297e-01 9.969007e-04 2.303736e-04
2.240005e-01 7.522199e-04 2.317323e-04
2.242713e-01 9.475797e-04 2.291740e-04
2.245422e-01 7.721707e-04 2.301740e-04
2.248130e-01 6.517898e-04 2.324933e-04
2.250838e-01 1.036281e-03 2.305485e-04
2.253546e-01 7.864311e-04 2.326777e-04
2.256254e-01 7.089395e-04 2.303214e-04
2.258962e-01 6.543007e-04 2.312512e-04
2.261670e-01 4.344694e-04 2.425305e-04
2.264379e-01 8.856002e-04 2.449462e-04
2.267087e-01 1.118649e-03 2.490700e-04
2.269795e-01 8.716006e-04 2.507019e-04
2.272503e-01 5.491599e-04 2.539877e-04
2.275211e-01 8.368194e-04 2.576965e-04
2.277919e-01 4.410800e-04 2.576812e-04
2.280627e-01 6.350409e-04 2.636301e-04
2.283335e-01 8.351710e-04 2.664463e-04
2.286044e-01 6.921198e-04 2.644677e-04
2.288752e-01 8.156095e-04 2.699656e-04
2.291460e-01 9.544715e-04 2.721138e-04
2.294168e-01 6.500501e-04 2.756302e-04
2.296876e-01 1.143070e-03 2.771383e-04
2.299584e-01 5.323309e-04 2.796929e-04
2.302293e-01 7.584598e-04 2.833686e-04
2.305001e-01 7.729400e-04 2.853319e-04
2.307709e-01 5.760994e-04 2.874578e-04
2.310417e-01 7.140487e-04 2.897510e-04
2.313125e-01 8.353386e-04 2.916959e-04
2.315833e-01 7.800609e-04 2.917955e-04
2.318541e-01 1.099359e-03 2.939016e-04
2.321250e-01 6.831605e-04 3.007710e-04
2.323958e-01 8.036606e-04 3.014328e-04
2.326666e-01 8.628704e-04 3.042879e-04
2.329374e-01 7.318202e-04 3.070349e-04
2.332082e-01 9.183902e-04 3.055176e-04
2.334790e-01 4.574489e-04 3.093553e-04
2.337498e-01 4.042890e-04 3.192694e-04
2.340207e-01 3.410392e-04 3.178630e-04
2.342915e-01 1.028540e-03 3.165927e-04
2.345623e-01 8.387100e-04 3.180279e-04
2.348331e-01 1.422411e-03 3.222244e-04
2.351039e-01 6.488897e-04 3.282385e-04
2.353747e-01 1.219859e-03 3.255407e-04
2.356455e-01 4.545208e-04 3.309197e-04
2.359163e-01 1.327779e-03 3.390428e-04
2.361872e-01 9.951312e-04 3.384506e-04
2.364580e-01 1.178270e-03 3.379884e-04
2.367288e-01 7.788800e-04 3.400248e-04
2.369996e-01 1.160949e-03 3.462918e-04
2.372704e-01 7.670596e-04 3.496700e-04
2.375412e-01 5.208403e-04 3.511058e-04
2.378121e-01 7.207692e-04 3.570624e-04
2.380829e-01 4.047602e-04 3.528614e-04
2.383537e-01 7.238612e-04 3.625786e-04
2.386245e-01 -2.231002e-04 3.711931e-04
2.388953e-01 3.729407e-04 3.681371e-04
2.391661e-01 8.372497e-04 3.680702e-04
2.394369e-01 4.181601e-04 3.681563e-04
2.397078e-01 1.711790e-04 3.792911e-04
2.399786e-01 1.315759e-03 3.810886e-04
2.402494e-01 4.688408e-04 3.860117e-04
2.405202e-01 1.101991e-03 3.865942e-04
2.407910e-01 1.014419e-03 3.989970e-04
2.410618e-01 1.038659e-03 3.986219e-04
2.413326e-01 1.647029e-03 4.040576e-04
2.416034e-01 2.616309e-04 4.013818e-04
2.418743e-01 4.814602e-04 4.149902e-04
2.421451e-01 9.654295e-04 4.269525e-04
2.424159e-01 2.871100e-04 4.277357e-04
2.426867e-01 3.590100e-04 4.192033e-04
2.429575e-01 1.483550e-03 4.278697e-04
2.432283e-01 8.889101e-04 4.433844e-04
2.434992e-01 9.413008e-04 4.316492e-04
2.437700e-01 -1.262408e-04 4.433358e-04
2.440408e-01 9.536929e-05 4.579589e-04
2.443116e-01 9.293109e-04 4.669112e-04
2.445824e-01 1.356591e-03 4.570220e-04
2.448532e-01 8.092001e-04 4.587474e-04
2.451240e-01 8.725692e-04 4.782680e-04
2.453949e-01 6.181505e-04 4.862690e-04
2.456657e-01 9.748898e-04 4.936124e-04
2.459365e-01 7.193293e-04 4.945489e-04
2.462073e-01 5.499888e-04 4.966527e-04
2.464781e-01 7.578209e-04 5.171697e-04
2.467489e-01 9.984896e-04 5.231721e-04
2.470197e-01 8.873194e-04 5.238544e-04
2.472906e-01 -4.532505e-04 5.298608e-04
2.475614e-01 1.458660e-03 5.434993e-04
2.478322e-01 7.990412e-04 5.587022e-04
2.481030e-01 8.780695e-04 5.670556e-04
2.483738e-01 5.796999e-04 5.611344e-04
2.486446e-01 1.259059e-03 5.884948e-04
2.489154e-01 1.059990e-03 6.093328e-04
2.491863e-01 1.256481e-03 6.008744e-04
2.494571e-01 3.085602e-04 6.149483e-04
2.497279e-01 -5.423985e-04 6.250103e-04
2.499987e-01 6.637294e-04 6.594011e-04
2.502695e-01 2.340129e-03 6.772324e-04
2.505403e-01 -5.901400e-04 6.813052e-04
2.508111e-01 1.306489e-03 6.866399e-04
2.510819e-01 5.372297e-04 7.279441e-04
2.513528e-01 2.295300e-04 7.349929e-04
2.516236e-01 2.071580e-03 7.505729e-04
2.518944e-01 6.209500e-04 7.785693e-04
2.521652e-01 -7.236209e-04 8.482920e-04
2.524360e-01 -8.647814e-04 8.411580e-04
2.527068e-01 -1.041591e-04 8.069211e-04
2.529776e-01 1.155950e-03 8.688687e-04
2.532485e-01 -1.682099e-04 8.760011e-04
2.535193e-01 8.915998e-04 9.250037e-04
2.537901e-01 -7.264595e-04 9.449603e-04
2.540609e-01 -6.046798e-04 9.213128e-04
2.543317e-01 6.941799e-04 9.900947e-04
2.546025e-01 1.504188e-03 9.822033e-04
2.548733e-01 9.063389e-04 1.105601e-03
2.551441e-01 1.915211e-03 1.094853e-03
2.554150e-01 1.520608e-04 1.120758e-03
2.556858e-01 2.422391e-03 1.165249e-03
2.559566e-01 9.727851e-05 1.269306e-03
2.562274e-01 -3.691502e-04 1.325734e-03
2.564982e-01 3.617108e-04 1.462210e-03
2.567690e-01 3.430542e-03 1.648309e-03
2.570398e-01 5.661169e-03 1.841231e-03
2.573107e-01 1.058770e-03 1.883054e-03
2.575815e-01 4.581941e-03 2.414133e-03
2.578523e-01 -2.640150e-03 3.127694e-03
2.581231e-01 -1.601800e-04 4.412260e-03
