3.286826e-03 3.077278e-01 0.000000e+00
3.557641e-03 9.668303e-02 7.763993e-02
3.828455e-03 8.096266e-02 4.753254e-02
4.099269e-03 8.197808e-02 3.691643e-02
4.370084e-03 9.317207e-02 2.722708e-02
4.640898e-03 7.205486e-02 1.891597e-02
4.911712e-03 7.359695e-02 1.596217e-02
5.182527e-03 7.839501e-02 1.213841e-02
5.453341e-03 8.041799e-02 1.117710e-02
5.724155e-03 7.885802e-02 8.621987e-03
5.994970e-03 6.827593e-02 7.708394e-03
6.265784e-03 7.410067e-02 6.460344e-03
6.536598e-03 7.519871e-02 5.279549e-03
6.807412e-03 7.507604e-02 4.885553e-03
7.078227e-03 8.029336e-02 4.135621e-03
7.349041e-03 7.143050e-02 3.648187e-03
7.619855e-03 7.231691e-02 3.345644e-03
7.890671e-03 7.390419e-02 2.899273e-03
8.161485e-03 7.295489e-02 2.764268e-03
8.432299e-03 7.030320e-02 2.496171e-03
8.703114e-03 6.910551e-02 2.338418e-03
8.973928e-03 7.007203e-02 2.061938e-03
9.244742e-03 6.881191e-02 1.955734e-03
9.515557e-03 7.220791e-02 1.849409e-03
9.786371e-03 6.947988e-02 1.725636e-03
1.005718e-02 7.153571e-02 1.636322e-03
1.032800e-02 6.778949e-02 1.511695e-03
1.059881e-02 6.890969e-02 1.447875e-03
1.086963e-02 7.187811e-02 1.398001e-03
1.114044e-02 6.875040e-02 1.335954e-03
1.141126e-02 6.648239e-02 1.273022e-03
1.168207e-02 6.689420e-02 1.218144e-03
1.195289e-02 6.824750e-02 1.181403e-03
1.222370e-02 6.736800e-02 1.120393e-03
1.249451e-02 6.826600e-02 1.063045e-03
1.276533e-02 6.596389e-02 1.032995e-03
1.303614e-02 6.720176e-02 9.929818e-04
1.330696e-02 6.648868e-02 9.567990e-04
1.357777e-02 6.794948e-02 9.415359e-04
1.384859e-02 6.559373e-02 8.919684e-04
1.411940e-02 6.676871e-02 8.738387e-04
1.439021e-02 6.521416e-02 8.304807e-04
1.466103e-02 6.532913e-02 8.299808e-04
1.493184e-02 6.367729e-02 7.964544e-04
1.520266e-02 6.476267e-02 7.752959e-04
1.547347e-02 6.331271e-02 7.585344e-04
1.574429e-02 6.411643e-02 7.406328e-04
1.601510e-02 6.346126e-02 7.303039e-04
1.628591e-02 6.415937e-02 7.256829e-04
1.655673e-02 6.333329e-02 7.023840e-04
1.682754e-02 6.378306e-02 6.918920e-04
1.709836e-02 6.267101e-02 6.870552e-04
1.736917e-02 6.279118e-02 6.625848e-04
1.763999e-02 6.133579e-02 6.522164e-04
1.791080e-02 6.235381e-02 6.344452e-04
1.818161e-02 6.154935e-02 6.438501e-04
1.845243e-02 6.138901e-02 6.460458e-04
1.872324e-02 6.133669e-02 6.353951e-04
1.899406e-02 6.114238e-02 6.349750e-04
1.926487e-02 5.970860e-02 6.268369e-04
1.953569e-02 5.980734e-02 6.302290e-04
1.980650e-02 5.913027e-02 6.263716e-04
2.007731e-02 5.934027e-02 6.150229e-04
2.034813e-02 5.909868e-02 6.114844e-04
2.061894e-02 5.892503e-02 6.065377e-04
2.088976e-02 5.817705e-02 5.955932e-04
2.116057e-02 5.815709e-02 6.018381e-04
2.143139e-02 5.782909e-02 5.918391e-04
2.170220e-02 5.686483e-02 5.917671e-04
2.197302e-02 5.718634e-02 5.831300e-04
2.224383e-02 5.698477e-02 5.749308e-04
2.251465e-02 5.585231e-02 5.625564e-04
2.278546e-02 5.605640e-02 5.578177e-04
2.305627e-02 5.468387e-02 5.537034e-04
2.332709e-02 5.508198e-02 5.399031e-04
2.359790e-02 5.504887e-02 5.271565e-04
2.386872e-02 5.504466e-02 5.313510e-04
2.413953e-02 5.370450e-02 5.164365e-04
2.441034e-02 5.327547e-02 5.120510e-04
2.468116e-02 5.355005e-02 5.085259e-04
2.495197e-02 5.271928e-02 4.983097e-04
2.522279e-02 5.311069e-02 4.990921e-04
2.549360e-02 5.251213e-02 4.879128e-04
2.576442e-02 5.249722e-02 4.824783e-04
2.603523e-02 5.144038e-02 4.821126e-04
2.630604e-02 5.151435e-02 4.793152e-04
2.657686e-02 5.216396e-02 4.745186e-04
2.684767e-02 5.104604e-02 4.620422e-04
2.711849e-02 5.063340e-02 4.653378e-04
2.738930e-02 4.986725e-02 4.621660e-04
2.766012e-02 4.949922e-02 4.532938e-04
2.793093e-02 4.948096e-02 4.486099e-04
2.820175e-02 4.905629e-02 4.359144e-04
2.847256e-02 4.859980e-02 4.337676e-04
2.874337e-02 4.922559e-02 4.370959e-04
2.901419e-02 4.754667e-02 4.242541e-04
2.928500e-02 4.736728e-02 4.257188e-04
2.955582e-02 4.766787e-02 4.169602e-04
2.982663e-02 4.654800e-02 4.163868e-04
3.009745e-02 4.611071e-02 4.193930e-04
3.036826e-02 4.601953e-02 4.092842e-04
3.063907e-02 4.574364e-02 4.083078e-04
3.090989e-02 4.549364e-02 4.088753e-04
3.118070e-02 4.541515e-02 4.009243e-04
3.145152e-02 4.504941e-02 4.002753e-04
3.172233e-02 4.537522e-02 4.017083e-04
3.199315e-02 4.459529e-02 3.966144e-04
3.226396e-02 4.407381e-02 3.921168e-04
3.253478e-02 4.324652e-02 3.893195e-04
3.280559e-02 4.328583e-02 3.864166e-04
3.307641e-02 4.384276e-02 3.859652e-04
3.334722e-02 4.361451e-02 3.848154e-04
3.361803e-02 4.246334e-02 3.819325e-04
3.388885e-02 4.310308e-02 3.764743e-04
3.415966e-02 4.239424e-02 3.808329e-04
3.443048e-02 4.177890e-02 3.744033e-04
3.470129e-02 4.169795e-02 3.728615e-04
3.497211e-02 4.134575e-02 3.714768e-04
3.524292e-02 4.116677e-02 3.678582e-04
3.551374e-02 4.051651e-02 3.656733e-04
3.578455e-02 4.081788e-02 3.683505e-04
3.605536e-02 3.955766e-02 3.597502e-04
3.632618e-02 3.980230e-02 3.585722e-04
3.659699e-02 4.012362e-02 3.529316e-04
3.686780e-02 3.961514e-02 3.571013e-04
3.713862e-02 3.977937e-02 3.548535e-04
3.740944e-02 3.920545e-02 3.475630e-04
3.768025e-02 3.812018e-02 3.473951e-04
3.795106e-02 3.867264e-02 3.445367e-04
3.822188e-02 3.873724e-02 3.424649e-04
3.849269e-02 3.820187e-02 3.411803e-04
3.876351e-02 3.737215e-02 3.378903e-04
3.903432e-02 3.734307e-02 3.370556e-04
3.930514e-02 3.780339e-02 3.351808e-04
3.957595e-02 3.688103e-02 3.329904e-04
3.984676e-02 3.648922e-02 3.308084e-04
4.011758e-02 3.645118e-02 3.300787e-04
4.038839e-02 3.676699e-02 3.334011e-04
4.065921e-02 3.664435e-02 3.274381e-04
4.093002e-02 3.578007e-02 3.291231e-04
4.120084e-02 3.493558e-02 3.231801e-04
4.147165e-02 3.525437e-02 3.240506e-04
4.174246e-02 3.506273e-02 3.228304e-04
4.201328e-02 3.519961e-02 3.179409e-04
4.228409e-02 3.455552e-02 3.209988e-04
4.255491e-02 3.440549e-02 3.167018e-04
4.282572e-02 3.438303e-02 3.150126e-04
4.309653e-02 3.419258e-02 3.114250e-04
4.336735e-02 3.412050e-02 3.130839e-04
4.363817e-02 3.348259e-02 3.080099e-04
4.390898e-02 3.312673e-02 3.094043e-04
4.417979e-02 3.289782e-02 3.086937e-04
4.445061e-02 3.299517e-02 3.074967e-04
4.472142e-02 3.292350e-02 3.022062e-04
4.499224e-02 3.180229e-02 3.065424e-04
4.526305e-02 3.192381e-02 3.042401e-04
4.553387e-02 3.171871e-02 3.001898e-04
4.580468e-02 3.190931e-02 3.013481e-04
4.607549e-02 3.164506e-02 3.000627e-04
4.634631e-02 3.240496e-02 2.965750e-04
4.661712e-02 3.102348e-02 2.973625e-04
4.688794e-02 3.126362e-02 2.957931e-04
4.715875e-02 3.094767e-02 2.941805e-04
4.742957e-02 3.122330e-02 2.907819e-04
4.770038e-02 3.100035e-02 2.864545e-04
4.797119e-02 3.054583e-02 2.878627e-04
4.824201e-02 3.086893e-02 2.865249e-04
4.851282e-02 3.012325e-02 2.900084e-04
4.878364e-02 3.050859e-02 2.839367e-04
4.905445e-02 2.936364e-02 2.837564e-04
4.932526e-02 2.937735e-02 2.831474e-04
4.959608e-02 2.926869e-02 2.821058e-04
4.986690e-02 2.959725e-02 2.805587e-04
5.013771e-02 2.976700e-02 2.795125e-04
5.040852e-02 2.896152e-02 2.769519e-04
5.067934e-02 2.869989e-02 2.770775e-04
5.095015e-02 2.849201e-02 2.742604e-04
5.122096e-02 2.909537e-02 2.765074e-04
5.149178e-02 2.868606e-02 2.729719e-04
5.176260e-02 2.838088e-02 2.732415e-04
5.203341e-02 2.790403e-02 2.718941e-04
5.230422e-02 2.821157e-02 2.696793e-04
5.257504e-02 2.724694e-02 2.717684e-04
5.284585e-02 2.747869e-02 2.672252e-04
5.311667e-02 2.716743e-02 2.673879e-04
5.338748e-02 2.727718e-02 2.730467e-04
5.365830e-02 2.683268e-02 2.705018e-04
5.392911e-02 2.689770e-02 2.716933e-04
5.419992e-02 2.704689e-02 2.739979e-04
5.447074e-02 2.699363e-02 2.704722e-04
5.474155e-02 2.635779e-02 2.756501e-04
5.501237e-02 2.690526e-02 2.788031e-04
5.528318e-02 2.629578e-02 2.824972e-04
5.555400e-02 2.618918e-02 2.804933e-04
5.582481e-02 2.601074e-02 2.840714e-04
5.609563e-02 2.594590e-02 2.855206e-04
5.636644e-02 2.572075e-02 2.867693e-04
5.663725e-02 2.536004e-02 2.876450e-04
5.690807e-02 2.527696e-02 2.868376e-04
5.717888e-02 2.557083e-02 2.844497e-04
5.744969e-02 2.483735e-02 2.864516e-04
5.772051e-02 2.551244e-02 2.882784e-04
5.799133e-02 2.502120e-02 2.871613e-04
5.826214e-02 2.441679e-02 2.900763e-04
5.853295e-02 2.509551e-02 2.892150e-04
5.880377e-02 2.450433e-02 2.873391e-04
5.907458e-02 2.437479e-02 2.879057e-04
5.934540e-02 2.429361e-02 2.896791e-04
5.961621e-02 2.441179e-02 2.885308e-04
5.988703e-02 2.375324e-02 2.882424e-04
6.015784e-02 2.397109e-02 2.893287e-04
6.042865e-02 2.383001e-02 2.909571e-04
6.069947e-02 2.417513e-02 2.852238e-04
6.097028e-02 2.319515e-02 2.839782e-04
6.124110e-02 2.309764e-02 2.791203e-04
6.151191e-02 2.319311e-02 2.792897e-04
6.178273e-02 2.290273e-02 2.788464e-04
6.205354e-02 2.276579e-02 2.756440e-04
6.232436e-02 2.214506e-02 2.766334e-04
6.259517e-02 2.292541e-02 2.714060e-04
6.286598e-02 2.276599e-02 2.732101e-04
6.313679e-02 2.288750e-02 2.739221e-04
6.340761e-02 2.207000e-02 2.718678e-04
6.367842e-02 2.195614e-02 2.706190e-04
6.394923e-02 2.240062e-02 2.682374e-04
6.422005e-02 2.218223e-02 2.713469e-04
6.449086e-02 2.202244e-02 2.707293e-04
6.476168e-02 2.171972e-02 2.653014e-04
6.503250e-02 2.224761e-02 2.710697e-04
6.530331e-02 2.146463e-02 2.677916e-04
6.557412e-02 2.173689e-02 2.662852e-04
6.584494e-02 2.161394e-02 2.677509e-04
6.611575e-02 2.120321e-02 2.652501e-04
6.638657e-02 2.116619e-02 2.663476e-04
6.665738e-02 2.083036e-02 2.643738e-04
6.692819e-02 2.114991e-02 2.644069e-04
6.719901e-02 2.045618e-02 2.638480e-04
6.746982e-02 2.106715e-02 2.623113e-04
6.774063e-02 2.102731e-02 2.639958e-04
6.801146e-02 2.045812e-02 2.625460e-04
6.828227e-02 2.031222e-02 2.598990e-04
6.855308e-02 1.989821e-02 2.610180e-04
6.882390e-02 2.010787e-02 2.583534e-04
6.909471e-02 2.022777e-02 2.584907e-04
6.936552e-02 1.948366e-02 2.569750e-04
6.963634e-02 2.005993e-02 2.587841e-04
6.990715e-02 2.006603e-02 2.597423e-04
7.017796e-02 1.976792e-02 2.530257e-04
7.044878e-02 1.967246e-02 2.560743e-04
7.071959e-02 1.968164e-02 2.540861e-04
7.099041e-02 1.947337e-02 2.560478e-04
7.126123e-02 1.954334e-02 2.533839e-04
7.153204e-02 1.865248e-02 2.529031e-04
7.180285e-02 1.916869e-02 2.524513e-04
7.207367e-02 1.899260e-02 2.533526e-04
7.234448e-02 1.922227e-02 2.522945e-04
7.261530e-02 1.876060e-02 2.520443e-04
7.288611e-02 1.860930e-02 2.492878e-04
7.315692e-02 1.845597e-02 2.511018e-04
7.342774e-02 1.921442e-02 2.523461e-04
7.369855e-02 1.815087e-02 2.493997e-04
7.396936e-02 1.875250e-02 2.492539e-04
7.424019e-02 1.842807e-02 2.525984e-04
7.451100e-02 1.855140e-02 2.481961e-04
7.478181e-02 1.824815e-02 2.493658e-04
7.505263e-02 1.763244e-02 2.452809e-04
7.532344e-02 1.819732e-02 2.502361e-04
7.559425e-02 1.803415e-02 2.449244e-04
7.586507e-02 1.810458e-02 2.481054e-04
7.613588e-02 1.774722e-02 2.459052e-04
7.640669e-02 1.751691e-02 2.439495e-04
7.667751e-02 1.756162e-02 2.435584e-04
7.694832e-02 1.782733e-02 2.464023e-04
7.721914e-02 1.710858e-02 2.440889e-04
7.748996e-02 1.749287e-02 2.461800e-04
7.776077e-02 1.730176e-02 2.418893e-04
7.803158e-02 1.720071e-02 2.427787e-04
7.830240e-02 1.671963e-02 2.427188e-04
7.857321e-02 1.739474e-02 2.429602e-04
7.884403e-02 1.717291e-02 2.407036e-04
7.911484e-02 1.662851e-02 2.394653e-04
7.938565e-02 1.672650e-02 2.416633e-04
7.965647e-02 1.648192e-02 2.382575e-04
7.992728e-02 1.665073e-02 2.379748e-04
8.019809e-02 1.665863e-02 2.388580e-04
8.046892e-02 1.628397e-02 2.367162e-04
8.073973e-02 1.665336e-02 2.398131e-04
8.101054e-02 1.599571e-02 2.367413e-04
8.128136e-02 1.578952e-02 2.366424e-04
8.155217e-02 1.539064e-02 2.354539e-04
8.182298e-02 1.566728e-02 2.346444e-04
8.209380e-02 1.553406e-02 2.363463e-04
8.236461e-02 1.589332e-02 2.353307e-04
8.263543e-02 1.579500e-02 2.348201e-04
8.290624e-02 1.613969e-02 2.352074e-04
8.317705e-02 1.557621e-02 2.317206e-04
8.344787e-02 1.563790e-02 2.349114e-04
8.371869e-02 1.527030e-02 2.341495e-04
8.398950e-02 1.563618e-02 2.323552e-04
8.426031e-02 1.490027e-02 2.323259e-04
8.453113e-02 1.485094e-02 2.302927e-04
8.480194e-02 1.528324e-02 2.315011e-04
8.507276e-02 1.451536e-02 2.320477e-04
8.534357e-02 1.494232e-02 2.310883e-04
8.561438e-02 1.509744e-02 2.290663e-04
8.588520e-02 1.459961e-02 2.285437e-04
8.615601e-02 1.444948e-02 2.282818e-04
8.642682e-02 1.499907e-02 2.276806e-04
8.669765e-02 1.446836e-02 2.273311e-04
8.696846e-02 1.438642e-02 2.270744e-04
8.723927e-02 1.451135e-02 2.268056e-04
8.751009e-02 1.415797e-02 2.268511e-04
8.778090e-02 1.446013e-02 2.244872e-04
8.805171e-02 1.415334e-02 2.257780e-04
8.832253e-02 1.435322e-02 2.265695e-04
8.859334e-02 1.366515e-02 2.247909e-04
8.886416e-02 1.395214e-02 2.245122e-04
8.913497e-02 1.344237e-02 2.239793e-04
8.940578e-02 1.361047e-02 2.238645e-04
8.967660e-02 1.395616e-02 2.241750e-04
8.994742e-02 1.397677e-02 2.258034e-04
9.021823e-02 1.348313e-02 2.230001e-04
9.048904e-02 1.337765e-02 2.230133e-04
9.075986e-02 1.363518e-02 2.228756e-04
9.103067e-02 1.352495e-02 2.216852e-04
9.130149e-02 1.386380e-02 2.219750e-04
9.157230e-02 1.311850e-02 2.210892e-04
9.184311e-02 1.335157e-02 2.234166e-04
9.211393e-02 1.290654e-02 2.204306e-04
9.238474e-02 1.304031e-02 2.182038e-04
9.265555e-02 1.351981e-02 2.222903e-04
9.292637e-02 1.342170e-02 2.194138e-04
9.319719e-02 1.281528e-02 2.214524e-04
9.346800e-02 1.294224e-02 2.188039e-04
9.373882e-02 1.322387e-02 2.178465e-04
9.400963e-02 1.305492e-02 2.186196e-04
9.428044e-02 1.283376e-02 2.177759e-04
9.455126e-02 1.268248e-02 2.183470e-04
9.482207e-02 1.262655e-02 2.166456e-04
9.509289e-02 1.256008e-02 2.160966e-04
9.536370e-02 1.228511e-02 2.189635e-04
9.563451e-02 1.252739e-02 2.146272e-04
9.590533e-02 1.184698e-02 2.166129e-04
9.617615e-02 1.216930e-02 2.147354e-04
9.644696e-02 1.232647e-02 2.154908e-04
9.671777e-02 1.203637e-02 2.149666e-04
9.698859e-02 1.188190e-02 2.127728e-04
9.725940e-02 1.225612e-02 2.144135e-04
9.753022e-02 1.193920e-02 2.118999e-04
9.780103e-02 1.215802e-02 2.157299e-04
9.807184e-02 1.195529e-02 2.116430e-04
9.834266e-02 1.170299e-02 2.130212e-04
9.861347e-02 1.189358e-02 2.135038e-04
9.888428e-02 1.161812e-02 2.092299e-04
9.915510e-02 1.156134e-02 2.111698e-04
9.942592e-02 1.165595e-02 2.109706e-04
9.969673e-02 1.150986e-02 2.123301e-04
9.996755e-02 1.105878e-02 2.112894e-04
1.002384e-01 1.186164e-02 2.096751e-04
1.005092e-01 1.166242e-02 2.110397e-04
1.007800e-01 1.104038e-02 2.102118e-04
1.010508e-01 1.110484e-02 2.091840e-04
1.013216e-01 1.102852e-02 2.098941e-04
1.015924e-01 1.132741e-02 2.084265e-04
1.018632e-01 1.087600e-02 2.102600e-04
1.021341e-01 1.117146e-02 2.072810e-04
1.024049e-01 1.117507e-02 2.092774e-04
1.026757e-01 1.087602e-02 2.079108e-04
1.029465e-01 1.058702e-02 2.066660e-04
1.032173e-01 1.111342e-02 2.070699e-04
1.034881e-01 1.038157e-02 2.054384e-04
1.037589e-01 1.075455e-02 2.062519e-04
1.040298e-01 1.113832e-02 2.045844e-04
1.043006e-01 1.093656e-02 2.068701e-04
1.045714e-01 1.080554e-02 2.056069e-04
1.048422e-01 1.073695e-02 2.049220e-04
1.051130e-01 1.048198e-02 2.054860e-04
1.053838e-01 1.037728e-02 2.059468e-04
1.056546e-01 1.056942e-02 2.044676e-04
1.059255e-01 1.055279e-02 2.049946e-04
1.061963e-01 1.083623e-02 2.049262e-04
1.064671e-01 1.064388e-02 2.052121e-04
1.067379e-01 1.043249e-02 2.035822e-04
1.070087e-01 1.011159e-02 2.043377e-04
1.072795e-01 1.000327e-02 2.016660e-04
1.075503e-01 9.971069e-03 2.040714e-04
1.078212e-01 9.940911e-03 2.025157e-04
1.080920e-01 1.016181e-02 2.004875e-04
1.083628e-01 1.018063e-02 2.013202e-04
1.086336e-01 1.014567e-02 2.014906e-04
1.089044e-01 9.782119e-03 2.017926e-04
1.091752e-01 9.839088e-03 2.010268e-04
1.094460e-01 9.824721e-03 1.993271e-04
1.097169e-01 9.401390e-03 2.017519e-04
1.099877e-01 9.897221e-03 2.004226e-04
1.102585e-01 9.316940e-03 2.013049e-04
1.105293e-01 9.495581e-03 2.017383e-04
1.108001e-01 9.590851e-03 2.050783e-04
1.110709e-01 9.566529e-03 2.066288e-04
1.113417e-01 9.856950e-03 2.048813e-04
1.116126e-01 9.856991e-03 2.079411e-04
1.118834e-01 9.393459e-03 2.073427e-04
1.121542e-01 9.472299e-03 2.076968e-04
1.124250e-01 9.623000e-03 2.107598e-04
1.126958e-01 9.234400e-03 2.116945e-04
1.129666e-01 9.237701e-03 2.126870e-04
1.132374e-01 9.309910e-03 2.140891e-04
1.135083e-01 9.012898e-03 2.187017e-04
1.137791e-01 9.130601e-03 2.183449e-04
1.140499e-01 9.079639e-03 2.171605e-04
1.143207e-01 9.279842e-03 2.200893e-04
1.145915e-01 9.113180e-03 2.216617e-04
1.148623e-01 9.063719e-03 2.228572e-04
1.151332e-01 9.120019e-03 2.217313e-04
1.154040e-01 8.456821e-03 2.253472e-04
1.156748e-01 8.916020e-03 2.262373e-04
1.159456e-01 8.855050e-03 2.270679e-04
1.162164e-01 9.000789e-03 2.287475e-04
1.164872e-01 8.897670e-03 2.268956e-04
1.167580e-01 8.487970e-03 2.313128e-04
1.170288e-01 8.419652e-03 2.318690e-04
1.172997e-01 8.576728e-03 2.316969e-04
1.175705e-01 8.940872e-03 2.323774e-04
1.178413e-01 8.080570e-03 2.339887e-04
1.181121e-01 8.796688e-03 2.305906e-04
1.183829e-01 8.680621e-03 2.253787e-04
1.186537e-01 8.264590e-03 2.281895e-04
1.189246e-01 8.253291e-03 2.261779e-04
1.191954e-01 8.401949e-03 2.262889e-04
1.194662e-01 8.188339e-03 2.251973e-04
1.197370e-01 8.353269e-03 2.230154e-04
1.200078e-01 8.491859e-03 2.246416e-04
1.202786e-01 8.281698e-03 2.216279e-04
1.205494e-01 8.097481e-03 2.249341e-04
1.208202e-01 8.061528e-03 2.231136e-04
1.210911e-01 8.087061e-03 2.221335e-04
1.213619e-01 8.358439e-03 2.249888e-04
1.216327e-01 8.381100e-03 2.230974e-04
1.219035e-01 7.959869e-03 2.219362e-04
1.221743e-01 7.996118e-03 2.224292e-04
1.224451e-01 7.611778e-03 2.225556e-04
1.227160e-01 7.870542e-03 2.259779e-04
1.229868e-01 7.833170e-03 2.222087e-04
1.232576e-01 8.204563e-03 2.231674e-04
1.235284e-01 7.627821e-03 2.233842e-04
1.237992e-01 7.976381e-03 2.219966e-04
1.240700e-01 7.739440e-03 2.217112e-04
1.243408e-01 8.235589e-03 2.217428e-04
1.246117e-01 7.834379e-03 2.212172e-04
1.248825e-01 7.758569e-03 2.212668e-04
1.251533e-01 7.528720e-03 2.200632e-04
1.254241e-01 7.719738e-03 2.214324e-04
1.256949e-01 7.520061e-03 2.178797e-04
1.259657e-01 7.512329e-03 2.190289e-04
1.262365e-01 6.993078e-03 2.186144e-04
1.265074e-01 7.770780e-03 2.177403e-04
1.267782e-01 7.639501e-03 2.182204e-04
1.270490e-01 7.676240e-03 2.168737e-04
1.273198e-01 7.242350e-03 2.179588e-04
1.275906e-01 7.528609e-03 2.163259e-04
1.278614e-01 7.206511e-03 2.164075e-04
1.281322e-01 7.035911e-03 2.169585e-04
1.284031e-01 7.040611e-03 2.148158e-04
1.286739e-01 6.995512e-03 2.160542e-04
1.289447e-01 7.351588e-03 2.156945e-04
1.292155e-01 6.721769e-03 2.157774e-04
1.294863e-01 6.989751e-03 2.153443e-04
1.297571e-01 6.874198e-03 2.137041e-04
1.300279e-01 7.090749e-03 2.142701e-04
1.302988e-01 7.062759e-03 2.142512e-04
1.305696e-01 6.931778e-03 2.129612e-04
1.308404e-01 6.917480e-03 2.126019e-04
1.311112e-01 7.473098e-03 2.158151e-04
1.313820e-01 7.354630e-03 2.141208e-04
1.316528e-01 7.134989e-03 2.163778e-04
1.319236e-01 6.815769e-03 2.134247e-04
1.321945e-01 7.010421e-03 2.136780e-04
1.324653e-01 6.728869e-03 2.144866e-04
1.327361e-01 6.957851e-03 2.134302e-04
1.330069e-01 6.943388e-03 2.146874e-04
1.332777e-01 6.806940e-03 2.133094e-04
1.335485e-01 6.911332e-03 2.118279e-04
1.338193e-01 6.927140e-03 2.143117e-04
1.340902e-01 6.627519e-03 2.120229e-04
1.343610e-01 6.783528e-03 2.131567e-04
1.346318e-01 6.528331e-03 2.123624e-04
1.349026e-01 6.064909e-03 2.098171e-04
1.351734e-01 6.762952e-03 2.109200e-04
1.354442e-01 6.594621e-03 2.097508e-04
1.357151e-01 6.205318e-03 2.113500e-04
1.359859e-01 6.478181e-03 2.094580e-04
1.362567e-01 6.398680e-03 2.102743e-04
1.365275e-01 6.291591e-03 2.107500e-04
1.367983e-01 6.266721e-03 2.067209e-04
1.370691e-01 6.296521e-03 2.109605e-04
1.373399e-01 6.417701e-03 2.127161e-04
1.376107e-01 6.003261e-03 2.152276e-04
1.378816e-01 6.239500e-03 2.179611e-04
1.381524e-01 5.593508e-03 2.172709e-04
1.384232e-01 6.285641e-03 2.200245e-04
1.386940e-01 6.457480e-03 2.185147e-04
1.389648e-01 5.792780e-03 2.205432e-04
1.392356e-01 5.970070e-03 2.244465e-04
1.395064e-01 6.364200e-03 2.228332e-04
1.397773e-01 6.504141e-03 2.234342e-04
1.400481e-01 6.271848e-03 2.227034e-04
1.403189e-01 5.898500e-03 2.261835e-04
1.405897e-01 5.806519e-03 2.277900e-04
1.408605e-01 5.886812e-03 2.262242e-04
1.411313e-01 6.049749e-03 2.285453e-04
1.414021e-01 6.289700e-03 2.281382e-04
1.416730e-01 6.183160e-03 2.315598e-04
1.419438e-01 6.057318e-03 2.286010e-04
1.422146e-01 5.869649e-03 2.314098e-04
1.424854e-01 5.745841e-03 2.307647e-04
1.427562e-01 6.177099e-03 2.301865e-04
1.430270e-01 6.029051e-03 2.295041e-04
1.432979e-01 5.826650e-03 2.301139e-04
1.435687e-01 5.764470e-03 2.307179e-04
1.438395e-01 6.151041e-03 2.334527e-04
1.441103e-01 5.972659e-03 2.337047e-04
1.443811e-01 6.100789e-03 2.342902e-04
1.446519e-01 5.585179e-03 2.330860e-04
1.449227e-01 5.918918e-03 2.362430e-04
1.451935e-01 6.215461e-03 2.350325e-04
1.454644e-01 5.878828e-03 2.349446e-04
1.457352e-01 5.156921e-03 2.402880e-04
1.460060e-01 5.769841e-03 2.348497e-04
1.462768e-01 5.756211e-03 2.383786e-04
1.465476e-01 5.523669e-03 2.390506e-04
1.468184e-01 5.523648e-03 2.417711e-04
1.470892e-01 5.610570e-03 2.396222e-04
1.473601e-01 5.468760e-03 2.388301e-04
1.476309e-01 5.168620e-03 2.395556e-04
1.479017e-01 5.495870e-03 2.386105e-04
1.481725e-01 5.699951e-03 2.420398e-04
1.484433e-01 5.424460e-03 2.370834e-04
1.487141e-01 5.206859e-03 2.371118e-04
1.489850e-01 5.457371e-03 2.373443e-04
1.492558e-01 5.369771e-03 2.375411e-04
1.495266e-01 5.470028e-03 2.391536e-04
1.497974e-01 5.181458e-03 2.343668e-04
1.500682e-01 5.178329e-03 2.382193e-04
1.503390e-01 4.993200e-03 2.385661e-04
1.506098e-01 5.192000e-03 2.360877e-04
1.508806e-01 5.728591e-03 2.366223e-04
1.511515e-01 5.450871e-03 2.365456e-04
1.514223e-01 5.532539e-03 2.384026e-04
1.516931e-01 5.121661e-03 2.363863e-04
1.519639e-01 5.261749e-03 2.352018e-04
1.522347e-01 5.173700e-03 2.371749e-04
1.525055e-01 5.285669e-03 2.373590e-04
1.527763e-01 4.966149e-03 2.393499e-04
1.530472e-01 5.281478e-03 2.350528e-04
1.533180e-01 4.900120e-03 2.383421e-04
1.535888e-01 5.104210e-03 2.390948e-04
1.538596e-01 5.064839e-03 2.371339e-04
1.541304e-01 4.911521e-03 2.378544e-04
1.544012e-01 4.554190e-03 2.371628e-04
1.546721e-01 4.913950e-03 2.394993e-04
1.549429e-01 4.883680e-03 2.394784e-04
1.552137e-01 4.914921e-03 2.359254e-04
1.554845e-01 5.517788e-03 2.368731e-04
1.557553e-01 4.978891e-03 2.371438e-04
1.560261e-01 5.050618e-03 2.380481e-04
1.562969e-01 4.858550e-03 2.382000e-04
1.565678e-01 5.014211e-03 2.365372e-04
1.568386e-01 4.920211e-03 2.394692e-04
1.571094e-01 4.494369e-03 2.402965e-04
1.573802e-01 4.806710e-03 2.402283e-04
1.576510e-01 4.697351e-03 2.384069e-04
1.579218e-01 4.988799e-03 2.378160e-04
1.581926e-01 4.832100e-03 2.375970e-04
1.584634e-01 5.332861e-03 2.377607e-04
1.587343e-01 4.725391e-03 2.383302e-04
1.590051e-01 4.507899e-03 2.369488e-04
1.592759e-01 4.843190e-03 2.361350e-04
1.595467e-01 5.003359e-03 2.356246e-04
1.598175e-01 4.408360e-03 2.365303e-04
1.600883e-01 4.384179e-03 2.359760e-04
1.603591e-01 4.410550e-03 2.353048e-04
1.606300e-01 4.607009e-03 2.357318e-04
1.609008e-01 4.211890e-03 2.346118e-04
1.611716e-01 4.468309e-03 2.358509e-04
1.614424e-01 4.499322e-03 2.340521e-04
1.617132e-01 4.745409e-03 2.357314e-04
1.619840e-01 4.414801e-03 2.358408e-04
1.622549e-01 4.457181e-03 2.351724e-04
1.625257e-01 4.445082e-03 2.346156e-04
1.627965e-01 4.434459e-03 2.334723e-04
1.630673e-01 4.785249e-03 2.346909e-04
1.633381e-01 4.402710e-03 2.347241e-04
1.636089e-01 4.112219e-03 2.325032e-04
1.638797e-01 4.585389e-03 2.373885e-04
1.641506e-01 4.110761e-03 2.345168e-04
1.644214e-01 4.636001e-03 2.332055e-04
1.646922e-01 4.553812e-03 2.343844e-04
1.649630e-01 4.411731e-03 2.348044e-04
1.652338e-01 4.158741e-03 2.341593e-04
1.655046e-01 4.461048e-03 2.358293e-04
1.657754e-01 4.634570e-03 2.336819e-04
1.660462e-01 3.590269e-03 2.354665e-04
1.663171e-01 4.421700e-03 2.366333e-04
1.665879e-01 4.113439e-03 2.332586e-04
1.668587e-01 4.624778e-03 2.365447e-04
1.671295e-01 4.226161e-03 2.365206e-04
1.674003e-01 4.309308e-03 2.347891e-04
1.676711e-01 4.029080e-03 2.407283e-04
1.679420e-01 4.267801e-03 2.465791e-04
1.682128e-01 4.303681e-03 2.496169e-04
1.684836e-01 4.177440e-03 2.529284e-04
1.687544e-01 3.955010e-03 2.530691e-04
1.690252e-01 4.260439e-03 2.562909e-04
1.692960e-01 4.579499e-03 2.563535e-04
1.695668e-01 4.286399e-03 2.612825e-04
1.698377e-01 4.465530e-03 2.613191e-04
1.701085e-01 4.739389e-03 2.641965e-04
1.703793e-01 4.211258e-03 2.665626e-04
1.706501e-01 4.051602e-03 2.666030e-04
1.709209e-01 3.956679e-03 2.689854e-04
1.711917e-01 3.713051e-03 2.690819e-04
1.714625e-01 4.039992e-03 2.740745e-04
1.717333e-01 4.001118e-03 2.763108e-04
1.720042e-01 3.966169e-03 2.765645e-04
1.722750e-01 4.138790e-03 2.800622e-04
1.725458e-01 3.607851e-03 2.812372e-04
1.728166e-01 3.817599e-03 2.834736e-04
1.730874e-01 3.653070e-03 2.862975e-04
1.733582e-01 4.159240e-03 2.844302e-04
1.736291e-01 3.628230e-03 2.915885e-04
1.738999e-01 4.551070e-03 2.873000e-04
1.741707e-01 4.547609e-03 2.938072e-04
1.744415e-01 4.081558e-03 2.913076e-04
1.747123e-01 4.113942e-03 2.943238e-04
1.749831e-01 3.953660e-03 2.831516e-04
1.752539e-01 4.343748e-03 2.779385e-04
1.755248e-01 3.349630e-03 2.762748e-04
1.757956e-01 3.948769e-03 2.722583e-04
1.760664e-01 3.953248e-03 2.732039e-04
1.763372e-01 3.564281e-03 2.729173e-04
1.766080e-01 4.197828e-03 2.744805e-04
1.768788e-01 3.514670e-03 2.716554e-04
1.771496e-01 3.953800e-03 2.660415e-04
1.774205e-01 3.609661e-03 2.714280e-04
1.776913e-01 4.105922e-03 2.658507e-04
1.779621e-01 3.429409e-03 2.633123e-04
1.782329e-01 3.027789e-03 2.650223e-04
1.785037e-01 3.717579e-03 2.587694e-04
1.787745e-01 3.588032e-03 2.636127e-04
1.790453e-01 3.262121e-03 2.615247e-04
1.793161e-01 3.695441e-03 2.592390e-04
1.795870e-01 3.502570e-03 2.599866e-04
1.798578e-01 3.680300e-03 2.571296e-04
1.801286e-01 3.083020e-03 2.618786e-04
1.803994e-01 3.639640e-03 2.551863e-04
1.806702e-01 3.532721e-03 2.577834e-04
1.809410e-01 3.647670e-03 2.563607e-04
1.812119e-01 3.509199e-03 2.569194e-04
1.814827e-01 3.627520e-03 2.559581e-04
1.817535e-01 3.459001e-03 2.543378e-04
1.820243e-01 3.458751e-03 2.560028e-04
1.822951e-01 3.430730e-03 2.550493e-04
1.825659e-01 3.104931e-03 2.520764e-04
1.828367e-01 3.226990e-03 2.565884e-04
1.831076e-01 3.030149e-03 2.506561e-04
1.833784e-01 3.305061e-03 2.558927e-04
1.836492e-01 3.088010e-03 2.529681e-04
1.839200e-01 3.672151e-03 2.540300e-04
1.841908e-01 2.914511e-03 2.516132e-04
1.844616e-01 3.541181e-03 2.503731e-04
1.847324e-01 3.712619e-03 2.532542e-04
1.850033e-01 3.532281e-03 2.512359e-04
1.852741e-01 3.399089e-03 2.548863e-04
1.855449e-01 3.506530e-03 2.523307e-04
1.858157e-01 3.268259e-03 2.534941e-04
1.860865e-01 3.340950e-03 2.539583e-04
1.863573e-01 3.525129e-03 2.497538e-04
1.866281e-01 3.268579e-03 2.537133e-04
1.868990e-01 3.085569e-03 2.505733e-04
1.871698e-01 3.575979e-03 2.532634e-04
1.874406e-01 3.728319e-03 2.522815e-04
1.877114e-01 3.942100e-03 2.494842e-04
1.879822e-01 2.933430e-03 2.505137e-04
1.882530e-01 3.189269e-03 2.481967e-04
1.885238e-01 3.352670e-03 2.516215e-04
1.887947e-01 3.236461e-03 2.521527e-04
1.890655e-01 3.768340e-03 2.519507e-04
1.893363e-01 3.109200e-03 2.520865e-04
1.896071e-01 3.571520e-03 2.463483e-04
1.898779e-01 3.223600e-03 2.499695e-04
1.901487e-01 2.819981e-03 2.490484e-04
1.904195e-01 3.195811e-03 2.507229e-04
1.906904e-01 3.167169e-03 2.529589e-04
1.909612e-01 3.150940e-03 2.464527e-04
1.912320e-01 3.218440e-03 2.513266e-04
1.915028e-01 3.157070e-03 2.470954e-04
1.917736e-01 3.838459e-03 2.486148e-04
1.920444e-01 3.059339e-03 2.477521e-04
1.923153e-01 3.002480e-03 2.500835e-04
1.925861e-01 2.515310e-03 2.501433e-04
1.928569e-01 3.174730e-03 2.480425e-04
1.931277e-01 3.395211e-03 2.483205e-04
1.933985e-01 3.433030e-03 2.487829e-04
1.936693e-01 3.094150e-03 2.489530e-04
1.939401e-01 2.899090e-03 2.494914e-04
1.942109e-01 3.005160e-03 2.471243e-04
1.944818e-01 3.458990e-03 2.489727e-04
1.947526e-01 3.228251e-03 2.479468e-04
1.950234e-01 3.319550e-03 2.492962e-04
1.952942e-01 3.295010e-03 2.474845e-04
1.955650e-01 2.865799e-03 2.489311e-04
1.958358e-01 3.062710e-03 2.505129e-04
1.961066e-01 2.983451e-03 2.489202e-04
1.963775e-01 2.573149e-03 2.467123e-04
1.966483e-01 2.738601e-03 2.471055e-04
1.969191e-01 2.944300e-03 2.473467e-04
1.971899e-01 2.959121e-03 2.486361e-04
1.974607e-01 2.578821e-03 2.481260e-04
1.977315e-01 2.964931e-03 2.491862e-04
1.980023e-01 3.104649e-03 2.461265e-04
1.982732e-01 2.954392e-03 2.468804e-04
1.985440e-01 2.686558e-03 2.477768e-04
1.988148e-01 3.168490e-03 2.486392e-04
1.990856e-01 2.870830e-03 2.469013e-04
1.993564e-01 2.907671e-03 2.465403e-04
1.996272e-01 3.091389e-03 2.493543e-04
1.998980e-01 3.287161e-03 2.455669e-04
2.001689e-01 2.782391e-03 2.450330e-04
2.004397e-01 2.771609e-03 2.441855e-04
2.007105e-01 2.568820e-03 2.446483e-04
2.009813e-01 2.963001e-03 2.452378e-04
2.012521e-01 2.731860e-03 2.444282e-04
2.015229e-01 2.910670e-03 2.442547e-04
2.017937e-01 2.924800e-03 2.456667e-04
2.020646e-01 2.739619e-03 2.454826e-04
2.023354e-01 3.015669e-03 2.444742e-04
2.026062e-01 2.767729e-03 2.430417e-04
2.028770e-01 2.852550e-03 2.452096e-04
2.031478e-01 2.996700e-03 2.425387e-04
2.034186e-01 2.929300e-03 2.449966e-04
2.036894e-01 2.937131e-03 2.419782e-04
2.039603e-01 3.167270e-03 2.443199e-04
2.042311e-01 2.840409e-03 2.437804e-04
2.045019e-01 2.775230e-03 2.413279e-04
2.047727e-01 2.966288e-03 2.409043e-04
2.050435e-01 2.466710e-03 2.413251e-04
2.053143e-01 2.413841e-03 2.407804e-04
2.055852e-01 2.971219e-03 2.423576e-04
2.058560e-01 3.055770e-03 2.402412e-04
2.061268e-01 2.358379e-03 2.394953e-04
2.063976e-01 2.744969e-03 2.417233e-04
2.066684e-01 2.541259e-03 2.392078e-04
2.069392e-01 2.777660e-03 2.402075e-04
2.072100e-01 2.330089e-03 2.409700e-04
2.074808e-01 2.400139e-03 2.405638e-04
2.077517e-01 2.949258e-03 2.377541e-04
2.080225e-01 3.030280e-03 2.404086e-04
2.082933e-01 3.042610e-03 2.384910e-04
2.085641e-01 2.529750e-03 2.403133e-04
2.088349e-01 3.131930e-03 2.427001e-04
2.091057e-01 3.134800e-03 2.387541e-04
2.093765e-01 2.913421e-03 2.396962e-04
2.096474e-01 2.900550e-03 2.399341e-04
2.099182e-01 2.451751e-03 2.422064e-04
2.101890e-01 2.806270e-03 2.398110e-04
2.104598e-01 3.034029e-03 2.390054e-04
2.107306e-01 2.883181e-03 2.397810e-04
2.110014e-01 2.960829e-03 2.401118e-04
2.112723e-01 2.395540e-03 2.417137e-04
2.115431e-01 2.284400e-03 2.391427e-04
2.118139e-01 2.502859e-03 2.396060e-04
2.120847e-01 2.273059e-03 2.412911e-04
2.123555e-01 2.528049e-03 2.412654e-04
2.126263e-01 2.699880e-03 2.355341e-04
2.128971e-01 2.835210e-03 2.392577e-04
2.131680e-01 2.742130e-03 2.418328e-04
2.134388e-01 3.056841e-03 2.395604e-04
2.137096e-01 2.439350e-03 2.391547e-04
2.139804e-01 2.446819e-03 2.392047e-04
2.142512e-01 2.815371e-03 2.385244e-04
2.145220e-01 2.669571e-03 2.395192e-04
2.147928e-01 2.472389e-03 2.389498e-04
2.150636e-01 2.622280e-03 2.396116e-04
2.153345e-01 2.777170e-03 2.392018e-04
2.156053e-01 2.428349e-03 2.388887e-04
2.158761e-01 2.588011e-03 2.418108e-04
2.161469e-01 2.986170e-03 2.405966e-04
2.164177e-01 1.956830e-03 2.396963e-04
2.166885e-01 3.199151e-03 2.380704e-04
2.169593e-01 2.861978e-03 2.394782e-04
2.172302e-01 2.306109e-03 2.406058e-04
2.175010e-01 2.819449e-03 2.382586e-04
2.177718e-01 2.065010e-03 2.370909e-04
2.180426e-01 2.169240e-03 2.386689e-04
2.183134e-01 2.319990e-03 2.378036e-04
2.185842e-01 2.567260e-03 2.364729e-04
2.188551e-01 3.027251e-03 2.375375e-04
2.191259e-01 2.561310e-03 2.377614e-04
2.193967e-01 2.920089e-03 2.343246e-04
2.196675e-01 2.870489e-03 2.381272e-04
2.199383e-01 2.408151e-03 2.370462e-04
2.202091e-01 2.335431e-03 2.357270e-04
2.204799e-01 1.969140e-03 2.342857e-04
2.207507e-01 2.372749e-03 2.367135e-04
2.210216e-01 2.518969e-03 2.364026e-04
2.212924e-01 2.557011e-03 2.364482e-04
2.215632e-01 2.503939e-03 2.350952e-04
2.218340e-01 2.476688e-03 2.361688e-04
2.221048e-01 2.309671e-03 2.356147e-04
2.223756e-01 2.705909e-03 2.333679e-04
2.226464e-01 2.163429e-03 2.339417e-04
2.229173e-01 2.116831e-03 2.350143e-04
2.231881e-01 2.538530e-03 2.342178e-04
2.234589e-01 2.414541e-03 2.317012e-04
2.237297e-01 2.365410e-03 2.328533e-04
2.240005e-01 2.284130e-03 2.319275e-04
2.242713e-01 2.352038e-03 2.317053e-04
2.245422e-01 2.366740e-03 2.336490e-04
2.248130e-01 2.715960e-03 2.352419e-04
2.250838e-01 2.577819e-03 2.316136e-04
2.253546e-01 2.327280e-03 2.343211e-04
2.256254e-01 2.612470e-03 2.332719e-04
2.258962e-01 2.491381e-03 2.344507e-04
2.261670e-01 2.255199e-03 2.450972e-04
2.264379e-01 2.282601e-03 2.468023e-04
2.267087e-01 2.479590e-03 2.505986e-04
2.269795e-01 2.310500e-03 2.543126e-04
2.272503e-01 2.329070e-03 2.564696e-04
2.275211e-01 2.643500e-03 2.587779e-04
2.277919e-01 2.705589e-03 2.606578e-04
2.280627e-01 2.305381e-03 2.646218e-04
2.283335e-01 2.265690e-03 2.682300e-04
2.286044e-01 2.846722e-03 2.678461e-04
2.288752e-01 2.434250e-03 2.716978e-04
2.291460e-01 2.223879e-03 2.743250e-04
2.294168e-01 1.880400e-03 2.798914e-04
2.296876e-01 2.604930e-03 2.812945e-04
2.299584e-01 2.561230e-03 2.810002e-04
2.302293e-01 1.910940e-03 2.860766e-04
2.305001e-01 2.096782e-03 2.884719e-04
2.307709e-01 2.977360e-03 2.910153e-04
2.310417e-01 2.055019e-03 2.909027e-04
2.313125e-01 2.471430e-03 2.944192e-04
2.315833e-01 2.229990e-03 2.971312e-04
2.318541e-01 1.242731e-03 2.978144e-04
2.321250e-01 2.822138e-03 3.043049e-04
2.323958e-01 2.601281e-03 3.037170e-04
2.326666e-01 2.347430e-03 3.076799e-04
2.329374e-01 2.933400e-03 3.116536e-04
2.332082e-01 1.417529e-03 3.086313e-04
2.334790e-01 2.416119e-03 3.117647e-04
2.337498e-01 2.360091e-03 3.180417e-04
2.340207e-01 2.303850e-03 3.159596e-04
2.342915e-01 2.715571e-03 3.195160e-04
2.345623e-01 1.453431e-03 3.214776e-04
2.348331e-01 1.899930e-03 3.275666e-04
2.351039e-01 2.146229e-03 3.307280e-04
2.353747e-01 2.090421e-03 3.300905e-04
2.356455e-01 1.874950e-03 3.341638e-04
2.359163e-01 2.051931e-03 3.360789e-04
2.361872e-01 1.920180e-03 3.396782e-04
2.364580e-01 1.945371e-03 3.463827e-04
2.367288e-01 2.255701e-03 3.476003e-04
2.369996e-01 2.452450e-03 3.436686e-04
2.372704e-01 1.748322e-03 3.579562e-04
2.375412e-01 1.946071e-03 3.543719e-04
2.378121e-01 1.556018e-03 3.619537e-04
2.380829e-01 2.043691e-03 3.585511e-04
2.383537e-01 2.385519e-03 3.677312e-04
2.386245e-01 2.290910e-03 3.729640e-04
2.388953e-01 2.981920e-03 3.691907e-04
2.391661e-01 2.353041e-03 3.745099e-04
2.394369e-01 1.942160e-03 3.767196e-04
2.397078e-01 2.200169e-03 3.887527e-04
2.399786e-01 1.999171e-03 3.851106e-04
2.402494e-01 2.522299e-03 3.889933e-04
2.405202e-01 1.997771e-03 3.937753e-04
2.407910e-01 2.463050e-03 4.006234e-04
2.410618e-01 2.238762e-03 3.983247e-04
2.413326e-01 2.103319e-03 4.078043e-04
2.416034e-01 2.580699e-03 4.062547e-04
2.418743e-01 2.898540e-03 4.161807e-04
2.421451e-01 2.621731e-03 4.193378e-04
2.424159e-01 2.121761e-03 4.245208e-04
2.426867e-01 2.040030e-03 4.300574e-04
2.429575e-01 2.056301e-03 4.322251e-04
2.432283e-01 2.253100e-03 4.457242e-04
2.434992e-01 2.985291e-03 4.446340e-04
2.437700e-01 1.220070e-03 4.464173e-04
2.440408e-01 1.467660e-03 4.596766e-04
2.443116e-01 2.381649e-03 4.695343e-04
2.445824e-01 2.289651e-03 4.577334e-04
2.448532e-01 2.036961e-03 4.655068e-04
2.451240e-01 1.766920e-03 4.803877e-04
2.453949e-01 1.934571e-03 4.862823e-04
2.456657e-01 2.320290e-03 4.993333e-04
2.459365e-01 2.597740e-03 5.065567e-04
2.462073e-01 2.159148e-03 5.092744e-04
2.464781e-01 2.258610e-03 5.121073e-04
2.467489e-01 1.887910e-03 5.364752e-04
2.470197e-01 2.272481e-03 5.291314e-04
2.472906e-01 1.465060e-03 5.355477e-04
2.475614e-01 2.721490e-03 5.543504e-04
2.478322e-01 1.862580e-03 5.680728e-04
2.481030e-01 1.979241e-03 5.620783e-04
2.483738e-01 1.545331e-03 5.842158e-04
2.486446e-01 2.074340e-03 6.060130e-04
2.489154e-01 2.043281e-03 6.138273e-04
2.491863e-01 1.257150e-03 6.061011e-04
2.494571e-01 2.358790e-03 6.342943e-04
2.497279e-01 9.257104e-04 6.261135e-04
2.499987e-01 2.056500e-03 6.738049e-04
2.502695e-01 1.621410e-03 6.687410e-04
2.505403e-01 1.222510e-03 6.982686e-04
2.508111e-01 2.062090e-03 6.891667e-04
2.510819e-01 1.676751e-03 7.489873e-04
2.513528e-01 2.647011e-03 7.293572e-04
2.516236e-01 2.529031e-03 7.719519e-04
2.518944e-01 1.667930e-03 7.964285e-04
2.521652e-01 2.415951e-03 8.435890e-04
2.524360e-01 3.037870e-03 8.569131e-04
2.527068e-01 2.126349e-03 8.242745e-04
2.529776e-01 1.039680e-03 8.884002e-04
2.532485e-01 6.783716e-04 8.943164e-04
2.535193e-01 3.913281e-03 9.165979e-04
2.537901e-01 2.614109e-03 9.499649e-04
2.540609e-01 1.209971e-03 9.495721e-04
2.543317e-01 1.922859e-03 1.010559e-03
2.546025e-01 1.618940e-03 1.027629e-03
2.548733e-01 1.920111e-03 1.102606e-03
2.551441e-01 4.180361e-03 1.118832e-03
2.554150e-01 -4.986785e-04 1.192242e-03
2.556858e-01 2.665950e-03 1.162866e-03
2.559566e-01 3.292311e-03 1.301002e-03
2.562274e-01 2.810558e-03 1.393393e-03
2.564982e-01 2.871750e-03 1.473654e-03
2.567690e-01 3.639501e-03 1.647947e-03
2.570398e-01 2.392249e-03 1.877968e-03
2.573107e-01 -2.580540e-03 1.892602e-03
2.575815e-01 5.444001e-03 2.559018e-03
2.578523e-01 -2.068095e-04 3.568181e-03
2.581231e-01 1.449799e-03 5.669554e-03
