3.286826e-03 -6.246090e-03 0.000000e+00
3.557641e-03 -1.526785e-02 9.004497e-02
3.828455e-03 -3.598690e-02 5.580082e-02
4.099269e-03 -4.008389e-02 4.355703e-02
4.370084e-03 -3.217697e-02 3.257430e-02
4.640898e-03 6.866932e-03 2.277432e-02
4.911712e-03 -1.803708e-02 1.929689e-02
5.182527e-03 1.332045e-03 1.503309e-02
5.453341e-03 -6.555915e-03 1.366034e-02
5.724155e-03 -4.598975e-03 1.047380e-02
5.994970e-03 -6.539822e-04 9.293929e-03
6.265784e-03 2.858579e-03 7.556293e-03
6.536598e-03 -9.396732e-03 6.244234e-03
6.807412e-03 -1.192892e-02 5.738284e-03
7.078227e-03 -2.042055e-03 4.870290e-03
7.349041e-03 -1.617789e-03 4.201158e-03
7.619855e-03 3.358305e-03 3.781909e-03
7.890671e-03 5.113304e-03 3.361785e-03
8.161485e-03 5.621910e-03 3.108250e-03
8.432299e-03 8.179784e-03 2.832085e-03
8.703114e-03 8.285493e-03 2.630075e-03
8.973928e-03 7.108092e-03 2.403149e-03
9.244742e-03 6.543577e-03 2.204024e-03
9.515557e-03 5.391791e-03 2.054240e-03
9.786371e-03 6.781697e-03 1.917112e-03
1.005718e-02 9.238392e-03 1.845755e-03
1.032800e-02 7.892102e-03 1.685279e-03
1.059881e-02 1.069981e-02 1.603863e-03
1.086963e-02 8.361012e-03 1.497471e-03
1.114044e-02 9.290308e-03 1.406911e-03
1.141126e-02 9.341598e-03 1.351084e-03
1.168207e-02 9.797290e-03 1.287676e-03
1.195289e-02 1.195469e-02 1.237802e-03
1.222370e-02 8.878201e-03 1.172615e-03
1.249451e-02 9.076297e-03 1.121229e-03
1.276533e-02 9.721503e-03 1.090651e-03
1.303614e-02 1.237191e-02 1.017722e-03
1.330696e-02 1.079363e-02 9.959378e-04
1.357777e-02 9.078234e-03 9.778804e-04
1.384859e-02 1.026427e-02 9.306275e-04
1.411940e-02 1.118398e-02 8.970555e-04
1.439021e-02 1.222865e-02 8.681113e-04
1.466103e-02 1.072326e-02 8.495659e-04
1.493184e-02 1.067910e-02 8.304179e-04
1.520266e-02 1.106932e-02 8.046129e-04
1.547347e-02 1.187962e-02 7.753643e-04
1.574429e-02 1.200997e-02 7.377686e-04
1.601510e-02 1.134181e-02 7.368407e-04
1.628591e-02 1.017080e-02 7.245103e-04
1.655673e-02 1.253257e-02 7.051018e-04
1.682754e-02 1.198234e-02 6.862495e-04
1.709836e-02 1.126211e-02 6.689064e-04
1.736917e-02 1.135303e-02 6.629419e-04
1.763999e-02 1.127125e-02 6.509259e-04
1.791080e-02 1.189169e-02 6.246901e-04
1.818161e-02 1.152001e-02 6.391241e-04
1.845243e-02 1.100150e-02 6.309519e-04
1.872324e-02 1.180017e-02 6.210809e-04
1.899406e-02 1.150840e-02 6.113469e-04
1.926487e-02 1.051165e-02 6.136590e-04
1.953569e-02 1.139227e-02 6.033447e-04
1.980650e-02 9.961132e-03 6.044766e-04
2.007731e-02 1.058923e-02 5.883208e-04
2.034813e-02 1.076015e-02 5.894794e-04
2.061894e-02 1.106982e-02 5.829528e-04
2.088976e-02 1.066560e-02 5.750108e-04
2.116057e-02 1.062240e-02 5.679063e-04
2.143139e-02 1.042736e-02 5.598140e-04
2.170220e-02 1.107394e-02 5.601716e-04
2.197302e-02 1.046013e-02 5.585714e-04
2.224383e-02 1.079322e-02 5.400874e-04
2.251465e-02 9.391420e-03 5.339056e-04
2.278546e-02 1.015884e-02 5.202431e-04
2.305627e-02 9.811290e-03 5.215234e-04
2.332709e-02 1.086080e-02 5.095021e-04
2.359790e-02 1.077281e-02 4.983336e-04
2.386872e-02 1.011783e-02 4.965963e-04
2.413953e-02 1.079613e-02 4.850710e-04
2.441034e-02 1.057097e-02 4.811045e-04
2.468116e-02 9.803541e-03 4.787544e-04
2.495197e-02 9.947836e-03 4.652316e-04
2.522279e-02 9.325393e-03 4.712594e-04
2.549360e-02 9.947963e-03 4.629405e-04
2.576442e-02 9.734131e-03 4.540008e-04
2.603523e-02 1.030325e-02 4.554100e-04
2.630604e-02 8.789700e-03 4.493739e-04
2.657686e-02 9.532109e-03 4.444898e-04
2.684767e-02 8.937482e-03 4.338673e-04
2.711849e-02 9.109396e-03 4.357432e-04
2.738930e-02 7.996991e-03 4.331401e-04
2.766012e-02 8.998409e-03 4.267653e-04
2.793093e-02 9.255987e-03 4.217939e-04
2.820175e-02 8.845001e-03 4.126550e-04
2.847256e-02 9.469599e-03 4.119490e-04
2.874337e-02 9.185228e-03 4.093549e-04
2.901419e-02 8.828193e-03 3.995642e-04
2.928500e-02 8.098800e-03 3.998608e-04
2.955582e-02 9.209961e-03 3.951083e-04
2.982663e-02 8.142453e-03 3.989748e-04
3.009745e-02 8.328442e-03 3.957172e-04
3.036826e-02 8.868780e-03 3.902387e-04
3.063907e-02 8.589759e-03 3.866237e-04
3.090989e-02 8.103371e-03 3.849340e-04
3.118070e-02 8.529879e-03 3.825050e-04
3.145152e-02 8.102290e-03 3.778739e-04
3.172233e-02 8.368108e-03 3.800929e-04
3.199315e-02 8.268870e-03 3.747112e-04
3.226396e-02 8.938670e-03 3.725657e-04
3.253478e-02 8.571818e-03 3.717201e-04
3.280559e-02 8.016560e-03 3.703225e-04
3.307641e-02 7.772360e-03 3.647432e-04
3.334722e-02 8.081011e-03 3.636774e-04
3.361803e-02 7.706631e-03 3.607736e-04
3.388885e-02 7.823128e-03 3.533463e-04
3.415966e-02 7.685229e-03 3.581145e-04
3.443048e-02 7.472251e-03 3.562741e-04
3.470129e-02 7.381331e-03 3.522907e-04
3.497211e-02 7.573437e-03 3.519309e-04
3.524292e-02 7.492039e-03 3.494646e-04
3.551374e-02 7.322490e-03 3.496503e-04
3.578455e-02 7.692561e-03 3.462208e-04
3.605536e-02 7.792659e-03 3.410980e-04
3.632618e-02 7.587750e-03 3.494155e-04
3.659699e-02 7.040728e-03 3.397283e-04
3.686780e-02 7.148881e-03 3.404610e-04
3.713862e-02 7.771429e-03 3.327500e-04
3.740944e-02 7.234659e-03 3.325852e-04
3.768025e-02 7.230360e-03 3.345297e-04
3.795106e-02 6.948888e-03 3.310806e-04
3.822188e-02 7.443320e-03 3.329830e-04
3.849269e-02 7.461831e-03 3.268882e-04
3.876351e-02 7.188912e-03 3.239122e-04
3.903432e-02 7.498410e-03 3.257440e-04
3.930514e-02 7.154670e-03 3.228000e-04
3.957595e-02 7.327240e-03 3.213323e-04
3.984676e-02 6.576929e-03 3.193383e-04
4.011758e-02 7.321339e-03 3.195587e-04
4.038839e-02 7.087249e-03 3.201795e-04
4.065921e-02 7.079501e-03 3.144866e-04
4.093002e-02 6.754410e-03 3.167399e-04
4.120084e-02 7.558718e-03 3.143722e-04
4.147165e-02 6.980579e-03 3.149312e-04
4.174246e-02 6.457921e-03 3.121444e-04
4.201328e-02 7.056601e-03 3.102493e-04
4.228409e-02 6.643619e-03 3.094392e-04
4.255491e-02 6.214231e-03 3.052862e-04
4.282572e-02 6.363887e-03 3.077939e-04
4.309653e-02 6.356340e-03 3.001314e-04
4.336735e-02 6.660681e-03 3.025467e-04
4.363817e-02 6.237630e-03 3.036202e-04
4.390898e-02 6.807119e-03 3.023778e-04
4.417979e-02 6.079830e-03 3.021563e-04
4.445061e-02 6.168809e-03 2.976830e-04
4.472142e-02 5.699351e-03 2.971141e-04
4.499224e-02 6.393272e-03 2.980786e-04
4.526305e-02 5.965970e-03 2.956369e-04
4.553387e-02 6.252661e-03 2.922893e-04
4.580468e-02 6.125920e-03 2.930800e-04
4.607549e-02 6.546609e-03 2.939917e-04
4.634631e-02 6.414879e-03 2.909010e-04
4.661712e-02 6.304249e-03 2.935332e-04
4.688794e-02 6.044749e-03 2.894287e-04
4.715875e-02 6.199319e-03 2.860344e-04
4.742957e-02 6.141059e-03 2.860689e-04
4.770038e-02 6.215870e-03 2.825406e-04
4.797119e-02 6.271958e-03 2.822054e-04
4.824201e-02 6.108169e-03 2.813909e-04
4.851282e-02 6.123979e-03 2.859582e-04
4.878364e-02 5.567789e-03 2.797466e-04
4.905445e-02 5.462971e-03 2.788610e-04
4.932526e-02 6.298900e-03 2.787012e-04
4.959608e-02 5.629480e-03 2.789502e-04
4.986690e-02 6.011020e-03 2.779598e-04
5.013771e-02 6.123513e-03 2.768175e-04
5.040852e-02 6.252673e-03 2.753324e-04
5.067934e-02 5.618319e-03 2.766893e-04
5.095015e-02 5.844999e-03 2.709043e-04
5.122096e-02 5.488981e-03 2.743948e-04
5.149178e-02 5.499620e-03 2.715451e-04
5.176260e-02 5.337261e-03 2.702568e-04
5.203341e-02 5.571011e-03 2.726803e-04
5.230422e-02 6.452128e-03 2.680681e-04
5.257504e-02 5.853418e-03 2.697937e-04
5.284585e-02 6.166421e-03 2.659626e-04
5.311667e-02 5.496077e-03 2.683159e-04
5.338748e-02 5.759738e-03 2.699549e-04
5.365830e-02 5.623568e-03 2.692235e-04
5.392911e-02 5.567260e-03 2.717921e-04
5.419992e-02 5.835820e-03 2.742904e-04
5.447074e-02 4.822440e-03 2.706279e-04
5.474155e-02 5.104870e-03 2.762187e-04
5.501237e-02 5.319089e-03 2.802246e-04
5.528318e-02 5.483869e-03 2.830552e-04
5.555400e-02 5.152680e-03 2.850526e-04
5.582481e-02 5.034991e-03 2.847523e-04
5.609563e-02 5.272709e-03 2.890661e-04
5.636644e-02 4.805382e-03 2.838320e-04
5.663725e-02 5.138118e-03 2.884354e-04
5.690807e-02 5.125731e-03 2.889276e-04
5.717888e-02 4.985940e-03 2.859113e-04
5.744969e-02 5.198851e-03 2.914635e-04
5.772051e-02 5.481202e-03 2.897759e-04
5.799133e-02 5.187448e-03 2.892898e-04
5.826214e-02 4.907170e-03 2.903301e-04
5.853295e-02 5.249938e-03 2.907327e-04
5.880377e-02 5.091369e-03 2.888167e-04
5.907458e-02 4.833261e-03 2.906430e-04
5.934540e-02 4.528590e-03 2.910366e-04
5.961621e-02 5.753549e-03 2.924260e-04
5.988703e-02 5.107831e-03 2.962530e-04
6.015784e-02 4.853619e-03 2.913359e-04
6.042865e-02 5.129470e-03 2.912655e-04
6.069947e-02 5.490560e-03 2.874641e-04
6.097028e-02 5.114038e-03 2.881405e-04
6.124110e-02 4.940799e-03 2.816612e-04
6.151191e-02 4.483789e-03 2.814214e-04
6.178273e-02 4.777350e-03 2.833356e-04
6.205354e-02 4.385861e-03 2.784971e-04
6.232436e-02 5.110441e-03 2.801179e-04
6.259517e-02 4.407508e-03 2.761066e-04
6.286598e-02 4.620558e-03 2.770564e-04
6.313679e-02 4.676981e-03 2.770209e-04
6.340761e-02 5.063239e-03 2.790491e-04
6.367842e-02 5.055619e-03 2.763742e-04
6.394923e-02 4.976440e-03 2.733170e-04
6.422005e-02 4.835911e-03 2.771123e-04
6.449086e-02 4.350839e-03 2.758233e-04
6.476168e-02 4.566161e-03 2.715652e-04
6.503250e-02 4.595598e-03 2.754611e-04
6.530331e-02 3.880370e-03 2.731873e-04
6.557412e-02 4.494222e-03 2.714632e-04
6.584494e-02 3.910419e-03 2.740487e-04
6.611575e-02 4.109401e-03 2.699589e-04
6.638657e-02 4.284959e-03 2.716613e-04
6.665738e-02 4.331280e-03 2.688808e-04
6.692819e-02 4.419509e-03 2.716881e-04
6.719901e-02 4.166530e-03 2.677405e-04
6.746982e-02 3.909720e-03 2.696141e-04
6.774063e-02 3.660701e-03 2.717147e-04
6.801146e-02 4.369289e-03 2.680752e-04
6.828227e-02 4.165392e-03 2.661276e-04
6.855308e-02 4.039710e-03 2.684474e-04
6.882390e-02 4.078109e-03 2.690060e-04
6.909471e-02 3.939101e-03 2.689399e-04
6.936552e-02 4.034838e-03 2.644403e-04
6.963634e-02 3.866930e-03 2.665108e-04
6.990715e-02 4.216760e-03 2.683090e-04
7.017796e-02 3.876641e-03 2.652012e-04
7.044878e-02 4.457980e-03 2.647800e-04
7.071959e-02 3.650300e-03 2.606508e-04
7.099041e-02 3.765630e-03 2.646976e-04
7.126123e-02 3.897831e-03 2.611103e-04
7.153204e-02 3.715981e-03 2.610856e-04
7.180285e-02 4.048361e-03 2.625594e-04
7.207367e-02 4.266839e-03 2.620379e-04
7.234448e-02 4.713720e-03 2.609210e-04
7.261530e-02 3.680451e-03 2.623466e-04
7.288611e-02 3.465291e-03 2.608657e-04
7.315692e-02 4.352981e-03 2.603376e-04
7.342774e-02 3.659911e-03 2.586536e-04
7.369855e-02 3.391190e-03 2.599528e-04
7.396936e-02 3.851201e-03 2.590673e-04
7.424019e-02 3.990980e-03 2.599466e-04
7.451100e-02 4.058288e-03 2.593186e-04
7.478181e-02 4.127702e-03 2.564824e-04
7.505263e-02 3.798122e-03 2.574313e-04
7.532344e-02 3.382422e-03 2.598616e-04
7.559425e-02 4.097778e-03 2.571927e-04
7.586507e-02 3.978159e-03 2.562766e-04
7.613588e-02 4.082182e-03 2.586824e-04
7.640669e-02 3.599960e-03 2.541723e-04
7.667751e-02 3.531579e-03 2.570710e-04
7.694832e-02 3.552210e-03 2.559827e-04
7.721914e-02 3.416298e-03 2.542827e-04
7.748996e-02 3.593409e-03 2.559760e-04
7.776077e-02 3.212510e-03 2.529154e-04
7.803158e-02 3.977079e-03 2.552859e-04
7.830240e-02 3.690362e-03 2.545946e-04
7.857321e-02 3.637940e-03 2.510981e-04
7.884403e-02 3.270349e-03 2.530500e-04
7.911484e-02 3.062289e-03 2.517190e-04
7.938565e-02 3.473381e-03 2.532595e-04
7.965647e-02 3.540322e-03 2.501024e-04
7.992728e-02 3.636580e-03 2.514195e-04
8.019809e-02 3.418820e-03 2.486170e-04
8.046892e-02 3.163001e-03 2.501379e-04
8.073973e-02 3.303941e-03 2.511206e-04
8.101054e-02 3.529331e-03 2.499353e-04
8.128136e-02 3.250200e-03 2.487115e-04
8.155217e-02 3.025910e-03 2.509285e-04
8.182298e-02 3.003322e-03 2.470522e-04
8.209380e-02 3.490670e-03 2.479549e-04
8.236461e-02 3.425870e-03 2.463834e-04
8.263543e-02 3.114192e-03 2.470339e-04
8.290624e-02 2.974158e-03 2.475059e-04
8.317705e-02 3.302362e-03 2.447600e-04
8.344787e-02 3.392400e-03 2.481921e-04
8.371869e-02 3.629109e-03 2.484238e-04
8.398950e-02 2.771558e-03 2.457912e-04
8.426031e-02 2.583429e-03 2.461751e-04
8.453113e-02 3.391409e-03 2.451481e-04
8.480194e-02 3.143579e-03 2.457999e-04
8.507276e-02 3.337430e-03 2.442803e-04
8.534357e-02 2.658542e-03 2.430239e-04
8.561438e-02 2.840400e-03 2.437433e-04
8.588520e-02 2.442470e-03 2.407876e-04
8.615601e-02 3.144000e-03 2.421601e-04
8.642682e-02 2.816292e-03 2.417350e-04
8.669765e-02 2.956519e-03 2.409736e-04
8.696846e-02 3.088379e-03 2.425812e-04
8.723927e-02 2.946218e-03 2.405124e-04
8.751009e-02 3.069840e-03 2.405808e-04
8.778090e-02 2.908498e-03 2.400145e-04
8.805171e-02 2.790799e-03 2.401536e-04
8.832253e-02 2.779361e-03 2.400765e-04
8.859334e-02 3.106192e-03 2.389720e-04
8.886416e-02 2.959481e-03 2.373571e-04
8.913497e-02 2.814848e-03 2.382292e-04
8.940578e-02 2.853498e-03 2.374645e-04
8.967660e-02 2.731010e-03 2.380269e-04
8.994742e-02 3.094397e-03 2.385438e-04
9.021823e-02 2.859451e-03 2.367989e-04
9.048904e-02 2.791790e-03 2.365095e-04
9.075986e-02 3.036499e-03 2.370882e-04
9.103067e-02 2.840880e-03 2.359783e-04
9.130149e-02 2.613960e-03 2.359464e-04
9.157230e-02 2.591999e-03 2.351273e-04
9.184311e-02 2.980610e-03 2.371878e-04
9.211393e-02 3.191542e-03 2.350990e-04
9.238474e-02 2.406519e-03 2.328365e-04
9.265555e-02 2.563268e-03 2.368981e-04
9.292637e-02 2.733389e-03 2.339625e-04
9.319719e-02 2.624109e-03 2.374592e-04
9.346800e-02 2.644069e-03 2.347182e-04
9.373882e-02 2.388651e-03 2.332524e-04
9.400963e-02 2.623642e-03 2.337716e-04
9.428044e-02 2.498038e-03 2.326929e-04
9.455126e-02 2.534870e-03 2.337117e-04
9.482207e-02 2.384761e-03 2.325296e-04
9.509289e-02 2.580009e-03 2.339815e-04
9.536370e-02 2.190759e-03 2.327301e-04
9.563451e-02 2.737932e-03 2.302205e-04
9.590533e-02 2.699329e-03 2.322816e-04
9.617615e-02 2.424579e-03 2.307593e-04
9.644696e-02 2.692148e-03 2.321125e-04
9.671777e-02 2.888503e-03 2.309118e-04
9.698859e-02 2.608160e-03 2.293188e-04
9.725940e-02 2.441010e-03 2.313064e-04
9.753022e-02 1.884451e-03 2.284826e-04
9.780103e-02 2.602112e-03 2.310231e-04
9.807184e-02 2.344279e-03 2.268019e-04
9.834266e-02 2.800480e-03 2.301448e-04
9.861347e-02 2.143208e-03 2.310642e-04
9.888428e-02 2.329109e-03 2.263951e-04
9.915510e-02 2.491260e-03 2.278606e-04
9.942592e-02 2.906280e-03 2.275725e-04
9.969673e-02 2.130739e-03 2.273803e-04
9.996755e-02 2.278501e-03 2.296540e-04
1.002384e-01 2.561212e-03 2.269078e-04
1.005092e-01 2.902141e-03 2.264157e-04
1.007800e-01 2.151720e-03 2.276920e-04
1.010508e-01 2.258912e-03 2.265102e-04
1.013216e-01 2.105290e-03 2.262099e-04
1.015924e-01 2.396859e-03 2.248004e-04
1.018632e-01 1.929890e-03 2.266856e-04
1.021341e-01 2.376640e-03 2.255071e-04
1.024049e-01 2.392281e-03 2.260321e-04
1.026757e-01 2.847150e-03 2.245106e-04
1.029465e-01 2.080381e-03 2.247657e-04
1.032173e-01 2.294140e-03 2.240057e-04
1.034881e-01 2.543228e-03 2.235315e-04
1.037589e-01 1.931492e-03 2.234386e-04
1.040298e-01 2.128720e-03 2.228401e-04
1.043006e-01 2.030911e-03 2.230971e-04
1.045714e-01 2.248039e-03 2.241121e-04
1.048422e-01 2.028940e-03 2.199301e-04
1.051130e-01 1.999220e-03 2.205287e-04
1.053838e-01 2.044110e-03 2.230429e-04
1.056546e-01 1.990758e-03 2.224200e-04
1.059255e-01 2.173658e-03 2.211300e-04
1.061963e-01 2.124488e-03 2.211669e-04
1.064671e-01 2.376581e-03 2.209232e-04
1.067379e-01 2.271220e-03 2.212117e-04
1.070087e-01 2.236659e-03 2.219854e-04
1.072795e-01 2.436381e-03 2.182410e-04
1.075503e-01 1.931811e-03 2.199889e-04
1.078212e-01 2.103008e-03 2.200458e-04
1.080920e-01 1.934709e-03 2.185473e-04
1.083628e-01 2.408180e-03 2.206427e-04
1.086336e-01 2.173118e-03 2.204039e-04
1.089044e-01 2.640389e-03 2.198247e-04
1.091752e-01 2.063831e-03 2.186266e-04
1.094460e-01 1.986708e-03 2.166462e-04
1.097169e-01 1.974471e-03 2.195874e-04
1.099877e-01 1.832051e-03 2.184246e-04
1.102585e-01 2.034761e-03 2.187636e-04
1.105293e-01 1.923449e-03 2.197816e-04
1.108001e-01 2.013039e-03 2.245180e-04
1.110709e-01 2.180519e-03 2.242129e-04
1.113417e-01 1.936181e-03 2.221689e-04
1.116126e-01 1.845671e-03 2.250284e-04
1.118834e-01 1.996301e-03 2.263567e-04
1.121542e-01 1.505729e-03 2.284983e-04
1.124250e-01 1.686050e-03 2.310492e-04
1.126958e-01 1.720108e-03 2.304158e-04
1.129666e-01 1.981290e-03 2.315734e-04
1.132374e-01 1.288259e-03 2.344748e-04
1.135083e-01 1.964299e-03 2.390883e-04
1.137791e-01 1.867931e-03 2.372794e-04
1.140499e-01 2.231492e-03 2.379916e-04
1.143207e-01 1.803139e-03 2.409992e-04
1.145915e-01 2.067240e-03 2.420190e-04
1.148623e-01 1.801049e-03 2.455856e-04
1.151332e-01 1.987310e-03 2.444435e-04
1.154040e-01 1.917170e-03 2.472326e-04
1.156748e-01 1.930449e-03 2.477945e-04
1.159456e-01 1.509091e-03 2.482779e-04
1.162164e-01 1.384970e-03 2.497082e-04
1.164872e-01 1.441227e-03 2.499828e-04
1.167580e-01 1.885029e-03 2.535675e-04
1.170288e-01 1.689212e-03 2.546297e-04
1.172997e-01 1.764309e-03 2.531153e-04
1.175705e-01 1.613859e-03 2.542703e-04
1.178413e-01 1.978131e-03 2.567874e-04
1.181121e-01 1.454890e-03 2.530397e-04
1.183829e-01 1.981661e-03 2.501705e-04
1.186537e-01 1.799740e-03 2.494727e-04
1.189246e-01 1.947450e-03 2.482529e-04
1.191954e-01 1.919040e-03 2.467784e-04
1.194662e-01 1.756689e-03 2.500430e-04
1.197370e-01 2.069559e-03 2.463045e-04
1.200078e-01 2.068460e-03 2.477549e-04
1.202786e-01 1.714392e-03 2.464980e-04
1.205494e-01 1.998901e-03 2.457437e-04
1.208202e-01 1.631569e-03 2.458945e-04
1.210911e-01 1.768770e-03 2.445114e-04
1.213619e-01 1.908118e-03 2.472049e-04
1.216327e-01 1.227899e-03 2.444877e-04
1.219035e-01 1.573659e-03 2.464207e-04
1.221743e-01 1.704732e-03 2.450983e-04
1.224451e-01 1.420220e-03 2.459890e-04
1.227160e-01 1.266079e-03 2.463321e-04
1.229868e-01 1.330910e-03 2.436677e-04
1.232576e-01 8.626897e-04 2.457579e-04
1.235284e-01 1.252530e-03 2.465033e-04
1.237992e-01 1.700830e-03 2.436567e-04
1.240700e-01 1.273019e-03 2.463687e-04
1.243408e-01 1.888260e-03 2.447960e-04
1.246117e-01 1.372892e-03 2.444302e-04
1.248825e-01 1.358340e-03 2.440616e-04
1.251533e-01 1.726281e-03 2.422475e-04
1.254241e-01 1.360120e-03 2.434920e-04
1.256949e-01 1.304060e-03 2.414653e-04
1.259657e-01 1.659490e-03 2.444932e-04
1.262365e-01 1.185071e-03 2.421030e-04
1.265074e-01 1.743790e-03 2.414478e-04
1.267782e-01 1.381479e-03 2.422170e-04
1.270490e-01 1.177561e-03 2.417046e-04
1.273198e-01 1.730138e-03 2.407239e-04
1.275906e-01 1.432471e-03 2.387874e-04
1.278614e-01 1.519971e-03 2.398519e-04
1.281322e-01 1.459181e-03 2.388339e-04
1.284031e-01 1.557101e-03 2.375220e-04
1.286739e-01 1.081020e-03 2.428478e-04
1.289447e-01 1.323441e-03 2.373994e-04
1.292155e-01 1.339680e-03 2.387110e-04
1.294863e-01 1.601182e-03 2.400810e-04
1.297571e-01 1.311429e-03 2.380566e-04
1.300279e-01 1.435010e-03 2.373487e-04
1.302988e-01 1.826489e-03 2.389049e-04
1.305696e-01 1.496920e-03 2.376197e-04
1.308404e-01 1.143420e-03 2.364076e-04
1.311112e-01 1.540761e-03 2.386920e-04
1.313820e-01 1.249431e-03 2.365800e-04
1.316528e-01 1.057461e-03 2.378676e-04
1.319236e-01 1.111059e-03 2.360710e-04
1.321945e-01 1.241161e-03 2.372578e-04
1.324653e-01 1.236739e-03 2.368568e-04
1.327361e-01 9.614509e-04 2.357747e-04
1.330069e-01 1.377590e-03 2.366462e-04
1.332777e-01 1.425209e-03 2.367295e-04
1.335485e-01 1.424640e-03 2.354146e-04
1.338193e-01 1.063170e-03 2.376218e-04
1.340902e-01 9.621400e-04 2.351328e-04
1.343610e-01 1.208009e-03 2.361703e-04
1.346318e-01 1.393478e-03 2.354997e-04
1.349026e-01 1.161570e-03 2.331620e-04
1.351734e-01 1.095371e-03 2.364469e-04
1.354442e-01 1.465550e-03 2.341730e-04
1.357151e-01 1.744969e-03 2.364076e-04
1.359859e-01 1.202380e-03 2.328694e-04
1.362567e-01 1.064299e-03 2.329061e-04
1.365275e-01 1.225831e-03 2.330011e-04
1.367983e-01 1.635019e-03 2.320210e-04
1.370691e-01 1.222910e-03 2.356479e-04
1.373399e-01 7.548798e-04 2.360862e-04
1.376107e-01 1.592690e-03 2.394160e-04
1.378816e-01 1.364971e-03 2.424884e-04
1.381524e-01 1.807339e-03 2.414777e-04
1.384232e-01 1.491260e-03 2.459685e-04
1.386940e-01 1.219610e-03 2.464394e-04
1.389648e-01 1.138439e-03 2.494454e-04
1.392356e-01 1.151999e-03 2.502283e-04
1.395064e-01 1.217199e-03 2.487809e-04
1.397773e-01 1.103589e-03 2.485209e-04
1.400481e-01 9.907801e-04 2.470368e-04
1.403189e-01 1.269860e-03 2.533584e-04
1.405897e-01 1.067331e-03 2.514967e-04
1.408605e-01 1.359839e-03 2.542072e-04
1.411313e-01 1.689671e-03 2.546430e-04
1.414021e-01 1.121560e-03 2.529564e-04
1.416730e-01 1.169421e-03 2.575592e-04
1.419438e-01 1.020789e-03 2.555964e-04
1.422146e-01 9.054784e-04 2.578499e-04
1.424854e-01 1.964942e-03 2.576906e-04
1.427562e-01 1.443911e-03 2.569816e-04
1.430270e-01 7.026214e-04 2.569055e-04
1.432979e-01 1.206171e-03 2.575749e-04
1.435687e-01 1.396159e-03 2.583761e-04
1.438395e-01 1.450852e-03 2.613878e-04
1.441103e-01 1.410222e-03 2.612415e-04
1.443811e-01 1.400331e-03 2.611513e-04
1.446519e-01 1.317238e-03 2.612025e-04
1.449227e-01 1.096869e-03 2.655378e-04
1.451935e-01 8.564591e-04 2.609258e-04
1.454644e-01 1.632251e-03 2.648807e-04
1.457352e-01 9.990614e-04 2.645213e-04
1.460060e-01 1.321420e-03 2.654715e-04
1.462768e-01 1.039920e-03 2.686368e-04
1.465476e-01 1.099110e-03 2.660160e-04
1.468184e-01 1.165431e-03 2.699233e-04
1.470892e-01 1.198331e-03 2.686955e-04
1.473601e-01 1.222990e-03 2.691647e-04
1.476309e-01 1.028450e-03 2.698619e-04
1.479017e-01 1.099410e-03 2.673029e-04
1.481725e-01 8.132309e-04 2.706924e-04
1.484433e-01 6.588995e-04 2.659541e-04
1.487141e-01 8.342415e-04 2.676233e-04
1.489850e-01 8.410905e-04 2.656288e-04
1.492558e-01 5.641710e-04 2.691083e-04
1.495266e-01 9.826701e-04 2.691498e-04
1.497974e-01 7.871594e-04 2.661700e-04
1.500682e-01 1.658291e-03 2.683187e-04
1.503390e-01 1.113309e-03 2.677363e-04
1.506098e-01 1.031231e-03 2.652703e-04
1.508806e-01 1.075100e-03 2.667292e-04
1.511515e-01 5.235206e-04 2.667947e-04
1.514223e-01 1.284840e-03 2.661102e-04
1.516931e-01 1.322851e-03 2.675807e-04
1.519639e-01 9.470806e-04 2.667602e-04
1.522347e-01 1.035901e-03 2.684859e-04
1.525055e-01 9.174291e-04 2.671625e-04
1.527763e-01 7.882193e-04 2.701976e-04
1.530472e-01 1.073049e-03 2.660160e-04
1.533180e-01 7.916689e-04 2.674898e-04
1.535888e-01 1.578441e-03 2.676490e-04
1.538596e-01 6.803889e-04 2.667334e-04
1.541304e-01 8.776709e-04 2.702216e-04
1.544012e-01 1.255041e-03 2.659787e-04
1.546721e-01 1.050230e-03 2.696778e-04
1.549429e-01 8.517094e-04 2.720514e-04
1.552137e-01 9.535011e-04 2.673639e-04
1.554845e-01 1.144750e-03 2.682731e-04
1.557553e-01 8.319896e-04 2.665683e-04
1.560261e-01 1.118291e-03 2.693958e-04
1.562969e-01 9.147804e-04 2.663285e-04
1.565678e-01 7.261708e-04 2.664128e-04
1.568386e-01 6.100498e-04 2.682181e-04
1.571094e-01 5.650595e-04 2.687677e-04
1.573802e-01 7.450394e-04 2.701638e-04
1.576510e-01 7.868800e-04 2.658708e-04
1.579218e-01 9.540394e-04 2.689870e-04
1.581926e-01 7.155500e-04 2.659173e-04
1.584634e-01 1.060911e-03 2.676623e-04
1.587343e-01 2.228282e-04 2.683621e-04
1.590051e-01 1.251340e-03 2.652530e-04
1.592759e-01 1.081720e-03 2.690817e-04
1.595467e-01 6.361399e-04 2.661722e-04
1.598175e-01 8.861497e-04 2.662376e-04
1.600883e-01 8.058902e-04 2.649682e-04
1.603591e-01 8.849110e-04 2.657798e-04
1.606300e-01 9.523910e-04 2.643361e-04
1.609008e-01 1.177270e-03 2.656106e-04
1.611716e-01 7.562097e-04 2.636784e-04
1.614424e-01 8.578710e-04 2.630688e-04
1.617132e-01 5.997792e-04 2.664695e-04
1.619840e-01 1.093760e-03 2.653680e-04
1.622549e-01 7.783212e-04 2.646389e-04
1.625257e-01 1.089610e-03 2.659798e-04
1.627965e-01 5.619600e-04 2.647566e-04
1.630673e-01 8.594915e-04 2.646825e-04
1.633381e-01 9.343605e-04 2.656122e-04
1.636089e-01 6.218497e-04 2.640462e-04
1.638797e-01 8.776207e-04 2.655529e-04
1.641506e-01 6.447602e-04 2.651456e-04
1.644214e-01 9.111706e-04 2.645495e-04
1.646922e-01 6.782394e-04 2.648453e-04
1.649630e-01 4.938301e-04 2.644233e-04
1.652338e-01 5.938709e-04 2.652130e-04
1.655046e-01 7.198192e-04 2.648904e-04
1.657754e-01 6.443709e-04 2.642852e-04
1.660462e-01 4.578400e-04 2.666276e-04
1.663171e-01 6.786808e-04 2.657055e-04
1.665879e-01 8.154493e-04 2.664451e-04
1.668587e-01 6.490890e-04 2.654520e-04
1.671295e-01 1.042349e-03 2.667378e-04
1.674003e-01 8.005891e-04 2.654972e-04
1.676711e-01 7.991698e-04 2.755107e-04
1.679420e-01 6.486606e-04 2.794699e-04
1.682128e-01 7.707197e-04 2.820660e-04
1.684836e-01 1.009772e-03 2.885598e-04
1.687544e-01 9.774193e-04 2.889239e-04
1.690252e-01 9.266492e-04 2.921670e-04
1.692960e-01 6.189290e-04 2.910423e-04
1.695668e-01 1.135299e-03 2.938721e-04
1.698377e-01 -3.335997e-05 2.980303e-04
1.701085e-01 1.103261e-03 3.000005e-04
1.703793e-01 5.211867e-05 3.037457e-04
1.706501e-01 7.893108e-04 3.028752e-04
1.709209e-01 7.220898e-04 3.094060e-04
1.711917e-01 4.216209e-04 3.059212e-04
1.714625e-01 6.826203e-04 3.106226e-04
1.717333e-01 7.640570e-06 3.134574e-04
1.720042e-01 6.387811e-04 3.129209e-04
1.722750e-01 3.628898e-04 3.184235e-04
1.725458e-01 6.712805e-04 3.180468e-04
1.728166e-01 6.509088e-04 3.216297e-04
1.730874e-01 1.132490e-03 3.223601e-04
1.733582e-01 7.239711e-04 3.235496e-04
1.736291e-01 5.345196e-04 3.326386e-04
1.738999e-01 8.837506e-04 3.251254e-04
1.741707e-01 5.283598e-04 3.326780e-04
1.744415e-01 8.602999e-04 3.303254e-04
1.747123e-01 1.095900e-03 3.343748e-04
1.749831e-01 5.600005e-04 3.237372e-04
1.752539e-01 6.340891e-04 3.118794e-04
1.755248e-01 1.010159e-03 3.153227e-04
1.757956e-01 4.094709e-04 3.085825e-04
1.760664e-01 1.035580e-03 3.096783e-04
1.763372e-01 8.384101e-04 3.105646e-04
1.766080e-01 5.727299e-04 3.091003e-04
1.768788e-01 7.351283e-04 3.063608e-04
1.771496e-01 7.175691e-04 3.014368e-04
1.774205e-01 4.274808e-04 3.046049e-04
1.776913e-01 6.081089e-04 3.012468e-04
1.779621e-01 7.749703e-04 3.024237e-04
1.782329e-01 1.697410e-04 2.985714e-04
1.785037e-01 1.099911e-03 2.944689e-04
1.787745e-01 9.612199e-04 2.997704e-04
1.790453e-01 7.062908e-04 2.976908e-04
1.793161e-01 2.424996e-04 2.964086e-04
1.795870e-01 3.337804e-04 2.962545e-04
1.798578e-01 3.051683e-04 2.919174e-04
1.801286e-01 3.039483e-04 2.954391e-04
1.803994e-01 4.751403e-04 2.892171e-04
1.806702e-01 1.178721e-03 2.913874e-04
1.809410e-01 9.571295e-04 2.921074e-04
1.812119e-01 9.499490e-04 2.895124e-04
1.814827e-01 5.684495e-04 2.926011e-04
1.817535e-01 2.795197e-04 2.865402e-04
1.820243e-01 8.360706e-04 2.860571e-04
1.822951e-01 1.058120e-03 2.901788e-04
1.825659e-01 2.505407e-04 2.896872e-04
1.828367e-01 6.588902e-04 2.909603e-04
1.831076e-01 3.521908e-04 2.837836e-04
1.833784e-01 7.743705e-04 2.904025e-04
1.836492e-01 4.957598e-04 2.862835e-04
1.839200e-01 7.994305e-04 2.889551e-04
1.841908e-01 5.955398e-04 2.885967e-04
1.844616e-01 7.596705e-04 2.870672e-04
1.847324e-01 3.007203e-04 2.901724e-04
1.850033e-01 4.890002e-05 2.847837e-04
1.852741e-01 2.132803e-04 2.887316e-04
1.855449e-01 3.108606e-04 2.844524e-04
1.858157e-01 4.784595e-04 2.870643e-04
1.860865e-01 5.368106e-04 2.900131e-04
1.863573e-01 4.196297e-04 2.861101e-04
1.866281e-01 9.391494e-04 2.864592e-04
1.868990e-01 3.664196e-04 2.851964e-04
1.871698e-01 5.101506e-04 2.856158e-04
1.874406e-01 2.152901e-04 2.847896e-04
1.877114e-01 4.038885e-04 2.827016e-04
1.879822e-01 7.698201e-04 2.884689e-04
1.882530e-01 8.063689e-04 2.822135e-04
1.885238e-01 4.527513e-04 2.864031e-04
1.887947e-01 1.070909e-04 2.860499e-04
1.890655e-01 1.656096e-04 2.858245e-04
1.893363e-01 3.648289e-04 2.883667e-04
1.896071e-01 9.706896e-04 2.822564e-04
1.898779e-01 8.692108e-04 2.855750e-04
1.901487e-01 9.853952e-05 2.862160e-04
1.904195e-01 4.771203e-04 2.869724e-04
1.906904e-01 1.052611e-03 2.860436e-04
1.909612e-01 4.099198e-04 2.804804e-04
1.912320e-01 1.935698e-04 2.869502e-04
1.915028e-01 4.261713e-04 2.813244e-04
1.917736e-01 4.456490e-04 2.843857e-04
1.920444e-01 4.372206e-04 2.822228e-04
1.923153e-01 5.304608e-04 2.839743e-04
1.925861e-01 5.607400e-04 2.850757e-04
1.928569e-01 4.605949e-05 2.826136e-04
1.931277e-01 7.493515e-04 2.825003e-04
1.933985e-01 4.709512e-04 2.838225e-04
1.936693e-01 6.274711e-04 2.819281e-04
1.939401e-01 3.994890e-04 2.872026e-04
1.942109e-01 9.182803e-04 2.809103e-04
1.944818e-01 3.653299e-04 2.844814e-04
1.947526e-01 1.074230e-03 2.845739e-04
1.950234e-01 7.186607e-04 2.836266e-04
1.952942e-01 7.562991e-04 2.798283e-04
1.955650e-01 4.149508e-04 2.839846e-04
1.958358e-01 3.487114e-04 2.832562e-04
1.961066e-01 6.977599e-04 2.845926e-04
1.963775e-01 5.736705e-04 2.831913e-04
1.966483e-01 6.053094e-04 2.821988e-04
1.969191e-01 3.523305e-04 2.798085e-04
1.971899e-01 8.010790e-04 2.846547e-04
1.974607e-01 9.179991e-04 2.848141e-04
1.977315e-01 3.676899e-04 2.833131e-04
1.980023e-01 1.859590e-04 2.802763e-04
1.982732e-01 6.167293e-04 2.823191e-04
1.985440e-01 1.722910e-04 2.856914e-04
1.988148e-01 8.025095e-04 2.837733e-04
1.990856e-01 6.850809e-06 2.849432e-04
1.993564e-01 6.253086e-04 2.829594e-04
1.996272e-01 7.212199e-04 2.827389e-04
1.998980e-01 2.474692e-04 2.802226e-04
2.001689e-01 1.904499e-04 2.784237e-04
2.004397e-01 3.295187e-04 2.800992e-04
2.007105e-01 4.708599e-04 2.797943e-04
2.009813e-01 6.539784e-04 2.774096e-04
2.012521e-01 2.390314e-04 2.834380e-04
2.015229e-01 4.253704e-04 2.797353e-04
2.017937e-01 6.580297e-04 2.798635e-04
2.020646e-01 5.447697e-04 2.797181e-04
2.023354e-01 1.089089e-05 2.811321e-04
2.026062e-01 3.488082e-04 2.783615e-04
2.028770e-01 4.150607e-04 2.802311e-04
2.031478e-01 6.924793e-04 2.767594e-04
2.034186e-01 8.169506e-04 2.790519e-04
2.036894e-01 2.447292e-04 2.775600e-04
2.039603e-01 2.264101e-04 2.781656e-04
2.042311e-01 9.309705e-04 2.792857e-04
2.045019e-01 3.967602e-04 2.777223e-04
2.047727e-01 9.284485e-04 2.750528e-04
2.050435e-01 2.781115e-05 2.772950e-04
2.053143e-01 1.618788e-04 2.772980e-04
2.055852e-01 -4.912112e-04 2.776730e-04
2.058560e-01 2.308004e-04 2.749435e-04
2.061268e-01 1.240410e-04 2.771321e-04
2.063976e-01 4.940107e-04 2.776954e-04
2.066684e-01 6.155595e-04 2.736312e-04
2.069392e-01 5.818997e-04 2.733721e-04
2.072100e-01 1.484696e-04 2.735404e-04
2.074808e-01 5.761106e-04 2.740415e-04
2.077517e-01 5.084202e-04 2.731061e-04
2.080225e-01 4.605409e-04 2.725997e-04
2.082933e-01 6.043185e-04 2.744809e-04
2.085641e-01 6.787013e-04 2.755672e-04
2.088349e-01 9.360388e-04 2.749607e-04
2.091057e-01 1.620390e-04 2.727253e-04
2.093765e-01 5.125105e-04 2.752573e-04
2.096474e-01 5.082712e-04 2.763365e-04
2.099182e-01 5.339701e-04 2.766937e-04
2.101890e-01 4.308987e-04 2.746914e-04
2.104598e-01 9.622406e-04 2.744547e-04
2.107306e-01 2.471693e-04 2.744209e-04
2.110014e-01 6.282199e-04 2.725089e-04
2.112723e-01 5.669203e-04 2.750726e-04
2.115431e-01 3.621895e-04 2.724627e-04
2.118139e-01 9.052996e-04 2.740274e-04
2.120847e-01 5.144402e-04 2.755570e-04
2.123555e-01 3.110003e-04 2.748462e-04
2.126263e-01 3.026687e-04 2.717282e-04
2.128971e-01 9.026397e-04 2.741681e-04
2.131680e-01 5.530193e-04 2.741222e-04
2.134388e-01 3.196783e-04 2.725558e-04
2.137096e-01 2.766903e-04 2.749572e-04
2.139804e-01 4.699491e-04 2.753429e-04
2.142512e-01 7.667020e-05 2.737819e-04
2.145220e-01 2.599508e-04 2.771437e-04
2.147928e-01 5.245954e-05 2.732161e-04
2.150636e-01 5.359109e-04 2.746774e-04
2.153345e-01 -1.720302e-04 2.769982e-04
2.156053e-01 5.250107e-04 2.736760e-04
2.158761e-01 1.163851e-03 2.762416e-04
2.161469e-01 2.391003e-04 2.740962e-04
2.164177e-01 9.729993e-04 2.741884e-04
2.166885e-01 4.686043e-05 2.758923e-04
2.169593e-01 1.967587e-04 2.750228e-04
2.172302e-01 3.376976e-05 2.761667e-04
2.175010e-01 3.987104e-04 2.727994e-04
2.177718e-01 1.049081e-03 2.726849e-04
2.180426e-01 5.572308e-04 2.724072e-04
2.183134e-01 7.748976e-05 2.741900e-04
2.185842e-01 5.756710e-04 2.687324e-04
2.188551e-01 2.257694e-04 2.700682e-04
2.191259e-01 4.521105e-04 2.723831e-04
2.193967e-01 9.497069e-05 2.735308e-04
2.196675e-01 -8.757971e-05 2.708931e-04
2.199383e-01 8.996502e-04 2.711235e-04
2.202091e-01 2.724305e-04 2.701308e-04
2.204799e-01 -3.499910e-06 2.699152e-04
2.207507e-01 1.762994e-05 2.721030e-04
2.210216e-01 6.172694e-04 2.694130e-04
2.212924e-01 7.227398e-04 2.708045e-04
2.215632e-01 2.451707e-04 2.699372e-04
2.218340e-01 7.933006e-04 2.700531e-04
2.221048e-01 4.693586e-04 2.682250e-04
2.223756e-01 6.146990e-04 2.679137e-04
2.226464e-01 4.209690e-04 2.698542e-04
2.229173e-01 5.179103e-04 2.711444e-04
2.231881e-01 4.315209e-04 2.656273e-04
2.234589e-01 5.677398e-04 2.678253e-04
2.237297e-01 2.439804e-04 2.679346e-04
2.240005e-01 3.561191e-04 2.684041e-04
2.242713e-01 1.053493e-04 2.646649e-04
2.245422e-01 5.097408e-04 2.681535e-04
2.248130e-01 3.497414e-04 2.704127e-04
2.250838e-01 2.318416e-04 2.671062e-04
2.253546e-01 1.809895e-04 2.688655e-04
2.256254e-01 4.028510e-04 2.656697e-04
2.258962e-01 6.509386e-04 2.707435e-04
2.261670e-01 1.570713e-04 2.767328e-04
2.264379e-01 -1.243800e-04 2.840615e-04
2.267087e-01 2.349205e-04 2.875709e-04
2.269795e-01 -5.369075e-05 2.918117e-04
2.272503e-01 3.128406e-04 2.932763e-04
2.275211e-01 3.725812e-04 2.997921e-04
2.277919e-01 4.054103e-04 3.012959e-04
2.280627e-01 3.985204e-04 3.073687e-04
2.283335e-01 9.376202e-04 3.095301e-04
2.286044e-01 5.294308e-04 3.090776e-04
2.288752e-01 1.870394e-04 3.165810e-04
2.291460e-01 4.127696e-04 3.140327e-04
2.294168e-01 -9.636022e-05 3.187515e-04
2.296876e-01 6.132107e-04 3.213061e-04
2.299584e-01 7.067006e-04 3.255636e-04
2.302293e-01 2.791286e-04 3.255033e-04
2.305001e-01 8.076988e-05 3.291977e-04
2.307709e-01 3.816299e-04 3.335786e-04
2.310417e-01 -1.445804e-04 3.394359e-04
2.313125e-01 9.888094e-04 3.397823e-04
2.315833e-01 2.378486e-04 3.411258e-04
2.318541e-01 4.597306e-04 3.403528e-04
2.321250e-01 1.626108e-04 3.446081e-04
2.323958e-01 -2.855696e-04 3.511914e-04
2.326666e-01 1.919400e-04 3.525112e-04
2.329374e-01 6.705895e-05 3.576606e-04
2.332082e-01 1.050541e-03 3.561829e-04
2.334790e-01 -1.241118e-04 3.620965e-04
2.337498e-01 8.032843e-05 3.622259e-04
2.340207e-01 5.942490e-04 3.686695e-04
2.342915e-01 -1.096316e-04 3.681769e-04
2.345623e-01 3.741905e-04 3.691072e-04
2.348331e-01 6.771609e-04 3.757636e-04
2.351039e-01 -1.477692e-04 3.812517e-04
2.353747e-01 9.508301e-04 3.772461e-04
2.356455e-01 -6.551705e-04 3.893069e-04
2.359163e-01 6.995592e-04 3.878859e-04
2.361872e-01 6.938316e-04 3.893528e-04
2.364580e-01 3.725495e-04 3.933964e-04
2.367288e-01 6.231107e-05 3.936425e-04
2.369996e-01 -1.106896e-04 3.983597e-04
2.372704e-01 2.691094e-04 4.094010e-04
2.375412e-01 2.728011e-04 4.072419e-04
2.378121e-01 -2.270564e-06 4.154307e-04
2.380829e-01 1.399331e-03 4.092665e-04
2.383537e-01 8.193385e-04 4.165130e-04
2.386245e-01 -7.545948e-05 4.242277e-04
2.388953e-01 4.582498e-04 4.244009e-04
2.391661e-01 2.579764e-06 4.308790e-04
2.394369e-01 -1.890026e-05 4.329049e-04
2.397078e-01 -5.791802e-04 4.457121e-04
2.399786e-01 2.970807e-04 4.414950e-04
2.402494e-01 1.563631e-03 4.402568e-04
2.405202e-01 7.410888e-04 4.485377e-04
2.407910e-01 -3.584102e-04 4.589033e-04
2.410618e-01 1.198530e-03 4.640183e-04
2.413326e-01 -3.297403e-04 4.652265e-04
2.416034e-01 7.359087e-04 4.659481e-04
2.418743e-01 -3.414303e-04 4.738842e-04
2.421451e-01 6.737206e-04 4.884231e-04
2.424159e-01 -1.384914e-04 4.885368e-04
2.426867e-01 6.489009e-04 4.866765e-04
2.429575e-01 3.322810e-04 4.994946e-04
2.432283e-01 3.356785e-04 5.015285e-04
2.434992e-01 9.247847e-05 5.103317e-04
2.437700e-01 5.466398e-04 5.127855e-04
2.440408e-01 4.741587e-04 5.302400e-04
2.443116e-01 -7.190816e-04 5.277398e-04
2.445824e-01 -3.918689e-04 5.357064e-04
2.448532e-01 1.257807e-04 5.343318e-04
2.451240e-01 8.707996e-04 5.419538e-04
2.453949e-01 -1.384094e-04 5.526698e-04
2.456657e-01 -1.984015e-04 5.739687e-04
2.459365e-01 1.836941e-05 5.785956e-04
2.462073e-01 4.525091e-04 5.759722e-04
2.464781e-01 9.416398e-04 6.025908e-04
2.467489e-01 8.053798e-04 6.030147e-04
2.470197e-01 8.574296e-04 6.037043e-04
2.472906e-01 1.476593e-04 6.251153e-04
2.475614e-01 -6.130114e-04 6.386543e-04
2.478322e-01 -2.073497e-04 6.616411e-04
2.481030e-01 9.532608e-04 6.250498e-04
2.483738e-01 1.291370e-03 6.640085e-04
2.486446e-01 9.394307e-04 6.761440e-04
2.489154e-01 1.105972e-03 6.930436e-04
2.491863e-01 1.475401e-04 6.996988e-04
2.494571e-01 6.735995e-04 6.978638e-04
2.497279e-01 -3.761593e-04 7.277481e-04
2.499987e-01 6.977916e-04 7.577795e-04
2.502695e-01 8.148793e-04 7.790093e-04
2.505403e-01 9.102207e-04 7.979250e-04
2.508111e-01 4.302394e-04 8.046322e-04
2.510819e-01 -5.802810e-04 8.684227e-04
2.513528e-01 6.959699e-04 8.248555e-04
2.516236e-01 -8.511096e-04 8.714225e-04
2.518944e-01 -2.753492e-04 8.967946e-04
2.521652e-01 -2.478398e-04 9.610398e-04
2.524360e-01 7.087607e-04 9.630522e-04
2.527068e-01 2.348088e-04 9.587420e-04
2.529776e-01 2.614297e-04 1.015017e-03
2.532485e-01 -1.269890e-03 1.061322e-03
2.535193e-01 -1.028970e-03 1.066419e-03
2.537901e-01 1.451051e-03 1.099536e-03
2.540609e-01 3.332887e-04 1.088029e-03
2.543317e-01 -7.390976e-06 1.159681e-03
2.546025e-01 -5.123504e-04 1.155059e-03
2.548733e-01 1.773320e-03 1.243039e-03
2.551441e-01 2.858508e-04 1.223222e-03
2.554150e-01 3.929306e-04 1.330008e-03
2.556858e-01 -9.106603e-04 1.371905e-03
2.559566e-01 4.620403e-04 1.461710e-03
2.562274e-01 5.111396e-04 1.545938e-03
2.564982e-01 -1.189541e-03 1.818838e-03
2.567690e-01 3.288500e-04 1.941341e-03
2.570398e-01 -3.583200e-03 2.110908e-03
2.573107e-01 -5.396903e-04 2.436305e-03
2.575815e-01 -7.121693e-04 3.158998e-03
2.578523e-01 -5.685411e-03 3.534006e-03
2.581231e-01 -3.669772e-03 5.890892e-03
