3.286826e-03 8.629131e-02 0.000000e+00
3.557641e-03 1.721010e-01 7.892735e-02
3.828455e-03 1.260080e-01 4.913884e-02
4.099269e-03 1.236351e-01 3.714175e-02
4.370084e-03 9.132385e-02 2.708004e-02
4.640898e-03 8.132005e-02 1.930969e-02
4.911712e-03 7.649601e-02 1.600584e-02
5.182527e-03 5.011702e-02 1.233176e-02
5.453341e-03 6.498396e-02 1.146557e-02
5.724155e-03 5.362606e-02 8.589299e-03
5.994970e-03 5.807805e-02 7.541652e-03
6.265784e-03 5.438364e-02 6.434991e-03
6.536598e-03 4.480582e-02 5.285252e-03
6.807412e-03 4.018146e-02 4.846181e-03
7.078227e-03 3.255796e-02 4.191478e-03
7.349041e-03 3.644145e-02 3.694958e-03
7.619855e-03 3.413981e-02 3.343179e-03
7.890671e-03 3.233290e-02 2.922166e-03
8.161485e-03 2.665338e-02 2.702328e-03
8.432299e-03 2.512270e-02 2.463037e-03
8.703114e-03 2.242750e-02 2.219611e-03
8.973928e-03 1.890501e-02 1.986089e-03
9.244742e-03 2.032681e-02 1.867564e-03
9.515557e-03 1.894350e-02 1.735121e-03
9.786371e-03 1.939200e-02 1.655784e-03
1.005718e-02 1.636481e-02 1.551604e-03
1.032800e-02 1.787920e-02 1.448604e-03
1.059881e-02 1.926431e-02 1.397902e-03
1.086963e-02 1.453410e-02 1.297039e-03
1.114044e-02 1.519379e-02 1.213260e-03
1.141126e-02 1.413140e-02 1.189477e-03
1.168207e-02 1.478141e-02 1.099370e-03
1.195289e-02 1.115450e-02 1.049943e-03
1.222370e-02 1.018840e-02 9.976844e-04
1.249451e-02 1.152100e-02 9.662261e-04
1.276533e-02 1.061762e-02 9.159301e-04
1.303614e-02 1.115928e-02 8.626610e-04
1.330696e-02 9.079687e-03 8.326737e-04
1.357777e-02 9.344809e-03 8.103832e-04
1.384859e-02 9.534605e-03 7.758423e-04
1.411940e-02 8.124091e-03 7.437338e-04
1.439021e-02 6.926633e-03 7.107427e-04
1.466103e-02 5.654067e-03 6.933612e-04
1.493184e-02 7.954888e-03 6.788931e-04
1.520266e-02 7.209070e-03 6.643539e-04
1.547347e-02 7.855423e-03 6.398580e-04
1.574429e-02 5.273413e-03 6.185953e-04
1.601510e-02 5.899571e-03 6.028616e-04
1.628591e-02 6.033078e-03 5.888004e-04
1.655673e-02 5.703181e-03 5.733265e-04
1.682754e-02 5.582668e-03 5.628618e-04
1.709836e-02 5.714048e-03 5.478312e-04
1.736917e-02 5.569860e-03 5.427641e-04
1.763999e-02 4.260939e-03 5.302102e-04
1.791080e-02 4.104622e-03 5.101342e-04
1.818161e-02 5.050950e-03 5.179559e-04
1.845243e-02 4.395951e-03 5.191171e-04
1.872324e-02 5.129371e-03 5.033177e-04
1.899406e-02 5.453259e-03 5.040821e-04
1.926487e-02 4.020840e-03 4.901313e-04
1.953569e-02 4.310779e-03 4.928387e-04
1.980650e-02 4.333191e-03 4.935089e-04
2.007731e-02 4.584011e-03 4.777332e-04
2.034813e-02 3.748961e-03 4.811339e-04
2.061894e-02 3.760662e-03 4.771707e-04
2.088976e-02 3.444210e-03 4.663548e-04
2.116057e-02 1.792260e-03 4.647138e-04
2.143139e-02 2.205230e-03 4.564955e-04
2.170220e-02 3.187399e-03 4.600009e-04
2.197302e-02 2.840459e-03 4.535818e-04
2.224383e-02 1.773443e-03 4.441611e-04
2.251465e-02 2.637789e-03 4.421624e-04
2.278546e-02 2.085552e-03 4.302529e-04
2.305627e-02 2.770793e-03 4.258961e-04
2.332709e-02 1.767360e-03 4.209613e-04
2.359790e-02 2.168939e-03 4.066963e-04
2.386872e-02 2.247170e-03 4.058719e-04
2.413953e-02 1.653470e-03 3.959205e-04
2.441034e-02 1.767568e-03 3.910966e-04
2.468116e-02 2.111129e-03 3.918498e-04
2.495197e-02 1.620181e-03 3.855482e-04
2.522279e-02 1.556158e-03 3.855814e-04
2.549360e-02 2.248030e-03 3.745179e-04
2.576442e-02 2.036341e-03 3.710670e-04
2.603523e-02 1.297310e-03 3.724883e-04
2.630604e-02 1.456402e-03 3.662977e-04
2.657686e-02 1.778699e-03 3.640535e-04
2.684767e-02 1.474012e-03 3.556112e-04
2.711849e-02 1.484100e-03 3.548714e-04
2.738930e-02 1.304630e-03 3.551956e-04
2.766012e-02 1.758348e-03 3.503939e-04
2.793093e-02 1.906220e-03 3.456913e-04
2.820175e-02 1.145169e-03 3.360903e-04
2.847256e-02 1.049340e-03 3.372034e-04
2.874337e-02 8.743405e-04 3.363010e-04
2.901419e-02 1.125060e-03 3.288124e-04
2.928500e-02 8.612797e-04 3.269728e-04
2.955582e-02 1.307882e-03 3.251875e-04
2.982663e-02 1.123592e-03 3.265950e-04
3.009745e-02 1.004241e-03 3.245158e-04
3.036826e-02 1.200330e-03 3.194593e-04
3.063907e-02 9.348392e-04 3.160461e-04
3.090989e-02 8.950382e-04 3.170745e-04
3.118070e-02 1.123123e-03 3.152605e-04
3.145152e-02 7.495210e-04 3.102767e-04
3.172233e-02 7.803105e-04 3.094131e-04
3.199315e-02 7.572472e-04 3.081610e-04
3.226396e-02 1.057751e-03 3.072760e-04
3.253478e-02 1.212180e-03 3.030386e-04
3.280559e-02 2.693012e-04 3.046018e-04
3.307641e-02 6.195307e-04 2.979291e-04
3.334722e-02 6.215014e-04 2.978138e-04
3.361803e-02 6.510094e-04 2.997622e-04
3.388885e-02 5.599223e-04 2.935174e-04
3.415966e-02 1.140349e-03 2.953530e-04
3.443048e-02 5.613603e-04 2.932063e-04
3.470129e-02 1.044698e-03 2.913261e-04
3.497211e-02 7.741787e-04 2.896089e-04
3.524292e-02 -9.083003e-05 2.853844e-04
3.551374e-02 2.337098e-04 2.853639e-04
3.578455e-02 2.909005e-04 2.843928e-04
3.605536e-02 1.284670e-03 2.804088e-04
3.632618e-02 5.445592e-04 2.830014e-04
3.659699e-02 3.990903e-05 2.809902e-04
3.686780e-02 2.899803e-04 2.810429e-04
3.713862e-02 8.931309e-04 2.775062e-04
3.740944e-02 6.556138e-05 2.769116e-04
3.768025e-02 -1.033396e-04 2.730947e-04
3.795106e-02 -2.676286e-04 2.712543e-04
3.822188e-02 4.507005e-04 2.727088e-04
3.849269e-02 2.187006e-04 2.681686e-04
3.876351e-02 8.607991e-04 2.699329e-04
3.903432e-02 2.643093e-04 2.686781e-04
3.930514e-02 3.486797e-04 2.656124e-04
3.957595e-02 1.021400e-04 2.654933e-04
3.984676e-02 -9.033084e-05 2.613819e-04
4.011758e-02 2.546515e-04 2.631672e-04
4.038839e-02 5.712025e-04 2.641118e-04
4.065921e-02 6.408915e-04 2.599957e-04
4.093002e-02 5.664416e-04 2.598195e-04
4.120084e-02 2.580099e-04 2.588495e-04
4.147165e-02 1.835413e-04 2.590549e-04
4.174246e-02 5.749241e-05 2.577627e-04
4.201328e-02 5.472694e-04 2.528877e-04
4.228409e-02 1.505800e-04 2.564623e-04
4.255491e-02 -5.038083e-05 2.518973e-04
4.282572e-02 6.367490e-04 2.559234e-04
4.309653e-02 8.632056e-05 2.501799e-04
4.336735e-02 3.471896e-04 2.473228e-04
4.363817e-02 5.134605e-04 2.516823e-04
4.390898e-02 -2.172962e-05 2.486355e-04
4.417979e-02 2.249386e-04 2.479462e-04
4.445061e-02 4.908089e-04 2.456132e-04
4.472142e-02 -3.337786e-04 2.442954e-04
4.499224e-02 -2.338924e-05 2.456201e-04
4.526305e-02 -8.201972e-05 2.446528e-04
4.553387e-02 4.817601e-04 2.414230e-04
4.580468e-02 -5.136058e-05 2.429033e-04
4.607549e-02 -3.430601e-04 2.426141e-04
4.634631e-02 9.891018e-05 2.404473e-04
4.661712e-02 1.227092e-04 2.403950e-04
4.688794e-02 3.447905e-04 2.397822e-04
4.715875e-02 -1.817197e-04 2.389208e-04
4.742957e-02 -5.317107e-05 2.343602e-04
4.770038e-02 3.178492e-04 2.343058e-04
4.797119e-02 -5.519949e-05 2.355249e-04
4.824201e-02 1.471099e-04 2.331112e-04
4.851282e-02 -1.575053e-05 2.377915e-04
4.878364e-02 -3.596600e-04 2.325638e-04
4.905445e-02 1.225490e-04 2.320475e-04
4.932526e-02 -2.728682e-04 2.313681e-04
4.959608e-02 2.501905e-04 2.299856e-04
4.986690e-02 -1.160391e-04 2.313891e-04
5.013771e-02 4.567206e-04 2.303429e-04
5.040852e-02 6.529596e-04 2.291567e-04
5.067934e-02 4.441906e-04 2.309770e-04
5.095015e-02 1.252200e-04 2.248595e-04
5.122096e-02 -7.231906e-05 2.271042e-04
5.149178e-02 -1.583006e-04 2.255517e-04
5.176260e-02 5.777888e-04 2.251540e-04
5.203341e-02 1.905188e-04 2.257469e-04
5.230422e-02 -1.571700e-04 2.207578e-04
5.257504e-02 2.046097e-04 2.237026e-04
5.284585e-02 2.764203e-04 2.208150e-04
5.311667e-02 -2.870206e-04 2.227473e-04
5.338748e-02 2.790298e-04 2.264043e-04
5.365830e-02 -1.549702e-04 2.238178e-04
5.392911e-02 -2.654586e-04 2.253873e-04
5.419992e-02 1.943707e-04 2.261248e-04
5.447074e-02 -4.201010e-05 2.246213e-04
5.474155e-02 4.891492e-04 2.299289e-04
5.501237e-02 -2.802908e-04 2.316739e-04
5.528318e-02 -6.595068e-05 2.353635e-04
5.555400e-02 1.199115e-04 2.330021e-04
5.582481e-02 4.113708e-04 2.351591e-04
5.609563e-02 -1.145490e-04 2.382109e-04
5.636644e-02 -2.507009e-04 2.373425e-04
5.663725e-02 2.155807e-04 2.374187e-04
5.690807e-02 1.704600e-04 2.405097e-04
5.717888e-02 -1.840796e-04 2.367572e-04
5.744969e-02 -9.600073e-06 2.413601e-04
5.772051e-02 1.963098e-04 2.404270e-04
5.799133e-02 -5.707797e-04 2.429959e-04
5.826214e-02 1.349896e-04 2.422357e-04
5.853295e-02 4.776698e-04 2.422425e-04
5.880377e-02 2.357010e-04 2.401901e-04
5.907458e-02 3.342088e-04 2.411081e-04
5.934540e-02 1.073610e-04 2.411289e-04
5.961621e-02 4.447997e-05 2.433035e-04
5.988703e-02 3.477000e-05 2.448823e-04
6.015784e-02 -5.918927e-05 2.423095e-04
6.042865e-02 -1.490302e-04 2.442160e-04
6.069947e-02 -2.350900e-04 2.390937e-04
6.097028e-02 -3.397707e-04 2.383003e-04
6.124110e-02 2.960693e-04 2.373990e-04
6.151191e-02 1.312047e-05 2.364509e-04
6.178273e-02 4.872214e-04 2.351495e-04
6.205354e-02 -2.568997e-04 2.340242e-04
6.232436e-02 -1.661796e-04 2.331612e-04
6.259517e-02 1.405403e-04 2.326346e-04
6.286598e-02 -3.071800e-04 2.315026e-04
6.313679e-02 9.694882e-05 2.333643e-04
6.340761e-02 1.307018e-05 2.292786e-04
6.367842e-02 -9.366125e-05 2.280963e-04
6.394923e-02 3.825407e-04 2.275689e-04
6.422005e-02 -1.840293e-04 2.321849e-04
6.449086e-02 1.515094e-04 2.308093e-04
6.476168e-02 1.102909e-04 2.266196e-04
6.503250e-02 2.955012e-04 2.299324e-04
6.530331e-02 4.883204e-04 2.274397e-04
6.557412e-02 -9.195879e-05 2.270229e-04
6.584494e-02 -5.649906e-04 2.264545e-04
6.611575e-02 7.094070e-05 2.285896e-04
6.638657e-02 -7.839873e-06 2.264725e-04
6.665738e-02 -3.982689e-04 2.260430e-04
6.692819e-02 2.300106e-04 2.259047e-04
6.719901e-02 2.008304e-04 2.274111e-04
6.746982e-02 -1.353100e-04 2.245156e-04
6.774063e-02 1.636483e-04 2.268323e-04
6.801146e-02 2.328902e-04 2.224018e-04
6.828227e-02 1.758002e-04 2.254536e-04
6.855308e-02 -2.415087e-04 2.259241e-04
6.882390e-02 3.052093e-04 2.231386e-04
6.909471e-02 8.383021e-05 2.232392e-04
6.936552e-02 2.063606e-04 2.204881e-04
6.963634e-02 -6.355904e-05 2.225537e-04
6.990715e-02 -2.820399e-04 2.235293e-04
7.017796e-02 -1.983698e-04 2.205300e-04
7.044878e-02 -3.248788e-04 2.202064e-04
7.071959e-02 2.353601e-04 2.186525e-04
7.099041e-02 -9.888783e-06 2.196618e-04
7.126123e-02 -2.215300e-04 2.190777e-04
7.153204e-02 -7.579848e-05 2.180607e-04
7.180285e-02 7.680058e-05 2.199838e-04
7.207367e-02 -2.237111e-04 2.184821e-04
7.234448e-02 2.369210e-04 2.194035e-04
7.261530e-02 6.117113e-05 2.203929e-04
7.288611e-02 -1.600999e-04 2.151526e-04
7.315692e-02 3.801659e-06 2.182954e-04
7.342774e-02 3.275387e-04 2.176835e-04
7.369855e-02 -1.724996e-04 2.172879e-04
7.396936e-02 -3.378838e-06 2.173550e-04
7.424019e-02 1.461599e-04 2.174072e-04
7.451100e-02 -3.430061e-05 2.160871e-04
7.478181e-02 -3.542807e-04 2.145918e-04
7.505263e-02 -1.329891e-04 2.150911e-04
7.532344e-02 -1.541600e-04 2.176817e-04
7.559425e-02 -2.299901e-04 2.146671e-04
7.586507e-02 3.118999e-05 2.168830e-04
7.613588e-02 -8.012913e-05 2.132051e-04
7.640669e-02 -2.028104e-04 2.129690e-04
7.667751e-02 -1.835097e-04 2.145859e-04
7.694832e-02 1.518317e-04 2.137220e-04
7.721914e-02 -5.926397e-04 2.142754e-04
7.748996e-02 4.535168e-05 2.125043e-04
7.776077e-02 -3.046505e-04 2.112609e-04
7.803158e-02 -2.565198e-04 2.145290e-04
7.830240e-02 2.623294e-04 2.125941e-04
7.857321e-02 -1.462586e-04 2.123151e-04
7.884403e-02 1.082290e-04 2.130594e-04
7.911484e-02 -1.976304e-04 2.105931e-04
7.938565e-02 -4.611295e-04 2.127728e-04
7.965647e-02 -2.144091e-04 2.105463e-04
7.992728e-02 -2.510194e-04 2.111873e-04
8.019809e-02 -1.423992e-05 2.086727e-04
8.046892e-02 -3.391299e-04 2.091636e-04
8.073973e-02 3.577955e-05 2.102769e-04
8.101054e-02 -2.329014e-04 2.082064e-04
8.128136e-02 -2.399497e-04 2.072441e-04
8.155217e-02 -1.910143e-05 2.081432e-04
8.182298e-02 -1.798403e-04 2.087231e-04
8.209380e-02 -5.513057e-05 2.075648e-04
8.236461e-02 2.720207e-04 2.068217e-04
8.263543e-02 -8.768030e-05 2.069274e-04
8.290624e-02 1.132600e-04 2.072243e-04
8.317705e-02 -1.588836e-06 2.055622e-04
8.344787e-02 7.026084e-05 2.072893e-04
8.371869e-02 -2.475586e-04 2.080870e-04
8.398950e-02 -1.055989e-04 2.056068e-04
8.426031e-02 7.721037e-05 2.059859e-04
8.453113e-02 -2.090894e-04 2.052442e-04
8.480194e-02 9.816140e-05 2.054903e-04
8.507276e-02 -1.448020e-05 2.059693e-04
8.534357e-02 -8.222088e-05 2.054969e-04
8.561438e-02 4.756004e-04 2.025529e-04
8.588520e-02 -9.986013e-05 2.024390e-04
8.615601e-02 3.656000e-05 2.031188e-04
8.642682e-02 -8.739904e-05 2.028259e-04
8.669765e-02 1.980402e-04 2.027508e-04
8.696846e-02 -3.410503e-06 2.027277e-04
8.723927e-02 2.789311e-04 2.015171e-04
8.751009e-02 -4.854891e-04 2.011890e-04
8.778090e-02 -2.220105e-04 2.001358e-04
8.805171e-02 5.380064e-05 2.023524e-04
8.832253e-02 -1.962595e-04 2.013690e-04
8.859334e-02 -3.720615e-04 2.012666e-04
8.886416e-02 -1.664087e-04 2.008660e-04
8.913497e-02 -7.054098e-04 1.992250e-04
8.940578e-02 -1.256093e-04 2.010882e-04
8.967660e-02 -7.618032e-05 2.010609e-04
8.994742e-02 -9.470060e-05 2.003644e-04
9.021823e-02 -3.138110e-04 1.996304e-04
9.048904e-02 -1.940131e-05 2.001679e-04
9.075986e-02 -4.364904e-04 1.993215e-04
9.103067e-02 8.436106e-05 1.994319e-04
9.130149e-02 -4.218090e-04 1.990923e-04
9.157230e-02 2.258513e-04 1.980269e-04
9.184311e-02 -2.985392e-04 2.003505e-04
9.211393e-02 -1.563709e-04 1.981639e-04
9.238474e-02 1.147613e-04 1.970409e-04
9.265555e-02 -3.548488e-04 1.974774e-04
9.292637e-02 -1.549311e-04 1.953387e-04
9.319719e-02 -9.180978e-06 1.982236e-04
9.346800e-02 5.147979e-05 1.973951e-04
9.373882e-02 3.511906e-04 1.965686e-04
9.400963e-02 3.890879e-05 1.970176e-04
9.428044e-02 2.378896e-04 1.976833e-04
9.455126e-02 -1.846496e-04 1.969702e-04
9.482207e-02 -1.069605e-04 1.954070e-04
9.509289e-02 -1.148991e-04 1.957603e-04
9.536370e-02 -8.082949e-05 1.957352e-04
9.563451e-02 -2.432503e-04 1.941288e-04
9.590533e-02 -1.015905e-04 1.958018e-04
9.617615e-02 -2.036896e-04 1.931722e-04
9.644696e-02 8.938089e-05 1.944593e-04
9.671777e-02 -5.364977e-05 1.938255e-04
9.698859e-02 -1.970604e-04 1.914196e-04
9.725940e-02 1.802295e-04 1.943714e-04
9.753022e-02 -3.069192e-04 1.929292e-04
9.780103e-02 2.609100e-04 1.944548e-04
9.807184e-02 -3.252514e-04 1.927474e-04
9.834266e-02 1.023896e-05 1.923044e-04
9.861347e-02 -8.857995e-05 1.931981e-04
9.888428e-02 -1.477078e-05 1.911929e-04
9.915510e-02 3.320798e-04 1.926286e-04
9.942592e-02 4.064105e-05 1.917577e-04
9.969673e-02 -7.972121e-05 1.933226e-04
9.996755e-02 -9.449013e-05 1.914311e-04
1.002384e-01 -1.090504e-04 1.902252e-04
1.005092e-01 1.874994e-04 1.925485e-04
1.007800e-01 -2.173893e-05 1.905480e-04
1.010508e-01 -1.713913e-04 1.913394e-04
1.013216e-01 -4.313700e-04 1.909897e-04
1.015924e-01 -1.004394e-04 1.900982e-04
1.018632e-01 -3.602710e-04 1.911306e-04
1.021341e-01 2.368912e-05 1.895994e-04
1.024049e-01 1.871791e-04 1.905382e-04
1.026757e-01 -4.565902e-05 1.873912e-04
1.029465e-01 -3.109612e-04 1.894237e-04
1.032173e-01 5.050935e-05 1.883768e-04
1.034881e-01 -5.367957e-05 1.897735e-04
1.037589e-01 2.628602e-04 1.876461e-04
1.040298e-01 -8.223020e-05 1.879049e-04
1.043006e-01 -1.399387e-04 1.882619e-04
1.045714e-01 -3.746301e-04 1.881272e-04
1.048422e-01 -1.212601e-04 1.872085e-04
1.051130e-01 -5.823001e-05 1.880256e-04
1.053838e-01 -2.971403e-04 1.873636e-04
1.056546e-01 9.226985e-05 1.864817e-04
1.059255e-01 4.630908e-05 1.860049e-04
1.061963e-01 3.406405e-04 1.855926e-04
1.064671e-01 -3.205296e-04 1.858703e-04
1.067379e-01 -2.686586e-04 1.863042e-04
1.070087e-01 -1.975298e-04 1.867656e-04
1.072795e-01 -3.373399e-04 1.840057e-04
1.075503e-01 -1.570284e-04 1.847380e-04
1.078212e-01 -2.691001e-04 1.855068e-04
1.080920e-01 -1.674592e-04 1.843547e-04
1.083628e-01 -4.651304e-04 1.856890e-04
1.086336e-01 2.081692e-04 1.847090e-04
1.089044e-01 1.214202e-04 1.850834e-04
1.091752e-01 -2.031606e-04 1.838035e-04
1.094460e-01 2.327505e-04 1.828787e-04
1.097169e-01 1.674201e-04 1.850706e-04
1.099877e-01 -1.521297e-04 1.830734e-04
1.102585e-01 1.396593e-04 1.834858e-04
1.105293e-01 -3.343988e-04 1.856552e-04
1.108001e-01 -3.799051e-05 1.879364e-04
1.110709e-01 2.307389e-04 1.903217e-04
1.113417e-01 -1.027510e-04 1.875945e-04
1.116126e-01 -4.112292e-04 1.907574e-04
1.118834e-01 -2.202801e-04 1.906126e-04
1.121542e-01 -1.413394e-04 1.925329e-04
1.124250e-01 9.608082e-05 1.938157e-04
1.126958e-01 -1.021903e-04 1.956608e-04
1.129666e-01 -3.412925e-05 1.956424e-04
1.132374e-01 3.819168e-05 1.975348e-04
1.135083e-01 -6.339885e-05 2.008865e-04
1.137791e-01 2.017599e-04 1.995878e-04
1.140499e-01 -7.242151e-05 2.008138e-04
1.143207e-01 2.307296e-04 2.038708e-04
1.145915e-01 -1.486298e-04 2.044012e-04
1.148623e-01 -5.543102e-04 2.075642e-04
1.151332e-01 -3.395043e-05 2.053810e-04
1.154040e-01 2.327692e-04 2.089878e-04
1.156748e-01 -2.458133e-05 2.083374e-04
1.159456e-01 3.167801e-04 2.090358e-04
1.162164e-01 -3.134198e-04 2.104643e-04
1.164872e-01 -8.936971e-05 2.110611e-04
1.167580e-01 -8.120015e-05 2.133716e-04
1.170288e-01 -1.991410e-04 2.146225e-04
1.172997e-01 -4.748497e-04 2.145811e-04
1.175705e-01 -8.849986e-05 2.151856e-04
1.178413e-01 -2.030283e-06 2.163918e-04
1.181121e-01 3.580004e-06 2.140755e-04
1.183829e-01 1.514889e-05 2.100659e-04
1.186537e-01 -3.779307e-06 2.117131e-04
1.189246e-01 -2.546888e-04 2.103012e-04
1.191954e-01 -1.023207e-04 2.094926e-04
1.194662e-01 -2.832804e-04 2.090145e-04
1.197370e-01 1.081489e-04 2.085006e-04
1.200078e-01 -8.150935e-06 2.092536e-04
1.202786e-01 3.809109e-06 2.064012e-04
1.205494e-01 -3.181398e-04 2.071498e-04
1.208202e-01 3.379956e-05 2.075352e-04
1.210911e-01 2.569146e-05 2.066934e-04
1.213619e-01 -1.136903e-04 2.066038e-04
1.216327e-01 3.943965e-05 2.081448e-04
1.219035e-01 -4.730932e-05 2.080034e-04
1.221743e-01 2.883393e-04 2.066351e-04
1.224451e-01 -9.893067e-05 2.078023e-04
1.227160e-01 6.940030e-05 2.092966e-04
1.229868e-01 1.467094e-04 2.060275e-04
1.232576e-01 -2.557095e-04 2.081550e-04
1.235284e-01 1.193956e-05 2.080518e-04
1.237992e-01 6.020069e-06 2.072190e-04
1.240700e-01 3.037043e-05 2.095116e-04
1.243408e-01 1.967102e-04 2.070430e-04
1.246117e-01 1.936499e-04 2.060858e-04
1.248825e-01 -1.967140e-05 2.082203e-04
1.251533e-01 -4.042182e-04 2.058979e-04
1.254241e-01 -2.144501e-04 2.073654e-04
1.256949e-01 5.513988e-05 2.052367e-04
1.259657e-01 -4.565902e-04 2.050525e-04
1.262365e-01 -3.219098e-04 2.043770e-04
1.265074e-01 -2.531502e-04 2.038501e-04
1.267782e-01 -1.819711e-04 2.049842e-04
1.270490e-01 -5.974062e-05 2.029122e-04
1.273198e-01 -3.269613e-04 2.032874e-04
1.275906e-01 -4.495606e-04 2.027790e-04
1.278614e-01 -2.858005e-04 2.025090e-04
1.281322e-01 8.776039e-05 2.025255e-04
1.284031e-01 -1.722593e-04 2.020676e-04
1.286739e-01 -3.190096e-04 2.034987e-04
1.289447e-01 4.581790e-04 2.016805e-04
1.292155e-01 -1.957212e-04 2.035556e-04
1.294863e-01 -1.731794e-04 2.010222e-04
1.297571e-01 1.607705e-04 2.024819e-04
1.300279e-01 -6.010011e-05 2.008516e-04
1.302988e-01 -1.665689e-04 2.017711e-04
1.305696e-01 -3.603902e-04 2.010508e-04
1.308404e-01 -3.702696e-04 1.998477e-04
1.311112e-01 -3.065318e-04 2.037071e-04
1.313820e-01 -2.289899e-04 2.008369e-04
1.316528e-01 -3.713928e-05 2.030338e-04
1.319236e-01 -3.423300e-04 2.007161e-04
1.321945e-01 2.165139e-05 1.998861e-04
1.324653e-01 -3.362801e-04 1.994045e-04
1.327361e-01 -2.392791e-04 2.005118e-04
1.330069e-01 -3.135800e-04 2.009756e-04
1.332777e-01 4.141964e-05 1.994208e-04
1.335485e-01 -1.098383e-04 1.991961e-04
1.338193e-01 -3.656931e-05 2.032457e-04
1.340902e-01 -2.180208e-04 1.981427e-04
1.343610e-01 1.015998e-04 2.003844e-04
1.346318e-01 1.923814e-04 1.991489e-04
1.349026e-01 -3.002398e-04 1.987952e-04
1.351734e-01 -9.451061e-05 1.998926e-04
1.354442e-01 -4.910100e-04 1.984827e-04
1.357151e-01 -1.546014e-04 2.000574e-04
1.359859e-01 -2.048407e-04 1.978610e-04
1.362567e-01 6.767176e-05 1.969721e-04
1.365275e-01 2.570786e-04 1.967259e-04
1.367983e-01 -2.358593e-04 1.961092e-04
1.370691e-01 -1.773499e-04 1.997119e-04
1.373399e-01 -1.543090e-04 2.002845e-04
1.376107e-01 -6.521866e-05 2.030444e-04
1.378816e-01 -5.112104e-04 2.057145e-04
1.381524e-01 -1.435708e-04 2.045487e-04
1.384232e-01 -4.404914e-04 2.088701e-04
1.386940e-01 -2.187304e-04 2.082059e-04
1.389648e-01 -2.267286e-04 2.082166e-04
1.392356e-01 -2.694391e-04 2.104712e-04
1.395064e-01 3.548153e-05 2.096497e-04
1.397773e-01 2.713390e-04 2.120298e-04
1.400481e-01 1.241080e-05 2.104734e-04
1.403189e-01 -8.940697e-08 2.128882e-04
1.405897e-01 2.616607e-04 2.127344e-04
1.408605e-01 6.471016e-05 2.142019e-04
1.411313e-01 -2.203397e-04 2.165122e-04
1.414021e-01 1.787301e-04 2.151113e-04
1.416730e-01 -2.209991e-04 2.203167e-04
1.419438e-01 -1.792405e-04 2.173826e-04
1.422146e-01 -6.994978e-05 2.182452e-04
1.424854e-01 1.680106e-06 2.173448e-04
1.427562e-01 -2.971310e-04 2.170030e-04
1.430270e-01 -1.132116e-04 2.170194e-04
1.432979e-01 8.841045e-05 2.187825e-04
1.435687e-01 -1.370404e-04 2.199246e-04
1.438395e-01 -2.931785e-04 2.219276e-04
1.441103e-01 1.354814e-04 2.212871e-04
1.443811e-01 2.188981e-05 2.233975e-04
1.446519e-01 -3.549084e-05 2.215057e-04
1.449227e-01 -1.124702e-04 2.234263e-04
1.451935e-01 4.296936e-05 2.216569e-04
1.454644e-01 -1.817401e-04 2.240976e-04
1.457352e-01 -4.155096e-04 2.258449e-04
1.460060e-01 -1.984090e-04 2.241944e-04
1.462768e-01 1.803990e-04 2.260825e-04
1.465476e-01 -6.143898e-04 2.244143e-04
1.468184e-01 1.336187e-04 2.291570e-04
1.470892e-01 -1.033004e-04 2.258997e-04
1.473601e-01 -3.600493e-06 2.278609e-04
1.476309e-01 -1.261011e-05 2.263666e-04
1.479017e-01 -2.711099e-04 2.277240e-04
1.481725e-01 1.446288e-04 2.290751e-04
1.484433e-01 1.264401e-04 2.265874e-04
1.487141e-01 -1.149606e-04 2.262313e-04
1.489850e-01 -1.572501e-04 2.271156e-04
1.492558e-01 -1.073088e-04 2.264274e-04
1.495266e-01 1.714490e-04 2.277712e-04
1.497974e-01 -1.082290e-04 2.228046e-04
1.500682e-01 -6.151702e-04 2.269376e-04
1.503390e-01 -1.739152e-05 2.255859e-04
1.506098e-01 -3.611986e-04 2.255387e-04
1.508806e-01 4.786607e-04 2.262751e-04
1.511515e-01 -2.109315e-04 2.250914e-04
1.514223e-01 -4.641712e-06 2.273756e-04
1.516931e-01 -2.473313e-04 2.254576e-04
1.519639e-01 -2.619196e-04 2.251353e-04
1.522347e-01 -8.705072e-05 2.267505e-04
1.525055e-01 3.031101e-04 2.248525e-04
1.527763e-01 4.318897e-04 2.270533e-04
1.530472e-01 4.408192e-04 2.257555e-04
1.533180e-01 -2.977066e-05 2.279327e-04
1.535888e-01 2.151113e-04 2.268518e-04
1.538596e-01 1.093782e-04 2.265552e-04
1.541304e-01 2.280008e-04 2.271844e-04
1.544012e-01 -7.442012e-05 2.257192e-04
1.546721e-01 1.087207e-04 2.282183e-04
1.549429e-01 -1.341999e-04 2.281630e-04
1.552137e-01 6.015040e-05 2.272181e-04
1.554845e-01 -1.957901e-04 2.271330e-04
1.557553e-01 -4.110988e-04 2.285644e-04
1.560261e-01 2.516583e-04 2.293785e-04
1.562969e-01 1.795292e-04 2.256805e-04
1.565678e-01 6.389990e-05 2.255089e-04
1.568386e-01 -2.476294e-04 2.275154e-04
1.571094e-01 -1.370702e-04 2.275750e-04
1.573802e-01 -7.251278e-06 2.276576e-04
1.576510e-01 -5.838834e-05 2.263053e-04
1.579218e-01 4.360452e-06 2.279241e-04
1.581926e-01 -1.240205e-04 2.285781e-04
1.584634e-01 1.749005e-04 2.280600e-04
1.587343e-01 6.723963e-05 2.264108e-04
1.590051e-01 -2.693385e-04 2.275553e-04
1.592759e-01 -8.419156e-06 2.273909e-04
1.595467e-01 -1.291893e-04 2.269888e-04
1.598175e-01 -1.572594e-04 2.259406e-04
1.600883e-01 8.329004e-05 2.259878e-04
1.603591e-01 2.368912e-05 2.265401e-04
1.606300e-01 -3.224798e-04 2.278999e-04
1.609008e-01 -1.097601e-04 2.252243e-04
1.611716e-01 -1.377799e-04 2.250583e-04
1.614424e-01 -1.337510e-04 2.252031e-04
1.617132e-01 -2.989694e-04 2.275178e-04
1.619840e-01 -2.246406e-04 2.256412e-04
1.622549e-01 1.157112e-04 2.257164e-04
1.625257e-01 -3.512297e-04 2.249190e-04
1.627965e-01 -1.970399e-04 2.241974e-04
1.630673e-01 -2.758205e-04 2.226235e-04
1.633381e-01 1.410022e-06 2.248781e-04
1.636089e-01 2.049599e-04 2.251204e-04
1.638797e-01 2.185311e-04 2.250052e-04
1.641506e-01 -1.730099e-04 2.251720e-04
1.644214e-01 -1.850296e-04 2.255634e-04
1.646922e-01 -5.118083e-04 2.252278e-04
1.649630e-01 -3.580935e-05 2.237960e-04
1.652338e-01 2.471805e-04 2.277574e-04
1.655046e-01 4.160963e-05 2.251373e-04
1.657754e-01 4.061870e-05 2.238947e-04
1.660462e-01 2.203099e-04 2.289184e-04
1.663171e-01 -3.493950e-05 2.247274e-04
1.665879e-01 1.686066e-05 2.251662e-04
1.668587e-01 -6.532110e-05 2.254246e-04
1.671295e-01 -4.243907e-04 2.265476e-04
1.674003e-01 -5.133506e-04 2.257535e-04
1.676711e-01 -2.914295e-04 2.319430e-04
1.679420e-01 -1.077112e-04 2.373168e-04
1.682128e-01 7.318147e-05 2.385553e-04
1.684836e-01 -9.969994e-05 2.452764e-04
1.687544e-01 -4.281607e-04 2.457792e-04
1.690252e-01 1.878105e-04 2.488523e-04
1.692960e-01 -8.418597e-04 2.470490e-04
1.695668e-01 2.706088e-04 2.513172e-04
1.698377e-01 -6.536022e-05 2.518577e-04
1.701085e-01 -2.106391e-04 2.546787e-04
1.703793e-01 4.380513e-04 2.574704e-04
1.706501e-01 -2.299901e-04 2.574010e-04
1.709209e-01 -2.347790e-04 2.618680e-04
1.711917e-01 6.599352e-06 2.581127e-04
1.714625e-01 -4.752409e-04 2.635140e-04
1.717333e-01 1.662597e-04 2.652288e-04
1.720042e-01 -6.547216e-04 2.677339e-04
1.722750e-01 -3.034994e-05 2.697744e-04
1.725458e-01 3.358983e-04 2.691408e-04
1.728166e-01 1.492500e-04 2.721966e-04
1.730874e-01 -2.763290e-04 2.748811e-04
1.733582e-01 7.018074e-05 2.720014e-04
1.736291e-01 1.899898e-05 2.777102e-04
1.738999e-01 -1.899507e-04 2.772796e-04
1.741707e-01 -6.438512e-04 2.827555e-04
1.744415e-01 -5.077198e-04 2.825355e-04
1.747123e-01 -2.099201e-06 2.839387e-04
1.749831e-01 1.879912e-04 2.733929e-04
1.752539e-01 -3.429800e-04 2.642649e-04
1.755248e-01 -4.309397e-04 2.674430e-04
1.757956e-01 -2.451092e-04 2.587794e-04
1.760664e-01 -2.786107e-04 2.645970e-04
1.763372e-01 -4.079808e-04 2.632899e-04
1.766080e-01 -2.350807e-04 2.615213e-04
1.768788e-01 8.561388e-04 2.614008e-04
1.771496e-01 2.758112e-04 2.539611e-04
1.774205e-01 -2.981685e-04 2.572185e-04
1.776913e-01 -1.537800e-04 2.559275e-04
1.779621e-01 3.381073e-05 2.558299e-04
1.782329e-01 -6.921962e-05 2.542699e-04
1.785037e-01 1.033787e-04 2.499686e-04
1.787745e-01 -1.292806e-04 2.545302e-04
1.790453e-01 -4.609507e-04 2.513059e-04
1.793161e-01 -3.877506e-04 2.504455e-04
1.795870e-01 1.618490e-04 2.501892e-04
1.798578e-01 -1.802612e-04 2.477623e-04
1.801286e-01 -4.447605e-04 2.516804e-04
1.803994e-01 -2.835207e-04 2.490124e-04
1.806702e-01 2.961010e-04 2.465261e-04
1.809410e-01 -2.268888e-05 2.487217e-04
1.812119e-01 -4.393049e-05 2.453710e-04
1.814827e-01 -5.128104e-04 2.473606e-04
1.817535e-01 -7.379055e-05 2.442437e-04
1.820243e-01 2.330597e-04 2.458350e-04
1.822951e-01 -2.315789e-04 2.463133e-04
1.825659e-01 1.727287e-04 2.449931e-04
1.828367e-01 -2.365001e-04 2.459907e-04
1.831076e-01 -4.198998e-04 2.433995e-04
1.833784e-01 -1.418497e-04 2.470503e-04
1.836492e-01 -1.101997e-04 2.456789e-04
1.839200e-01 2.525505e-04 2.424485e-04
1.841908e-01 -8.118153e-05 2.438189e-04
1.844616e-01 3.862884e-04 2.433403e-04
1.847324e-01 -9.884126e-05 2.452757e-04
1.850033e-01 -4.386902e-05 2.418537e-04
1.852741e-01 7.857941e-05 2.435759e-04
1.855449e-01 2.660975e-05 2.426369e-04
1.858157e-01 1.162793e-04 2.445228e-04
1.860865e-01 2.562385e-04 2.436023e-04
1.863573e-01 -5.662907e-04 2.410538e-04
1.866281e-01 -2.942197e-04 2.423324e-04
1.868990e-01 3.298614e-04 2.412344e-04
1.871698e-01 -3.555696e-04 2.434690e-04
1.874406e-01 2.739001e-04 2.432496e-04
1.877114e-01 7.711351e-06 2.406294e-04
1.879822e-01 4.871935e-05 2.438966e-04
1.882530e-01 2.108198e-04 2.401651e-04
1.885238e-01 -3.762916e-04 2.429845e-04
1.887947e-01 -4.171021e-05 2.430664e-04
1.890655e-01 -1.189504e-04 2.421749e-04
1.893363e-01 -2.787896e-04 2.435399e-04
1.896071e-01 -1.268797e-04 2.411786e-04
1.898779e-01 2.126098e-04 2.417464e-04
1.901487e-01 -2.493802e-04 2.422395e-04
1.904195e-01 -4.178789e-04 2.418889e-04
1.906904e-01 -3.654100e-04 2.443876e-04
1.909612e-01 -2.643112e-04 2.375798e-04
1.912320e-01 1.498517e-04 2.409047e-04
1.915028e-01 -2.305415e-04 2.399807e-04
1.917736e-01 3.997050e-05 2.412626e-04
1.920444e-01 -7.076003e-05 2.415924e-04
1.923153e-01 -2.087504e-04 2.401891e-04
1.925861e-01 -3.001299e-04 2.413988e-04
1.928569e-01 -5.957708e-04 2.396774e-04
1.931277e-01 1.062695e-04 2.411778e-04
1.933985e-01 -5.692001e-04 2.414467e-04
1.936693e-01 5.120970e-05 2.400259e-04
1.939401e-01 -3.896486e-04 2.404340e-04
1.942109e-01 -1.772288e-04 2.395103e-04
1.944818e-01 4.846975e-05 2.412470e-04
1.947526e-01 -1.751594e-04 2.412040e-04
1.950234e-01 3.944151e-05 2.407331e-04
1.952942e-01 6.616861e-05 2.410150e-04
1.955650e-01 -7.826090e-05 2.405864e-04
1.958358e-01 -1.573488e-04 2.393450e-04
1.961066e-01 1.857616e-04 2.422460e-04
1.963775e-01 1.999494e-04 2.399981e-04
1.966483e-01 -8.814689e-04 2.390357e-04
1.969191e-01 -1.310203e-04 2.416823e-04
1.971899e-01 -2.448689e-04 2.423756e-04
1.974607e-01 -2.863202e-04 2.420328e-04
1.977315e-01 1.914985e-05 2.414614e-04
1.980023e-01 5.397685e-04 2.398412e-04
1.982732e-01 -1.912713e-04 2.407261e-04
1.985440e-01 4.364215e-04 2.438402e-04
1.988148e-01 -2.747960e-05 2.408316e-04
1.990856e-01 -1.380909e-04 2.400015e-04
1.993564e-01 3.547966e-05 2.421679e-04
1.996272e-01 -3.837049e-05 2.410728e-04
1.998980e-01 2.617016e-05 2.382795e-04
2.001689e-01 2.120491e-04 2.375322e-04
2.004397e-01 -1.434982e-05 2.361634e-04
2.007105e-01 5.328096e-05 2.373823e-04
2.009813e-01 -4.933029e-05 2.377116e-04
2.012521e-01 -1.459699e-04 2.382541e-04
2.015229e-01 8.924864e-05 2.388966e-04
2.017937e-01 1.607798e-04 2.395367e-04
2.020646e-01 9.573065e-05 2.366230e-04
2.023354e-01 -3.668889e-04 2.383200e-04
2.026062e-01 6.402843e-05 2.374761e-04
2.028770e-01 -7.398427e-06 2.379777e-04
2.031478e-01 7.078983e-05 2.365961e-04
2.034186e-01 -7.654168e-05 2.389183e-04
2.036894e-01 -2.843011e-04 2.352409e-04
2.039603e-01 -3.116895e-04 2.358824e-04
2.042311e-01 3.045984e-05 2.381301e-04
2.045019e-01 1.283400e-04 2.359489e-04
2.047727e-01 -2.710912e-04 2.365618e-04
2.050435e-01 -6.943941e-05 2.333495e-04
2.053143e-01 -2.205502e-04 2.369982e-04
2.055852e-01 -1.348294e-04 2.363264e-04
2.058560e-01 3.905203e-04 2.355705e-04
2.061268e-01 3.636200e-04 2.348015e-04
2.063976e-01 -1.456197e-04 2.349635e-04
2.066684e-01 -1.675077e-05 2.333837e-04
2.069392e-01 -3.577955e-05 2.325819e-04
2.072100e-01 -1.846701e-04 2.344599e-04
2.074808e-01 -2.211090e-04 2.332838e-04
2.077517e-01 -7.441267e-06 2.333186e-04
2.080225e-01 -5.968101e-05 2.333956e-04
2.082933e-01 3.244597e-04 2.322579e-04
2.085641e-01 -1.855809e-04 2.322264e-04
2.088349e-01 -3.333688e-04 2.356128e-04
2.091057e-01 -2.091937e-05 2.341006e-04
2.093765e-01 1.518056e-05 2.310021e-04
2.096474e-01 -1.146793e-04 2.326723e-04
2.099182e-01 -4.492402e-04 2.344570e-04
2.101890e-01 -4.413109e-04 2.313820e-04
2.104598e-01 1.652204e-04 2.312076e-04
2.107306e-01 -4.062057e-05 2.323874e-04
2.110014e-01 -6.049126e-05 2.328532e-04
2.112723e-01 -2.414901e-04 2.324083e-04
2.115431e-01 -4.721060e-05 2.324036e-04
2.118139e-01 -4.575104e-04 2.326494e-04
2.120847e-01 -3.375411e-04 2.337052e-04
2.123555e-01 -3.577601e-04 2.333882e-04
2.126263e-01 -3.682692e-04 2.314105e-04
2.128971e-01 2.845507e-04 2.330159e-04
2.131680e-01 1.385696e-04 2.323679e-04
2.134388e-01 4.425831e-05 2.336189e-04
2.137096e-01 -8.226000e-05 2.314730e-04
2.139804e-01 -1.632906e-04 2.322979e-04
2.142512e-01 2.859160e-06 2.314875e-04
2.145220e-01 3.073923e-05 2.337352e-04
2.147928e-01 3.683008e-05 2.337737e-04
2.150636e-01 5.968101e-05 2.309933e-04
2.153345e-01 -2.741199e-04 2.347634e-04
2.156053e-01 -8.989125e-06 2.331397e-04
2.158761e-01 -2.607889e-04 2.332805e-04
2.161469e-01 -3.148690e-04 2.306444e-04
2.164177e-01 -3.353413e-04 2.338446e-04
2.166885e-01 -6.490014e-05 2.324654e-04
2.169593e-01 3.132988e-04 2.332245e-04
2.172302e-01 2.487488e-04 2.352663e-04
2.175010e-01 -3.489312e-04 2.326569e-04
2.177718e-01 -4.622284e-04 2.350232e-04
2.180426e-01 -2.001394e-04 2.324193e-04
2.183134e-01 -2.282802e-04 2.301071e-04
2.185842e-01 -2.326202e-04 2.311978e-04
2.188551e-01 1.220033e-06 2.310942e-04
2.191259e-01 -3.377907e-05 2.331704e-04
2.193967e-01 1.306795e-04 2.302487e-04
2.196675e-01 -3.212895e-04 2.315632e-04
2.199383e-01 -2.138689e-04 2.297116e-04
2.202091e-01 2.037399e-04 2.303244e-04
2.204799e-01 -1.182407e-04 2.290574e-04
2.207507e-01 -1.316089e-04 2.307908e-04
2.210216e-01 -1.150202e-04 2.295404e-04
2.212924e-01 -6.069988e-05 2.305362e-04
2.215632e-01 -7.081963e-05 2.303662e-04
2.218340e-01 7.840991e-05 2.290148e-04
2.221048e-01 1.192894e-04 2.284481e-04
2.223756e-01 -4.049614e-04 2.289153e-04
2.226464e-01 -3.397092e-05 2.299349e-04
2.229173e-01 -2.880506e-04 2.267748e-04
2.231881e-01 -4.319604e-04 2.283389e-04
2.234589e-01 -1.133308e-04 2.279585e-04
2.237297e-01 1.870990e-04 2.281935e-04
2.240005e-01 3.841296e-04 2.280808e-04
2.242713e-01 1.828484e-04 2.262190e-04
2.245422e-01 -1.052190e-04 2.299228e-04
2.248130e-01 -3.746897e-04 2.290990e-04
2.250838e-01 -2.357308e-04 2.271367e-04
2.253546e-01 -1.293402e-04 2.272713e-04
2.256254e-01 -2.153590e-04 2.283906e-04
2.258962e-01 -2.789088e-04 2.295132e-04
2.261670e-01 -8.130446e-06 2.379546e-04
2.264379e-01 -1.023095e-04 2.423297e-04
2.267087e-01 3.615208e-04 2.455372e-04
2.269795e-01 -1.597013e-04 2.469111e-04
2.272503e-01 4.658010e-04 2.508821e-04
2.275211e-01 -1.127198e-04 2.552790e-04
2.277919e-01 1.122989e-04 2.529140e-04
2.280627e-01 3.411993e-05 2.603398e-04
2.283335e-01 -5.444493e-04 2.610523e-04
2.286044e-01 -2.856907e-04 2.645477e-04
2.288752e-01 -3.496204e-04 2.676065e-04
2.291460e-01 -1.524948e-05 2.686892e-04
2.294168e-01 1.181494e-04 2.705780e-04
2.296876e-01 2.190694e-04 2.739232e-04
2.299584e-01 2.724491e-04 2.725369e-04
2.302293e-01 -2.918914e-04 2.757240e-04
2.305001e-01 -2.635606e-04 2.811794e-04
2.307709e-01 -2.347901e-04 2.848378e-04
2.310417e-01 -3.571995e-05 2.839480e-04
2.313125e-01 -2.466105e-04 2.896292e-04
2.315833e-01 2.447888e-04 2.903619e-04
2.318541e-01 2.605394e-04 2.927896e-04
2.321250e-01 -3.423411e-04 2.962251e-04
2.323958e-01 2.156999e-04 2.989611e-04
2.326666e-01 5.299598e-04 3.009306e-04
2.329374e-01 -3.748946e-05 3.052179e-04
2.332082e-01 -1.268908e-04 3.041151e-04
2.334790e-01 -2.846699e-04 3.058272e-04
2.337498e-01 1.495611e-04 3.129367e-04
2.340207e-01 -1.063105e-04 3.130552e-04
2.342915e-01 -5.919859e-05 3.142580e-04
2.345623e-01 -1.954399e-04 3.135287e-04
2.348331e-01 2.596900e-04 3.202509e-04
2.351039e-01 -1.759306e-04 3.211097e-04
2.353747e-01 -4.494190e-04 3.235331e-04
2.356455e-01 2.149101e-04 3.281203e-04
2.359163e-01 2.183598e-04 3.292245e-04
2.361872e-01 1.788605e-04 3.316831e-04
2.364580e-01 -8.598603e-04 3.351439e-04
2.367288e-01 -3.870949e-05 3.391867e-04
2.369996e-01 4.696101e-05 3.349126e-04
2.372704e-01 -4.425701e-04 3.471616e-04
2.375412e-01 1.060814e-04 3.418601e-04
2.378121e-01 -4.702210e-04 3.508572e-04
2.380829e-01 -3.725402e-04 3.473637e-04
2.383537e-01 -3.948994e-04 3.576000e-04
2.386245e-01 -1.894496e-04 3.667516e-04
2.388953e-01 1.096111e-04 3.613564e-04
2.391661e-01 1.723133e-05 3.700295e-04
2.394369e-01 -4.155599e-04 3.683320e-04
2.397078e-01 2.704095e-04 3.775343e-04
2.399786e-01 3.657211e-04 3.816074e-04
2.402494e-01 -1.004301e-04 3.803559e-04
2.405202e-01 -5.527493e-04 3.832305e-04
2.407910e-01 -2.663005e-04 3.953842e-04
2.410618e-01 6.089695e-04 3.916473e-04
2.413326e-01 4.638098e-04 3.929225e-04
2.416034e-01 7.337593e-04 3.949144e-04
2.418743e-01 6.337613e-04 4.080515e-04
2.421451e-01 2.685804e-04 4.143510e-04
2.424159e-01 -3.485195e-04 4.147499e-04
2.426867e-01 -1.592208e-04 4.139314e-04
2.429575e-01 -1.069997e-04 4.230021e-04
2.432283e-01 -9.732880e-05 4.344022e-04
2.434992e-01 1.572501e-04 4.304776e-04
2.437700e-01 -1.406390e-04 4.314079e-04
2.440408e-01 -1.104521e-03 4.498816e-04
2.443116e-01 -5.231798e-04 4.514486e-04
2.445824e-01 -3.922302e-04 4.544335e-04
2.448532e-01 3.475603e-04 4.592767e-04
2.451240e-01 -5.378202e-04 4.662241e-04
2.453949e-01 -6.689597e-04 4.766178e-04
2.456657e-01 3.996100e-04 4.852841e-04
2.459365e-01 -3.297292e-04 4.899106e-04
2.462073e-01 -2.878886e-04 4.985902e-04
2.464781e-01 -1.663661e-03 5.068193e-04
2.467489e-01 -5.520005e-04 5.102002e-04
2.470197e-01 -2.574008e-04 5.066291e-04
2.472906e-01 8.532964e-05 5.255761e-04
2.475614e-01 4.565809e-04 5.394764e-04
2.478322e-01 3.116000e-04 5.550647e-04
2.481030e-01 -5.069505e-04 5.370357e-04
2.483738e-01 1.296131e-03 5.496462e-04
2.486446e-01 4.887413e-04 5.885990e-04
2.489154e-01 2.499614e-04 5.997058e-04
2.491863e-01 -7.657316e-04 5.975534e-04
2.494571e-01 3.193300e-04 6.087638e-04
2.497279e-01 3.403891e-04 6.168765e-04
2.499987e-01 -9.114500e-04 6.452700e-04
2.502695e-01 -2.024304e-04 6.494599e-04
2.505403e-01 -5.781502e-04 6.729611e-04
2.508111e-01 -9.325407e-04 6.721610e-04
2.510819e-01 -2.724007e-04 7.263846e-04
2.513528e-01 -4.293695e-04 7.330285e-04
2.516236e-01 2.967287e-04 7.423775e-04
2.518944e-01 -1.845397e-04 7.825845e-04
2.521652e-01 -1.562700e-03 8.213084e-04
2.524360e-01 -5.926900e-04 7.998569e-04
2.527068e-01 7.298999e-04 8.245686e-04
2.529776e-01 -3.093891e-04 8.513953e-04
2.532485e-01 -2.016798e-04 8.900911e-04
2.535193e-01 7.567313e-04 9.037337e-04
2.537901e-01 -1.201190e-03 8.894943e-04
2.540609e-01 1.080800e-03 9.108681e-04
2.543317e-01 -2.264604e-04 9.577535e-04
2.546025e-01 -1.468610e-03 1.013532e-03
2.548733e-01 -6.897803e-04 1.048964e-03
2.551441e-01 -1.560003e-04 1.082569e-03
2.554150e-01 -1.525395e-04 1.155217e-03
2.556858e-01 1.173591e-03 1.129595e-03
2.559566e-01 -8.387100e-04 1.249025e-03
2.562274e-01 -4.825592e-04 1.329153e-03
2.564982e-01 1.994502e-04 1.358491e-03
2.567690e-01 -7.640291e-04 1.588670e-03
2.570398e-01 -4.668497e-04 1.794074e-03
2.573107e-01 -1.066431e-03 1.881796e-03
2.575815e-01 -1.743190e-03 2.578484e-03
2.578523e-01 3.242811e-03 3.165616e-03
2.581231e-01 3.817901e-03 5.311706e-03
