3.286826e-03 1.029110e-01 0.000000e+00
3.557641e-03 -2.514076e-02 1.101166e-01
3.828455e-03 -4.977226e-03 6.205018e-02
4.099269e-03 1.348400e-02 4.470019e-02
4.370084e-03 1.830482e-02 3.380032e-02
4.640898e-03 2.413011e-02 2.315872e-02
4.911712e-03 1.518607e-02 1.927461e-02
5.182527e-03 3.363907e-02 1.583834e-02
5.453341e-03 2.965200e-02 1.389473e-02
5.724155e-03 3.738511e-02 1.122609e-02
5.994970e-03 3.261197e-02 1.013047e-02
6.265784e-03 4.135203e-02 8.489837e-03
6.536598e-03 3.053045e-02 6.928772e-03
6.807412e-03 4.261518e-02 6.191188e-03
7.078227e-03 4.045987e-02 5.424796e-03
7.349041e-03 4.131031e-02 4.613370e-03
7.619855e-03 3.258508e-02 4.209743e-03
7.890671e-03 3.415501e-02 3.677882e-03
8.161485e-03 3.374439e-02 3.391527e-03
8.432299e-03 3.156880e-02 3.106620e-03
8.703114e-03 3.386980e-02 2.799353e-03
8.973928e-03 4.181787e-02 2.602724e-03
9.244742e-03 2.957147e-02 2.462938e-03
9.515557e-03 3.312039e-02 2.276477e-03
9.786371e-03 3.399000e-02 2.138433e-03
1.005718e-02 3.335741e-02 2.021865e-03
1.032800e-02 3.505370e-02 1.843942e-03
1.059881e-02 3.833880e-02 1.770716e-03
1.086963e-02 3.511140e-02 1.687718e-03
1.114044e-02 3.223820e-02 1.550445e-03
1.141126e-02 3.340660e-02 1.539326e-03
1.168207e-02 3.370181e-02 1.462865e-03
1.195289e-02 3.293030e-02 1.411179e-03
1.222370e-02 3.333801e-02 1.343286e-03
1.249451e-02 3.137290e-02 1.282345e-03
1.276533e-02 2.998710e-02 1.237982e-03
1.303614e-02 3.081623e-02 1.154611e-03
1.330696e-02 2.911449e-02 1.119663e-03
1.357777e-02 3.027170e-02 1.113038e-03
1.384859e-02 3.091741e-02 1.057571e-03
1.411940e-02 3.109079e-02 1.050899e-03
1.439021e-02 3.124554e-02 9.933733e-04
1.466103e-02 2.896857e-02 9.711907e-04
1.493184e-02 3.016695e-02 9.592712e-04
1.520266e-02 2.838492e-02 9.263635e-04
1.547347e-02 2.889502e-02 9.055333e-04
1.574429e-02 2.943072e-02 8.799475e-04
1.601510e-02 2.852457e-02 8.430240e-04
1.628591e-02 2.668316e-02 8.503055e-04
1.655673e-02 2.668438e-02 8.072066e-04
1.682754e-02 2.614944e-02 7.955417e-04
1.709836e-02 2.764396e-02 7.994378e-04
1.736917e-02 2.596820e-02 7.647705e-04
1.763999e-02 2.628571e-02 7.558068e-04
1.791080e-02 2.603594e-02 7.357780e-04
1.818161e-02 2.566449e-02 7.279803e-04
1.845243e-02 2.584217e-02 7.444600e-04
1.872324e-02 2.502747e-02 7.199325e-04
1.899406e-02 2.481422e-02 7.219109e-04
1.926487e-02 2.299173e-02 6.987975e-04
1.953569e-02 2.338110e-02 6.983365e-04
1.980650e-02 2.303510e-02 7.036718e-04
2.007731e-02 2.352086e-02 6.937657e-04
2.034813e-02 2.388266e-02 6.873689e-04
2.061894e-02 2.299915e-02 6.782344e-04
2.088976e-02 2.180362e-02 6.602835e-04
2.116057e-02 2.318671e-02 6.722745e-04
2.143139e-02 2.126292e-02 6.570833e-04
2.170220e-02 2.112340e-02 6.639706e-04
2.197302e-02 2.121026e-02 6.501930e-04
2.224383e-02 2.120138e-02 6.323409e-04
2.251465e-02 2.126004e-02 6.295262e-04
2.278546e-02 1.947116e-02 6.111413e-04
2.305627e-02 2.021295e-02 6.082522e-04
2.332709e-02 2.019365e-02 5.998157e-04
2.359790e-02 1.949071e-02 5.918181e-04
2.386872e-02 1.865092e-02 5.779203e-04
2.413953e-02 1.849705e-02 5.740419e-04
2.441034e-02 1.966521e-02 5.681477e-04
2.468116e-02 1.840715e-02 5.616557e-04
2.495197e-02 1.891901e-02 5.466392e-04
2.522279e-02 1.807471e-02 5.521941e-04
2.549360e-02 1.800151e-02 5.490212e-04
2.576442e-02 1.692039e-02 5.289553e-04
2.603523e-02 1.721310e-02 5.343065e-04
2.630604e-02 1.767372e-02 5.194819e-04
2.657686e-02 1.698599e-02 5.189762e-04
2.684767e-02 1.567890e-02 5.057081e-04
2.711849e-02 1.736991e-02 5.071084e-04
2.738930e-02 1.647720e-02 5.041260e-04
2.766012e-02 1.609553e-02 4.949505e-04
2.793093e-02 1.613689e-02 4.892155e-04
2.820175e-02 1.574066e-02 4.782622e-04
2.847256e-02 1.499872e-02 4.799381e-04
2.874337e-02 1.581807e-02 4.720483e-04
2.901419e-02 1.593570e-02 4.659982e-04
2.928500e-02 1.479106e-02 4.655146e-04
2.955582e-02 1.494473e-02 4.650981e-04
2.982663e-02 1.484445e-02 4.548380e-04
3.009745e-02 1.435352e-02 4.588826e-04
3.036826e-02 1.493330e-02 4.490864e-04
3.063907e-02 1.398414e-02 4.482933e-04
3.090989e-02 1.422585e-02 4.494416e-04
3.118070e-02 1.355571e-02 4.395598e-04
3.145152e-02 1.376293e-02 4.405421e-04
3.172233e-02 1.407493e-02 4.308832e-04
3.199315e-02 1.327711e-02 4.296219e-04
3.226396e-02 1.336528e-02 4.343682e-04
3.253478e-02 1.361825e-02 4.288671e-04
3.280559e-02 1.285596e-02 4.242334e-04
3.307641e-02 1.290722e-02 4.242482e-04
3.334722e-02 1.205540e-02 4.178633e-04
3.361803e-02 1.277272e-02 4.169766e-04
3.388885e-02 1.261763e-02 4.128427e-04
3.415966e-02 1.257535e-02 4.116840e-04
3.443048e-02 1.231563e-02 4.143519e-04
3.470129e-02 1.184536e-02 4.093602e-04
3.497211e-02 1.236768e-02 4.127585e-04
3.524292e-02 1.195210e-02 4.003234e-04
3.551374e-02 1.191097e-02 4.010026e-04
3.578455e-02 1.210791e-02 3.996958e-04
3.605536e-02 1.186413e-02 3.939684e-04
3.632618e-02 1.138179e-02 3.896958e-04
3.659699e-02 1.162120e-02 3.901862e-04
3.686780e-02 1.113370e-02 3.882708e-04
3.713862e-02 1.131774e-02 3.833730e-04
3.740944e-02 1.101298e-02 3.813679e-04
3.768025e-02 1.043539e-02 3.781566e-04
3.795106e-02 1.092260e-02 3.789402e-04
3.822188e-02 1.012410e-02 3.788285e-04
3.849269e-02 1.154660e-02 3.744460e-04
3.876351e-02 1.024448e-02 3.742603e-04
3.903432e-02 1.118358e-02 3.778466e-04
3.930514e-02 1.087772e-02 3.729074e-04
3.957595e-02 1.044196e-02 3.721494e-04
3.984676e-02 1.009489e-02 3.624274e-04
4.011758e-02 1.094547e-02 3.707427e-04
4.038839e-02 1.082926e-02 3.659388e-04
4.065921e-02 1.022289e-02 3.575438e-04
4.093002e-02 1.042415e-02 3.627848e-04
4.120084e-02 9.898618e-03 3.577383e-04
4.147165e-02 1.008026e-02 3.557138e-04
4.174246e-02 1.008090e-02 3.599743e-04
4.201328e-02 1.003043e-02 3.498613e-04
4.228409e-02 9.680610e-03 3.567663e-04
4.255491e-02 9.691488e-03 3.515765e-04
4.282572e-02 9.646621e-03 3.505206e-04
4.309653e-02 9.702209e-03 3.471907e-04
4.336735e-02 9.112820e-03 3.461816e-04
4.363817e-02 9.286553e-03 3.508939e-04
4.390898e-02 9.567153e-03 3.435260e-04
4.417979e-02 8.870889e-03 3.414220e-04
4.445061e-02 9.078871e-03 3.388303e-04
4.472142e-02 9.348739e-03 3.339296e-04
4.499224e-02 9.268638e-03 3.402472e-04
4.526305e-02 9.326179e-03 3.342290e-04
4.553387e-02 9.302471e-03 3.338992e-04
4.580468e-02 9.015597e-03 3.348054e-04
4.607549e-02 9.549599e-03 3.347655e-04
4.634631e-02 8.267872e-03 3.289453e-04
4.661712e-02 8.922521e-03 3.323932e-04
4.688794e-02 8.034352e-03 3.270774e-04
4.715875e-02 8.937690e-03 3.241566e-04
4.742957e-02 8.370619e-03 3.241124e-04
4.770038e-02 8.843783e-03 3.262557e-04
4.797119e-02 8.471351e-03 3.195907e-04
4.824201e-02 8.353010e-03 3.204094e-04
4.851282e-02 8.473869e-03 3.232052e-04
4.878364e-02 8.387249e-03 3.174228e-04
4.905445e-02 8.541420e-03 3.176066e-04
4.932526e-02 8.424688e-03 3.158630e-04
4.959608e-02 8.115470e-03 3.162141e-04
4.986690e-02 8.323759e-03 3.163907e-04
5.013771e-02 8.283388e-03 3.134535e-04
5.040852e-02 7.971622e-03 3.130850e-04
5.067934e-02 8.466039e-03 3.150082e-04
5.095015e-02 7.883321e-03 3.067917e-04
5.122096e-02 7.820360e-03 3.088714e-04
5.149178e-02 8.164272e-03 3.116779e-04
5.176260e-02 7.545631e-03 3.108140e-04
5.203341e-02 8.433342e-03 3.082137e-04
5.230422e-02 7.567290e-03 3.041433e-04
5.257504e-02 7.360552e-03 3.044548e-04
5.284585e-02 7.777102e-03 3.049617e-04
5.311667e-02 7.932022e-03 3.021183e-04
5.338748e-02 7.712450e-03 3.086773e-04
5.365830e-02 7.569272e-03 3.055324e-04
5.392911e-02 7.285271e-03 3.041373e-04
5.419992e-02 7.336579e-03 3.074987e-04
5.447074e-02 7.614098e-03 3.058968e-04
5.474155e-02 7.564701e-03 3.149217e-04
5.501237e-02 7.256027e-03 3.180521e-04
5.528318e-02 7.355429e-03 3.210151e-04
5.555400e-02 7.661659e-03 3.215458e-04
5.582481e-02 6.859660e-03 3.190643e-04
5.609563e-02 6.880227e-03 3.221136e-04
5.636644e-02 6.970711e-03 3.210746e-04
5.663725e-02 6.818753e-03 3.274450e-04
5.690807e-02 7.389858e-03 3.273567e-04
5.717888e-02 7.173039e-03 3.248463e-04
5.744969e-02 6.592080e-03 3.285954e-04
5.772051e-02 6.990559e-03 3.290473e-04
5.799133e-02 6.210070e-03 3.252309e-04
5.826214e-02 6.767161e-03 3.277367e-04
5.853295e-02 6.679229e-03 3.303754e-04
5.880377e-02 6.874241e-03 3.264587e-04
5.907458e-02 6.721482e-03 3.294354e-04
5.934540e-02 6.359220e-03 3.252332e-04
5.961621e-02 6.237719e-03 3.280947e-04
5.988703e-02 5.988292e-03 3.279918e-04
6.015784e-02 6.047118e-03 3.304745e-04
6.042865e-02 6.419178e-03 3.335770e-04
6.069947e-02 7.117301e-03 3.239627e-04
6.097028e-02 6.449278e-03 3.250362e-04
6.124110e-02 6.091610e-03 3.208132e-04
6.151191e-02 6.331127e-03 3.191445e-04
6.178273e-02 6.679200e-03 3.184915e-04
6.205354e-02 5.585309e-03 3.138809e-04
6.232436e-02 5.789079e-03 3.163493e-04
6.259517e-02 6.071612e-03 3.141580e-04
6.286598e-02 5.576920e-03 3.130974e-04
6.313679e-02 6.103180e-03 3.130278e-04
6.340761e-02 5.902339e-03 3.095871e-04
6.367842e-02 6.291382e-03 3.107481e-04
6.394923e-02 6.083287e-03 3.106031e-04
6.422005e-02 5.412251e-03 3.069009e-04
6.449086e-02 6.260309e-03 3.103652e-04
6.476168e-02 6.391730e-03 3.074791e-04
6.503250e-02 5.532231e-03 3.113688e-04
6.530331e-02 5.640138e-03 3.052974e-04
6.557412e-02 6.220251e-03 3.051033e-04
6.584494e-02 6.021541e-03 3.068647e-04
6.611575e-02 5.277291e-03 3.036613e-04
6.638657e-02 5.109210e-03 3.037108e-04
6.665738e-02 5.932141e-03 3.054824e-04
6.692819e-02 5.287360e-03 3.033283e-04
6.719901e-02 6.011412e-03 3.055299e-04
6.746982e-02 5.653441e-03 3.057033e-04
6.774063e-02 5.472951e-03 3.061200e-04
6.801146e-02 4.874282e-03 3.005407e-04
6.828227e-02 5.450031e-03 2.983584e-04
6.855308e-02 4.934762e-03 2.988021e-04
6.882390e-02 5.388800e-03 2.986931e-04
6.909471e-02 5.299110e-03 3.002009e-04
6.936552e-02 5.751180e-03 2.967510e-04
6.963634e-02 5.221631e-03 2.986831e-04
6.990715e-02 4.755478e-03 2.985472e-04
7.017796e-02 4.551750e-03 2.958263e-04
7.044878e-02 4.799180e-03 2.965700e-04
7.071959e-02 5.240640e-03 2.947005e-04
7.099041e-02 5.437111e-03 2.975736e-04
7.126123e-02 5.363101e-03 2.942086e-04
7.153204e-02 5.171061e-03 2.925285e-04
7.180285e-02 4.895113e-03 2.938047e-04
7.207367e-02 5.035760e-03 2.922919e-04
7.234448e-02 5.184509e-03 2.946652e-04
7.261530e-02 4.671570e-03 2.909346e-04
7.288611e-02 5.357772e-03 2.875841e-04
7.315692e-02 5.144197e-03 2.938666e-04
7.342774e-02 5.117880e-03 2.903850e-04
7.369855e-02 5.591551e-03 2.922040e-04
7.396936e-02 4.933100e-03 2.904647e-04
7.424019e-02 4.711973e-03 2.909090e-04
7.451100e-02 4.161190e-03 2.909299e-04
7.478181e-02 4.265241e-03 2.861359e-04
7.505263e-02 4.959133e-03 2.890551e-04
7.532344e-02 4.399460e-03 2.912697e-04
7.559425e-02 4.767491e-03 2.852786e-04
7.586507e-02 5.001832e-03 2.908721e-04
7.613588e-02 5.153192e-03 2.866668e-04
7.640669e-02 4.314922e-03 2.861818e-04
7.667751e-02 4.606921e-03 2.865813e-04
7.694832e-02 4.361622e-03 2.866973e-04
7.721914e-02 4.862363e-03 2.854919e-04
7.748996e-02 4.341342e-03 2.833429e-04
7.776077e-02 4.299270e-03 2.824158e-04
7.803158e-02 4.472628e-03 2.842024e-04
7.830240e-02 4.422700e-03 2.802647e-04
7.857321e-02 4.443340e-03 2.818152e-04
7.884403e-02 4.815530e-03 2.825189e-04
7.911484e-02 3.853302e-03 2.771366e-04
7.938565e-02 4.227029e-03 2.826422e-04
7.965647e-02 4.107781e-03 2.807876e-04
7.992728e-02 4.216749e-03 2.802405e-04
8.019809e-02 4.240651e-03 2.781519e-04
8.046892e-02 4.117802e-03 2.754701e-04
8.073973e-02 4.229920e-03 2.790814e-04
8.101054e-02 4.297310e-03 2.767920e-04
8.128136e-02 4.739439e-03 2.773694e-04
8.155217e-02 4.503252e-03 2.770574e-04
8.182298e-02 4.150221e-03 2.776535e-04
8.209380e-02 4.331058e-03 2.757513e-04
8.236461e-02 3.409350e-03 2.747705e-04
8.263543e-02 3.760660e-03 2.737712e-04
8.290624e-02 3.348142e-03 2.757368e-04
8.317705e-02 4.255749e-03 2.726557e-04
8.344787e-02 3.579590e-03 2.750082e-04
8.371869e-02 3.407110e-03 2.750750e-04
8.398950e-02 4.227079e-03 2.747309e-04
8.426031e-02 3.569810e-03 2.744623e-04
8.453113e-02 3.689351e-03 2.716577e-04
8.480194e-02 3.743360e-03 2.725885e-04
8.507276e-02 3.455911e-03 2.721378e-04
8.534357e-02 3.904169e-03 2.696135e-04
8.561438e-02 3.548801e-03 2.692486e-04
8.588520e-02 3.640959e-03 2.674421e-04
8.615601e-02 3.904989e-03 2.691780e-04
8.642682e-02 3.488740e-03 2.708934e-04
8.669765e-02 3.445389e-03 2.678025e-04
8.696846e-02 3.821101e-03 2.692692e-04
8.723927e-02 3.536049e-03 2.681327e-04
8.751009e-02 3.809219e-03 2.672753e-04
8.778090e-02 3.539478e-03 2.644282e-04
8.805171e-02 3.278460e-03 2.666673e-04
8.832253e-02 3.173400e-03 2.654569e-04
8.859334e-02 3.837189e-03 2.697169e-04
8.886416e-02 3.603920e-03 2.670706e-04
8.913497e-02 3.699470e-03 2.643935e-04
8.940578e-02 3.404211e-03 2.649646e-04
8.967660e-02 3.801731e-03 2.646717e-04
8.994742e-02 2.942977e-03 2.632071e-04
9.021823e-02 3.337519e-03 2.634543e-04
9.048904e-02 3.127320e-03 2.622680e-04
9.075986e-02 3.423560e-03 2.663950e-04
9.103067e-02 3.383869e-03 2.624200e-04
9.130149e-02 3.650729e-03 2.623859e-04
9.157230e-02 3.261922e-03 2.609768e-04
9.184311e-02 3.009981e-03 2.641975e-04
9.211393e-02 3.141640e-03 2.626693e-04
9.238474e-02 3.012901e-03 2.600983e-04
9.265555e-02 3.290549e-03 2.610445e-04
9.292637e-02 3.236491e-03 2.579116e-04
9.319719e-02 3.525870e-03 2.608416e-04
9.346800e-02 3.365811e-03 2.609547e-04
9.373882e-02 3.449112e-03 2.606121e-04
9.400963e-02 3.506310e-03 2.593211e-04
9.428044e-02 3.343901e-03 2.593864e-04
9.455126e-02 3.268180e-03 2.581204e-04
9.482207e-02 2.968861e-03 2.585544e-04
9.509289e-02 2.863580e-03 2.586825e-04
9.536370e-02 2.640760e-03 2.591500e-04
9.563451e-02 2.817038e-03 2.566771e-04
9.590533e-02 2.959510e-03 2.589648e-04
9.617615e-02 3.185131e-03 2.537056e-04
9.644696e-02 2.579559e-03 2.545466e-04
9.671777e-02 3.029499e-03 2.567103e-04
9.698859e-02 2.992831e-03 2.543185e-04
9.725940e-02 2.641071e-03 2.553625e-04
9.753022e-02 2.801701e-03 2.533510e-04
9.780103e-02 2.657520e-03 2.557818e-04
9.807184e-02 3.211360e-03 2.550373e-04
9.834266e-02 2.775071e-03 2.547196e-04
9.861347e-02 2.795210e-03 2.560682e-04
9.888428e-02 3.140738e-03 2.520961e-04
9.915510e-02 2.719602e-03 2.539519e-04
9.942592e-02 3.028460e-03 2.521341e-04
9.969673e-02 3.059298e-03 2.521536e-04
9.996755e-02 2.934599e-03 2.515093e-04
1.002384e-01 2.666751e-03 2.516346e-04
1.005092e-01 2.634788e-03 2.523210e-04
1.007800e-01 2.953839e-03 2.510077e-04
1.010508e-01 3.323760e-03 2.537841e-04
1.013216e-01 2.100581e-03 2.494701e-04
1.015924e-01 2.777440e-03 2.488514e-04
1.018632e-01 3.164282e-03 2.519729e-04
1.021341e-01 2.529649e-03 2.484854e-04
1.024049e-01 2.435569e-03 2.496038e-04
1.026757e-01 2.851630e-03 2.493652e-04
1.029465e-01 2.715020e-03 2.483037e-04
1.032173e-01 2.592992e-03 2.477344e-04
1.034881e-01 2.509499e-03 2.469876e-04
1.037589e-01 3.220592e-03 2.474978e-04
1.040298e-01 2.715850e-03 2.465716e-04
1.043006e-01 2.581699e-03 2.483930e-04
1.045714e-01 2.711780e-03 2.475055e-04
1.048422e-01 2.393801e-03 2.444947e-04
1.051130e-01 3.167901e-03 2.456031e-04
1.053838e-01 2.687609e-03 2.479200e-04
1.056546e-01 2.622910e-03 2.453111e-04
1.059255e-01 2.647201e-03 2.453265e-04
1.061963e-01 2.463218e-03 2.438269e-04
1.064671e-01 2.366301e-03 2.448583e-04
1.067379e-01 2.495300e-03 2.437101e-04
1.070087e-01 2.254039e-03 2.449226e-04
1.072795e-01 2.650639e-03 2.432160e-04
1.075503e-01 2.318300e-03 2.450555e-04
1.078212e-01 2.769710e-03 2.438437e-04
1.080920e-01 2.267389e-03 2.443437e-04
1.083628e-01 2.044169e-03 2.431980e-04
1.086336e-01 2.143288e-03 2.423206e-04
1.089044e-01 2.809759e-03 2.443582e-04
1.091752e-01 2.270579e-03 2.414651e-04
1.094460e-01 2.202801e-03 2.396221e-04
1.097169e-01 2.615219e-03 2.420752e-04
1.099877e-01 2.202639e-03 2.397669e-04
1.102585e-01 2.400549e-03 2.407701e-04
1.105293e-01 2.006920e-03 2.441746e-04
1.108001e-01 2.278801e-03 2.466698e-04
1.110709e-01 2.713520e-03 2.480408e-04
1.113417e-01 2.395932e-03 2.468625e-04
1.116126e-01 2.584601e-03 2.497845e-04
1.118834e-01 1.867639e-03 2.492959e-04
1.121542e-01 2.343003e-03 2.527058e-04
1.124250e-01 1.945831e-03 2.537157e-04
1.126958e-01 1.956280e-03 2.538751e-04
1.129666e-01 1.484009e-03 2.556671e-04
1.132374e-01 2.074370e-03 2.587266e-04
1.135083e-01 2.369300e-03 2.638673e-04
1.137791e-01 2.057452e-03 2.654175e-04
1.140499e-01 2.334839e-03 2.639590e-04
1.143207e-01 2.350530e-03 2.677368e-04
1.145915e-01 2.161179e-03 2.670766e-04
1.148623e-01 2.204098e-03 2.699934e-04
1.151332e-01 1.982881e-03 2.695585e-04
1.154040e-01 2.258720e-03 2.718952e-04
1.156748e-01 2.461081e-03 2.739662e-04
1.159456e-01 2.753131e-03 2.751731e-04
1.162164e-01 1.737330e-03 2.766095e-04
1.164872e-01 1.861492e-03 2.749342e-04
1.167580e-01 2.594929e-03 2.801139e-04
1.170288e-01 1.926400e-03 2.822730e-04
1.172997e-01 1.812341e-03 2.833234e-04
1.175705e-01 2.302920e-03 2.848518e-04
1.178413e-01 2.304608e-03 2.844734e-04
1.181121e-01 2.283739e-03 2.813910e-04
1.183829e-01 2.239920e-03 2.759496e-04
1.186537e-01 2.172740e-03 2.763785e-04
1.189246e-01 2.271229e-03 2.746543e-04
1.191954e-01 2.066800e-03 2.717198e-04
1.194662e-01 2.407370e-03 2.775310e-04
1.197370e-01 1.708049e-03 2.738209e-04
1.200078e-01 1.117591e-03 2.717670e-04
1.202786e-01 2.127759e-03 2.738514e-04
1.205494e-01 2.090560e-03 2.718925e-04
1.208202e-01 1.336360e-03 2.707222e-04
1.210911e-01 1.108460e-03 2.690561e-04
1.213619e-01 1.611389e-03 2.726318e-04
1.216327e-01 2.313331e-03 2.721449e-04
1.219035e-01 1.986191e-03 2.719767e-04
1.221743e-01 1.684099e-03 2.720558e-04
1.224451e-01 1.544259e-03 2.712064e-04
1.227160e-01 2.086479e-03 2.741000e-04
1.229868e-01 2.019808e-03 2.708398e-04
1.232576e-01 2.296992e-03 2.716459e-04
1.235284e-01 2.099631e-03 2.721731e-04
1.237992e-01 1.919992e-03 2.699012e-04
1.240700e-01 1.843052e-03 2.715944e-04
1.243408e-01 1.813330e-03 2.720749e-04
1.246117e-01 1.889449e-03 2.690845e-04
1.248825e-01 1.938608e-03 2.707206e-04
1.251533e-01 2.079990e-03 2.716886e-04
1.254241e-01 1.826201e-03 2.682089e-04
1.256949e-01 1.792248e-03 2.662256e-04
1.259657e-01 1.879221e-03 2.710633e-04
1.262365e-01 2.004230e-03 2.672068e-04
1.265074e-01 1.689050e-03 2.651162e-04
1.267782e-01 1.799891e-03 2.670361e-04
1.270490e-01 1.766190e-03 2.665505e-04
1.273198e-01 1.629690e-03 2.639979e-04
1.275906e-01 1.738818e-03 2.653104e-04
1.278614e-01 2.155600e-03 2.664713e-04
1.281322e-01 1.472000e-03 2.622749e-04
1.284031e-01 1.329329e-03 2.624019e-04
1.286739e-01 1.464009e-03 2.658083e-04
1.289447e-01 1.842748e-03 2.611791e-04
1.292155e-01 1.686681e-03 2.649088e-04
1.294863e-01 1.390500e-03 2.627492e-04
1.297571e-01 1.566032e-03 2.635553e-04
1.300279e-01 1.311662e-03 2.612229e-04
1.302988e-01 1.936849e-03 2.670916e-04
1.305696e-01 1.609821e-03 2.631132e-04
1.308404e-01 1.460582e-03 2.641448e-04
1.311112e-01 1.928711e-03 2.602912e-04
1.313820e-01 2.120169e-03 2.629651e-04
1.316528e-01 2.116492e-03 2.640034e-04
1.319236e-01 1.571670e-03 2.613103e-04
1.321945e-01 1.590861e-03 2.583967e-04
1.324653e-01 1.825772e-03 2.627789e-04
1.327361e-01 1.130890e-03 2.589624e-04
1.330069e-01 9.607691e-04 2.617007e-04
1.332777e-01 2.206562e-03 2.609451e-04
1.335485e-01 2.235290e-03 2.600637e-04
1.338193e-01 1.409659e-03 2.609327e-04
1.340902e-01 1.868971e-03 2.583838e-04
1.343610e-01 1.524322e-03 2.583835e-04
1.346318e-01 1.103751e-03 2.620996e-04
1.349026e-01 1.602601e-03 2.590446e-04
1.351734e-01 1.717322e-03 2.623152e-04
1.354442e-01 1.650311e-03 2.591952e-04
1.357151e-01 1.995731e-03 2.603249e-04
1.359859e-01 1.511201e-03 2.573753e-04
1.362567e-01 1.344662e-03 2.565048e-04
1.365275e-01 1.372021e-03 2.559037e-04
1.367983e-01 1.780709e-03 2.568670e-04
1.370691e-01 1.757801e-03 2.608232e-04
1.373399e-01 1.291070e-03 2.637624e-04
1.376107e-01 1.198718e-03 2.638020e-04
1.378816e-01 1.341810e-03 2.643809e-04
1.381524e-01 1.007561e-03 2.657573e-04
1.384232e-01 1.725541e-03 2.723826e-04
1.386940e-01 1.794670e-03 2.719687e-04
1.389648e-01 1.230912e-03 2.731808e-04
1.392356e-01 1.638740e-03 2.748554e-04
1.395064e-01 9.693485e-04 2.725613e-04
1.397773e-01 1.437802e-03 2.763389e-04
1.400481e-01 1.181170e-03 2.748967e-04
1.403189e-01 1.026331e-03 2.813054e-04
1.405897e-01 1.456900e-03 2.778498e-04
1.408605e-01 1.335809e-03 2.789367e-04
1.411313e-01 1.470780e-03 2.843446e-04
1.414021e-01 1.227569e-03 2.791867e-04
1.416730e-01 1.117770e-03 2.826695e-04
1.419438e-01 1.470542e-03 2.819062e-04
1.422146e-01 1.415020e-03 2.863355e-04
1.424854e-01 1.231721e-03 2.841676e-04
1.427562e-01 1.090100e-03 2.834256e-04
1.430270e-01 1.331041e-03 2.835994e-04
1.432979e-01 9.700209e-04 2.843804e-04
1.435687e-01 1.481889e-03 2.836019e-04
1.438395e-01 1.546880e-03 2.857834e-04
1.441103e-01 8.359309e-04 2.885421e-04
1.443811e-01 8.901898e-04 2.877489e-04
1.446519e-01 1.278270e-03 2.896124e-04
1.449227e-01 6.163213e-04 2.901585e-04
1.451935e-01 1.071911e-03 2.871240e-04
1.454644e-01 1.359651e-03 2.895927e-04
1.457352e-01 1.412680e-03 2.944574e-04
1.460060e-01 1.454597e-03 2.937892e-04
1.462768e-01 8.137096e-04 2.937974e-04
1.465476e-01 1.717001e-03 2.939889e-04
1.468184e-01 1.537221e-03 2.978809e-04
1.470892e-01 1.390859e-03 2.942257e-04
1.473601e-01 1.147280e-03 2.944775e-04
1.476309e-01 6.874092e-04 2.933498e-04
1.479017e-01 1.210209e-03 2.966376e-04
1.481725e-01 9.259190e-04 2.955213e-04
1.484433e-01 8.434299e-04 2.903978e-04
1.487141e-01 1.436111e-03 2.963562e-04
1.489850e-01 1.265381e-03 2.962468e-04
1.492558e-01 1.395868e-03 2.932771e-04
1.495266e-01 1.288500e-03 2.962016e-04
1.497974e-01 1.355268e-03 2.907277e-04
1.500682e-01 9.584595e-04 2.918373e-04
1.503390e-01 7.720012e-04 2.960058e-04
1.506098e-01 5.026106e-04 2.932583e-04
1.508806e-01 1.064429e-03 2.916930e-04
1.511515e-01 6.232802e-04 2.927519e-04
1.514223e-01 1.206610e-03 2.960492e-04
1.516931e-01 1.236089e-03 2.901858e-04
1.519639e-01 7.702298e-04 2.929576e-04
1.522347e-01 1.264790e-03 2.927124e-04
1.525055e-01 1.258971e-03 2.910506e-04
1.527763e-01 1.552621e-03 2.948585e-04
1.530472e-01 9.330399e-04 2.919692e-04
1.533180e-01 1.019770e-03 2.939969e-04
1.535888e-01 7.233992e-04 2.918219e-04
1.538596e-01 3.606789e-04 2.919778e-04
1.541304e-01 9.839609e-04 2.931874e-04
1.544012e-01 7.497091e-04 2.914964e-04
1.546721e-01 8.967891e-04 2.975652e-04
1.549429e-01 5.427990e-04 2.920895e-04
1.552137e-01 1.155799e-03 2.971465e-04
1.554845e-01 1.324950e-03 2.965558e-04
1.557553e-01 1.364920e-03 2.955631e-04
1.560261e-01 1.777010e-03 2.992130e-04
1.562969e-01 1.319962e-03 2.951678e-04
1.565678e-01 1.218598e-03 2.974836e-04
1.568386e-01 3.963988e-04 2.985752e-04
1.571094e-01 1.200721e-03 2.951054e-04
1.573802e-01 1.222378e-03 2.965256e-04
1.576510e-01 1.030909e-03 2.897885e-04
1.579218e-01 9.489302e-04 2.931399e-04
1.581926e-01 7.082894e-04 2.925816e-04
1.584634e-01 8.076504e-04 2.934206e-04
1.587343e-01 1.005180e-03 2.941455e-04
1.590051e-01 1.192009e-03 2.946736e-04
1.592759e-01 1.607388e-03 2.957436e-04
1.595467e-01 1.359722e-03 2.925528e-04
1.598175e-01 7.777493e-04 2.906871e-04
1.600883e-01 6.747413e-04 2.910408e-04
1.603591e-01 5.383510e-04 2.903259e-04
1.606300e-01 1.042821e-03 2.936687e-04
1.609008e-01 8.401796e-04 2.939136e-04
1.611716e-01 1.374220e-03 2.914422e-04
1.614424e-01 9.132996e-04 2.895175e-04
1.617132e-01 1.232062e-03 2.954639e-04
1.619840e-01 1.065191e-03 2.896586e-04
1.622549e-01 1.053480e-03 2.929507e-04
1.625257e-01 7.727798e-04 2.926773e-04
1.627965e-01 9.165592e-04 2.899087e-04
1.630673e-01 1.247311e-03 2.893275e-04
1.633381e-01 1.538152e-03 2.924520e-04
1.636089e-01 9.781811e-04 2.913024e-04
1.638797e-01 8.867905e-04 2.933966e-04
1.641506e-01 1.037199e-03 2.903959e-04
1.644214e-01 1.156760e-03 2.887266e-04
1.646922e-01 9.992793e-04 2.926999e-04
1.649630e-01 7.156301e-04 2.938114e-04
1.652338e-01 8.099899e-04 2.943161e-04
1.655046e-01 4.023109e-04 2.924018e-04
1.657754e-01 1.115320e-03 2.897020e-04
1.660462e-01 7.997416e-04 2.898698e-04
1.663171e-01 8.460600e-04 2.919630e-04
1.665879e-01 1.038270e-03 2.916420e-04
1.668587e-01 8.286610e-04 2.920507e-04
1.671295e-01 4.425496e-04 2.918441e-04
1.674003e-01 3.084000e-04 2.904054e-04
1.676711e-01 6.386302e-04 3.027386e-04
1.679420e-01 1.018180e-03 3.037923e-04
1.682128e-01 5.002003e-04 3.083617e-04
1.684836e-01 7.112809e-04 3.150252e-04
1.687544e-01 7.227585e-04 3.153073e-04
1.690252e-01 4.728287e-04 3.174895e-04
1.692960e-01 7.149801e-04 3.175658e-04
1.695668e-01 1.007849e-03 3.282143e-04
1.698377e-01 1.594301e-03 3.285565e-04
1.701085e-01 7.301196e-04 3.313664e-04
1.703793e-01 4.820209e-04 3.295350e-04
1.706501e-01 5.629994e-04 3.326329e-04
1.709209e-01 7.754005e-04 3.347070e-04
1.711917e-01 1.299160e-03 3.374504e-04
1.714625e-01 1.227591e-03 3.407427e-04
1.717333e-01 5.529597e-04 3.449711e-04
1.720042e-01 1.875404e-04 3.423436e-04
1.722750e-01 1.073230e-03 3.459737e-04
1.725458e-01 8.193292e-04 3.483151e-04
1.728166e-01 7.959902e-04 3.523172e-04
1.730874e-01 6.014183e-04 3.547652e-04
1.733582e-01 6.207693e-04 3.577641e-04
1.736291e-01 6.144196e-04 3.609766e-04
1.738999e-01 1.185060e-03 3.599853e-04
1.741707e-01 1.384219e-03 3.657620e-04
1.744415e-01 1.331460e-03 3.680801e-04
1.747123e-01 8.483790e-04 3.678584e-04
1.749831e-01 9.242706e-04 3.516972e-04
1.752539e-01 1.769699e-04 3.430151e-04
1.755248e-01 5.776808e-04 3.459293e-04
1.757956e-01 -9.959005e-05 3.390721e-04
1.760664e-01 5.376600e-04 3.396718e-04
1.763372e-01 3.483891e-05 3.362674e-04
1.766080e-01 9.442791e-04 3.417940e-04
1.768788e-01 2.718009e-04 3.383300e-04
1.771496e-01 6.517097e-04 3.347808e-04
1.774205e-01 8.863807e-04 3.375930e-04
1.776913e-01 3.058705e-04 3.272895e-04
1.779621e-01 7.525198e-04 3.285041e-04
1.782329e-01 5.765706e-04 3.315466e-04
1.785037e-01 1.644306e-04 3.237837e-04
1.787745e-01 8.312594e-04 3.321867e-04
1.790453e-01 8.961298e-04 3.262872e-04
1.793161e-01 4.685316e-04 3.258795e-04
1.795870e-01 3.284998e-04 3.247716e-04
1.798578e-01 8.315966e-05 3.184811e-04
1.801286e-01 -2.570599e-04 3.272025e-04
1.803994e-01 8.834992e-04 3.179159e-04
1.806702e-01 1.034349e-03 3.166438e-04
1.809410e-01 5.004928e-05 3.207040e-04
1.812119e-01 6.044991e-04 3.195700e-04
1.814827e-01 2.919789e-04 3.181080e-04
1.817535e-01 3.403313e-04 3.113788e-04
1.820243e-01 2.917796e-04 3.182047e-04
1.822951e-01 7.731095e-04 3.160108e-04
1.825659e-01 6.333701e-04 3.161031e-04
1.828367e-01 6.503500e-04 3.210606e-04
1.831076e-01 8.547585e-04 3.126850e-04
1.833784e-01 9.585992e-04 3.184450e-04
1.836492e-01 5.134940e-05 3.117215e-04
1.839200e-01 1.796503e-04 3.139264e-04
1.841908e-01 1.051651e-03 3.149619e-04
1.844616e-01 6.973296e-04 3.119376e-04
1.847324e-01 7.777400e-04 3.187894e-04
1.850033e-01 6.821100e-04 3.157964e-04
1.852741e-01 9.974111e-04 3.172549e-04
1.855449e-01 3.872998e-04 3.126889e-04
1.858157e-01 -5.444884e-05 3.184802e-04
1.860865e-01 9.017885e-04 3.170699e-04
1.863573e-01 4.071500e-04 3.132688e-04
1.866281e-01 8.863695e-04 3.113213e-04
1.868990e-01 7.265005e-04 3.095252e-04
1.871698e-01 1.111120e-03 3.149797e-04
1.874406e-01 2.700090e-04 3.138141e-04
1.877114e-01 9.510294e-04 3.116437e-04
1.879822e-01 4.863609e-04 3.185737e-04
1.882530e-01 6.091297e-04 3.114271e-04
1.885238e-01 6.990302e-04 3.129561e-04
1.887947e-01 4.684795e-04 3.150124e-04
1.890655e-01 4.282985e-04 3.130075e-04
1.893363e-01 5.793516e-04 3.126689e-04
1.896071e-01 3.980100e-04 3.101728e-04
1.898779e-01 1.669899e-04 3.143142e-04
1.901487e-01 5.033985e-04 3.135123e-04
1.904195e-01 2.584495e-04 3.149340e-04
1.906904e-01 7.524602e-04 3.162628e-04
1.909612e-01 6.700102e-04 3.105465e-04
1.912320e-01 1.084208e-04 3.103235e-04
1.915028e-01 6.340090e-04 3.112258e-04
1.917736e-01 -1.689885e-04 3.108093e-04
1.920444e-01 -1.320504e-04 3.053694e-04
1.923153e-01 4.272293e-04 3.122515e-04
1.925861e-01 2.770405e-04 3.131797e-04
1.928569e-01 5.204789e-04 3.113499e-04
1.931277e-01 2.806392e-04 3.082348e-04
1.933985e-01 3.554989e-04 3.137268e-04
1.936693e-01 6.246008e-04 3.108546e-04
1.939401e-01 1.220293e-04 3.115547e-04
1.942109e-01 5.691405e-04 3.130665e-04
1.944818e-01 7.161088e-04 3.113967e-04
1.947526e-01 9.421501e-04 3.089714e-04
1.950234e-01 6.351415e-04 3.099216e-04
1.952942e-01 1.343004e-04 3.077254e-04
1.955650e-01 6.382000e-04 3.109721e-04
1.958358e-01 -1.897290e-04 3.104911e-04
1.961066e-01 3.383104e-04 3.129336e-04
1.963775e-01 -4.111975e-05 3.091734e-04
1.966483e-01 6.339885e-05 3.108495e-04
1.969191e-01 1.442097e-04 3.101004e-04
1.971899e-01 1.676716e-04 3.089318e-04
1.974607e-01 2.859905e-05 3.086163e-04
1.977315e-01 6.301105e-04 3.124814e-04
1.980023e-01 7.774886e-04 3.126619e-04
1.982732e-01 3.539789e-04 3.100929e-04
1.985440e-01 1.237469e-03 3.104489e-04
1.988148e-01 4.004911e-04 3.093165e-04
1.990856e-01 8.804295e-04 3.090492e-04
1.993564e-01 1.458190e-04 3.074547e-04
1.996272e-01 -4.120804e-04 3.105373e-04
1.998980e-01 -2.451986e-05 3.099412e-04
2.001689e-01 3.047846e-05 3.081567e-04
2.004397e-01 6.125905e-04 3.042426e-04
2.007105e-01 4.156791e-04 3.039068e-04
2.009813e-01 4.488099e-04 3.073415e-04
2.012521e-01 5.123615e-04 3.082132e-04
2.015229e-01 4.108306e-04 3.066099e-04
2.017937e-01 2.082903e-04 3.091836e-04
2.020646e-01 -3.714897e-04 3.068500e-04
2.023354e-01 5.596187e-04 3.062913e-04
2.026062e-01 6.188899e-04 3.062632e-04
2.028770e-01 4.218202e-04 3.080938e-04
2.031478e-01 3.004298e-04 3.067963e-04
2.034186e-01 3.282800e-04 3.045209e-04
2.036894e-01 2.971310e-04 3.021503e-04
2.039603e-01 2.267789e-04 3.059100e-04
2.042311e-01 1.510810e-04 3.021688e-04
2.045019e-01 3.986303e-04 3.032061e-04
2.047727e-01 6.229915e-04 3.044874e-04
2.050435e-01 1.169840e-03 3.011904e-04
2.053143e-01 4.924610e-04 3.067219e-04
2.055852e-01 3.399309e-04 3.037842e-04
2.058560e-01 -4.070997e-05 3.017536e-04
2.061268e-01 7.823799e-04 3.001038e-04
2.063976e-01 8.361973e-05 3.050934e-04
2.066684e-01 3.084913e-05 3.000280e-04
2.069392e-01 4.842598e-04 3.018887e-04
2.072100e-01 5.451199e-04 2.997736e-04
2.074808e-01 6.964803e-04 3.010916e-04
2.077517e-01 4.815217e-04 2.992531e-04
2.080225e-01 1.065210e-04 3.012866e-04
2.082933e-01 1.789499e-04 2.999629e-04
2.085641e-01 7.766504e-04 3.008653e-04
2.088349e-01 5.927812e-04 3.025810e-04
2.091057e-01 7.212199e-04 2.995395e-04
2.093765e-01 2.648588e-04 3.012319e-04
2.096474e-01 2.976600e-04 3.017179e-04
2.099182e-01 3.281999e-04 2.990104e-04
2.101890e-01 -2.039038e-05 2.979696e-04
2.104598e-01 4.722495e-04 3.011352e-04
2.107306e-01 9.511914e-04 3.035126e-04
2.110014e-01 5.054101e-04 3.017334e-04
2.112723e-01 6.507598e-04 2.999654e-04
2.115431e-01 5.812943e-05 2.976213e-04
2.118139e-01 1.967400e-04 2.993917e-04
2.120847e-01 4.238412e-04 2.997546e-04
2.123555e-01 6.123595e-04 3.022015e-04
2.126263e-01 3.524907e-04 2.984069e-04
2.128971e-01 4.109610e-04 3.017861e-04
2.131680e-01 3.142096e-04 3.002903e-04
2.134388e-01 7.715784e-04 3.002368e-04
2.137096e-01 1.272000e-04 2.984618e-04
2.139804e-01 3.250483e-04 3.002071e-04
2.142512e-01 1.460500e-04 2.980478e-04
2.145220e-01 2.242997e-04 2.997878e-04
2.147928e-01 5.407911e-04 2.989431e-04
2.150636e-01 3.174301e-04 3.004647e-04
2.153345e-01 -2.650917e-05 2.992887e-04
2.156053e-01 6.028507e-04 3.012371e-04
2.158761e-01 4.074201e-04 3.009025e-04
2.161469e-01 2.294034e-05 2.984631e-04
2.164177e-01 -1.124889e-04 2.969796e-04
2.166885e-01 -1.733713e-04 2.994041e-04
2.169593e-01 -1.245216e-04 2.976650e-04
2.172302e-01 4.878305e-04 3.032086e-04
2.175010e-01 2.945699e-04 3.001558e-04
2.177718e-01 1.126099e-04 2.996794e-04
2.180426e-01 3.968906e-04 3.013291e-04
2.183134e-01 2.752189e-04 2.977367e-04
2.185842e-01 3.759004e-05 2.990477e-04
2.188551e-01 3.211610e-04 2.974037e-04
2.191259e-01 4.984699e-04 3.022991e-04
2.193967e-01 -2.289116e-04 2.974247e-04
2.196675e-01 1.752283e-04 2.981006e-04
2.199383e-01 2.085809e-04 2.978456e-04
2.202091e-01 4.983414e-04 2.970707e-04
2.204799e-01 2.251491e-04 2.975950e-04
2.207507e-01 6.482005e-05 2.980512e-04
2.210216e-01 9.549782e-06 2.965044e-04
2.212924e-01 1.592934e-05 2.947875e-04
2.215632e-01 2.588145e-05 2.945823e-04
2.218340e-01 1.228601e-04 2.970267e-04
2.221048e-01 2.600700e-04 2.949871e-04
2.223756e-01 2.779402e-04 2.948072e-04
2.226464e-01 6.559603e-04 2.955105e-04
2.229173e-01 1.636706e-04 2.951864e-04
2.231881e-01 -2.215393e-04 2.921462e-04
2.234589e-01 2.904497e-04 2.933155e-04
2.237297e-01 3.286097e-04 2.956051e-04
2.240005e-01 -3.859401e-06 2.966200e-04
2.242713e-01 -2.542604e-04 2.912577e-04
2.245422e-01 2.914201e-04 2.938036e-04
2.248130e-01 -2.284907e-04 2.942412e-04
2.250838e-01 8.715596e-04 2.955603e-04
2.253546e-01 7.269494e-04 2.906954e-04
2.256254e-01 7.707812e-04 2.938432e-04
2.258962e-01 -2.103001e-04 2.919348e-04
2.261670e-01 2.728999e-04 3.059967e-04
2.264379e-01 -4.475005e-05 3.170016e-04
2.267087e-01 -5.749203e-04 3.158858e-04
2.269795e-01 -1.095701e-04 3.207064e-04
2.272503e-01 4.495513e-04 3.241153e-04
2.275211e-01 -1.121126e-05 3.298963e-04
2.277919e-01 1.010001e-04 3.284466e-04
2.280627e-01 7.285792e-04 3.351232e-04
2.283335e-01 4.231930e-05 3.409613e-04
2.286044e-01 2.866052e-05 3.407393e-04
2.288752e-01 8.011237e-06 3.425957e-04
2.291460e-01 1.718700e-04 3.463262e-04
2.294168e-01 9.643100e-05 3.523087e-04
2.296876e-01 -2.147071e-05 3.533635e-04
2.299584e-01 -1.440998e-04 3.558664e-04
2.302293e-01 -6.498992e-04 3.567897e-04
2.305001e-01 -7.614866e-05 3.586594e-04
2.307709e-01 -5.421042e-05 3.648361e-04
2.310417e-01 3.390014e-06 3.700896e-04
2.313125e-01 1.266971e-05 3.673626e-04
2.315833e-01 5.657300e-04 3.725386e-04
2.318541e-01 -7.352978e-05 3.764909e-04
2.321250e-01 2.122186e-04 3.836731e-04
2.323958e-01 6.657839e-05 3.814667e-04
2.326666e-01 6.975792e-04 3.835847e-04
2.329374e-01 1.551695e-04 3.908544e-04
2.332082e-01 -4.073977e-05 3.871134e-04
2.334790e-01 1.428835e-05 3.900385e-04
2.337498e-01 -1.054890e-04 3.980758e-04
2.340207e-01 -1.222584e-04 4.028741e-04
2.342915e-01 -8.226931e-05 4.011638e-04
2.345623e-01 -1.880899e-04 4.067274e-04
2.348331e-01 -5.150698e-04 4.098082e-04
2.351039e-01 4.089903e-04 4.149578e-04
2.353747e-01 6.416701e-04 4.202111e-04
2.356455e-01 5.961396e-04 4.240214e-04
2.359163e-01 6.951001e-04 4.236531e-04
2.361872e-01 -1.289602e-04 4.266825e-04
2.364580e-01 1.157299e-03 4.298239e-04
2.367288e-01 7.873029e-05 4.386432e-04
2.369996e-01 4.212502e-04 4.372254e-04
2.372704e-01 8.106809e-04 4.484416e-04
2.375412e-01 1.431815e-05 4.442196e-04
2.378121e-01 3.172904e-04 4.522650e-04
2.380829e-01 2.491698e-04 4.518801e-04
2.383537e-01 5.479306e-04 4.598348e-04
2.386245e-01 3.807098e-04 4.676967e-04
2.388953e-01 -7.642303e-04 4.635650e-04
2.391661e-01 2.210028e-05 4.715715e-04
2.394369e-01 1.055393e-04 4.741255e-04
2.397078e-01 1.412690e-03 4.930693e-04
2.399786e-01 -2.771914e-04 4.847090e-04
2.402494e-01 5.260706e-04 4.884153e-04
2.405202e-01 -7.418916e-06 4.986929e-04
2.407910e-01 5.055089e-04 5.092178e-04
2.410618e-01 1.320001e-04 5.024448e-04
2.413326e-01 5.597062e-05 5.144755e-04
2.416034e-01 9.724386e-04 5.095477e-04
2.418743e-01 -3.735498e-04 5.283325e-04
2.421451e-01 6.742403e-04 5.337414e-04
2.424159e-01 -1.613293e-04 5.299921e-04
2.426867e-01 -3.321394e-04 5.343001e-04
2.429575e-01 8.320697e-04 5.547347e-04
2.432283e-01 5.679019e-05 5.567343e-04
2.434992e-01 -4.715212e-04 5.477809e-04
2.437700e-01 -1.461240e-03 5.576164e-04
2.440408e-01 4.231893e-04 5.790500e-04
2.443116e-01 -1.931284e-04 5.899783e-04
2.445824e-01 1.796894e-05 5.836375e-04
2.448532e-01 -1.039598e-04 6.014953e-04
2.451240e-01 3.685206e-04 6.029789e-04
2.453949e-01 1.552651e-03 6.185180e-04
2.456657e-01 -4.064813e-04 6.254657e-04
2.459365e-01 -4.754700e-04 6.240529e-04
2.462073e-01 8.297805e-04 6.464812e-04
2.464781e-01 5.018096e-04 6.484355e-04
2.467489e-01 4.939009e-04 6.646319e-04
2.470197e-01 -3.821999e-04 6.557543e-04
2.472906e-01 2.740212e-04 6.820956e-04
2.475614e-01 -2.263002e-04 6.889270e-04
2.478322e-01 -1.848960e-03 7.038293e-04
2.481030e-01 6.429702e-04 7.114416e-04
2.483738e-01 4.102197e-04 7.335100e-04
2.486446e-01 4.424807e-04 7.625150e-04
2.489154e-01 4.281402e-04 7.891390e-04
2.491863e-01 2.899989e-04 7.587352e-04
2.494571e-01 -8.723903e-04 7.701407e-04
2.497279e-01 9.929761e-06 7.962459e-04
2.499987e-01 7.309597e-04 8.691526e-04
2.502695e-01 -1.083439e-03 8.415999e-04
2.505403e-01 4.253387e-04 8.506679e-04
2.508111e-01 1.532571e-03 9.104262e-04
2.510819e-01 2.884995e-04 9.399308e-04
2.513528e-01 -9.814501e-04 9.375120e-04
2.516236e-01 7.106792e-04 9.691937e-04
2.518944e-01 -1.827069e-05 9.744495e-04
2.521652e-01 -1.121990e-03 1.050603e-03
2.524360e-01 -5.491078e-05 1.040240e-03
2.527068e-01 -1.169220e-03 1.051841e-03
2.529776e-01 -9.237900e-04 1.108560e-03
2.532485e-01 -9.479411e-04 1.134206e-03
2.535193e-01 1.069430e-03 1.172613e-03
2.537901e-01 1.371209e-03 1.200559e-03
2.540609e-01 1.956690e-04 1.190217e-03
2.543317e-01 1.101300e-03 1.219771e-03
2.546025e-01 1.912089e-03 1.246237e-03
2.548733e-01 -7.261205e-04 1.371581e-03
2.551441e-01 -4.341830e-03 1.336264e-03
2.554150e-01 1.007691e-03 1.463291e-03
2.556858e-01 -3.771000e-04 1.446823e-03
2.559566e-01 -1.769539e-03 1.533220e-03
2.562274e-01 1.005089e-03 1.647607e-03
2.564982e-01 1.696087e-04 1.954455e-03
2.567690e-01 2.274819e-03 1.973511e-03
2.570398e-01 -8.932985e-04 2.481631e-03
2.573107e-01 1.528170e-03 2.415123e-03
2.575815e-01 3.296882e-03 3.419599e-03
2.578523e-01 2.003448e-03 3.945977e-03
2.581231e-01 -9.765700e-03 5.484374e-03
