3.286826e-03 -8.240271e-02 0.000000e+00
3.557641e-03 -2.758074e-02 9.022455e-02
3.828455e-03 -1.471996e-02 5.383412e-02
4.099269e-03 -4.325104e-02 4.152743e-02
4.370084e-03 -1.027989e-02 3.182698e-02
4.640898e-03 6.268978e-03 2.166779e-02
4.911712e-03 -2.155900e-02 1.869073e-02
5.182527e-03 -7.586956e-03 1.430291e-02
5.453341e-03 -1.540291e-02 1.329891e-02
5.724155e-03 -2.132058e-03 1.031233e-02
5.994970e-03 1.304984e-03 9.041068e-03
6.265784e-03 1.255625e-02 7.529986e-03
6.536598e-03 -4.017591e-03 6.072102e-03
6.807412e-03 -5.972624e-03 5.628796e-03
7.078227e-03 -4.657507e-04 4.789638e-03
7.349041e-03 -2.932668e-03 4.114352e-03
7.619855e-03 -2.630770e-03 3.642501e-03
7.890671e-03 1.884103e-04 3.207601e-03
8.161485e-03 -3.763735e-04 3.075459e-03
8.432299e-03 4.803836e-04 2.749538e-03
8.703114e-03 6.648898e-05 2.550193e-03
8.973928e-03 -1.265317e-03 2.301142e-03
9.244742e-03 5.248189e-05 2.170390e-03
9.515557e-03 -4.311591e-03 1.958287e-03
9.786371e-03 9.429455e-05 1.840024e-03
1.005718e-02 -1.384810e-03 1.775171e-03
1.032800e-02 -2.618000e-03 1.626920e-03
1.059881e-02 6.374121e-04 1.545030e-03
1.086963e-02 -2.534896e-03 1.446705e-03
1.114044e-02 -5.486012e-04 1.360819e-03
1.141126e-02 -1.073509e-03 1.301231e-03
1.168207e-02 -1.787096e-03 1.239108e-03
1.195289e-02 1.427695e-03 1.192753e-03
1.222370e-02 -6.623045e-04 1.126196e-03
1.249451e-02 -5.830005e-04 1.083216e-03
1.276533e-02 -8.770972e-04 1.041007e-03
1.303614e-02 1.455501e-03 9.732772e-04
1.330696e-02 -8.393005e-04 9.366912e-04
1.357777e-02 -6.813481e-04 9.223869e-04
1.384859e-02 4.947558e-04 8.855792e-04
1.411940e-02 -5.175099e-04 8.580183e-04
1.439021e-02 -5.756170e-04 8.238268e-04
1.466103e-02 -7.159859e-04 8.001410e-04
1.493184e-02 -1.786344e-03 7.807720e-04
1.520266e-02 -2.030730e-03 7.469505e-04
1.547347e-02 -7.328987e-04 7.311982e-04
1.574429e-02 -7.985532e-04 6.965676e-04
1.601510e-02 -5.563721e-04 7.001915e-04
1.628591e-02 -2.868466e-03 6.833706e-04
1.655673e-02 -3.821105e-04 6.569372e-04
1.682754e-02 4.071519e-04 6.443289e-04
1.709836e-02 -1.203172e-03 6.345373e-04
1.736917e-02 -1.095098e-03 6.199960e-04
1.763999e-02 -1.015719e-03 6.042730e-04
1.791080e-02 -3.141165e-05 5.841923e-04
1.818161e-02 -1.607671e-03 5.941493e-04
1.845243e-02 -4.985072e-04 5.828027e-04
1.872324e-02 -2.428815e-04 5.724008e-04
1.899406e-02 -8.467995e-04 5.639383e-04
1.926487e-02 -5.195029e-04 5.696430e-04
1.953569e-02 -2.817921e-04 5.569846e-04
1.980650e-02 -1.757767e-03 5.551579e-04
2.007731e-02 -1.196921e-03 5.458937e-04
2.034813e-02 -1.070220e-03 5.400632e-04
2.061894e-02 -9.343289e-04 5.416487e-04
2.088976e-02 -9.714477e-04 5.328537e-04
2.116057e-02 -1.201816e-04 5.289500e-04
2.143139e-02 3.014505e-04 5.195844e-04
2.170220e-02 -3.368035e-05 5.204747e-04
2.197302e-02 -8.405000e-04 5.135365e-04
2.224383e-02 -3.136694e-04 4.989596e-04
2.251465e-02 -1.021631e-03 4.980790e-04
2.278546e-02 4.059076e-05 4.831329e-04
2.305627e-02 -1.394227e-04 4.810070e-04
2.332709e-02 4.387088e-04 4.738682e-04
2.359790e-02 -1.953021e-04 4.578493e-04
2.386872e-02 -5.262308e-04 4.600735e-04
2.413953e-02 4.431680e-04 4.438767e-04
2.441034e-02 -1.208298e-04 4.409783e-04
2.468116e-02 -8.820482e-04 4.419924e-04
2.495197e-02 5.987659e-05 4.280699e-04
2.522279e-02 3.418103e-04 4.374000e-04
2.549360e-02 -6.621294e-04 4.212155e-04
2.576442e-02 -1.126267e-04 4.185860e-04
2.603523e-02 -2.604313e-04 4.209370e-04
2.630604e-02 -1.192551e-03 4.120218e-04
2.657686e-02 -1.063012e-04 4.107226e-04
2.684767e-02 -6.586201e-04 4.013609e-04
2.711849e-02 -5.419105e-04 3.983487e-04
2.738930e-02 -6.885305e-04 4.020953e-04
2.766012e-02 9.018183e-05 3.954157e-04
2.793093e-02 -1.287721e-04 3.888691e-04
2.820175e-02 5.387142e-05 3.825300e-04
2.847256e-02 -1.999922e-04 3.789978e-04
2.874337e-02 -2.018698e-04 3.800513e-04
2.901419e-02 2.318248e-05 3.710080e-04
2.928500e-02 -5.993284e-04 3.716242e-04
2.955582e-02 2.366602e-04 3.642263e-04
2.982663e-02 -3.345087e-04 3.675666e-04
3.009745e-02 -3.695115e-05 3.662810e-04
3.036826e-02 -3.305674e-04 3.575083e-04
3.063907e-02 -3.244728e-04 3.553855e-04
3.090989e-02 -2.528988e-04 3.544731e-04
3.118070e-02 -1.798309e-04 3.530474e-04
3.145152e-02 1.247115e-04 3.541133e-04
3.172233e-02 -4.963726e-04 3.486944e-04
3.199315e-02 -7.316098e-05 3.461614e-04
3.226396e-02 -2.237484e-04 3.440721e-04
3.253478e-02 -5.408712e-04 3.423450e-04
3.280559e-02 -3.953315e-04 3.420077e-04
3.307641e-02 -4.101917e-04 3.385885e-04
3.334722e-02 4.761405e-04 3.367222e-04
3.361803e-02 3.449991e-05 3.357971e-04
3.388885e-02 -2.695099e-04 3.270962e-04
3.415966e-02 3.541894e-04 3.341254e-04
3.443048e-02 -5.052574e-04 3.307434e-04
3.470129e-02 -5.665720e-04 3.283786e-04
3.497211e-02 -5.234033e-05 3.252625e-04
3.524292e-02 -4.219413e-04 3.229761e-04
3.551374e-02 -1.675896e-04 3.239581e-04
3.578455e-02 2.352819e-04 3.219193e-04
3.605536e-02 6.537102e-04 3.162275e-04
3.632618e-02 -7.625408e-04 3.209446e-04
3.659699e-02 -6.882101e-05 3.162149e-04
3.686780e-02 -1.741797e-04 3.171689e-04
3.713862e-02 5.363487e-04 3.100839e-04
3.740944e-02 -3.243610e-04 3.073286e-04
3.768025e-02 -3.216825e-04 3.082943e-04
3.795106e-02 -2.682209e-04 3.075852e-04
3.822188e-02 -5.919486e-06 3.089261e-04
3.849269e-02 2.248734e-04 3.046516e-04
3.876351e-02 4.105307e-04 3.046793e-04
3.903432e-02 4.060827e-04 3.028805e-04
3.930514e-02 -1.558289e-04 3.021066e-04
3.957595e-02 -1.906194e-04 2.993160e-04
3.984676e-02 -3.148802e-04 2.974137e-04
4.011758e-02 4.958287e-04 2.966474e-04
4.038839e-02 2.312921e-04 2.981437e-04
4.065921e-02 -3.598891e-04 2.924184e-04
4.093002e-02 -9.167939e-05 2.955369e-04
4.120084e-02 9.200722e-05 2.906817e-04
4.147165e-02 -7.800013e-05 2.922211e-04
4.174246e-02 -2.212189e-04 2.918875e-04
4.201328e-02 -1.321211e-04 2.879029e-04
4.228409e-02 3.384799e-05 2.877744e-04
4.255491e-02 5.134903e-04 2.865659e-04
4.282572e-02 4.463382e-04 2.864604e-04
4.309653e-02 -1.861788e-04 2.796688e-04
4.336735e-02 1.386516e-04 2.824911e-04
4.363817e-02 2.024099e-04 2.836415e-04
4.390898e-02 -5.479902e-06 2.836878e-04
4.417979e-02 -7.729977e-06 2.825916e-04
4.445061e-02 -6.367266e-05 2.783091e-04
4.472142e-02 -5.376786e-04 2.780799e-04
4.499224e-02 5.336106e-05 2.770882e-04
4.526305e-02 5.095601e-04 2.778812e-04
4.553387e-02 1.386218e-04 2.734596e-04
4.580468e-02 -2.764799e-04 2.744416e-04
4.607549e-02 8.403882e-05 2.756211e-04
4.634631e-02 9.636953e-05 2.717107e-04
4.661712e-02 -3.888011e-04 2.729347e-04
4.688794e-02 -3.586598e-04 2.696859e-04
4.715875e-02 5.342588e-04 2.680956e-04
4.742957e-02 -2.744012e-04 2.668115e-04
4.770038e-02 2.251305e-04 2.643836e-04
4.797119e-02 -3.848225e-04 2.638664e-04
4.824201e-02 2.075806e-04 2.641538e-04
4.851282e-02 -5.619302e-04 2.649693e-04
4.878364e-02 -1.383089e-04 2.629394e-04
4.905445e-02 -9.961054e-05 2.603862e-04
4.932526e-02 4.198998e-04 2.601825e-04
4.959608e-02 -2.975203e-04 2.598056e-04
4.986690e-02 4.070401e-04 2.589499e-04
5.013771e-02 -1.685098e-04 2.578066e-04
5.040852e-02 3.586523e-04 2.584532e-04
5.067934e-02 -3.640912e-04 2.562228e-04
5.095015e-02 1.198277e-04 2.536032e-04
5.122096e-02 -1.437105e-04 2.570688e-04
5.149178e-02 -1.455992e-04 2.552895e-04
5.176260e-02 2.694130e-05 2.538968e-04
5.203341e-02 -1.727007e-04 2.562054e-04
5.230422e-02 6.432794e-04 2.518132e-04
5.257504e-02 -3.157929e-05 2.518171e-04
5.284585e-02 3.549196e-04 2.498217e-04
5.311667e-02 -1.046062e-05 2.503357e-04
5.338748e-02 2.667792e-04 2.535107e-04
5.365830e-02 6.009378e-04 2.534257e-04
5.392911e-02 1.713298e-04 2.549334e-04
5.419992e-02 1.395792e-04 2.572492e-04
5.447074e-02 -3.305301e-04 2.550369e-04
5.474155e-02 3.071316e-04 2.594286e-04
5.501237e-02 2.849400e-04 2.608589e-04
5.528318e-02 -1.522005e-04 2.645442e-04
5.555400e-02 1.256391e-04 2.672022e-04
5.582481e-02 -6.257892e-04 2.663181e-04
5.609563e-02 -2.162121e-04 2.708443e-04
5.636644e-02 -2.871379e-04 2.692521e-04
5.663725e-02 -1.129918e-04 2.725638e-04
5.690807e-02 9.521842e-06 2.726407e-04
5.717888e-02 -6.501004e-05 2.697746e-04
5.744969e-02 1.587309e-04 2.729232e-04
5.772051e-02 5.323105e-04 2.710616e-04
5.799133e-02 -2.718810e-04 2.708581e-04
5.826214e-02 7.134862e-05 2.743514e-04
5.853295e-02 3.740396e-04 2.725662e-04
5.880377e-02 1.468398e-04 2.728512e-04
5.907458e-02 -1.281798e-04 2.727733e-04
5.934540e-02 -1.269281e-04 2.744221e-04
5.961621e-02 5.733091e-04 2.755919e-04
5.988703e-02 -3.644079e-05 2.755633e-04
6.015784e-02 4.741196e-04 2.758124e-04
6.042865e-02 2.690963e-05 2.732046e-04
6.069947e-02 1.595300e-04 2.702056e-04
6.097028e-02 8.499250e-06 2.722728e-04
6.124110e-02 2.213512e-04 2.662425e-04
6.151191e-02 -8.412078e-05 2.663339e-04
6.178273e-02 -1.005102e-04 2.673426e-04
6.205354e-02 -1.364592e-04 2.614708e-04
6.232436e-02 2.467800e-04 2.644662e-04
6.259517e-02 -2.366193e-04 2.605264e-04
6.286598e-02 -8.358061e-05 2.613957e-04
6.313679e-02 -5.627051e-05 2.620848e-04
6.340761e-02 4.529208e-04 2.630427e-04
6.367842e-02 -1.829509e-04 2.601333e-04
6.394923e-02 1.314506e-04 2.565298e-04
6.422005e-02 2.414919e-05 2.612271e-04
6.449086e-02 1.363009e-04 2.607514e-04
6.476168e-02 2.365503e-04 2.557153e-04
6.503250e-02 -1.073312e-04 2.606392e-04
6.530331e-02 -1.440495e-04 2.595930e-04
6.557412e-02 1.024008e-04 2.566969e-04
6.584494e-02 -3.772713e-04 2.582054e-04
6.611575e-02 -1.929700e-06 2.556181e-04
6.638657e-02 -2.110377e-06 2.572359e-04
6.665738e-02 -1.480412e-04 2.539174e-04
6.692819e-02 3.649816e-04 2.576148e-04
6.719901e-02 2.509914e-04 2.527232e-04
6.746982e-02 -1.370888e-04 2.551116e-04
6.774063e-02 -1.861490e-04 2.585672e-04
6.801146e-02 -8.670986e-05 2.539928e-04
6.828227e-02 -3.721006e-05 2.516309e-04
6.855308e-02 2.320111e-04 2.538450e-04
6.882390e-02 -1.122411e-04 2.537564e-04
6.909471e-02 -2.101995e-04 2.554396e-04
6.936552e-02 2.050400e-04 2.506705e-04
6.963634e-02 -5.370937e-05 2.514747e-04
6.990715e-02 1.751613e-04 2.528353e-04
7.017796e-02 -1.065899e-04 2.523427e-04
7.044878e-02 -1.415052e-05 2.498222e-04
7.071959e-02 2.132785e-04 2.492193e-04
7.099041e-02 -3.587604e-04 2.509096e-04
7.126123e-02 -1.053289e-04 2.484841e-04
7.153204e-02 9.319000e-05 2.474666e-04
7.180285e-02 5.463082e-04 2.481254e-04
7.207367e-02 8.030981e-05 2.470580e-04
7.234448e-02 4.502404e-04 2.469090e-04
7.261530e-02 -7.656962e-05 2.481502e-04
7.288611e-02 -1.326595e-04 2.478225e-04
7.315692e-02 -1.600012e-05 2.448165e-04
7.342774e-02 2.052095e-04 2.463870e-04
7.369855e-02 -2.466701e-04 2.475672e-04
7.396936e-02 1.955964e-05 2.450353e-04
7.424019e-02 -1.892615e-04 2.460628e-04
7.451100e-02 -3.369208e-04 2.444838e-04
7.478181e-02 2.587996e-04 2.438926e-04
7.505263e-02 7.924996e-05 2.436902e-04
7.532344e-02 -1.497008e-05 2.485511e-04
7.559425e-02 2.245903e-04 2.428120e-04
7.586507e-02 1.726709e-04 2.439817e-04
7.613588e-02 1.264010e-04 2.425447e-04
7.640669e-02 -2.377611e-04 2.413557e-04
7.667751e-02 -3.487896e-04 2.429893e-04
7.694832e-02 3.100000e-05 2.419605e-04
7.721914e-02 -1.319125e-05 2.419595e-04
7.748996e-02 -9.519979e-05 2.423701e-04
7.776077e-02 -6.437115e-05 2.394098e-04
7.803158e-02 2.628900e-04 2.435867e-04
7.830240e-02 2.193507e-04 2.408855e-04
7.857321e-02 2.140589e-04 2.397313e-04
7.884403e-02 -1.982041e-05 2.402790e-04
7.911484e-02 -5.595013e-05 2.400558e-04
7.938565e-02 3.615897e-04 2.407729e-04
7.965647e-02 9.765103e-05 2.388087e-04
7.992728e-02 2.144910e-04 2.381709e-04
8.019809e-02 2.508610e-04 2.381481e-04
8.046892e-02 -1.464970e-05 2.372478e-04
8.073973e-02 5.801022e-05 2.385287e-04
8.101054e-02 5.524978e-05 2.371512e-04
8.128136e-02 -2.010707e-04 2.376700e-04
8.155217e-02 -7.688999e-05 2.392023e-04
8.182298e-02 -2.843998e-04 2.357645e-04
8.209380e-02 -5.394965e-05 2.350437e-04
8.236461e-02 4.431698e-04 2.357069e-04
8.263543e-02 -2.369098e-04 2.352186e-04
8.290624e-02 4.301965e-05 2.368166e-04
8.317705e-02 3.378596e-04 2.337573e-04
8.344787e-02 1.341384e-04 2.369742e-04
8.371869e-02 2.736095e-04 2.352803e-04
8.398950e-02 -7.981993e-05 2.347198e-04
8.426031e-02 -4.206803e-04 2.349382e-04
8.453113e-02 2.484098e-04 2.337494e-04
8.480194e-02 1.780204e-04 2.334434e-04
8.507276e-02 5.399995e-04 2.323249e-04
8.534357e-02 -1.084395e-04 2.326494e-04
8.561438e-02 2.507307e-04 2.322277e-04
8.588520e-02 -7.404014e-05 2.314224e-04
8.615601e-02 1.662299e-04 2.319018e-04
8.642682e-02 1.818817e-04 2.299085e-04
8.669765e-02 2.763588e-04 2.300188e-04
8.696846e-02 8.182041e-05 2.310753e-04
8.723927e-02 3.167056e-05 2.295962e-04
8.751009e-02 1.200847e-05 2.290348e-04
8.778090e-02 -2.520308e-04 2.289320e-04
8.805171e-02 -2.514701e-04 2.287844e-04
8.832253e-02 -1.728795e-04 2.289344e-04
8.859334e-02 -1.775585e-04 2.273176e-04
8.886416e-02 3.887415e-04 2.276817e-04
8.913497e-02 -6.859004e-05 2.286645e-04
8.940578e-02 3.387295e-04 2.274783e-04
8.967660e-02 -3.966987e-04 2.277329e-04
8.994742e-02 3.487393e-04 2.279380e-04
9.021823e-02 1.844019e-05 2.260508e-04
9.048904e-02 4.176404e-04 2.264794e-04
9.075986e-02 1.986306e-04 2.250974e-04
9.103067e-02 2.159588e-04 2.261437e-04
9.130149e-02 -2.138801e-04 2.247732e-04
9.157230e-02 2.864935e-05 2.242075e-04
9.184311e-02 4.030392e-04 2.267749e-04
9.211393e-02 3.465097e-04 2.235280e-04
9.238474e-02 2.916194e-04 2.243208e-04
9.265555e-02 2.565980e-05 2.267766e-04
9.292637e-02 -2.139583e-04 2.229577e-04
9.319719e-02 -1.330897e-04 2.259133e-04
9.346800e-02 -5.370006e-05 2.240348e-04
9.373882e-02 -1.773015e-04 2.236584e-04
9.400963e-02 -2.055056e-05 2.237782e-04
9.428044e-02 -1.699310e-04 2.224805e-04
9.455126e-02 4.367903e-05 2.241390e-04
9.482207e-02 -1.308993e-04 2.233843e-04
9.509289e-02 -3.042072e-05 2.231967e-04
9.536370e-02 -2.951007e-04 2.234293e-04
9.563451e-02 2.685208e-04 2.198401e-04
9.590533e-02 2.752002e-04 2.226020e-04
9.617615e-02 -8.305907e-05 2.193721e-04
9.644696e-02 -8.494034e-05 2.208201e-04
9.671777e-02 3.544614e-04 2.203580e-04
9.698859e-02 3.279597e-04 2.187423e-04
9.725940e-02 2.980977e-05 2.196351e-04
9.753022e-02 -8.696131e-05 2.196829e-04
9.780103e-02 1.969393e-04 2.222395e-04
9.807184e-02 2.755038e-05 2.187529e-04
9.834266e-02 5.206205e-04 2.194686e-04
9.861347e-02 -4.000310e-04 2.214294e-04
9.888428e-02 -1.500696e-04 2.169853e-04
9.915510e-02 2.159104e-04 2.193838e-04
9.942592e-02 2.076011e-04 2.168754e-04
9.969673e-02 -5.454943e-05 2.178643e-04
9.996755e-02 -2.272390e-04 2.184190e-04
1.002384e-01 1.596995e-04 2.165958e-04
1.005092e-01 6.234702e-04 2.175812e-04
1.007800e-01 -2.078507e-04 2.177772e-04
1.010508e-01 2.144501e-04 2.179895e-04
1.013216e-01 -1.709610e-04 2.169009e-04
1.015924e-01 -1.109391e-04 2.149355e-04
1.018632e-01 -3.956407e-04 2.167243e-04
1.021341e-01 1.392588e-04 2.158077e-04
1.024049e-01 1.485888e-04 2.167076e-04
1.026757e-01 6.324910e-04 2.145876e-04
1.029465e-01 -1.474805e-04 2.143254e-04
1.032173e-01 -4.893914e-05 2.160289e-04
1.034881e-01 2.211798e-04 2.149770e-04
1.037589e-01 -4.985929e-05 2.139694e-04
1.040298e-01 7.891096e-05 2.131433e-04
1.043006e-01 -1.404099e-04 2.135949e-04
1.045714e-01 3.297497e-04 2.150533e-04
1.048422e-01 2.803206e-04 2.112323e-04
1.051130e-01 1.266189e-04 2.118292e-04
1.053838e-01 -3.613196e-04 2.144396e-04
1.056546e-01 -2.559610e-04 2.133008e-04
1.059255e-01 1.271889e-04 2.125198e-04
1.061963e-01 2.741888e-04 2.135320e-04
1.064671e-01 2.418701e-04 2.110400e-04
1.067379e-01 1.520999e-04 2.113884e-04
1.070087e-01 -1.800992e-05 2.122120e-04
1.072795e-01 7.097088e-04 2.103399e-04
1.075503e-01 3.718399e-04 2.124307e-04
1.078212e-01 2.667401e-04 2.116064e-04
1.080920e-01 2.281703e-04 2.112345e-04
1.083628e-01 3.353097e-04 2.107099e-04
1.086336e-01 -1.108106e-04 2.098450e-04
1.089044e-01 3.008395e-04 2.107224e-04
1.091752e-01 2.443045e-05 2.104241e-04
1.094460e-01 1.230296e-04 2.086182e-04
1.097169e-01 -2.161898e-04 2.103611e-04
1.099877e-01 1.843087e-05 2.095847e-04
1.102585e-01 8.149073e-05 2.108735e-04
1.105293e-01 -2.789870e-05 2.120108e-04
1.108001e-01 2.810098e-04 2.154703e-04
1.110709e-01 3.731288e-04 2.161381e-04
1.113417e-01 1.708716e-04 2.147696e-04
1.116126e-01 2.209600e-04 2.169157e-04
1.118834e-01 -2.089888e-05 2.184341e-04
1.121542e-01 -2.757907e-04 2.198545e-04
1.124250e-01 -2.385303e-04 2.222486e-04
1.126958e-01 1.627691e-04 2.223388e-04
1.129666e-01 1.254007e-04 2.216052e-04
1.132374e-01 -2.230313e-04 2.267604e-04
1.135083e-01 -1.367927e-05 2.298451e-04
1.137791e-01 -2.202485e-04 2.290350e-04
1.140499e-01 2.269503e-04 2.279985e-04
1.143207e-01 -1.971703e-04 2.316430e-04
1.145915e-01 -9.151921e-05 2.315767e-04
1.148623e-01 -2.472010e-04 2.371643e-04
1.151332e-01 2.725199e-04 2.352343e-04
1.154040e-01 1.662597e-04 2.380064e-04
1.156748e-01 -4.248098e-04 2.370606e-04
1.159456e-01 -4.402101e-04 2.389628e-04
1.162164e-01 5.205907e-05 2.415966e-04
1.164872e-01 -1.120716e-04 2.409330e-04
1.167580e-01 1.907106e-04 2.447384e-04
1.170288e-01 -2.434850e-05 2.438626e-04
1.172997e-01 3.308989e-05 2.434343e-04
1.175705e-01 2.491400e-04 2.465203e-04
1.178413e-01 1.197718e-04 2.480471e-04
1.181121e-01 2.366602e-04 2.449131e-04
1.183829e-01 9.552017e-05 2.405528e-04
1.186537e-01 2.066288e-04 2.406768e-04
1.189246e-01 3.721099e-04 2.393363e-04
1.191954e-01 2.565701e-04 2.379508e-04
1.194662e-01 -2.825409e-04 2.402852e-04
1.197370e-01 1.975000e-04 2.366358e-04
1.200078e-01 4.588999e-04 2.381409e-04
1.202786e-01 3.633499e-04 2.358735e-04
1.205494e-01 1.259148e-05 2.362463e-04
1.208202e-01 -2.730638e-06 2.369733e-04
1.210911e-01 1.279507e-04 2.367244e-04
1.213619e-01 1.186784e-04 2.389458e-04
1.216327e-01 -7.930957e-05 2.373176e-04
1.219035e-01 7.349066e-05 2.368886e-04
1.221743e-01 1.917034e-05 2.364609e-04
1.224451e-01 -2.034493e-04 2.376316e-04
1.227160e-01 1.609325e-06 2.373857e-04
1.229868e-01 1.680404e-04 2.375563e-04
1.232576e-01 -2.346896e-04 2.388599e-04
1.235284e-01 -1.823492e-04 2.379641e-04
1.237992e-01 3.249943e-05 2.367890e-04
1.240700e-01 -3.243014e-04 2.373675e-04
1.243408e-01 7.003918e-05 2.347270e-04
1.246117e-01 6.256998e-05 2.354901e-04
1.248825e-01 2.498291e-04 2.352619e-04
1.251533e-01 3.198888e-04 2.346310e-04
1.254241e-01 -2.443492e-04 2.345170e-04
1.256949e-01 -2.413895e-04 2.336231e-04
1.259657e-01 1.370907e-05 2.342518e-04
1.262365e-01 -4.285946e-05 2.351051e-04
1.265074e-01 3.114194e-04 2.333590e-04
1.267782e-01 4.493073e-05 2.337039e-04
1.270490e-01 -2.084300e-04 2.340576e-04
1.273198e-01 4.911982e-05 2.326414e-04
1.275906e-01 3.461894e-04 2.307028e-04
1.278614e-01 5.227905e-04 2.320016e-04
1.281322e-01 2.766605e-04 2.324602e-04
1.284031e-01 1.636017e-04 2.292797e-04
1.286739e-01 -1.804791e-04 2.344739e-04
1.289447e-01 -2.161190e-04 2.292312e-04
1.292155e-01 3.374927e-05 2.309354e-04
1.294863e-01 2.306104e-04 2.304657e-04
1.297571e-01 3.067795e-04 2.301864e-04
1.300279e-01 1.078993e-04 2.295475e-04
1.302988e-01 6.208606e-04 2.303970e-04
1.305696e-01 3.289096e-04 2.295461e-04
1.308404e-01 2.084207e-04 2.296139e-04
1.311112e-01 -1.017936e-05 2.299412e-04
1.313820e-01 1.398604e-04 2.294914e-04
1.316528e-01 -1.625102e-04 2.306005e-04
1.319236e-01 -7.736124e-05 2.290562e-04
1.321945e-01 -3.117509e-04 2.282511e-04
1.324653e-01 -1.807306e-04 2.294631e-04
1.327361e-01 1.763608e-04 2.284188e-04
1.330069e-01 2.258904e-04 2.297708e-04
1.332777e-01 1.233090e-04 2.304012e-04
1.335485e-01 3.449414e-04 2.283294e-04
1.338193e-01 -3.222208e-04 2.301960e-04
1.340902e-01 -1.362916e-04 2.268761e-04
1.343610e-01 -3.854930e-05 2.287737e-04
1.346318e-01 -2.378505e-04 2.265786e-04
1.349026e-01 -2.515018e-04 2.255602e-04
1.351734e-01 -3.841389e-04 2.283388e-04
1.354442e-01 1.123697e-04 2.264386e-04
1.357151e-01 5.880892e-04 2.288614e-04
1.359859e-01 -2.975948e-05 2.262967e-04
1.362567e-01 -4.778989e-05 2.253782e-04
1.365275e-01 2.555717e-04 2.260465e-04
1.367983e-01 3.868993e-04 2.252233e-04
1.370691e-01 -8.478947e-05 2.283092e-04
1.373399e-01 -2.140608e-04 2.290559e-04
1.376107e-01 1.399498e-04 2.305415e-04
1.378816e-01 1.146514e-04 2.344927e-04
1.381524e-01 1.158193e-04 2.334026e-04
1.384232e-01 1.178794e-04 2.370981e-04
1.386940e-01 -5.505048e-05 2.379077e-04
1.389648e-01 3.884919e-05 2.415411e-04
1.392356e-01 -1.697894e-04 2.418106e-04
1.395064e-01 -1.239963e-05 2.402030e-04
1.397773e-01 1.544505e-04 2.412327e-04
1.400481e-01 2.214201e-04 2.403244e-04
1.403189e-01 4.997794e-04 2.454134e-04
1.405897e-01 -1.212191e-04 2.438986e-04
1.408605e-01 1.300704e-04 2.452134e-04
1.411313e-01 -1.703948e-05 2.457122e-04
1.414021e-01 -1.706015e-04 2.455839e-04
1.416730e-01 1.435596e-04 2.497318e-04
1.419438e-01 -3.192015e-05 2.476082e-04
1.422146e-01 -1.960713e-04 2.492466e-04
1.424854e-01 3.475696e-04 2.495464e-04
1.427562e-01 3.192518e-04 2.502668e-04
1.430270e-01 -8.210912e-05 2.491577e-04
1.432979e-01 2.433192e-04 2.499668e-04
1.435687e-01 3.571399e-04 2.500565e-04
1.438395e-01 6.410107e-05 2.522373e-04
1.441103e-01 8.248016e-04 2.533220e-04
1.443811e-01 3.583599e-04 2.526039e-04
1.446519e-01 -2.627075e-05 2.523503e-04
1.449227e-01 -4.701316e-06 2.577523e-04
1.451935e-01 -7.838011e-05 2.540355e-04
1.454644e-01 4.627109e-04 2.574690e-04
1.457352e-01 4.006308e-04 2.577430e-04
1.460060e-01 7.140078e-05 2.556303e-04
1.462768e-01 1.178309e-04 2.601470e-04
1.465476e-01 -1.778807e-04 2.586466e-04
1.468184e-01 2.436414e-04 2.622571e-04
1.470892e-01 2.562907e-04 2.610700e-04
1.473601e-01 3.172494e-04 2.616850e-04
1.476309e-01 -4.268009e-04 2.608602e-04
1.479017e-01 9.476021e-05 2.599306e-04
1.481725e-01 -2.475604e-04 2.618635e-04
1.484433e-01 -1.114048e-05 2.589536e-04
1.487141e-01 -3.449097e-04 2.586342e-04
1.489850e-01 1.287088e-04 2.575329e-04
1.492558e-01 -4.043784e-04 2.600024e-04
1.495266e-01 1.526289e-04 2.607870e-04
1.497974e-01 -4.323702e-04 2.576559e-04
1.500682e-01 7.331930e-05 2.585447e-04
1.503390e-01 4.613027e-05 2.603341e-04
1.506098e-01 5.887076e-05 2.570290e-04
1.508806e-01 8.451007e-05 2.590465e-04
1.511515e-01 -4.036091e-04 2.598162e-04
1.514223e-01 4.888792e-04 2.580853e-04
1.516931e-01 5.401503e-04 2.595354e-04
1.519639e-01 1.534000e-04 2.584064e-04
1.522347e-01 2.207793e-04 2.602992e-04
1.525055e-01 -8.670613e-06 2.594059e-04
1.527763e-01 -3.919005e-04 2.604498e-04
1.530472e-01 3.302004e-04 2.573432e-04
1.533180e-01 -3.224406e-04 2.584511e-04
1.535888e-01 1.230501e-04 2.584709e-04
1.538596e-01 1.447294e-04 2.597210e-04
1.541304e-01 3.483314e-04 2.635831e-04
1.544012e-01 5.558413e-04 2.581403e-04
1.546721e-01 2.685096e-04 2.601706e-04
1.549429e-01 -1.138505e-04 2.623053e-04
1.552137e-01 3.631115e-04 2.611582e-04
1.554845e-01 -1.611933e-05 2.589360e-04
1.557553e-01 2.610609e-04 2.592592e-04
1.560261e-01 2.270713e-04 2.596925e-04
1.562969e-01 2.104994e-04 2.588886e-04
1.565678e-01 -4.236959e-05 2.594842e-04
1.568386e-01 -1.290999e-05 2.628809e-04
1.571094e-01 -1.215618e-04 2.612749e-04
1.573802e-01 -1.589097e-04 2.621066e-04
1.576510e-01 6.402843e-05 2.587167e-04
1.579218e-01 6.050989e-05 2.591903e-04
1.581926e-01 2.097804e-04 2.588551e-04
1.584634e-01 4.027300e-04 2.596431e-04
1.587343e-01 -8.019712e-04 2.595450e-04
1.590051e-01 1.274105e-04 2.568172e-04
1.592759e-01 2.806094e-04 2.599996e-04
1.595467e-01 -3.782306e-04 2.594785e-04
1.598175e-01 -3.994070e-05 2.580754e-04
1.600883e-01 -5.237013e-05 2.566244e-04
1.603591e-01 1.962706e-04 2.592049e-04
1.606300e-01 3.841706e-04 2.581038e-04
1.609008e-01 3.599003e-05 2.570269e-04
1.611716e-01 -2.115685e-04 2.559111e-04
1.614424e-01 1.748707e-04 2.543885e-04
1.617132e-01 -6.840937e-05 2.595225e-04
1.619840e-01 2.588909e-04 2.551918e-04
1.622549e-01 4.230812e-04 2.576861e-04
1.625257e-01 1.598597e-04 2.579569e-04
1.627965e-01 4.500896e-05 2.580295e-04
1.630673e-01 -2.707914e-05 2.580167e-04
1.633381e-01 -4.326925e-05 2.588905e-04
1.636089e-01 3.313106e-04 2.571923e-04
1.638797e-01 1.320392e-04 2.586712e-04
1.641506e-01 -2.887398e-04 2.569835e-04
1.644214e-01 1.297146e-05 2.565465e-04
1.646922e-01 1.030993e-04 2.570509e-04
1.649630e-01 -9.958819e-05 2.555592e-04
1.652338e-01 2.158210e-04 2.584583e-04
1.655046e-01 -3.341958e-05 2.574570e-04
1.657754e-01 -6.316975e-05 2.576166e-04
1.660462e-01 -1.076404e-04 2.586800e-04
1.663171e-01 -1.591071e-05 2.577617e-04
1.665879e-01 -1.096409e-04 2.575155e-04
1.668587e-01 -1.766309e-04 2.588975e-04
1.671295e-01 -1.514610e-04 2.572519e-04
1.674003e-01 -1.935605e-04 2.574895e-04
1.676711e-01 1.161508e-04 2.684049e-04
1.679420e-01 -2.625789e-04 2.706117e-04
1.682128e-01 -4.496053e-05 2.729216e-04
1.684836e-01 -1.987200e-04 2.783635e-04
1.687544e-01 4.400797e-04 2.798924e-04
1.690252e-01 8.649491e-04 2.845878e-04
1.692960e-01 -2.234988e-05 2.822484e-04
1.695668e-01 1.116805e-04 2.857287e-04
1.698377e-01 -4.243106e-04 2.902422e-04
1.701085e-01 -2.199970e-05 2.900976e-04
1.703793e-01 -6.121211e-04 2.955888e-04
1.706501e-01 3.151912e-04 2.942132e-04
1.709209e-01 -1.286194e-04 2.997416e-04
1.711917e-01 -2.600402e-04 2.995131e-04
1.714625e-01 3.645942e-05 3.003338e-04
1.717333e-01 -2.382789e-04 3.050331e-04
1.720042e-01 -1.883879e-05 3.047457e-04
1.722750e-01 -4.819036e-05 3.096087e-04
1.725458e-01 1.521595e-04 3.101550e-04
1.728166e-01 -8.128025e-05 3.128279e-04
1.730874e-01 6.381795e-04 3.148572e-04
1.733582e-01 2.774503e-04 3.146936e-04
1.736291e-01 2.256092e-04 3.232131e-04
1.738999e-01 -1.874492e-04 3.156792e-04
1.741707e-01 1.286492e-04 3.226373e-04
1.744415e-01 1.115892e-04 3.221268e-04
1.747123e-01 1.784191e-04 3.238932e-04
1.749831e-01 -5.015191e-04 3.137253e-04
1.752539e-01 5.481895e-04 3.037374e-04
1.755248e-01 -3.653709e-04 3.047831e-04
1.757956e-01 -2.575591e-04 2.988400e-04
1.760664e-01 1.363400e-04 2.987900e-04
1.763372e-01 8.682907e-05 3.006891e-04
1.766080e-01 -1.318194e-04 2.985597e-04
1.768788e-01 -9.015203e-07 2.974583e-04
1.771496e-01 3.684592e-04 2.922790e-04
1.774205e-01 -9.747036e-05 2.955089e-04
1.776913e-01 2.281498e-04 2.944663e-04
1.779621e-01 3.394000e-04 2.938692e-04
1.782329e-01 -4.833005e-05 2.892493e-04
1.785037e-01 3.737006e-04 2.854971e-04
1.787745e-01 6.152187e-04 2.913909e-04
1.790453e-01 5.340949e-05 2.898674e-04
1.793161e-01 -1.224000e-04 2.883358e-04
1.795870e-01 -3.202073e-05 2.895597e-04
1.798578e-01 -1.070015e-04 2.836590e-04
1.801286e-01 -1.947507e-04 2.861236e-04
1.803994e-01 -7.704832e-05 2.817668e-04
1.806702e-01 1.101308e-04 2.816719e-04
1.809410e-01 2.255086e-04 2.834827e-04
1.812119e-01 5.385503e-04 2.823909e-04
1.814827e-01 -2.053510e-04 2.831020e-04
1.817535e-01 -3.467295e-04 2.782494e-04
1.820243e-01 2.687592e-04 2.782594e-04
1.822951e-01 1.230296e-04 2.808202e-04
1.825659e-01 -5.244296e-04 2.807073e-04
1.828367e-01 -1.094900e-04 2.802660e-04
1.831076e-01 -9.317882e-05 2.769092e-04
1.833784e-01 -5.178899e-05 2.825595e-04
1.836492e-01 1.702402e-04 2.793130e-04
1.839200e-01 2.812091e-04 2.801584e-04
1.841908e-01 -7.988885e-05 2.793405e-04
1.844616e-01 3.122203e-04 2.789492e-04
1.847324e-01 -2.539400e-04 2.810424e-04
1.850033e-01 4.396029e-05 2.786448e-04
1.852741e-01 1.478512e-04 2.799126e-04
1.855449e-01 1.017507e-04 2.795100e-04
1.858157e-01 -6.718934e-05 2.785071e-04
1.860865e-01 -4.834197e-04 2.809731e-04
1.863573e-01 4.229303e-04 2.799777e-04
1.866281e-01 3.581997e-04 2.781075e-04
1.868990e-01 -2.126303e-04 2.765511e-04
1.871698e-01 -2.545863e-05 2.781910e-04
1.874406e-01 1.886897e-04 2.780388e-04
1.877114e-01 -3.641471e-06 2.751027e-04
1.879822e-01 -3.915988e-04 2.790497e-04
1.882530e-01 1.895986e-05 2.745402e-04
1.885238e-01 -6.290153e-06 2.789980e-04
1.887947e-01 -1.220107e-04 2.801716e-04
1.890655e-01 9.207986e-05 2.794126e-04
1.893363e-01 5.188026e-05 2.800610e-04
1.896071e-01 1.027007e-04 2.730349e-04
1.898779e-01 7.443409e-04 2.791084e-04
1.901487e-01 -8.228011e-04 2.769492e-04
1.904195e-01 -2.736896e-04 2.779960e-04
1.906904e-01 5.005300e-04 2.771828e-04
1.909612e-01 2.103411e-04 2.729557e-04
1.912320e-01 -1.078099e-05 2.777604e-04
1.915028e-01 1.639910e-04 2.748867e-04
1.917736e-01 1.368895e-04 2.777679e-04
1.920444e-01 -1.488496e-04 2.759932e-04
1.923153e-01 -3.413595e-04 2.758813e-04
1.925861e-01 -9.691343e-06 2.780144e-04
1.928569e-01 9.625964e-05 2.750506e-04
1.931277e-01 4.271809e-04 2.753222e-04
1.933985e-01 -1.195204e-04 2.754177e-04
1.936693e-01 -1.516007e-05 2.751485e-04
1.939401e-01 -5.623139e-05 2.789665e-04
1.942109e-01 2.547409e-04 2.729478e-04
1.944818e-01 1.538191e-04 2.767447e-04
1.947526e-01 -2.571996e-04 2.780776e-04
1.950234e-01 1.161490e-04 2.746164e-04
1.952942e-01 6.136801e-04 2.723667e-04
1.955650e-01 -2.228692e-04 2.772647e-04
1.958358e-01 -2.736486e-04 2.758006e-04
1.961066e-01 6.897002e-05 2.762902e-04
1.963775e-01 -9.424984e-05 2.756471e-04
1.966483e-01 1.523700e-04 2.743903e-04
1.969191e-01 3.686696e-04 2.740687e-04
1.971899e-01 2.981201e-04 2.760203e-04
1.974607e-01 3.094096e-04 2.758066e-04
1.977315e-01 -6.753020e-05 2.757602e-04
1.980023e-01 1.519918e-06 2.742709e-04
1.982732e-01 6.194972e-05 2.743421e-04
1.985440e-01 -3.111605e-04 2.792455e-04
1.988148e-01 4.059598e-04 2.751194e-04
1.990856e-01 -4.258193e-04 2.771926e-04
1.993564e-01 -3.763698e-04 2.741423e-04
1.996272e-01 6.053206e-04 2.747111e-04
1.998980e-01 -1.560897e-04 2.734326e-04
2.001689e-01 2.165399e-04 2.722239e-04
2.004397e-01 1.852289e-04 2.730898e-04
2.007105e-01 4.779547e-06 2.717730e-04
2.009813e-01 6.746985e-04 2.692379e-04
2.012521e-01 -3.218595e-04 2.735106e-04
2.015229e-01 3.649313e-04 2.748802e-04
2.017937e-01 5.829185e-04 2.739474e-04
2.020646e-01 1.803003e-04 2.717342e-04
2.023354e-01 -2.405196e-04 2.739556e-04
2.026062e-01 -2.067909e-04 2.714585e-04
2.028770e-01 -2.034307e-04 2.738276e-04
2.031478e-01 -1.049042e-05 2.689427e-04
2.034186e-01 3.737397e-04 2.710493e-04
2.036894e-01 2.449937e-05 2.727767e-04
2.039603e-01 -1.264196e-04 2.705704e-04
2.042311e-01 2.355091e-04 2.711824e-04
2.045019e-01 2.521891e-04 2.708921e-04
2.047727e-01 6.164201e-04 2.690935e-04
2.050435e-01 -1.473688e-04 2.698547e-04
2.053143e-01 -1.639910e-04 2.711194e-04
2.055852e-01 -8.142814e-04 2.695298e-04
2.058560e-01 -3.870018e-05 2.682857e-04
2.061268e-01 -4.850887e-05 2.708208e-04
2.063976e-01 1.805611e-04 2.697461e-04
2.066684e-01 6.619841e-05 2.666085e-04
2.069392e-01 4.256796e-04 2.658739e-04
2.072100e-01 1.000185e-04 2.685889e-04
2.074808e-01 -2.273694e-04 2.659441e-04
2.077517e-01 2.728999e-04 2.653806e-04
2.080225e-01 3.030412e-04 2.671624e-04
2.082933e-01 4.995484e-04 2.680028e-04
2.085641e-01 2.064705e-04 2.685792e-04
2.088349e-01 4.834589e-04 2.670810e-04
2.091057e-01 -6.408058e-05 2.663405e-04
2.093765e-01 1.986697e-04 2.680797e-04
2.096474e-01 4.132800e-04 2.678069e-04
2.099182e-01 3.268905e-04 2.689794e-04
2.101890e-01 1.532901e-04 2.662612e-04
2.104598e-01 6.268099e-04 2.647485e-04
2.107306e-01 1.856294e-04 2.678716e-04
2.110014e-01 2.882909e-04 2.653973e-04
2.112723e-01 9.508803e-06 2.675691e-04
2.115431e-01 -1.843609e-04 2.644378e-04
2.118139e-01 4.007407e-04 2.674819e-04
2.120847e-01 -2.087895e-04 2.672297e-04
2.123555e-01 3.687385e-04 2.682682e-04
2.126263e-01 -1.570806e-04 2.641793e-04
2.128971e-01 4.061200e-04 2.652182e-04
2.131680e-01 1.260191e-04 2.681391e-04
2.134388e-01 -2.659112e-04 2.646710e-04
2.137096e-01 -5.383044e-07 2.684355e-04
2.139804e-01 2.929587e-04 2.694290e-04
2.142512e-01 -1.319814e-04 2.669002e-04
2.145220e-01 -2.424195e-04 2.696588e-04
2.147928e-01 -3.424101e-05 2.668740e-04
2.150636e-01 2.185609e-04 2.665225e-04
2.153345e-01 -3.927499e-04 2.692190e-04
2.156053e-01 -2.021696e-04 2.654811e-04
2.158761e-01 1.754817e-04 2.669251e-04
2.161469e-01 2.059788e-04 2.658478e-04
2.164177e-01 4.049186e-04 2.652894e-04
2.166885e-01 -2.952497e-04 2.680236e-04
2.169593e-01 -1.011044e-05 2.679047e-04
2.172302e-01 -2.146307e-04 2.681950e-04
2.175010e-01 -9.621866e-05 2.654700e-04
2.177718e-01 3.715102e-04 2.653187e-04
2.180426e-01 4.417077e-05 2.664773e-04
2.183134e-01 -4.333500e-04 2.662932e-04
2.185842e-01 4.372317e-04 2.625767e-04
2.188551e-01 3.413856e-05 2.645335e-04
2.191259e-01 2.975799e-04 2.672925e-04
2.193967e-01 -2.815705e-04 2.647468e-04
2.196675e-01 -6.558374e-06 2.639160e-04
2.199383e-01 4.792884e-04 2.639652e-04
2.202091e-01 3.108401e-04 2.645800e-04
2.204799e-01 1.634005e-04 2.646809e-04
2.207507e-01 2.018213e-04 2.658017e-04
2.210216e-01 4.786998e-05 2.618849e-04
2.212924e-01 2.570096e-04 2.639161e-04
2.215632e-01 4.719943e-05 2.640351e-04
2.218340e-01 5.303696e-04 2.637604e-04
2.221048e-01 -3.036205e-04 2.595923e-04
2.223756e-01 3.391001e-04 2.633604e-04
2.226464e-01 -1.136903e-04 2.627062e-04
2.229173e-01 -1.759194e-04 2.634518e-04
2.231881e-01 3.876500e-04 2.597592e-04
2.234589e-01 1.498703e-04 2.607204e-04
2.237297e-01 -2.976190e-04 2.616526e-04
2.240005e-01 1.500286e-04 2.609603e-04
2.242713e-01 -5.150028e-05 2.600217e-04
2.245422e-01 2.619997e-05 2.607744e-04
2.248130e-01 -1.098886e-04 2.633903e-04
2.250838e-01 2.223216e-04 2.595766e-04
2.253546e-01 -5.137697e-04 2.616132e-04
2.256254e-01 -1.146700e-04 2.607251e-04
2.258962e-01 2.596285e-04 2.625167e-04
2.261670e-01 -8.842908e-05 2.703786e-04
2.264379e-01 -1.372695e-04 2.781426e-04
2.267087e-01 -2.337694e-04 2.801231e-04
2.269795e-01 -6.119907e-04 2.849873e-04
2.272503e-01 1.016203e-04 2.862618e-04
2.275211e-01 -2.335943e-05 2.907545e-04
2.277919e-01 -2.167933e-05 2.934047e-04
2.280627e-01 -1.530088e-04 2.984859e-04
2.283335e-01 1.241006e-04 2.982180e-04
2.286044e-01 5.017109e-04 3.025705e-04
2.288752e-01 1.648199e-04 3.070121e-04
2.291460e-01 1.049805e-04 3.066103e-04
2.294168e-01 -6.278604e-04 3.116135e-04
2.296876e-01 1.572501e-04 3.111773e-04
2.299584e-01 2.791099e-04 3.163679e-04
2.302293e-01 -3.528036e-05 3.176960e-04
2.305001e-01 -1.613107e-04 3.233415e-04
2.307709e-01 -6.996095e-05 3.259994e-04
2.310417e-01 -3.632195e-04 3.289409e-04
2.313125e-01 1.159701e-04 3.291856e-04
2.315833e-01 -1.309700e-04 3.347382e-04
2.318541e-01 1.242813e-04 3.332205e-04
2.321250e-01 2.516601e-04 3.358190e-04
2.323958e-01 -6.501786e-04 3.410378e-04
2.326666e-01 1.744702e-04 3.434856e-04
2.329374e-01 -3.698803e-04 3.484347e-04
2.332082e-01 -2.499670e-06 3.453378e-04
2.334790e-01 -6.439518e-04 3.508343e-04
2.337498e-01 4.027989e-04 3.550809e-04
2.340207e-01 1.653396e-04 3.579082e-04
2.342915e-01 5.718879e-05 3.606533e-04
2.345623e-01 1.270715e-04 3.599280e-04
2.348331e-01 4.523396e-04 3.665908e-04
2.351039e-01 -7.166993e-04 3.708481e-04
2.353747e-01 3.338493e-04 3.697846e-04
2.356455e-01 -5.847700e-04 3.814105e-04
2.359163e-01 3.175996e-05 3.768606e-04
2.361872e-01 -5.785003e-05 3.781509e-04
2.364580e-01 4.472695e-04 3.874954e-04
2.367288e-01 4.291795e-04 3.862684e-04
2.369996e-01 3.165938e-05 3.902063e-04
2.372704e-01 2.589989e-04 3.970950e-04
2.375412e-01 1.467913e-04 3.969158e-04
2.378121e-01 4.722886e-04 4.038727e-04
2.380829e-01 6.531216e-04 4.007793e-04
2.383537e-01 3.553890e-04 4.070465e-04
2.386245e-01 2.798699e-04 4.194581e-04
2.388953e-01 -5.328991e-04 4.150679e-04
2.391661e-01 -3.748592e-04 4.171288e-04
2.394369e-01 1.255050e-05 4.224356e-04
2.397078e-01 -6.031003e-04 4.369309e-04
2.399786e-01 8.951128e-05 4.287569e-04
2.402494e-01 9.665005e-04 4.294927e-04
2.405202e-01 7.825103e-04 4.365472e-04
2.407910e-01 -3.152154e-05 4.494130e-04
2.410618e-01 2.182890e-04 4.510178e-04
2.413326e-01 3.600493e-04 4.565817e-04
2.416034e-01 8.234940e-05 4.522664e-04
2.418743e-01 -3.767107e-04 4.643515e-04
2.421451e-01 4.634894e-04 4.723533e-04
2.424159e-01 -3.167596e-04 4.804657e-04
2.426867e-01 -4.331302e-04 4.698525e-04
2.429575e-01 -3.685001e-04 4.860378e-04
2.432283e-01 6.319489e-04 4.953614e-04
2.434992e-01 -1.466610e-04 4.955482e-04
2.437700e-01 -8.475967e-05 5.024762e-04
2.440408e-01 -3.585704e-04 5.135442e-04
2.443116e-01 -1.091808e-04 5.240691e-04
2.445824e-01 -4.698299e-04 5.199629e-04
2.448532e-01 -6.403886e-04 5.255277e-04
2.451240e-01 4.096609e-04 5.322796e-04
2.453949e-01 5.465504e-04 5.385051e-04
2.456657e-01 -2.186317e-04 5.570177e-04
2.459365e-01 -3.001001e-04 5.574484e-04
2.462073e-01 -1.952201e-04 5.644451e-04
2.464781e-01 6.300788e-04 5.861397e-04
2.467489e-01 -3.820807e-04 5.830176e-04
2.470197e-01 4.429091e-04 5.781264e-04
2.472906e-01 3.385916e-05 6.107879e-04
2.475614e-01 2.650600e-04 6.266150e-04
2.478322e-01 -8.835793e-04 6.385888e-04
2.481030e-01 2.387799e-04 6.092079e-04
2.483738e-01 -5.818903e-04 6.367307e-04
2.486446e-01 -3.872309e-04 6.651900e-04
2.489154e-01 -7.587895e-04 6.674356e-04
2.491863e-01 1.032840e-03 6.850574e-04
2.494571e-01 8.818191e-04 6.905763e-04
2.497279e-01 -4.366990e-04 7.123275e-04
2.499987e-01 2.935603e-04 7.387872e-04
2.502695e-01 -2.568029e-05 7.572567e-04
2.505403e-01 -1.252200e-04 7.756465e-04
2.508111e-01 -5.313493e-04 7.771819e-04
2.510819e-01 -5.913805e-04 8.491951e-04
2.513528e-01 9.225998e-04 8.035417e-04
2.516236e-01 -4.955605e-04 8.540613e-04
2.518944e-01 -3.104284e-04 8.805853e-04
2.521652e-01 1.723850e-03 9.577472e-04
2.524360e-01 -5.291998e-04 9.317387e-04
2.527068e-01 8.751992e-04 9.589161e-04
2.529776e-01 4.887097e-04 9.846773e-04
2.532485e-01 2.210960e-05 1.038690e-03
2.535193e-01 -1.421211e-03 1.019705e-03
2.537901e-01 -1.827106e-04 1.054239e-03
2.540609e-01 -2.973303e-04 1.076237e-03
2.543317e-01 8.099992e-04 1.127889e-03
2.546025e-01 1.867808e-03 1.168823e-03
2.548733e-01 1.116520e-03 1.211142e-03
2.551441e-01 1.230296e-04 1.212105e-03
2.554150e-01 -1.210701e-04 1.287704e-03
2.556858e-01 -4.766006e-04 1.334810e-03
2.559566e-01 -6.765407e-04 1.451518e-03
2.562274e-01 1.225019e-03 1.567609e-03
2.564982e-01 -5.167499e-04 1.819753e-03
2.567690e-01 -1.049090e-03 1.833637e-03
2.570398e-01 -1.081290e-03 2.065121e-03
2.573107e-01 -1.217680e-03 2.295652e-03
2.575815e-01 -2.570109e-03 3.119806e-03
2.578523e-01 -5.573532e-03 3.600460e-03
2.581231e-01 -1.056973e-02 4.946448e-03
