3.286826e-03 1.257667e+00 0.000000e+00
3.557641e-03 1.676161e+00 1.240170e-01
3.828455e-03 1.466232e+00 7.465940e-02
4.099269e-03 1.323040e+00 5.961670e-02
4.370084e-03 1.178473e+00 4.360506e-02
4.640898e-03 1.060582e+00 3.131801e-02
4.911712e-03 9.260210e-01 2.581310e-02
5.182527e-03 8.315209e-01 2.000553e-02
5.453341e-03 7.647849e-01 1.801171e-02
5.724155e-03 7.069740e-01 1.492615e-02
5.994970e-03 6.751550e-01 1.292055e-02
6.265784e-03 6.036328e-01 1.109877e-02
6.536598e-03 5.863285e-01 9.113794e-03
6.807412e-03 5.371602e-01 8.578583e-03
7.078227e-03 4.916899e-01 7.336008e-03
7.349041e-03 4.636271e-01 6.809052e-03
7.619855e-03 4.192867e-01 6.056222e-03
7.890671e-03 4.039869e-01 5.528236e-03
8.161485e-03 3.648976e-01 5.092963e-03
8.432299e-03 3.406143e-01 4.575968e-03
8.703114e-03 3.259763e-01 4.042171e-03
8.973928e-03 2.954360e-01 3.734331e-03
9.244742e-03 2.801262e-01 3.737891e-03
9.515557e-03 2.577656e-01 3.378060e-03
9.786371e-03 2.497058e-01 3.147783e-03
1.005718e-02 2.333240e-01 3.021028e-03
1.032800e-02 2.168473e-01 2.747654e-03
1.059881e-02 2.047494e-01 2.728088e-03
1.086963e-02 1.932284e-01 2.499841e-03
1.114044e-02 1.789895e-01 2.300718e-03
1.141126e-02 1.694493e-01 2.271178e-03
1.168207e-02 1.596722e-01 2.135327e-03
1.195289e-02 1.547908e-01 2.055323e-03
1.222370e-02 1.444096e-01 1.937992e-03
1.249451e-02 1.392779e-01 1.894732e-03
1.276533e-02 1.312552e-01 1.775989e-03
1.303614e-02 1.277876e-01 1.713689e-03
1.330696e-02 1.200807e-01 1.598604e-03
1.357777e-02 1.129975e-01 1.598687e-03
1.384859e-02 1.091492e-01 1.533914e-03
1.411940e-02 1.020691e-01 1.438057e-03
1.439021e-02 9.868129e-02 1.352612e-03
1.466103e-02 9.285650e-02 1.329512e-03
1.493184e-02 9.220196e-02 1.297360e-03
1.520266e-02 8.633468e-02 1.284553e-03
1.547347e-02 8.284779e-02 1.233644e-03
1.574429e-02 8.003162e-02 1.174477e-03
1.601510e-02 7.433293e-02 1.144011e-03
1.628591e-02 7.395393e-02 1.127389e-03
1.655673e-02 7.046354e-02 1.069328e-03
1.682754e-02 6.846189e-02 1.059292e-03
1.709836e-02 6.574894e-02 1.049952e-03
1.736917e-02 6.308168e-02 1.008527e-03
1.763999e-02 6.304911e-02 9.817516e-04
1.791080e-02 6.027240e-02 9.685020e-04
1.818161e-02 5.482703e-02 9.481604e-04
1.845243e-02 5.351316e-02 9.586757e-04
1.872324e-02 5.243184e-02 9.011263e-04
1.899406e-02 5.172043e-02 9.112130e-04
1.926487e-02 5.003052e-02 8.986264e-04
1.953569e-02 4.758647e-02 8.786413e-04
1.980650e-02 4.663503e-02 8.749294e-04
2.007731e-02 4.582409e-02 8.716609e-04
2.034813e-02 4.396559e-02 8.712196e-04
2.061894e-02 4.151653e-02 8.378343e-04
2.088976e-02 3.963744e-02 8.384364e-04
2.116057e-02 3.835427e-02 8.349876e-04
2.143139e-02 3.631026e-02 8.078472e-04
2.170220e-02 3.676346e-02 7.949921e-04
2.197302e-02 3.701324e-02 8.012564e-04
2.224383e-02 3.521131e-02 7.765761e-04
2.251465e-02 3.291975e-02 7.702931e-04
2.278546e-02 3.147934e-02 7.540785e-04
2.305627e-02 3.123609e-02 7.449472e-04
2.332709e-02 3.059214e-02 7.143895e-04
2.359790e-02 3.039933e-02 7.059671e-04
2.386872e-02 2.933773e-02 7.188538e-04
2.413953e-02 2.791907e-02 6.760878e-04
2.441034e-02 2.725802e-02 6.575163e-04
2.468116e-02 2.724976e-02 6.630499e-04
2.495197e-02 2.562901e-02 6.558229e-04
2.522279e-02 2.560182e-02 6.598141e-04
2.549360e-02 2.545332e-02 6.428443e-04
2.576442e-02 2.390885e-02 6.319084e-04
2.603523e-02 2.254586e-02 6.192073e-04
2.630604e-02 2.227868e-02 6.146689e-04
2.657686e-02 2.369536e-02 6.012858e-04
2.684767e-02 2.245864e-02 6.011050e-04
2.711849e-02 2.219176e-02 5.865654e-04
2.738930e-02 2.153921e-02 5.852087e-04
2.766012e-02 2.059578e-02 5.718550e-04
2.793093e-02 1.963163e-02 5.657120e-04
2.820175e-02 1.911028e-02 5.612954e-04
2.847256e-02 1.953319e-02 5.499893e-04
2.874337e-02 1.824240e-02 5.469252e-04
2.901419e-02 1.824032e-02 5.354379e-04
2.928500e-02 1.813782e-02 5.308196e-04
2.955582e-02 1.693832e-02 5.274848e-04
2.982663e-02 1.636813e-02 5.204533e-04
3.009745e-02 1.712106e-02 5.283216e-04
3.036826e-02 1.602591e-02 5.077682e-04
3.063907e-02 1.540428e-02 5.064789e-04
3.090989e-02 1.528078e-02 5.029354e-04
3.118070e-02 1.538380e-02 5.032550e-04
3.145152e-02 1.475070e-02 4.972697e-04
3.172233e-02 1.454451e-02 4.911618e-04
3.199315e-02 1.406876e-02 4.876170e-04
3.226396e-02 1.423149e-02 4.867237e-04
3.253478e-02 1.338243e-02 4.785063e-04
3.280559e-02 1.304127e-02 4.795281e-04
3.307641e-02 1.318428e-02 4.732983e-04
3.334722e-02 1.315666e-02 4.734059e-04
3.361803e-02 1.322179e-02 4.714181e-04
3.388885e-02 1.228108e-02 4.593041e-04
3.415966e-02 1.268039e-02 4.599080e-04
3.443048e-02 1.173388e-02 4.622528e-04
3.470129e-02 1.234384e-02 4.591810e-04
3.497211e-02 1.104604e-02 4.447955e-04
3.524292e-02 1.059643e-02 4.404007e-04
3.551374e-02 1.091809e-02 4.420505e-04
3.578455e-02 1.111857e-02 4.480676e-04
3.605536e-02 1.172174e-02 4.410219e-04
3.632618e-02 1.164383e-02 4.432860e-04
3.659699e-02 9.772480e-03 4.387259e-04
3.686780e-02 9.546369e-03 4.350420e-04
3.713862e-02 1.067938e-02 4.307011e-04
3.740944e-02 1.046619e-02 4.282126e-04
3.768025e-02 9.586331e-03 4.227836e-04
3.795106e-02 9.614911e-03 4.117714e-04
3.822188e-02 1.006793e-02 4.206396e-04
3.849269e-02 9.190653e-03 4.103804e-04
3.876351e-02 9.140272e-03 4.074227e-04
3.903432e-02 9.553820e-03 4.125376e-04
3.930514e-02 8.661449e-03 4.088334e-04
3.957595e-02 8.743111e-03 4.060083e-04
3.984676e-02 8.847289e-03 4.013341e-04
4.011758e-02 9.096490e-03 3.975973e-04
4.038839e-02 8.778002e-03 4.003313e-04
4.065921e-02 8.875500e-03 3.947293e-04
4.093002e-02 8.737769e-03 3.944310e-04
4.120084e-02 8.990671e-03 3.934696e-04
4.147165e-02 8.333061e-03 3.868488e-04
4.174246e-02 7.822249e-03 3.838394e-04
4.201328e-02 8.469418e-03 3.873887e-04
4.228409e-02 8.141261e-03 3.954585e-04
4.255491e-02 8.535381e-03 3.846747e-04
4.282572e-02 7.430401e-03 3.854099e-04
4.309653e-02 7.816790e-03 3.751947e-04
4.336735e-02 8.502491e-03 3.761674e-04
4.363817e-02 7.913608e-03 3.748390e-04
4.390898e-02 8.085780e-03 3.840385e-04
4.417979e-02 7.180730e-03 3.746680e-04
4.445061e-02 7.284479e-03 3.659821e-04
4.472142e-02 7.105900e-03 3.675827e-04
4.499224e-02 6.800009e-03 3.745379e-04
4.526305e-02 6.638059e-03 3.665465e-04
4.553387e-02 7.638490e-03 3.615621e-04
4.580468e-02 7.224329e-03 3.605777e-04
4.607549e-02 6.605461e-03 3.661327e-04
4.634631e-02 6.783849e-03 3.543454e-04
4.661712e-02 6.450480e-03 3.604335e-04
4.688794e-02 6.956141e-03 3.605869e-04
4.715875e-02 6.285731e-03 3.568152e-04
4.742957e-02 6.926518e-03 3.500480e-04
4.770038e-02 6.476671e-03 3.514957e-04
4.797119e-02 6.436531e-03 3.495773e-04
4.824201e-02 6.670410e-03 3.472769e-04
4.851282e-02 6.973101e-03 3.502717e-04
4.878364e-02 6.086811e-03 3.424389e-04
4.905445e-02 6.778868e-03 3.448773e-04
4.932526e-02 6.050030e-03 3.486385e-04
4.959608e-02 6.179590e-03 3.435673e-04
4.986690e-02 6.201971e-03 3.414897e-04
5.013771e-02 6.192550e-03 3.419666e-04
5.040852e-02 6.269781e-03 3.401833e-04
5.067934e-02 6.364660e-03 3.402625e-04
5.095015e-02 6.291309e-03 3.377217e-04
5.122096e-02 5.696081e-03 3.386617e-04
5.149178e-02 5.976779e-03 3.332736e-04
5.176260e-02 6.163640e-03 3.351762e-04
5.203341e-02 5.323788e-03 3.362617e-04
5.230422e-02 5.999848e-03 3.279675e-04
5.257504e-02 5.770311e-03 3.303985e-04
5.284585e-02 5.845409e-03 3.299562e-04
5.311667e-02 5.486110e-03 3.280005e-04
5.338748e-02 4.796302e-03 3.309521e-04
5.365830e-02 5.566668e-03 3.286510e-04
5.392911e-02 5.541120e-03 3.367404e-04
5.419992e-02 5.420890e-03 3.304826e-04
5.447074e-02 5.131051e-03 3.320062e-04
5.474155e-02 5.654860e-03 3.385604e-04
5.501237e-02 4.965879e-03 3.398893e-04
5.528318e-02 4.639298e-03 3.423995e-04
5.555400e-02 5.664771e-03 3.478385e-04
5.582481e-02 5.510278e-03 3.482527e-04
5.609563e-02 5.270720e-03 3.493937e-04
5.636644e-02 5.553730e-03 3.514560e-04
5.663725e-02 5.202290e-03 3.518283e-04
5.690807e-02 5.000360e-03 3.542611e-04
5.717888e-02 4.756890e-03 3.507227e-04
5.744969e-02 4.744342e-03 3.528706e-04
5.772051e-02 5.116140e-03 3.565852e-04
5.799133e-02 3.567671e-03 3.503839e-04
5.826214e-02 5.308952e-03 3.578265e-04
5.853295e-02 5.500570e-03 3.579008e-04
5.880377e-02 5.615992e-03 3.537398e-04
5.907458e-02 4.622459e-03 3.568611e-04
5.934540e-02 4.812662e-03 3.558647e-04
5.961621e-02 5.456910e-03 3.598607e-04
5.988703e-02 4.649539e-03 3.624916e-04
6.015784e-02 4.875150e-03 3.559242e-04
6.042865e-02 4.429240e-03 3.601147e-04
6.069947e-02 4.213959e-03 3.490094e-04
6.097028e-02 4.527710e-03 3.531492e-04
6.124110e-02 4.511049e-03 3.452980e-04
6.151191e-02 4.376430e-03 3.458519e-04
6.178273e-02 4.625710e-03 3.431127e-04
6.205354e-02 4.631022e-03 3.425119e-04
6.232436e-02 4.664192e-03 3.422297e-04
6.259517e-02 4.305381e-03 3.413937e-04
6.286598e-02 4.758781e-03 3.451820e-04
6.313679e-02 3.662508e-03 3.358513e-04
6.340761e-02 4.741499e-03 3.391724e-04
6.367842e-02 4.366888e-03 3.346149e-04
6.394923e-02 5.034020e-03 3.368686e-04
6.422005e-02 3.434142e-03 3.344536e-04
6.449086e-02 4.497349e-03 3.401278e-04
6.476168e-02 4.512411e-03 3.277169e-04
6.503250e-02 4.756441e-03 3.411076e-04
6.530331e-02 4.683919e-03 3.343980e-04
6.557412e-02 4.318900e-03 3.331173e-04
6.584494e-02 3.936511e-03 3.298151e-04
6.611575e-02 3.580950e-03 3.294409e-04
6.638657e-02 4.408050e-03 3.339431e-04
6.665738e-02 3.574692e-03 3.282872e-04
6.692819e-02 4.435090e-03 3.289372e-04
6.719901e-02 4.361382e-03 3.275962e-04
6.746982e-02 4.372571e-03 3.303671e-04
6.774063e-02 4.199950e-03 3.295158e-04
6.801146e-02 4.497712e-03 3.270220e-04
6.828227e-02 3.502080e-03 3.238131e-04
6.855308e-02 3.704272e-03 3.273086e-04
6.882390e-02 3.953669e-03 3.223076e-04
6.909471e-02 4.301030e-03 3.251036e-04
6.936552e-02 3.821421e-03 3.218137e-04
6.963634e-02 3.757780e-03 3.199204e-04
6.990715e-02 3.534840e-03 3.256286e-04
7.017796e-02 3.477661e-03 3.218126e-04
7.044878e-02 4.083499e-03 3.234826e-04
7.071959e-02 3.944831e-03 3.171330e-04
7.099041e-02 4.153540e-03 3.239918e-04
7.126123e-02 3.577810e-03 3.167588e-04
7.153204e-02 3.492400e-03 3.163247e-04
7.180285e-02 4.219370e-03 3.182984e-04
7.207367e-02 3.182841e-03 3.154743e-04
7.234448e-02 4.031222e-03 3.188354e-04
7.261530e-02 3.318531e-03 3.177501e-04
7.288611e-02 4.162610e-03 3.203898e-04
7.315692e-02 3.331371e-03 3.174984e-04
7.342774e-02 3.839940e-03 3.182841e-04
7.369855e-02 3.731990e-03 3.132911e-04
7.396936e-02 4.117720e-03 3.165878e-04
7.424019e-02 3.498930e-03 3.139383e-04
7.451100e-02 3.406260e-03 3.130334e-04
7.478181e-02 3.460739e-03 3.161616e-04
7.505263e-02 3.476990e-03 3.120637e-04
7.532344e-02 3.378520e-03 3.156451e-04
7.559425e-02 3.418390e-03 3.114722e-04
7.586507e-02 3.378930e-03 3.130890e-04
7.613588e-02 3.816450e-03 3.115243e-04
7.640669e-02 3.504528e-03 3.089361e-04
7.667751e-02 2.893358e-03 3.136936e-04
7.694832e-02 3.480792e-03 3.097033e-04
7.721914e-02 3.204528e-03 3.099930e-04
7.748996e-02 3.511390e-03 3.068913e-04
7.776077e-02 2.928840e-03 3.072841e-04
7.803158e-02 3.391881e-03 3.104688e-04
7.830240e-02 3.476290e-03 3.065784e-04
7.857321e-02 3.633551e-03 3.090530e-04
7.884403e-02 2.953880e-03 3.056248e-04
7.911484e-02 2.745401e-03 3.029864e-04
7.938565e-02 3.239080e-03 3.110482e-04
7.965647e-02 3.153952e-03 3.030887e-04
7.992728e-02 2.737839e-03 3.024920e-04
8.019809e-02 3.205242e-03 3.033232e-04
8.046892e-02 2.798829e-03 3.032450e-04
8.073973e-02 3.443101e-03 3.047086e-04
8.101054e-02 2.676120e-03 2.993039e-04
8.128136e-02 2.604552e-03 3.028920e-04
8.155217e-02 3.208140e-03 3.030010e-04
8.182298e-02 3.236279e-03 2.976700e-04
8.209380e-02 2.836660e-03 2.992808e-04
8.236461e-02 3.275260e-03 3.014946e-04
8.263543e-02 3.456978e-03 2.996583e-04
8.290624e-02 2.811762e-03 2.995491e-04
8.317705e-02 3.041381e-03 2.948887e-04
8.344787e-02 3.604339e-03 3.007731e-04
8.371869e-02 2.871200e-03 2.979134e-04
8.398950e-02 2.891531e-03 2.977533e-04
8.426031e-02 3.151001e-03 2.967041e-04
8.453113e-02 2.789520e-03 2.922912e-04
8.480194e-02 2.823880e-03 2.976285e-04
8.507276e-02 3.213089e-03 2.983465e-04
8.534357e-02 2.208240e-03 2.941013e-04
8.561438e-02 3.136681e-03 2.892926e-04
8.588520e-02 2.654821e-03 2.906581e-04
8.615601e-02 2.988718e-03 2.939654e-04
8.642682e-02 3.141262e-03 2.928315e-04
8.669765e-02 2.662539e-03 2.901911e-04
8.696846e-02 2.645051e-03 2.900464e-04
8.723927e-02 3.078962e-03 2.894439e-04
8.751009e-02 2.642831e-03 2.915626e-04
8.778090e-02 2.605151e-03 2.869045e-04
8.805171e-02 2.879051e-03 2.894841e-04
8.832253e-02 2.643200e-03 2.895254e-04
8.859334e-02 2.719957e-03 2.914016e-04
8.886416e-02 2.452651e-03 2.875749e-04
8.913497e-02 2.402591e-03 2.878847e-04
8.940578e-02 2.246961e-03 2.904847e-04
8.967660e-02 2.631200e-03 2.900675e-04
8.994742e-02 3.271148e-03 2.891999e-04
9.021823e-02 2.168588e-03 2.857174e-04
9.048904e-02 2.774509e-03 2.875840e-04
9.075986e-02 2.413131e-03 2.872536e-04
9.103067e-02 2.555599e-03 2.860755e-04
9.130149e-02 1.917280e-03 2.857905e-04
9.157230e-02 2.760779e-03 2.835934e-04
9.184311e-02 2.625441e-03 2.883040e-04
9.211393e-02 2.550941e-03 2.832140e-04
9.238474e-02 2.555922e-03 2.833234e-04
9.265555e-02 2.568441e-03 2.857659e-04
9.292637e-02 2.661750e-03 2.866239e-04
9.319719e-02 2.479021e-03 2.818209e-04
9.346800e-02 2.574589e-03 2.825295e-04
9.373882e-02 2.714802e-03 2.830606e-04
9.400963e-02 2.573309e-03 2.815419e-04
9.428044e-02 2.231060e-03 2.810459e-04
9.455126e-02 2.262739e-03 2.834748e-04
9.482207e-02 2.399050e-03 2.775946e-04
9.509289e-02 2.053849e-03 2.802342e-04
9.536370e-02 2.281161e-03 2.828289e-04
9.563451e-02 2.235580e-03 2.773467e-04
9.590533e-02 1.948599e-03 2.782372e-04
9.617615e-02 2.213750e-03 2.792030e-04
9.644696e-02 2.409801e-03 2.781219e-04
9.671777e-02 2.258610e-03 2.765575e-04
9.698859e-02 2.680000e-03 2.757774e-04
9.725940e-02 2.737571e-03 2.791710e-04
9.753022e-02 2.098080e-03 2.741669e-04
9.780103e-02 2.154339e-03 2.777631e-04
9.807184e-02 2.140330e-03 2.770742e-04
9.834266e-02 2.458399e-03 2.766611e-04
9.861347e-02 2.769940e-03 2.768204e-04
9.888428e-02 2.598969e-03 2.743995e-04
9.915510e-02 2.414890e-03 2.754854e-04
9.942592e-02 2.185591e-03 2.726680e-04
9.969673e-02 2.069730e-03 2.741136e-04
9.996755e-02 1.928899e-03 2.705828e-04
1.002384e-01 2.483800e-03 2.698673e-04
1.005092e-01 1.816560e-03 2.722920e-04
1.007800e-01 2.687212e-03 2.718594e-04
1.010508e-01 2.282090e-03 2.749386e-04
1.013216e-01 1.761720e-03 2.730887e-04
1.015924e-01 2.036650e-03 2.723689e-04
1.018632e-01 1.788409e-03 2.712004e-04
1.021341e-01 2.525369e-03 2.717262e-04
1.024049e-01 2.388570e-03 2.701355e-04
1.026757e-01 2.235411e-03 2.699294e-04
1.029465e-01 1.984360e-03 2.714907e-04
1.032173e-01 2.980718e-03 2.725661e-04
1.034881e-01 1.890391e-03 2.698698e-04
1.037589e-01 2.362520e-03 2.669352e-04
1.040298e-01 2.251798e-03 2.684386e-04
1.043006e-01 2.162680e-03 2.664136e-04
1.045714e-01 1.643671e-03 2.682879e-04
1.048422e-01 1.801051e-03 2.657644e-04
1.051130e-01 1.768619e-03 2.669314e-04
1.053838e-01 1.870681e-03 2.657300e-04
1.056546e-01 2.228500e-03 2.674642e-04
1.059255e-01 2.216110e-03 2.653116e-04
1.061963e-01 2.414281e-03 2.642715e-04
1.064671e-01 1.776421e-03 2.653378e-04
1.067379e-01 1.817431e-03 2.662650e-04
1.070087e-01 1.549721e-03 2.669817e-04
1.072795e-01 1.943571e-03 2.622782e-04
1.075503e-01 2.072301e-03 2.645397e-04
1.078212e-01 1.806261e-03 2.646815e-04
1.080920e-01 1.429239e-03 2.616273e-04
1.083628e-01 1.410590e-03 2.644459e-04
1.086336e-01 2.328370e-03 2.626179e-04
1.089044e-01 1.931909e-03 2.640723e-04
1.091752e-01 1.841109e-03 2.650079e-04
1.094460e-01 1.759790e-03 2.607330e-04
1.097169e-01 1.800770e-03 2.634761e-04
1.099877e-01 2.109500e-03 2.623281e-04
1.102585e-01 1.908619e-03 2.647804e-04
1.105293e-01 1.660081e-03 2.655019e-04
1.108001e-01 2.041901e-03 2.699096e-04
1.110709e-01 1.762519e-03 2.707186e-04
1.113417e-01 2.221949e-03 2.698278e-04
1.116126e-01 1.424860e-03 2.724311e-04
1.118834e-01 1.559390e-03 2.698610e-04
1.121542e-01 1.900900e-03 2.733677e-04
1.124250e-01 2.017280e-03 2.755783e-04
1.126958e-01 1.494529e-03 2.766283e-04
1.129666e-01 2.167551e-03 2.793909e-04
1.132374e-01 2.072342e-03 2.828462e-04
1.135083e-01 1.533281e-03 2.839941e-04
1.137791e-01 2.423691e-03 2.863539e-04
1.140499e-01 1.634659e-03 2.845061e-04
1.143207e-01 1.906950e-03 2.918561e-04
1.145915e-01 1.643540e-03 2.894868e-04
1.148623e-01 1.004109e-03 2.908177e-04
1.151332e-01 1.221281e-03 2.902772e-04
1.154040e-01 2.055520e-03 2.999573e-04
1.156748e-01 1.363030e-03 2.935853e-04
1.159456e-01 1.806069e-03 2.963038e-04
1.162164e-01 1.839640e-03 2.980158e-04
1.164872e-01 1.931690e-03 2.991773e-04
1.167580e-01 1.738891e-03 3.049909e-04
1.170288e-01 1.490619e-03 3.051804e-04
1.172997e-01 1.637971e-03 3.027574e-04
1.175705e-01 1.475289e-03 3.052408e-04
1.178413e-01 1.639480e-03 3.067693e-04
1.181121e-01 1.796480e-03 3.055779e-04
1.183829e-01 1.617270e-03 2.987222e-04
1.186537e-01 1.206160e-03 3.006228e-04
1.189246e-01 1.618311e-03 3.003834e-04
1.191954e-01 1.879090e-03 2.955138e-04
1.194662e-01 1.451841e-03 2.967825e-04
1.197370e-01 1.786200e-03 2.964254e-04
1.200078e-01 1.869719e-03 2.977558e-04
1.202786e-01 1.883499e-03 2.931705e-04
1.205494e-01 1.358440e-03 2.959460e-04
1.208202e-01 1.712870e-03 2.953704e-04
1.210911e-01 1.978751e-03 2.978019e-04
1.213619e-01 1.014091e-03 2.935651e-04
1.216327e-01 1.593780e-03 2.933069e-04
1.219035e-01 1.323411e-03 2.927679e-04
1.221743e-01 1.515709e-03 2.920628e-04
1.224451e-01 1.702970e-03 2.961530e-04
1.227160e-01 1.444999e-03 2.959249e-04
1.229868e-01 1.684569e-03 2.933594e-04
1.232576e-01 1.898549e-03 2.983940e-04
1.235284e-01 1.272710e-03 2.952141e-04
1.237992e-01 1.242751e-03 2.921290e-04
1.240700e-01 1.592660e-03 2.965562e-04
1.243408e-01 1.549480e-03 2.917748e-04
1.246117e-01 1.361551e-03 2.910023e-04
1.248825e-01 1.363410e-03 2.904132e-04
1.251533e-01 1.657011e-03 2.909158e-04
1.254241e-01 1.189388e-03 2.944917e-04
1.256949e-01 1.526359e-03 2.883854e-04
1.259657e-01 1.149140e-03 2.916850e-04
1.262365e-01 1.402561e-03 2.883583e-04
1.265074e-01 1.534889e-03 2.894933e-04
1.267782e-01 1.668999e-03 2.927190e-04
1.270490e-01 1.980910e-03 2.886484e-04
1.273198e-01 1.166869e-03 2.887393e-04
1.275906e-01 5.691294e-04 2.844153e-04
1.278614e-01 1.371680e-03 2.878711e-04
1.281322e-01 1.178101e-03 2.870790e-04
1.284031e-01 1.064440e-03 2.871471e-04
1.286739e-01 1.320580e-03 2.873380e-04
1.289447e-01 1.719469e-03 2.853666e-04
1.292155e-01 1.539299e-03 2.877310e-04
1.294863e-01 1.562031e-03 2.849432e-04
1.297571e-01 1.670040e-03 2.853199e-04
1.300279e-01 1.374751e-03 2.833880e-04
1.302988e-01 1.105761e-03 2.844488e-04
1.305696e-01 1.221640e-03 2.807626e-04
1.308404e-01 9.512994e-04 2.808346e-04
1.311112e-01 5.010385e-04 2.855724e-04
1.313820e-01 1.517542e-03 2.834139e-04
1.316528e-01 1.066921e-03 2.853805e-04
1.319236e-01 8.580908e-04 2.797742e-04
1.321945e-01 1.224931e-03 2.823499e-04
1.324653e-01 1.490649e-03 2.858803e-04
1.327361e-01 7.636305e-04 2.794872e-04
1.330069e-01 1.202559e-03 2.831302e-04
1.332777e-01 1.104040e-03 2.819465e-04
1.335485e-01 1.328401e-03 2.836138e-04
1.338193e-01 1.275800e-03 2.855893e-04
1.340902e-01 6.504990e-04 2.807319e-04
1.343610e-01 1.354650e-03 2.821195e-04
1.346318e-01 1.865681e-03 2.858382e-04
1.349026e-01 4.420392e-04 2.791315e-04
1.351734e-01 1.145249e-03 2.795922e-04
1.354442e-01 1.162840e-03 2.806532e-04
1.357151e-01 8.081496e-04 2.826574e-04
1.359859e-01 1.013920e-03 2.805074e-04
1.362567e-01 1.180591e-03 2.747608e-04
1.365275e-01 1.037030e-03 2.779222e-04
1.367983e-01 1.289859e-03 2.751200e-04
1.370691e-01 1.173170e-03 2.801262e-04
1.373399e-01 1.251230e-03 2.847034e-04
1.376107e-01 1.307370e-03 2.884132e-04
1.378816e-01 1.181848e-03 2.913292e-04
1.381524e-01 1.084739e-03 2.889995e-04
1.384232e-01 1.058720e-03 2.957111e-04
1.386940e-01 1.354679e-03 2.972307e-04
1.389648e-01 1.393050e-03 2.955304e-04
1.392356e-01 1.369821e-03 2.977238e-04
1.395064e-01 1.488870e-03 2.962254e-04
1.397773e-01 8.515194e-04 2.926204e-04
1.400481e-01 1.321670e-03 2.962172e-04
1.403189e-01 1.368050e-03 3.044663e-04
1.405897e-01 1.140069e-03 3.006890e-04
1.408605e-01 6.545912e-04 2.985002e-04
1.411313e-01 1.206940e-03 3.045795e-04
1.414021e-01 1.588998e-03 3.055204e-04
1.416730e-01 1.231231e-03 3.100832e-04
1.419438e-01 7.445700e-04 3.058447e-04
1.422146e-01 1.428531e-03 3.132875e-04
1.424854e-01 1.760881e-03 3.090496e-04
1.427562e-01 1.004620e-03 3.051955e-04
1.430270e-01 9.694900e-04 3.077068e-04
1.432979e-01 7.949099e-04 3.038080e-04
1.435687e-01 1.131350e-03 3.108081e-04
1.438395e-01 3.786609e-04 3.067120e-04
1.441103e-01 9.765215e-04 3.087153e-04
1.443811e-01 7.467698e-04 3.094990e-04
1.446519e-01 1.315450e-03 3.128873e-04
1.449227e-01 6.458089e-04 3.083105e-04
1.451935e-01 1.352001e-03 3.143455e-04
1.454644e-01 6.903689e-04 3.150869e-04
1.457352e-01 9.406898e-04 3.179879e-04
1.460060e-01 1.463490e-03 3.196153e-04
1.462768e-01 1.160000e-03 3.190521e-04
1.465476e-01 7.114895e-04 3.157019e-04
1.468184e-01 1.411879e-03 3.218787e-04
1.470892e-01 1.831518e-03 3.227664e-04
1.473601e-01 5.179308e-04 3.226108e-04
1.476309e-01 1.511632e-03 3.230926e-04
1.479017e-01 1.209909e-03 3.202409e-04
1.481725e-01 1.272229e-03 3.234821e-04
1.484433e-01 8.673090e-04 3.196548e-04
1.487141e-01 3.831498e-04 3.202182e-04
1.489850e-01 8.850601e-04 3.206532e-04
1.492558e-01 1.526210e-03 3.184069e-04
1.495266e-01 6.886106e-04 3.133260e-04
1.497974e-01 9.142794e-04 3.159324e-04
1.500682e-01 6.000400e-04 3.209691e-04
1.503390e-01 1.155740e-03 3.221755e-04
1.506098e-01 4.785005e-04 3.160139e-04
1.508806e-01 1.096481e-03 3.180996e-04
1.511515e-01 1.023600e-03 3.175287e-04
1.514223e-01 7.461589e-04 3.154961e-04
1.516931e-01 4.449990e-04 3.139871e-04
1.519639e-01 8.096900e-04 3.154561e-04
1.522347e-01 1.098989e-03 3.199093e-04
1.525055e-01 8.713696e-04 3.157536e-04
1.527763e-01 1.279280e-03 3.228812e-04
1.530472e-01 1.013068e-03 3.148758e-04
1.533180e-01 1.040820e-03 3.238524e-04
1.535888e-01 1.752781e-03 3.223111e-04
1.538596e-01 7.885285e-04 3.186304e-04
1.541304e-01 6.804895e-04 3.203129e-04
1.544012e-01 1.219610e-03 3.200335e-04
1.546721e-01 1.385210e-03 3.224715e-04
1.549429e-01 1.196770e-03 3.178064e-04
1.552137e-01 1.851471e-03 3.229280e-04
1.554845e-01 1.492150e-03 3.235760e-04
1.557553e-01 4.328117e-04 3.196490e-04
1.560261e-01 6.784592e-04 3.214256e-04
1.562969e-01 9.662397e-04 3.151977e-04
1.565678e-01 6.814990e-04 3.153312e-04
1.568386e-01 2.957806e-04 3.167880e-04
1.571094e-01 7.540490e-04 3.216267e-04
1.573802e-01 7.784199e-04 3.219085e-04
1.576510e-01 8.137003e-04 3.150245e-04
1.579218e-01 1.068670e-03 3.189049e-04
1.581926e-01 9.749886e-04 3.220390e-04
1.584634e-01 2.546404e-04 3.172964e-04
1.587343e-01 8.592810e-04 3.152274e-04
1.590051e-01 8.306205e-04 3.212604e-04
1.592759e-01 7.808302e-04 3.191428e-04
1.595467e-01 1.190720e-03 3.199333e-04
1.598175e-01 8.546095e-04 3.222097e-04
1.600883e-01 6.032791e-04 3.137875e-04
1.603591e-01 9.509400e-04 3.211748e-04
1.606300e-01 8.424390e-04 3.163471e-04
1.609008e-01 6.245896e-04 3.172510e-04
1.611716e-01 1.156440e-03 3.208127e-04
1.614424e-01 7.990990e-04 3.166766e-04
1.617132e-01 7.583611e-04 3.201453e-04
1.619840e-01 9.019300e-04 3.142769e-04
1.622549e-01 5.689505e-04 3.148290e-04
1.625257e-01 1.004180e-03 3.203762e-04
1.627965e-01 5.094707e-04 3.179070e-04
1.630673e-01 7.896908e-04 3.127213e-04
1.633381e-01 7.085986e-04 3.173123e-04
1.636089e-01 1.024380e-03 3.176253e-04
1.638797e-01 1.212310e-03 3.130841e-04
1.641506e-01 5.242899e-04 3.144460e-04
1.644214e-01 5.812198e-04 3.161654e-04
1.646922e-01 5.489010e-04 3.156837e-04
1.649630e-01 6.165691e-04 3.137641e-04
1.652338e-01 9.933598e-04 3.168808e-04
1.655046e-01 9.118896e-04 3.147047e-04
1.657754e-01 1.248190e-03 3.135484e-04
1.660462e-01 5.771201e-04 3.173706e-04
1.663171e-01 8.336715e-04 3.158148e-04
1.665879e-01 6.366596e-04 3.146773e-04
1.668587e-01 1.006210e-03 3.172046e-04
1.671295e-01 3.328603e-04 3.178388e-04
1.674003e-01 -1.843106e-04 3.176360e-04
1.676711e-01 8.284505e-04 3.329880e-04
1.679420e-01 1.910292e-04 3.301895e-04
1.682128e-01 1.147820e-03 3.375201e-04
1.684836e-01 5.868804e-04 3.410702e-04
1.687544e-01 9.365901e-04 3.432566e-04
1.690252e-01 1.445711e-04 3.450655e-04
1.692960e-01 2.948102e-04 3.449015e-04
1.695668e-01 4.164390e-04 3.523627e-04
1.698377e-01 4.675500e-04 3.491907e-04
1.701085e-01 6.787702e-04 3.529416e-04
1.703793e-01 9.709205e-04 3.585738e-04
1.706501e-01 4.534107e-04 3.573811e-04
1.709209e-01 2.804212e-04 3.613187e-04
1.711917e-01 7.459093e-04 3.586768e-04
1.714625e-01 6.531402e-04 3.688673e-04
1.717333e-01 3.277101e-04 3.684015e-04
1.720042e-01 6.528199e-04 3.795014e-04
1.722750e-01 2.291109e-04 3.806126e-04
1.725458e-01 5.629789e-04 3.775710e-04
1.728166e-01 1.388900e-04 3.779926e-04
1.730874e-01 2.408009e-04 3.820748e-04
1.733582e-01 6.761402e-04 3.829031e-04
1.736291e-01 8.912291e-04 3.924019e-04
1.738999e-01 1.236089e-04 3.852888e-04
1.741707e-01 6.445870e-05 3.920510e-04
1.744415e-01 4.685111e-05 3.916687e-04
1.747123e-01 2.424996e-04 3.940092e-04
1.749831e-01 8.898415e-04 3.820066e-04
1.752539e-01 1.367200e-04 3.726817e-04
1.755248e-01 -8.746982e-05 3.745620e-04
1.757956e-01 2.376400e-04 3.623370e-04
1.760664e-01 7.906388e-04 3.708474e-04
1.763372e-01 3.193710e-04 3.694218e-04
1.766080e-01 6.283093e-04 3.682845e-04
1.768788e-01 1.296349e-03 3.638551e-04
1.771496e-01 1.502519e-03 3.558279e-04
1.774205e-01 6.166399e-04 3.659963e-04
1.776913e-01 7.650498e-04 3.562983e-04
1.779621e-01 9.209793e-04 3.610396e-04
1.782329e-01 1.277480e-03 3.609509e-04
1.785037e-01 4.178099e-04 3.493245e-04
1.787745e-01 8.727796e-04 3.575420e-04
1.790453e-01 4.444104e-04 3.532070e-04
1.793161e-01 5.605798e-04 3.510578e-04
1.795870e-01 1.152329e-03 3.531438e-04
1.798578e-01 1.705494e-04 3.432091e-04
1.801286e-01 8.906983e-05 3.572897e-04
1.803994e-01 1.637787e-04 3.436256e-04
1.806702e-01 6.490313e-04 3.462221e-04
1.809410e-01 -2.880953e-05 3.463216e-04
1.812119e-01 4.470404e-04 3.430137e-04
1.814827e-01 1.158651e-03 3.547604e-04
1.817535e-01 7.597301e-04 3.416294e-04
1.820243e-01 1.880489e-04 3.383477e-04
1.822951e-01 2.656914e-04 3.412379e-04
1.825659e-01 6.280597e-04 3.421561e-04
1.828367e-01 2.224483e-04 3.424543e-04
1.831076e-01 1.009386e-04 3.427793e-04
1.833784e-01 6.894395e-04 3.483108e-04
1.836492e-01 2.887603e-04 3.412044e-04
1.839200e-01 7.693302e-04 3.365436e-04
1.841908e-01 2.876688e-04 3.438962e-04
1.844616e-01 1.364918e-03 3.424491e-04
1.847324e-01 6.257892e-04 3.437417e-04
1.850033e-01 8.768905e-04 3.369396e-04
1.852741e-01 2.471898e-04 3.396259e-04
1.855449e-01 4.146397e-04 3.388402e-04
1.858157e-01 1.018200e-03 3.451708e-04
1.860865e-01 4.433300e-04 3.439946e-04
1.863573e-01 5.500391e-04 3.387500e-04
1.866281e-01 5.782302e-04 3.403266e-04
1.868990e-01 1.256011e-03 3.420360e-04
1.871698e-01 2.591312e-04 3.389500e-04
1.874406e-01 1.049310e-03 3.394954e-04
1.877114e-01 2.656616e-04 3.358673e-04
1.879822e-01 1.415251e-03 3.451522e-04
1.882530e-01 9.869896e-04 3.400711e-04
1.885238e-01 4.820488e-04 3.362067e-04
1.887947e-01 8.019395e-04 3.396371e-04
1.890655e-01 1.728497e-04 3.415416e-04
1.893363e-01 2.610609e-04 3.415106e-04
1.896071e-01 5.374011e-04 3.356150e-04
1.898779e-01 9.311400e-04 3.438069e-04
1.901487e-01 5.495399e-04 3.374620e-04
1.904195e-01 4.387200e-04 3.384550e-04
1.906904e-01 2.780203e-04 3.424493e-04
1.909612e-01 1.098089e-03 3.374143e-04
1.912320e-01 1.702910e-03 3.454248e-04
1.915028e-01 6.102584e-04 3.348960e-04
1.917736e-01 5.778894e-04 3.342465e-04
1.920444e-01 6.715991e-04 3.406063e-04
1.923153e-01 4.146583e-04 3.372636e-04
1.925861e-01 2.349205e-04 3.380151e-04
1.928569e-01 5.378202e-04 3.400345e-04
1.931277e-01 3.386103e-05 3.383682e-04
1.933985e-01 4.017111e-04 3.383773e-04
1.936693e-01 2.675187e-04 3.350763e-04
1.939401e-01 4.698113e-04 3.396206e-04
1.942109e-01 1.860317e-04 3.385730e-04
1.944818e-01 -4.016403e-04 3.336969e-04
1.947526e-01 5.622003e-04 3.355570e-04
1.950234e-01 3.266614e-04 3.344462e-04
1.952942e-01 5.254187e-04 3.336199e-04
1.955650e-01 3.663898e-04 3.345677e-04
1.958358e-01 5.006902e-04 3.350729e-04
1.961066e-01 8.168314e-04 3.361947e-04
1.963775e-01 1.039889e-03 3.388311e-04
1.966483e-01 5.466603e-04 3.350219e-04
1.969191e-01 8.805115e-04 3.385051e-04
1.971899e-01 -2.973899e-05 3.346741e-04
1.974607e-01 -1.030043e-05 3.349650e-04
1.977315e-01 1.829602e-04 3.343305e-04
1.980023e-01 6.987993e-04 3.327748e-04
1.982732e-01 5.647391e-04 3.384655e-04
1.985440e-01 8.703023e-05 3.349804e-04
1.988148e-01 -2.753306e-04 3.335843e-04
1.990856e-01 -5.583093e-05 3.339681e-04
1.993564e-01 1.621395e-04 3.360142e-04
1.996272e-01 5.577803e-04 3.369178e-04
1.998980e-01 8.010305e-04 3.321810e-04
2.001689e-01 3.443100e-04 3.300368e-04
2.004397e-01 7.619206e-04 3.327380e-04
2.007105e-01 3.038608e-04 3.283393e-04
2.009813e-01 6.881598e-04 3.334177e-04
2.012521e-01 5.220007e-04 3.336371e-04
2.015229e-01 5.799402e-04 3.285161e-04
2.017937e-01 6.533992e-04 3.346805e-04
2.020646e-01 9.830613e-04 3.314342e-04
2.023354e-01 3.345814e-04 3.327319e-04
2.026062e-01 6.295927e-05 3.273826e-04
2.028770e-01 -3.301091e-04 3.298646e-04
2.031478e-01 2.293400e-04 3.296009e-04
2.034186e-01 1.004569e-03 3.301204e-04
2.036894e-01 5.088001e-05 3.306618e-04
2.039603e-01 1.934171e-05 3.310313e-04
2.042311e-01 4.136693e-04 3.313230e-04
2.045019e-01 -3.313087e-05 3.292471e-04
2.047727e-01 1.335889e-04 3.279632e-04
2.050435e-01 5.792305e-04 3.252836e-04
2.053143e-01 2.259593e-04 3.329104e-04
2.055852e-01 6.664302e-04 3.319511e-04
2.058560e-01 6.961599e-04 3.322310e-04
2.061268e-01 8.015092e-04 3.266038e-04
2.063976e-01 6.497912e-04 3.308133e-04
2.066684e-01 6.923992e-04 3.248469e-04
2.069392e-01 4.319474e-06 3.235780e-04
2.072100e-01 9.441003e-05 3.235682e-04
2.074808e-01 2.217405e-04 3.241711e-04
2.077517e-01 4.595798e-04 3.248397e-04
2.080225e-01 9.772386e-04 3.263724e-04
2.082933e-01 8.094702e-04 3.229311e-04
2.085641e-01 1.130998e-05 3.219833e-04
2.088349e-01 -8.452870e-05 3.310111e-04
2.091057e-01 2.486706e-04 3.239854e-04
2.093765e-01 1.825392e-04 3.217341e-04
2.096474e-01 5.422011e-04 3.278059e-04
2.099182e-01 3.659800e-04 3.232207e-04
2.101890e-01 1.499988e-05 3.221041e-04
2.104598e-01 8.774903e-04 3.261526e-04
2.107306e-01 9.700600e-04 3.281216e-04
2.110014e-01 8.415394e-04 3.308941e-04
2.112723e-01 4.647300e-04 3.295645e-04
2.115431e-01 7.538088e-04 3.244295e-04
2.118139e-01 3.995486e-04 3.294232e-04
2.120847e-01 8.972920e-05 3.278105e-04
2.123555e-01 8.257106e-05 3.303089e-04
2.126263e-01 6.844103e-04 3.267182e-04
2.128971e-01 5.280115e-04 3.235982e-04
2.131680e-01 1.084395e-04 3.242624e-04
2.134388e-01 5.491897e-04 3.269907e-04
2.137096e-01 3.208686e-04 3.226001e-04
2.139804e-01 6.568208e-04 3.258106e-04
2.142512e-01 3.489200e-04 3.208416e-04
2.145220e-01 2.750605e-04 3.285085e-04
2.147928e-01 -3.171600e-04 3.193363e-04
2.150636e-01 8.650813e-04 3.269496e-04
2.153345e-01 3.522076e-05 3.221540e-04
2.156053e-01 1.071481e-03 3.282625e-04
2.158761e-01 4.300848e-06 3.234700e-04
2.161469e-01 2.870709e-04 3.249218e-04
2.164177e-01 1.962855e-05 3.271629e-04
2.166885e-01 6.873589e-04 3.280764e-04
2.169593e-01 5.387682e-04 3.247306e-04
2.172302e-01 9.130202e-04 3.284322e-04
2.175010e-01 3.473200e-04 3.229867e-04
2.177718e-01 3.916025e-05 3.256908e-04
2.180426e-01 3.116410e-04 3.268243e-04
2.183134e-01 5.697794e-04 3.263716e-04
2.185842e-01 4.655197e-04 3.254625e-04
2.188551e-01 1.024287e-04 3.239911e-04
2.191259e-01 2.274197e-04 3.288273e-04
2.193967e-01 4.465394e-04 3.221682e-04
2.196675e-01 -1.512598e-04 3.215763e-04
2.199383e-01 6.213710e-04 3.230801e-04
2.202091e-01 1.358297e-04 3.207417e-04
2.204799e-01 2.256893e-04 3.198149e-04
2.207507e-01 1.254696e-04 3.144929e-04
2.210216e-01 5.295686e-04 3.236816e-04
2.212924e-01 8.854009e-04 3.236922e-04
2.215632e-01 3.432110e-05 3.181720e-04
2.218340e-01 2.008118e-05 3.187593e-04
2.221048e-01 -3.522504e-04 3.167004e-04
2.223756e-01 5.210303e-04 3.204771e-04
2.226464e-01 2.794191e-04 3.157199e-04
2.229173e-01 5.876701e-04 3.167504e-04
2.231881e-01 2.931692e-04 3.207378e-04
2.234589e-01 7.771887e-05 3.173341e-04
2.237297e-01 4.869886e-05 3.188089e-04
2.240005e-01 6.033294e-04 3.169257e-04
2.242713e-01 6.303694e-04 3.176299e-04
2.245422e-01 1.943409e-04 3.136399e-04
2.248130e-01 -3.665201e-04 3.178251e-04
2.250838e-01 5.384106e-04 3.144246e-04
2.253546e-01 4.640408e-04 3.193020e-04
2.256254e-01 4.473310e-04 3.211210e-04
2.258962e-01 7.404201e-04 3.184464e-04
2.261670e-01 1.379699e-04 3.308444e-04
2.264379e-01 -2.057999e-04 3.361127e-04
2.267087e-01 6.272905e-04 3.403104e-04
2.269795e-01 3.532488e-04 3.462837e-04
2.272503e-01 9.708200e-04 3.487384e-04
2.275211e-01 1.560152e-05 3.586128e-04
2.277919e-01 7.513911e-05 3.521793e-04
2.280627e-01 3.299899e-04 3.611819e-04
2.283335e-01 -4.696883e-04 3.623171e-04
2.286044e-01 6.102603e-04 3.671969e-04
2.288752e-01 1.533199e-04 3.769935e-04
2.291460e-01 7.056799e-04 3.793141e-04
2.294168e-01 4.282501e-04 3.754550e-04
2.296876e-01 4.542097e-04 3.799304e-04
2.299584e-01 7.284097e-04 3.818529e-04
2.302293e-01 6.828401e-04 3.921980e-04
2.305001e-01 5.776491e-04 3.948179e-04
2.307709e-01 -6.890856e-05 3.946237e-04
2.310417e-01 2.968814e-04 3.932411e-04
2.313125e-01 3.531799e-04 3.985209e-04
2.315833e-01 6.965194e-04 4.028242e-04
2.318541e-01 5.765501e-04 4.073686e-04
2.321250e-01 -2.692509e-04 4.115701e-04
2.323958e-01 6.547794e-04 4.162520e-04
2.326666e-01 -1.467708e-04 4.136966e-04
2.329374e-01 1.027441e-03 4.313072e-04
2.332082e-01 8.122995e-05 4.228867e-04
2.334790e-01 -9.760074e-05 4.273698e-04
2.337498e-01 3.891401e-04 4.307911e-04
2.340207e-01 -2.595503e-04 4.321781e-04
2.342915e-01 1.812298e-04 4.428157e-04
2.345623e-01 8.961800e-04 4.436521e-04
2.348331e-01 7.408392e-04 4.438843e-04
2.351039e-01 3.391802e-04 4.464121e-04
2.353747e-01 2.301298e-04 4.548313e-04
2.356455e-01 1.108702e-04 4.528125e-04
2.359163e-01 8.570310e-04 4.636079e-04
2.361872e-01 3.772695e-04 4.709939e-04
2.364580e-01 -1.364388e-04 4.781091e-04
2.367288e-01 -3.349092e-04 4.728234e-04
2.369996e-01 1.721671e-03 4.780131e-04
2.372704e-01 4.444905e-04 4.842025e-04
2.375412e-01 2.448112e-04 4.820652e-04
2.378121e-01 3.862940e-05 4.879162e-04
2.380829e-01 5.691107e-04 4.845202e-04
2.383537e-01 2.141111e-04 4.948016e-04
2.386245e-01 -3.668610e-04 5.049537e-04
2.388953e-01 1.240913e-04 5.047722e-04
2.391661e-01 3.025103e-04 5.173149e-04
2.394369e-01 8.925200e-04 5.278732e-04
2.397078e-01 9.048916e-05 5.211721e-04
2.399786e-01 9.932704e-04 5.192080e-04
2.402494e-01 8.217990e-05 5.294379e-04
2.405202e-01 -2.188701e-04 5.418441e-04
2.407910e-01 4.936103e-04 5.483998e-04
2.410618e-01 5.243309e-04 5.533656e-04
2.413326e-01 6.483998e-04 5.534573e-04
2.416034e-01 8.330494e-04 5.508634e-04
2.418743e-01 1.122100e-03 5.699851e-04
2.421451e-01 9.885207e-04 5.786233e-04
2.424159e-01 2.766903e-04 5.861708e-04
2.426867e-01 -1.964904e-05 5.741601e-04
2.429575e-01 6.330702e-04 5.937036e-04
2.432283e-01 8.928608e-04 6.171198e-04
2.434992e-01 -1.523197e-04 5.903941e-04
2.437700e-01 -5.557202e-04 5.878200e-04
2.440408e-01 -6.629154e-05 6.252309e-04
2.443116e-01 -4.343875e-05 6.492044e-04
2.445824e-01 6.049108e-04 6.380517e-04
2.448532e-01 7.675029e-05 6.473812e-04
2.451240e-01 8.683093e-05 6.494761e-04
2.453949e-01 -7.967688e-04 6.557625e-04
2.456657e-01 9.537861e-05 6.694857e-04
2.459365e-01 -1.461599e-04 6.695897e-04
2.462073e-01 -1.635496e-04 6.991021e-04
2.464781e-01 8.987002e-04 7.230116e-04
2.467489e-01 -6.487966e-05 7.116063e-04
2.470197e-01 1.361459e-03 7.270272e-04
2.472906e-01 1.085401e-03 7.447850e-04
2.475614e-01 7.716212e-04 7.498159e-04
2.478322e-01 -1.073349e-03 7.641079e-04
2.481030e-01 3.565606e-04 7.451680e-04
2.483738e-01 1.687160e-03 7.846478e-04
2.486446e-01 8.095205e-04 8.038287e-04
2.489154e-01 1.385305e-04 8.538159e-04
2.491863e-01 -1.062471e-03 8.177492e-04
2.494571e-01 -1.305006e-04 8.301329e-04
2.497279e-01 5.316194e-04 8.763212e-04
2.499987e-01 4.801806e-04 9.073742e-04
2.502695e-01 6.283205e-04 8.914250e-04
2.505403e-01 -7.989593e-04 9.252174e-04
2.508111e-01 4.970003e-04 9.623437e-04
2.510819e-01 -6.231703e-04 1.023021e-03
2.513528e-01 -1.313049e-03 9.898191e-04
2.516236e-01 -1.395810e-03 1.017325e-03
2.518944e-01 1.259891e-03 1.084499e-03
2.521652e-01 -1.684939e-03 1.135304e-03
2.524360e-01 2.627600e-03 1.203211e-03
2.527068e-01 -2.131984e-05 1.120699e-03
2.529776e-01 9.756610e-04 1.210095e-03
2.532485e-01 -3.794804e-04 1.188202e-03
2.535193e-01 -4.207697e-04 1.216404e-03
2.537901e-01 1.056720e-03 1.284430e-03
2.540609e-01 1.130139e-03 1.330874e-03
2.543317e-01 -1.758821e-03 1.254285e-03
2.546025e-01 4.999097e-04 1.405104e-03
2.548733e-01 6.360095e-04 1.477864e-03
2.551441e-01 7.859115e-04 1.487895e-03
2.554150e-01 3.465980e-03 1.700893e-03
2.556858e-01 6.573312e-04 1.582735e-03
2.559566e-01 -5.674902e-04 1.801684e-03
2.562274e-01 4.755110e-04 1.938692e-03
2.564982e-01 8.037295e-04 1.888974e-03
2.567690e-01 5.424414e-04 2.060384e-03
2.570398e-01 -1.090690e-04 2.545423e-03
2.573107e-01 1.898389e-03 2.610768e-03
2.575815e-01 4.789069e-03 4.016102e-03
2.578523e-01 4.495161e-03 4.878941e-03
2.581231e-01 2.315031e-03 8.634915e-03
