3.286826e-03 3.817113e+00 0.000000e+00
3.557641e-03 4.753229e+00 8.832956e-02
3.828455e-03 4.740077e+00 5.414461e-02
4.099269e-03 4.634777e+00 4.323030e-02
4.370084e-03 4.504826e+00 3.277316e-02
4.640898e-03 4.368625e+00 2.369428e-02
4.911712e-03 4.216005e+00 2.044483e-02
5.182527e-03 4.125700e+00 1.692212e-02
5.453341e-03 4.027224e+00 1.539214e-02
5.724155e-03 3.875868e+00 1.294557e-02
5.994970e-03 3.746035e+00 1.161801e-02
6.265784e-03 3.638570e+00 1.059886e-02
6.536598e-03 3.505500e+00 9.081903e-03
6.807412e-03 3.384945e+00 8.478211e-03
7.078227e-03 3.244197e+00 7.943980e-03
7.349041e-03 3.147606e+00 7.309743e-03
7.619855e-03 3.013500e+00 6.837369e-03
7.890671e-03 2.884181e+00 6.204144e-03
8.161485e-03 2.778773e+00 6.178840e-03
8.432299e-03 2.655452e+00 5.764045e-03
8.703114e-03 2.537441e+00 5.328321e-03
8.973928e-03 2.427589e+00 4.984828e-03
9.244742e-03 2.328936e+00 4.800995e-03
9.515557e-03 2.209941e+00 4.535552e-03
9.786371e-03 2.105757e+00 4.357831e-03
1.005718e-02 2.002224e+00 4.080179e-03
1.032800e-02 1.901962e+00 3.919071e-03
1.059881e-02 1.800638e+00 3.731909e-03
1.086963e-02 1.705308e+00 3.628476e-03
1.114044e-02 1.614813e+00 3.345896e-03
1.141126e-02 1.527425e+00 3.280227e-03
1.168207e-02 1.434991e+00 3.019991e-03
1.195289e-02 1.358541e+00 2.949337e-03
1.222370e-02 1.276202e+00 2.795720e-03
1.249451e-02 1.199145e+00 2.599438e-03
1.276533e-02 1.128869e+00 2.571074e-03
1.303614e-02 1.059196e+00 2.419914e-03
1.330696e-02 9.910746e-01 2.325770e-03
1.357777e-02 9.309145e-01 2.224341e-03
1.384859e-02 8.741669e-01 2.097673e-03
1.411940e-02 8.114909e-01 2.020825e-03
1.439021e-02 7.589320e-01 1.880072e-03
1.466103e-02 7.115622e-01 1.788802e-03
1.493184e-02 6.599748e-01 1.730692e-03
1.520266e-02 6.164685e-01 1.651871e-03
1.547347e-02 5.728610e-01 1.550344e-03
1.574429e-02 5.339214e-01 1.510003e-03
1.601510e-02 4.948701e-01 1.449861e-03
1.628591e-02 4.595210e-01 1.392307e-03
1.655673e-02 4.299706e-01 1.344458e-03
1.682754e-02 3.982403e-01 1.261418e-03
1.709836e-02 3.679162e-01 1.230166e-03
1.736917e-02 3.413420e-01 1.155002e-03
1.763999e-02 3.191216e-01 1.098209e-03
1.791080e-02 2.956642e-01 1.069108e-03
1.818161e-02 2.722504e-01 1.040968e-03
1.845243e-02 2.547807e-01 1.015460e-03
1.872324e-02 2.359681e-01 9.780615e-04
1.899406e-02 2.193681e-01 9.516628e-04
1.926487e-02 2.026589e-01 9.170130e-04
1.953569e-02 1.885035e-01 8.846007e-04
1.980650e-02 1.763204e-01 8.748386e-04
2.007731e-02 1.616740e-01 8.410772e-04
2.034813e-02 1.527670e-01 8.214431e-04
2.061894e-02 1.406887e-01 8.081290e-04
2.088976e-02 1.320573e-01 7.616152e-04
2.116057e-02 1.238203e-01 7.509052e-04
2.143139e-02 1.138815e-01 7.270679e-04
2.170220e-02 1.067074e-01 7.175358e-04
2.197302e-02 1.001740e-01 6.961278e-04
2.224383e-02 9.424147e-02 6.753613e-04
2.251465e-02 8.769357e-02 6.601205e-04
2.278546e-02 8.264400e-02 6.327749e-04
2.305627e-02 7.808593e-02 6.245193e-04
2.332709e-02 7.397729e-02 6.015790e-04
2.359790e-02 6.959576e-02 5.832773e-04
2.386872e-02 6.467773e-02 5.740296e-04
2.413953e-02 6.108494e-02 5.571495e-04
2.441034e-02 5.798748e-02 5.336474e-04
2.468116e-02 5.596312e-02 5.308139e-04
2.495197e-02 5.294139e-02 5.183437e-04
2.522279e-02 5.048772e-02 5.076032e-04
2.549360e-02 4.834099e-02 4.973442e-04
2.576442e-02 4.570091e-02 4.847515e-04
2.603523e-02 4.372172e-02 4.814892e-04
2.630604e-02 4.158510e-02 4.764440e-04
2.657686e-02 4.056446e-02 4.677316e-04
2.684767e-02 3.848829e-02 4.581941e-04
2.711849e-02 3.696314e-02 4.548561e-04
2.738930e-02 3.607158e-02 4.500670e-04
2.766012e-02 3.510562e-02 4.397981e-04
2.793093e-02 3.384791e-02 4.308715e-04
2.820175e-02 3.312191e-02 4.179254e-04
2.847256e-02 3.130675e-02 4.189256e-04
2.874337e-02 3.033624e-02 4.145312e-04
2.901419e-02 2.952221e-02 4.043974e-04
2.928500e-02 2.809238e-02 3.970049e-04
2.955582e-02 2.789774e-02 3.934821e-04
2.982663e-02 2.678053e-02 3.931485e-04
3.009745e-02 2.668361e-02 3.916458e-04
3.036826e-02 2.642326e-02 3.814511e-04
3.063907e-02 2.524428e-02 3.822864e-04
3.090989e-02 2.418887e-02 3.780626e-04
3.118070e-02 2.415789e-02 3.760185e-04
3.145152e-02 2.295831e-02 3.711931e-04
3.172233e-02 2.262925e-02 3.681612e-04
3.199315e-02 2.264776e-02 3.674665e-04
3.226396e-02 2.259040e-02 3.639962e-04
3.253478e-02 2.152393e-02 3.591582e-04
3.280559e-02 2.084389e-02 3.559778e-04
3.307641e-02 2.142155e-02 3.549135e-04
3.334722e-02 2.084952e-02 3.530953e-04
3.361803e-02 2.048378e-02 3.517224e-04
3.388885e-02 2.068075e-02 3.480210e-04
3.415966e-02 1.999454e-02 3.467883e-04
3.443048e-02 1.989341e-02 3.462762e-04
3.470129e-02 1.928341e-02 3.387368e-04
3.497211e-02 1.917560e-02 3.407671e-04
3.524292e-02 1.924961e-02 3.356543e-04
3.551374e-02 1.874718e-02 3.372065e-04
3.578455e-02 1.870864e-02 3.343317e-04
3.605536e-02 1.843834e-02 3.301514e-04
3.632618e-02 1.806866e-02 3.271848e-04
3.659699e-02 1.793998e-02 3.234041e-04
3.686780e-02 1.828292e-02 3.269424e-04
3.713862e-02 1.738906e-02 3.209690e-04
3.740944e-02 1.727191e-02 3.201303e-04
3.768025e-02 1.706755e-02 3.169852e-04
3.795106e-02 1.657204e-02 3.143830e-04
3.822188e-02 1.703622e-02 3.162868e-04
3.849269e-02 1.671302e-02 3.102386e-04
3.876351e-02 1.605910e-02 3.108592e-04
3.903432e-02 1.644835e-02 3.120522e-04
3.930514e-02 1.590673e-02 3.069828e-04
3.957595e-02 1.575739e-02 3.067143e-04
3.984676e-02 1.599494e-02 3.018590e-04
4.011758e-02 1.562807e-02 3.024345e-04
4.038839e-02 1.510766e-02 3.010912e-04
4.065921e-02 1.475241e-02 2.972281e-04
4.093002e-02 1.464931e-02 2.983903e-04
4.120084e-02 1.426093e-02 2.944638e-04
4.147165e-02 1.463122e-02 2.953280e-04
4.174246e-02 1.409989e-02 2.957576e-04
4.201328e-02 1.413620e-02 2.894029e-04
4.228409e-02 1.395748e-02 2.900154e-04
4.255491e-02 1.337817e-02 2.878207e-04
4.282572e-02 1.360942e-02 2.892774e-04
4.309653e-02 1.318953e-02 2.847815e-04
4.336735e-02 1.312520e-02 2.829845e-04
4.363817e-02 1.221787e-02 2.844494e-04
4.390898e-02 1.279780e-02 2.830444e-04
4.417979e-02 1.275723e-02 2.800235e-04
4.445061e-02 1.200595e-02 2.751410e-04
4.472142e-02 1.179008e-02 2.760851e-04
4.499224e-02 1.138018e-02 2.783531e-04
4.526305e-02 1.149204e-02 2.749396e-04
4.553387e-02 1.136512e-02 2.740184e-04
4.580468e-02 1.106155e-02 2.709691e-04
4.607549e-02 1.095098e-02 2.706334e-04
4.634631e-02 1.081906e-02 2.666756e-04
4.661712e-02 1.072757e-02 2.697088e-04
4.688794e-02 1.104843e-02 2.686110e-04
4.715875e-02 9.873940e-03 2.652970e-04
4.742957e-02 9.829622e-03 2.615935e-04
4.770038e-02 9.960970e-03 2.600860e-04
4.797119e-02 1.016868e-02 2.604004e-04
4.824201e-02 9.634079e-03 2.587912e-04
4.851282e-02 9.782122e-03 2.628207e-04
4.878364e-02 9.348340e-03 2.574272e-04
4.905445e-02 9.093139e-03 2.552442e-04
4.932526e-02 9.187309e-03 2.583389e-04
4.959608e-02 9.282641e-03 2.529295e-04
4.986690e-02 8.584630e-03 2.544843e-04
5.013771e-02 8.305589e-03 2.522402e-04
5.040852e-02 8.536631e-03 2.512406e-04
5.067934e-02 8.349931e-03 2.518825e-04
5.095015e-02 8.630188e-03 2.481088e-04
5.122096e-02 8.458521e-03 2.495909e-04
5.149178e-02 8.157993e-03 2.478152e-04
5.176260e-02 8.080611e-03 2.461764e-04
5.203341e-02 8.008260e-03 2.493641e-04
5.230422e-02 8.179991e-03 2.466293e-04
5.257504e-02 7.906541e-03 2.461417e-04
5.284585e-02 8.184319e-03 2.436938e-04
5.311667e-02 7.968271e-03 2.434518e-04
5.338748e-02 7.680790e-03 2.476250e-04
5.365830e-02 7.603111e-03 2.455992e-04
5.392911e-02 7.677920e-03 2.456109e-04
5.419992e-02 7.127369e-03 2.462354e-04
5.447074e-02 7.462362e-03 2.445800e-04
5.474155e-02 7.391000e-03 2.503632e-04
5.501237e-02 6.715840e-03 2.524337e-04
5.528318e-02 7.012039e-03 2.577831e-04
5.555400e-02 7.421350e-03 2.563060e-04
5.582481e-02 6.927470e-03 2.557078e-04
5.609563e-02 7.099871e-03 2.601316e-04
5.636644e-02 7.093890e-03 2.603346e-04
5.663725e-02 7.219652e-03 2.598407e-04
5.690807e-02 7.126011e-03 2.608454e-04
5.717888e-02 6.748781e-03 2.578435e-04
5.744969e-02 6.790040e-03 2.602301e-04
5.772051e-02 6.673150e-03 2.643544e-04
5.799133e-02 6.729269e-03 2.610942e-04
5.826214e-02 6.705681e-03 2.639703e-04
5.853295e-02 7.069111e-03 2.644002e-04
5.880377e-02 6.326860e-03 2.626143e-04
5.907458e-02 6.595008e-03 2.618532e-04
5.934540e-02 6.280560e-03 2.619923e-04
5.961621e-02 6.559508e-03 2.658590e-04
5.988703e-02 6.972341e-03 2.655570e-04
6.015784e-02 6.419709e-03 2.636798e-04
6.042865e-02 5.359499e-03 2.646205e-04
6.069947e-02 6.722478e-03 2.571197e-04
6.097028e-02 6.131891e-03 2.578037e-04
6.124110e-02 5.840929e-03 2.543163e-04
6.151191e-02 6.177170e-03 2.550219e-04
6.178273e-02 5.970599e-03 2.554970e-04
6.205354e-02 6.961389e-03 2.515452e-04
6.232436e-02 5.733669e-03 2.532011e-04
6.259517e-02 6.138552e-03 2.517937e-04
6.286598e-02 5.697440e-03 2.515052e-04
6.313679e-02 5.422929e-03 2.506525e-04
6.340761e-02 5.519370e-03 2.493294e-04
6.367842e-02 5.387181e-03 2.478963e-04
6.394923e-02 5.446721e-03 2.465357e-04
6.422005e-02 5.868720e-03 2.492557e-04
6.449086e-02 5.389139e-03 2.474516e-04
6.476168e-02 5.178861e-03 2.433644e-04
6.503250e-02 5.662879e-03 2.490247e-04
6.530331e-02 5.365651e-03 2.456871e-04
6.557412e-02 5.102780e-03 2.431162e-04
6.584494e-02 5.446440e-03 2.456896e-04
6.611575e-02 4.709240e-03 2.433201e-04
6.638657e-02 4.839242e-03 2.426410e-04
6.665738e-02 5.469542e-03 2.428344e-04
6.692819e-02 5.125020e-03 2.430861e-04
6.719901e-02 5.373308e-03 2.428856e-04
6.746982e-02 5.025791e-03 2.412508e-04
6.774063e-02 5.200550e-03 2.434464e-04
6.801146e-02 4.661521e-03 2.401206e-04
6.828227e-02 4.571619e-03 2.396017e-04
6.855308e-02 4.892800e-03 2.394401e-04
6.882390e-02 4.755709e-03 2.399105e-04
6.909471e-02 4.290231e-03 2.403723e-04
6.936552e-02 4.558388e-03 2.373504e-04
6.963634e-02 4.641749e-03 2.385839e-04
6.990715e-02 4.277971e-03 2.388330e-04
7.017796e-02 4.596110e-03 2.358184e-04
7.044878e-02 4.493179e-03 2.353568e-04
7.071959e-02 5.062880e-03 2.344867e-04
7.099041e-02 4.797749e-03 2.371408e-04
7.126123e-02 4.301410e-03 2.361444e-04
7.153204e-02 4.931562e-03 2.326970e-04
7.180285e-02 4.998442e-03 2.340834e-04
7.207367e-02 4.276332e-03 2.347349e-04
7.234448e-02 4.193891e-03 2.326445e-04
7.261530e-02 4.384231e-03 2.349833e-04
7.288611e-02 4.520509e-03 2.316561e-04
7.315692e-02 4.630981e-03 2.315421e-04
7.342774e-02 4.654201e-03 2.325540e-04
7.369855e-02 4.013661e-03 2.330752e-04
7.396936e-02 4.099041e-03 2.313941e-04
7.424019e-02 4.125301e-03 2.324795e-04
7.451100e-02 4.082730e-03 2.303034e-04
7.478181e-02 4.178971e-03 2.298660e-04
7.505263e-02 3.568418e-03 2.282781e-04
7.532344e-02 4.399009e-03 2.314824e-04
7.559425e-02 4.221208e-03 2.276097e-04
7.586507e-02 4.081391e-03 2.300094e-04
7.613588e-02 3.518850e-03 2.285114e-04
7.640669e-02 4.155060e-03 2.282045e-04
7.667751e-02 3.996022e-03 2.294554e-04
7.694832e-02 3.587931e-03 2.283228e-04
7.721914e-02 4.248410e-03 2.285366e-04
7.748996e-02 4.210111e-03 2.256178e-04
7.776077e-02 3.872899e-03 2.258934e-04
7.803158e-02 3.781050e-03 2.260253e-04
7.830240e-02 3.886448e-03 2.240528e-04
7.857321e-02 3.736749e-03 2.248903e-04
7.884403e-02 3.781071e-03 2.249605e-04
7.911484e-02 3.796291e-03 2.243667e-04
7.938565e-02 3.470508e-03 2.253442e-04
7.965647e-02 3.456859e-03 2.216789e-04
7.992728e-02 3.426699e-03 2.224918e-04
8.019809e-02 3.391951e-03 2.215962e-04
8.046892e-02 3.525129e-03 2.202643e-04
8.073973e-02 3.430430e-03 2.221039e-04
8.101054e-02 2.982279e-03 2.207957e-04
8.128136e-02 3.537001e-03 2.208365e-04
8.155217e-02 3.068551e-03 2.205438e-04
8.182298e-02 3.482381e-03 2.188145e-04
8.209380e-02 3.228409e-03 2.186568e-04
8.236461e-02 3.153298e-03 2.192762e-04
8.263543e-02 3.449300e-03 2.202968e-04
8.290624e-02 3.581710e-03 2.197112e-04
8.317705e-02 3.012739e-03 2.181668e-04
8.344787e-02 3.130481e-03 2.210410e-04
8.371869e-02 3.328331e-03 2.199252e-04
8.398950e-02 3.095429e-03 2.160292e-04
8.426031e-02 3.094502e-03 2.191913e-04
8.453113e-02 2.989082e-03 2.159896e-04
8.480194e-02 2.777601e-03 2.184705e-04
8.507276e-02 2.826380e-03 2.168048e-04
8.534357e-02 3.242631e-03 2.147376e-04
8.561438e-02 2.895990e-03 2.146897e-04
8.588520e-02 2.996419e-03 2.154784e-04
8.615601e-02 2.751881e-03 2.134904e-04
8.642682e-02 2.982430e-03 2.149063e-04
8.669765e-02 2.811668e-03 2.139992e-04
8.696846e-02 2.916409e-03 2.126210e-04
8.723927e-02 2.837712e-03 2.128089e-04
8.751009e-02 2.301998e-03 2.124497e-04
8.778090e-02 2.877710e-03 2.127146e-04
8.805171e-02 2.628449e-03 2.127972e-04
8.832253e-02 2.586978e-03 2.125009e-04
8.859334e-02 2.572810e-03 2.140196e-04
8.886416e-02 2.617791e-03 2.105655e-04
8.913497e-02 2.255758e-03 2.115725e-04
8.940578e-02 2.589649e-03 2.113235e-04
8.967660e-02 2.557561e-03 2.098970e-04
8.994742e-02 3.108280e-03 2.120690e-04
9.021823e-02 2.434202e-03 2.108901e-04
9.048904e-02 2.748681e-03 2.088371e-04
9.075986e-02 2.249472e-03 2.095262e-04
9.103067e-02 2.215521e-03 2.090943e-04
9.130149e-02 3.046950e-03 2.108960e-04
9.157230e-02 2.532961e-03 2.088547e-04
9.184311e-02 2.495900e-03 2.103707e-04
9.211393e-02 2.456572e-03 2.080794e-04
9.238474e-02 2.770221e-03 2.073565e-04
9.265555e-02 2.410460e-03 2.078023e-04
9.292637e-02 2.430422e-03 2.076042e-04
9.319719e-02 2.690161e-03 2.083643e-04
9.346800e-02 2.500981e-03 2.065983e-04
9.373882e-02 2.440581e-03 2.077988e-04
9.400963e-02 2.272680e-03 2.064641e-04
9.428044e-02 2.438251e-03 2.061903e-04
9.455126e-02 2.445092e-03 2.071165e-04
9.482207e-02 2.196070e-03 2.055111e-04
9.509289e-02 2.743769e-03 2.062098e-04
9.536370e-02 1.794800e-03 2.053584e-04
9.563451e-02 2.068629e-03 2.033732e-04
9.590533e-02 2.382251e-03 2.044696e-04
9.617615e-02 1.873940e-03 2.038149e-04
9.644696e-02 2.374999e-03 2.035829e-04
9.671777e-02 2.527799e-03 2.051444e-04
9.698859e-02 2.235979e-03 2.022299e-04
9.725940e-02 2.308121e-03 2.033670e-04
9.753022e-02 2.389010e-03 2.012594e-04
9.780103e-02 1.829458e-03 2.047378e-04
9.807184e-02 2.020670e-03 2.019410e-04
9.834266e-02 2.334770e-03 2.030516e-04
9.861347e-02 1.828590e-03 2.030904e-04
9.888428e-02 1.812769e-03 2.011043e-04
9.915510e-02 2.353610e-03 2.011492e-04
9.942592e-02 2.008971e-03 2.008687e-04
9.969673e-02 2.194220e-03 2.009349e-04
9.996755e-02 1.839489e-03 2.002780e-04
1.002384e-01 2.389230e-03 2.005806e-04
1.005092e-01 1.952210e-03 2.004381e-04
1.007800e-01 2.238629e-03 1.984212e-04
1.010508e-01 2.056150e-03 2.002994e-04
1.013216e-01 2.206910e-03 1.998276e-04
1.015924e-01 2.192251e-03 1.987652e-04
1.018632e-01 1.955191e-03 2.000544e-04
1.021341e-01 2.042720e-03 2.000876e-04
1.024049e-01 2.000120e-03 1.993199e-04
1.026757e-01 2.146699e-03 1.982040e-04
1.029465e-01 1.770590e-03 1.987042e-04
1.032173e-01 2.125470e-03 1.972864e-04
1.034881e-01 1.936359e-03 1.972035e-04
1.037589e-01 1.637340e-03 1.976607e-04
1.040298e-01 2.065921e-03 1.953347e-04
1.043006e-01 2.046730e-03 1.976399e-04
1.045714e-01 1.911880e-03 1.980734e-04
1.048422e-01 2.220640e-03 1.952504e-04
1.051130e-01 1.488220e-03 1.943112e-04
1.053838e-01 1.711620e-03 1.972698e-04
1.056546e-01 1.790669e-03 1.966697e-04
1.059255e-01 2.280099e-03 1.963892e-04
1.061963e-01 2.007689e-03 1.945144e-04
1.064671e-01 2.038870e-03 1.952459e-04
1.067379e-01 1.705939e-03 1.955732e-04
1.070087e-01 1.897110e-03 1.965029e-04
1.072795e-01 2.159020e-03 1.926216e-04
1.075503e-01 1.890149e-03 1.947264e-04
1.078212e-01 1.806660e-03 1.947262e-04
1.080920e-01 1.845460e-03 1.926924e-04
1.083628e-01 1.981569e-03 1.937039e-04
1.086336e-01 1.358880e-03 1.920562e-04
1.089044e-01 1.624430e-03 1.948815e-04
1.091752e-01 1.845280e-03 1.915500e-04
1.094460e-01 1.764990e-03 1.922440e-04
1.097169e-01 1.548721e-03 1.939321e-04
1.099877e-01 1.455829e-03 1.918220e-04
1.102585e-01 1.537930e-03 1.928907e-04
1.105293e-01 1.835851e-03 1.953303e-04
1.108001e-01 1.962569e-03 1.975848e-04
1.110709e-01 1.849439e-03 1.990469e-04
1.113417e-01 1.706859e-03 1.974463e-04
1.116126e-01 1.685319e-03 2.005367e-04
1.118834e-01 1.443880e-03 1.990647e-04
1.121542e-01 1.530729e-03 1.998683e-04
1.124250e-01 1.453210e-03 2.031942e-04
1.126958e-01 1.426019e-03 2.041136e-04
1.129666e-01 1.600871e-03 2.047048e-04
1.132374e-01 1.510900e-03 2.077854e-04
1.135083e-01 1.857640e-03 2.109754e-04
1.137791e-01 1.586270e-03 2.084183e-04
1.140499e-01 1.397550e-03 2.101754e-04
1.143207e-01 1.689170e-03 2.127706e-04
1.145915e-01 1.532560e-03 2.134071e-04
1.148623e-01 1.707170e-03 2.158968e-04
1.151332e-01 1.693519e-03 2.156216e-04
1.154040e-01 1.603579e-03 2.177913e-04
1.156748e-01 2.054920e-03 2.187361e-04
1.159456e-01 1.359681e-03 2.197780e-04
1.162164e-01 1.286600e-03 2.196846e-04
1.164872e-01 1.585221e-03 2.182210e-04
1.167580e-01 1.400860e-03 2.234209e-04
1.170288e-01 2.013801e-03 2.242622e-04
1.172997e-01 1.201661e-03 2.235522e-04
1.175705e-01 1.941361e-03 2.250381e-04
1.178413e-01 1.542611e-03 2.269478e-04
1.181121e-01 1.483520e-03 2.238702e-04
1.183829e-01 1.852110e-03 2.191788e-04
1.186537e-01 1.130300e-03 2.208086e-04
1.189246e-01 1.819460e-03 2.192634e-04
1.191954e-01 1.596570e-03 2.180626e-04
1.194662e-01 1.459511e-03 2.200435e-04
1.197370e-01 7.324591e-04 2.156529e-04
1.200078e-01 1.421949e-03 2.174022e-04
1.202786e-01 1.654360e-03 2.154999e-04
1.205494e-01 1.379749e-03 2.165708e-04
1.208202e-01 1.416430e-03 2.174863e-04
1.210911e-01 1.290761e-03 2.150345e-04
1.213619e-01 1.374280e-03 2.158108e-04
1.216327e-01 1.621459e-03 2.173156e-04
1.219035e-01 1.294859e-03 2.163478e-04
1.221743e-01 1.754589e-03 2.158743e-04
1.224451e-01 8.626208e-04 2.157961e-04
1.227160e-01 1.044439e-03 2.182562e-04
1.229868e-01 1.274809e-03 2.141784e-04
1.232576e-01 9.504110e-04 2.157495e-04
1.235284e-01 1.374610e-03 2.181559e-04
1.237992e-01 1.325520e-03 2.152317e-04
1.240700e-01 1.274040e-03 2.153526e-04
1.243408e-01 1.397150e-03 2.158836e-04
1.246117e-01 1.685739e-03 2.155109e-04
1.248825e-01 1.055261e-03 2.137614e-04
1.251533e-01 1.241641e-03 2.139869e-04
1.254241e-01 1.292760e-03 2.149658e-04
1.256949e-01 1.239520e-03 2.126097e-04
1.259657e-01 1.088621e-03 2.133999e-04
1.262365e-01 9.758808e-04 2.131435e-04
1.265074e-01 1.441190e-03 2.124326e-04
1.267782e-01 1.110882e-03 2.137834e-04
1.270490e-01 1.452709e-03 2.122637e-04
1.273198e-01 1.534048e-03 2.133718e-04
1.275906e-01 1.227370e-03 2.113812e-04
1.278614e-01 1.090929e-03 2.121264e-04
1.281322e-01 1.302000e-03 2.100244e-04
1.284031e-01 9.132493e-04 2.105422e-04
1.286739e-01 9.325389e-04 2.108018e-04
1.289447e-01 1.103150e-03 2.112138e-04
1.292155e-01 1.112809e-03 2.110712e-04
1.294863e-01 1.150889e-03 2.097271e-04
1.297571e-01 1.337640e-03 2.099269e-04
1.300279e-01 1.427650e-03 2.094985e-04
1.302988e-01 1.145951e-03 2.098406e-04
1.305696e-01 9.655301e-04 2.087092e-04
1.308404e-01 1.391821e-03 2.076598e-04
1.311112e-01 1.014112e-03 2.089613e-04
1.313820e-01 8.008499e-04 2.067106e-04
1.316528e-01 7.619001e-04 2.096013e-04
1.319236e-01 1.096830e-03 2.096633e-04
1.321945e-01 1.470670e-03 2.087703e-04
1.324653e-01 1.224210e-03 2.075956e-04
1.327361e-01 1.312850e-03 2.089078e-04
1.330069e-01 1.006451e-03 2.080770e-04
1.332777e-01 6.313398e-04 2.089339e-04
1.335485e-01 9.890907e-04 2.066178e-04
1.338193e-01 1.193250e-03 2.092944e-04
1.340902e-01 9.414814e-04 2.049352e-04
1.343610e-01 9.613317e-04 2.072373e-04
1.346318e-01 1.177201e-03 2.073073e-04
1.349026e-01 8.072313e-04 2.060443e-04
1.351734e-01 8.191001e-04 2.076818e-04
1.354442e-01 1.182061e-03 2.068682e-04
1.357151e-01 1.121311e-03 2.073294e-04
1.359859e-01 9.052195e-04 2.047395e-04
1.362567e-01 9.437297e-04 2.051729e-04
1.365275e-01 1.209870e-03 2.042878e-04
1.367983e-01 6.669816e-04 2.030181e-04
1.370691e-01 6.619710e-04 2.083095e-04
1.373399e-01 9.851884e-04 2.087834e-04
1.376107e-01 1.317410e-03 2.135095e-04
1.378816e-01 8.703098e-04 2.126644e-04
1.381524e-01 9.304397e-04 2.126158e-04
1.384232e-01 1.235809e-03 2.156653e-04
1.386940e-01 1.077650e-03 2.144861e-04
1.389648e-01 1.369480e-03 2.177339e-04
1.392356e-01 1.144491e-03 2.204134e-04
1.395064e-01 9.985492e-04 2.188476e-04
1.397773e-01 7.770993e-04 2.194249e-04
1.400481e-01 1.150541e-03 2.195456e-04
1.403189e-01 1.226600e-03 2.223887e-04
1.405897e-01 9.532999e-04 2.225717e-04
1.408605e-01 9.796005e-04 2.222848e-04
1.411313e-01 9.643789e-04 2.237729e-04
1.414021e-01 1.068911e-03 2.238963e-04
1.416730e-01 1.172580e-03 2.255194e-04
1.419438e-01 1.211220e-03 2.275672e-04
1.422146e-01 5.699191e-04 2.289050e-04
1.424854e-01 8.159783e-04 2.275453e-04
1.427562e-01 9.393599e-04 2.269402e-04
1.430270e-01 5.838796e-04 2.258302e-04
1.432979e-01 9.249300e-04 2.262472e-04
1.435687e-01 9.139609e-04 2.283579e-04
1.438395e-01 9.433292e-04 2.297868e-04
1.441103e-01 1.177048e-03 2.280074e-04
1.443811e-01 9.390898e-04 2.300262e-04
1.446519e-01 1.268839e-03 2.296089e-04
1.449227e-01 9.611696e-04 2.337602e-04
1.451935e-01 9.865407e-04 2.292852e-04
1.454644e-01 5.911104e-04 2.324740e-04
1.457352e-01 5.141683e-04 2.340558e-04
1.460060e-01 1.088459e-03 2.333877e-04
1.462768e-01 4.265495e-04 2.352738e-04
1.465476e-01 7.839389e-04 2.331220e-04
1.468184e-01 9.078309e-04 2.373161e-04
1.470892e-01 8.799192e-04 2.354205e-04
1.473601e-01 1.066750e-03 2.355021e-04
1.476309e-01 1.266571e-03 2.351205e-04
1.479017e-01 6.850306e-04 2.347322e-04
1.481725e-01 1.194431e-03 2.371026e-04
1.484433e-01 8.527506e-04 2.326134e-04
1.487141e-01 8.716099e-04 2.362434e-04
1.489850e-01 1.143221e-03 2.339935e-04
1.492558e-01 4.820712e-04 2.349259e-04
1.495266e-01 5.347710e-04 2.359696e-04
1.497974e-01 1.095381e-03 2.326999e-04
1.500682e-01 6.686691e-04 2.336534e-04
1.503390e-01 8.743890e-04 2.353877e-04
1.506098e-01 6.981101e-04 2.332005e-04
1.508806e-01 1.093920e-03 2.334013e-04
1.511515e-01 4.202202e-04 2.334176e-04
1.514223e-01 8.149296e-04 2.355429e-04
1.516931e-01 8.723605e-04 2.358638e-04
1.519639e-01 1.107881e-03 2.343447e-04
1.522347e-01 6.293189e-04 2.350965e-04
1.525055e-01 6.544795e-04 2.335171e-04
1.527763e-01 5.872604e-04 2.378356e-04
1.530472e-01 1.105530e-03 2.323305e-04
1.533180e-01 1.066741e-03 2.372273e-04
1.535888e-01 8.295104e-04 2.371051e-04
1.538596e-01 1.086179e-03 2.353323e-04
1.541304e-01 3.120787e-04 2.357163e-04
1.544012e-01 9.649284e-04 2.353481e-04
1.546721e-01 1.133619e-03 2.375719e-04
1.549429e-01 5.635601e-04 2.382279e-04
1.552137e-01 9.678211e-04 2.353901e-04
1.554845e-01 1.052551e-03 2.355838e-04
1.557553e-01 1.035091e-03 2.358385e-04
1.560261e-01 1.010081e-03 2.363647e-04
1.562969e-01 5.729999e-04 2.349339e-04
1.565678e-01 7.235706e-04 2.351900e-04
1.568386e-01 1.149010e-03 2.378643e-04
1.571094e-01 3.373586e-04 2.380719e-04
1.573802e-01 8.327998e-04 2.358770e-04
1.576510e-01 9.563211e-04 2.345534e-04
1.579218e-01 6.039497e-04 2.362737e-04
1.581926e-01 4.264209e-04 2.361553e-04
1.584634e-01 1.022989e-03 2.347046e-04
1.587343e-01 6.871000e-04 2.347637e-04
1.590051e-01 8.184016e-04 2.342642e-04
1.592759e-01 1.338229e-03 2.356647e-04
1.595467e-01 3.665984e-04 2.351489e-04
1.598175e-01 9.303913e-04 2.345839e-04
1.600883e-01 6.850306e-04 2.328251e-04
1.603591e-01 8.860007e-04 2.337191e-04
1.606300e-01 6.022211e-04 2.335073e-04
1.609008e-01 9.535495e-04 2.339926e-04
1.611716e-01 1.465306e-04 2.325867e-04
1.614424e-01 3.916193e-04 2.334234e-04
1.617132e-01 6.818101e-04 2.314984e-04
1.619840e-01 1.082310e-03 2.337730e-04
1.622549e-01 1.047721e-03 2.329567e-04
1.625257e-01 8.319300e-04 2.330610e-04
1.627965e-01 1.150670e-03 2.333988e-04
1.630673e-01 9.202193e-04 2.337526e-04
1.633381e-01 5.335696e-04 2.355199e-04
1.636089e-01 9.091310e-04 2.332975e-04
1.638797e-01 4.851893e-04 2.351359e-04
1.641506e-01 1.130879e-03 2.322313e-04
1.644214e-01 5.524084e-04 2.311719e-04
1.646922e-01 7.403288e-04 2.330888e-04
1.649630e-01 7.488802e-04 2.337129e-04
1.652338e-01 9.918511e-04 2.351556e-04
1.655046e-01 6.472711e-04 2.320060e-04
1.657754e-01 9.585284e-04 2.324555e-04
1.660462e-01 7.464793e-04 2.354638e-04
1.663171e-01 6.583985e-04 2.330551e-04
1.665879e-01 9.111203e-04 2.329642e-04
1.668587e-01 5.453806e-04 2.342852e-04
1.671295e-01 1.109188e-03 2.353436e-04
1.674003e-01 5.966909e-04 2.326010e-04
1.676711e-01 7.351991e-04 2.401192e-04
1.679420e-01 8.298792e-04 2.461759e-04
1.682128e-01 3.464706e-04 2.471439e-04
1.684836e-01 4.304703e-04 2.526841e-04
1.687544e-01 7.431898e-04 2.520423e-04
1.690252e-01 7.926598e-04 2.577097e-04
1.692960e-01 5.685408e-04 2.539149e-04
1.695668e-01 6.000102e-04 2.613332e-04
1.698377e-01 7.066298e-04 2.627753e-04
1.701085e-01 4.833285e-04 2.634658e-04
1.703793e-01 6.226003e-04 2.643424e-04
1.706501e-01 9.967797e-04 2.651691e-04
1.709209e-01 1.019441e-03 2.703605e-04
1.711917e-01 4.089605e-04 2.713190e-04
1.714625e-01 8.586887e-04 2.705399e-04
1.717333e-01 1.085339e-03 2.767492e-04
1.720042e-01 8.880701e-04 2.751044e-04
1.722750e-01 8.061416e-04 2.808366e-04
1.725458e-01 3.583506e-04 2.795574e-04
1.728166e-01 9.172391e-04 2.821395e-04
1.730874e-01 5.749706e-04 2.849065e-04
1.733582e-01 4.464015e-04 2.838984e-04
1.736291e-01 5.152598e-04 2.880444e-04
1.738999e-01 1.056680e-03 2.854355e-04
1.741707e-01 9.219106e-04 2.914984e-04
1.744415e-01 7.137693e-04 2.917235e-04
1.747123e-01 8.615702e-04 2.959222e-04
1.749831e-01 4.901104e-04 2.834486e-04
1.752539e-01 6.083511e-04 2.747232e-04
1.755248e-01 7.970612e-04 2.772252e-04
1.757956e-01 6.462093e-04 2.712210e-04
1.760664e-01 8.385200e-04 2.736073e-04
1.763372e-01 8.031614e-04 2.699673e-04
1.766080e-01 4.318804e-04 2.706388e-04
1.768788e-01 6.643496e-04 2.711694e-04
1.771496e-01 9.192098e-04 2.642277e-04
1.774205e-01 8.332692e-04 2.665503e-04
1.776913e-01 7.508099e-04 2.661537e-04
1.779621e-01 4.533101e-04 2.654519e-04
1.782329e-01 5.427208e-04 2.657875e-04
1.785037e-01 4.719906e-04 2.618322e-04
1.787745e-01 9.418707e-04 2.629426e-04
1.790453e-01 2.601594e-04 2.596529e-04
1.793161e-01 7.170308e-04 2.606841e-04
1.795870e-01 7.491205e-04 2.604711e-04
1.798578e-01 5.657692e-04 2.589741e-04
1.801286e-01 6.848387e-04 2.589105e-04
1.803994e-01 8.461606e-04 2.547321e-04
1.806702e-01 4.034303e-04 2.561006e-04
1.809410e-01 1.733899e-04 2.573985e-04
1.812119e-01 3.271084e-04 2.541845e-04
1.814827e-01 1.378208e-04 2.529790e-04
1.817535e-01 3.394410e-04 2.528717e-04
1.820243e-01 4.589893e-04 2.551351e-04
1.822951e-01 3.426801e-04 2.534283e-04
1.825659e-01 4.472900e-04 2.533504e-04
1.828367e-01 1.083203e-04 2.564797e-04
1.831076e-01 5.710497e-04 2.513181e-04
1.833784e-01 9.002704e-04 2.546313e-04
1.836492e-01 5.623493e-04 2.527016e-04
1.839200e-01 4.240703e-04 2.540180e-04
1.841908e-01 6.528199e-04 2.524670e-04
1.844616e-01 1.179911e-04 2.526002e-04
1.847324e-01 8.474812e-04 2.556680e-04
1.850033e-01 6.999802e-04 2.502512e-04
1.852741e-01 2.675094e-04 2.512919e-04
1.855449e-01 7.164497e-04 2.517853e-04
1.858157e-01 6.630607e-04 2.505128e-04
1.860865e-01 1.403913e-04 2.520981e-04
1.863573e-01 8.902196e-04 2.481281e-04
1.866281e-01 4.476812e-04 2.521261e-04
1.868990e-01 7.271003e-04 2.504569e-04
1.871698e-01 9.384509e-04 2.528146e-04
1.874406e-01 5.111396e-04 2.525576e-04
1.877114e-01 9.071194e-04 2.489444e-04
1.879822e-01 5.115401e-04 2.504497e-04
1.882530e-01 3.733803e-04 2.489200e-04
1.885238e-01 1.139579e-03 2.517493e-04
1.887947e-01 2.814811e-04 2.512746e-04
1.890655e-01 7.591099e-04 2.509836e-04
1.893363e-01 4.907586e-04 2.525076e-04
1.896071e-01 5.076695e-04 2.504114e-04
1.898779e-01 6.635599e-04 2.502164e-04
1.901487e-01 9.908695e-04 2.498160e-04
1.904195e-01 2.768412e-04 2.512426e-04
1.906904e-01 3.297701e-04 2.521332e-04
1.909612e-01 7.221811e-04 2.481148e-04
1.912320e-01 8.090958e-05 2.526434e-04
1.915028e-01 6.727297e-04 2.468470e-04
1.917736e-01 7.342994e-04 2.504444e-04
1.920444e-01 3.954284e-04 2.490103e-04
1.923153e-01 1.848899e-04 2.493571e-04
1.925861e-01 7.319786e-04 2.524233e-04
1.928569e-01 3.339890e-04 2.502271e-04
1.931277e-01 1.099203e-04 2.492190e-04
1.933985e-01 6.855112e-04 2.454340e-04
1.936693e-01 8.467492e-04 2.491417e-04
1.939401e-01 3.944803e-04 2.524104e-04
1.942109e-01 7.215291e-04 2.486989e-04
1.944818e-01 3.734492e-04 2.497569e-04
1.947526e-01 5.031396e-04 2.492861e-04
1.950234e-01 6.592497e-04 2.484139e-04
1.952942e-01 6.015897e-04 2.493378e-04
1.955650e-01 5.955100e-04 2.490725e-04
1.958358e-01 6.466098e-04 2.489187e-04
1.961066e-01 2.784897e-04 2.501212e-04
1.963775e-01 4.842188e-04 2.485823e-04
1.966483e-01 6.325301e-04 2.490351e-04
1.969191e-01 6.656293e-04 2.489434e-04
1.971899e-01 4.874989e-04 2.487300e-04
1.974607e-01 3.671888e-04 2.504539e-04
1.977315e-01 5.844515e-04 2.487516e-04
1.980023e-01 4.963689e-04 2.478023e-04
1.982732e-01 8.874200e-04 2.476880e-04
1.985440e-01 8.290596e-04 2.495200e-04
1.988148e-01 7.808898e-04 2.488796e-04
1.990856e-01 3.191400e-04 2.494116e-04
1.993564e-01 4.131310e-04 2.473314e-04
1.996272e-01 7.189792e-04 2.491692e-04
1.998980e-01 5.180016e-05 2.464587e-04
2.001689e-01 9.038486e-04 2.457386e-04
2.004397e-01 6.144512e-04 2.459814e-04
2.007105e-01 4.649404e-04 2.450577e-04
2.009813e-01 8.835215e-04 2.463853e-04
2.012521e-01 4.116409e-04 2.466921e-04
2.015229e-01 8.553304e-04 2.478380e-04
2.017937e-01 2.091303e-04 2.490421e-04
2.020646e-01 7.875785e-04 2.457766e-04
2.023354e-01 9.017996e-04 2.461359e-04
2.026062e-01 7.650908e-04 2.445860e-04
2.028770e-01 9.623505e-04 2.478104e-04
2.031478e-01 5.057994e-04 2.448391e-04
2.034186e-01 6.130207e-04 2.441008e-04
2.036894e-01 6.004199e-04 2.425028e-04
2.039603e-01 8.798018e-05 2.438977e-04
2.042311e-01 5.815793e-04 2.452825e-04
2.045019e-01 4.786104e-04 2.420425e-04
2.047727e-01 1.386609e-04 2.420532e-04
2.050435e-01 3.708303e-04 2.425403e-04
2.053143e-01 5.733911e-04 2.456056e-04
2.055852e-01 9.117499e-04 2.419045e-04
2.058560e-01 3.171209e-04 2.413542e-04
2.061268e-01 1.203306e-04 2.430648e-04
2.063976e-01 9.505898e-04 2.430877e-04
2.066684e-01 5.881898e-04 2.428545e-04
2.069392e-01 3.173500e-04 2.414746e-04
2.072100e-01 5.013999e-04 2.405452e-04
2.074808e-01 5.009901e-04 2.414300e-04
2.077517e-01 5.030502e-04 2.403905e-04
2.080225e-01 5.194787e-04 2.414026e-04
2.082933e-01 5.775094e-04 2.395167e-04
2.085641e-01 7.258598e-04 2.412578e-04
2.088349e-01 1.389608e-04 2.410636e-04
2.091057e-01 4.807115e-04 2.391379e-04
2.093765e-01 3.738105e-04 2.409781e-04
2.096474e-01 3.263503e-04 2.419861e-04
2.099182e-01 2.328809e-04 2.402613e-04
2.101890e-01 5.627200e-04 2.389745e-04
2.104598e-01 2.693105e-04 2.426509e-04
2.107306e-01 1.914799e-04 2.395119e-04
2.110014e-01 4.312396e-04 2.400095e-04
2.112723e-01 2.124291e-04 2.401569e-04
2.115431e-01 7.984303e-04 2.392162e-04
2.118139e-01 7.519908e-04 2.405129e-04
2.120847e-01 4.916005e-04 2.433624e-04
2.123555e-01 3.364105e-04 2.423812e-04
2.126263e-01 5.888604e-04 2.384107e-04
2.128971e-01 4.947316e-04 2.402402e-04
2.131680e-01 9.441003e-05 2.398255e-04
2.134388e-01 4.040692e-04 2.402117e-04
2.137096e-01 8.441303e-04 2.409513e-04
2.139804e-01 5.556606e-04 2.414872e-04
2.142512e-01 8.452889e-04 2.409144e-04
2.145220e-01 3.698599e-04 2.415547e-04
2.147928e-01 3.147312e-04 2.402896e-04
2.150636e-01 -9.882078e-05 2.393800e-04
2.153345e-01 8.091200e-04 2.440168e-04
2.156053e-01 3.258400e-04 2.427286e-04
2.158761e-01 8.131787e-04 2.426824e-04
2.161469e-01 3.554393e-04 2.399306e-04
2.164177e-01 4.871003e-04 2.410968e-04
2.166885e-01 -4.662946e-05 2.405692e-04
2.169593e-01 2.721697e-04 2.397348e-04
2.172302e-01 6.882288e-04 2.417738e-04
2.175010e-01 7.048305e-04 2.401135e-04
2.177718e-01 3.445391e-04 2.407835e-04
2.180426e-01 8.630604e-04 2.408938e-04
2.183134e-01 8.214898e-04 2.403651e-04
2.185842e-01 1.050904e-04 2.388853e-04
2.188551e-01 3.943108e-04 2.384758e-04
2.191259e-01 3.171787e-04 2.397844e-04
2.193967e-01 6.656591e-04 2.398360e-04
2.196675e-01 8.097403e-04 2.392370e-04
2.199383e-01 4.394986e-04 2.387472e-04
2.202091e-01 8.082502e-04 2.382858e-04
2.204799e-01 7.337593e-04 2.367475e-04
2.207507e-01 6.867703e-04 2.389040e-04
2.210216e-01 6.114095e-04 2.386321e-04
2.212924e-01 7.131398e-04 2.377787e-04
2.215632e-01 7.654503e-04 2.353836e-04
2.218340e-01 4.801787e-04 2.375094e-04
2.221048e-01 2.004113e-04 2.365911e-04
2.223756e-01 1.565497e-04 2.357053e-04
2.226464e-01 9.117499e-04 2.388193e-04
2.229173e-01 2.651811e-04 2.359175e-04
2.231881e-01 1.066998e-04 2.337809e-04
2.234589e-01 4.951395e-04 2.378964e-04
2.237297e-01 7.630102e-04 2.371636e-04
2.240005e-01 2.131611e-04 2.367788e-04
2.242713e-01 5.476102e-04 2.353933e-04
2.245422e-01 7.553902e-04 2.374811e-04
2.248130e-01 9.702500e-04 2.357660e-04
2.250838e-01 3.369600e-04 2.334832e-04
2.253546e-01 6.553791e-04 2.361326e-04
2.256254e-01 4.487205e-04 2.358627e-04
2.258962e-01 4.644096e-04 2.369871e-04
2.261670e-01 9.281188e-04 2.466751e-04
2.264379e-01 4.407093e-04 2.493641e-04
2.267087e-01 3.406797e-04 2.533712e-04
2.269795e-01 3.255494e-04 2.574398e-04
2.272503e-01 6.695502e-04 2.594041e-04
2.275211e-01 8.251108e-04 2.642532e-04
2.277919e-01 3.927685e-04 2.635357e-04
2.280627e-01 7.873103e-04 2.671429e-04
2.283335e-01 7.628798e-04 2.695484e-04
2.286044e-01 8.029211e-04 2.714261e-04
2.288752e-01 5.740505e-04 2.780665e-04
2.291460e-01 3.287401e-04 2.762823e-04
2.294168e-01 5.649999e-04 2.817401e-04
2.296876e-01 5.067606e-04 2.824519e-04
2.299584e-01 5.280282e-04 2.817422e-04
2.302293e-01 6.158296e-04 2.891427e-04
2.305001e-01 4.478991e-04 2.925383e-04
2.307709e-01 6.572697e-04 2.924365e-04
2.310417e-01 3.443696e-04 2.961386e-04
2.313125e-01 1.148131e-03 2.976214e-04
2.315833e-01 8.198302e-04 3.003836e-04
2.318541e-01 7.519610e-04 3.046779e-04
2.321250e-01 9.031501e-04 3.070315e-04
2.323958e-01 8.184295e-04 3.071728e-04
2.326666e-01 7.654894e-04 3.086605e-04
2.329374e-01 1.243789e-03 3.152412e-04
2.332082e-01 1.261732e-03 3.132468e-04
2.334790e-01 9.468701e-04 3.186618e-04
2.337498e-01 1.243589e-03 3.235865e-04
2.340207e-01 1.211500e-03 3.229134e-04
2.342915e-01 1.036221e-03 3.253960e-04
2.345623e-01 8.629300e-04 3.256302e-04
2.348331e-01 1.018262e-03 3.337502e-04
2.351039e-01 7.839315e-04 3.321875e-04
2.353747e-01 1.464030e-03 3.327409e-04
2.356455e-01 7.225685e-04 3.418350e-04
2.359163e-01 9.099003e-04 3.401865e-04
2.361872e-01 6.417688e-04 3.451196e-04
2.364580e-01 9.921212e-04 3.528310e-04
2.367288e-01 4.285108e-04 3.510579e-04
2.369996e-01 1.064170e-03 3.574534e-04
2.372704e-01 9.935107e-04 3.612907e-04
2.375412e-01 8.415915e-04 3.624120e-04
2.378121e-01 8.138102e-04 3.655144e-04
2.380829e-01 3.383495e-04 3.606140e-04
2.383537e-01 8.868910e-04 3.694385e-04
2.386245e-01 1.236703e-04 3.791671e-04
2.388953e-01 1.451900e-03 3.779356e-04
2.391661e-01 1.358170e-03 3.810610e-04
2.394369e-01 1.690241e-03 3.836369e-04
2.397078e-01 5.905405e-04 3.941722e-04
2.399786e-01 5.875397e-04 3.949833e-04
2.402494e-01 8.130800e-04 3.929234e-04
2.405202e-01 1.074621e-03 3.987989e-04
2.407910e-01 1.955517e-04 4.103197e-04
2.410618e-01 7.834807e-04 4.096989e-04
2.413326e-01 7.041506e-04 4.130451e-04
2.416034e-01 7.852502e-04 4.129234e-04
2.418743e-01 1.839099e-03 4.271727e-04
2.421451e-01 6.521605e-04 4.234970e-04
2.424159e-01 2.337806e-04 4.336427e-04
2.426867e-01 2.016407e-04 4.338373e-04
2.429575e-01 7.861592e-04 4.402437e-04
2.432283e-01 7.806700e-04 4.553775e-04
2.434992e-01 6.532595e-04 4.427496e-04
2.437700e-01 5.944408e-04 4.560696e-04
2.440408e-01 7.745307e-04 4.639734e-04
2.443116e-01 7.003713e-04 4.774889e-04
2.445824e-01 4.110187e-04 4.726421e-04
2.448532e-01 1.656601e-03 4.727742e-04
2.451240e-01 7.343292e-04 4.928338e-04
2.453949e-01 -9.289011e-05 5.040497e-04
2.456657e-01 7.340815e-04 5.021180e-04
2.459365e-01 6.638300e-04 5.050019e-04
2.462073e-01 1.267210e-03 5.043936e-04
2.464781e-01 4.804898e-04 5.298533e-04
2.467489e-01 6.996114e-04 5.362789e-04
2.470197e-01 1.189109e-03 5.354659e-04
2.472906e-01 1.531783e-04 5.471702e-04
2.475614e-01 7.576905e-04 5.571917e-04
2.478322e-01 1.243040e-03 5.788073e-04
2.481030e-01 1.457630e-03 5.651099e-04
2.483738e-01 1.491480e-03 5.782299e-04
2.486446e-01 1.562770e-03 5.999254e-04
2.489154e-01 4.872512e-04 6.151260e-04
2.491863e-01 5.872007e-04 6.256351e-04
2.494571e-01 5.555302e-04 6.180091e-04
2.497279e-01 9.225998e-04 6.435771e-04
2.499987e-01 6.802808e-04 6.740775e-04
2.502695e-01 -8.331984e-05 6.982276e-04
2.505403e-01 1.109570e-03 6.991079e-04
2.508111e-01 5.261712e-04 7.128432e-04
2.510819e-01 -4.151501e-04 7.507351e-04
2.513528e-01 4.859902e-04 7.386254e-04
2.516236e-01 9.885058e-05 7.899228e-04
2.518944e-01 1.261439e-03 8.217570e-04
2.521652e-01 2.472561e-03 8.709492e-04
2.524360e-01 7.636305e-04 8.710468e-04
2.527068e-01 1.321400e-03 8.228016e-04
2.529776e-01 4.430916e-04 8.768392e-04
2.532485e-01 1.177719e-03 9.022839e-04
2.535193e-01 1.075080e-03 9.136087e-04
2.537901e-01 -2.444498e-04 9.383215e-04
2.540609e-01 6.946214e-04 9.419644e-04
2.543317e-01 2.451150e-03 9.990772e-04
2.546025e-01 1.378572e-03 1.071328e-03
2.548733e-01 1.197219e-03 1.071262e-03
2.551441e-01 2.686471e-03 1.137724e-03
2.554150e-01 1.055742e-03 1.208667e-03
2.556858e-01 7.080398e-04 1.186182e-03
2.559566e-01 -2.174670e-03 1.263685e-03
2.562274e-01 7.407404e-04 1.391195e-03
2.564982e-01 2.249610e-04 1.443452e-03
2.567690e-01 -1.071189e-03 1.681797e-03
2.570398e-01 -4.248507e-04 1.887123e-03
2.573107e-01 4.086010e-04 2.034497e-03
2.575815e-01 7.139500e-04 2.638658e-03
2.578523e-01 -1.972999e-03 3.112462e-03
2.581231e-01 -1.250241e-03 5.814763e-03
