3.286826e-03 4.345841e-01 0.000000e+00
3.557641e-03 4.636812e-01 8.955961e-02
3.828455e-03 4.585719e-01 5.623660e-02
4.099269e-03 4.482248e-01 4.194385e-02
4.370084e-03 4.026458e-01 3.216337e-02
4.640898e-03 3.759122e-01 2.264713e-02
4.911712e-03 3.517051e-01 1.940424e-02
5.182527e-03 3.466450e-01 1.535601e-02
5.453341e-03 3.196560e-01 1.390825e-02
5.724155e-03 3.025841e-01 1.067635e-02
5.994970e-03 2.837820e-01 9.359217e-03
6.265784e-03 2.755094e-01 7.874079e-03
6.536598e-03 2.722493e-01 6.742128e-03
6.807412e-03 2.653856e-01 6.229917e-03
7.078227e-03 2.561960e-01 5.375617e-03
7.349041e-03 2.430500e-01 4.507026e-03
7.619855e-03 2.351755e-01 4.122840e-03
7.890671e-03 2.321354e-01 3.767546e-03
8.161485e-03 2.258214e-01 3.400387e-03
8.432299e-03 2.134880e-01 3.147823e-03
8.703114e-03 2.066873e-01 2.852061e-03
8.973928e-03 2.016810e-01 2.599899e-03
9.244742e-03 1.960794e-01 2.508425e-03
9.515557e-03 1.921184e-01 2.317077e-03
9.786371e-03 1.882935e-01 2.182089e-03
1.005718e-02 1.840574e-01 2.052349e-03
1.032800e-02 1.813700e-01 1.957228e-03
1.059881e-02 1.744550e-01 1.848564e-03
1.086963e-02 1.694528e-01 1.776538e-03
1.114044e-02 1.664167e-01 1.669387e-03
1.141126e-02 1.633528e-01 1.621748e-03
1.168207e-02 1.604507e-01 1.570049e-03
1.195289e-02 1.552300e-01 1.522256e-03
1.222370e-02 1.508846e-01 1.447227e-03
1.249451e-02 1.489662e-01 1.386465e-03
1.276533e-02 1.470780e-01 1.370237e-03
1.303614e-02 1.407504e-01 1.267625e-03
1.330696e-02 1.383764e-01 1.266218e-03
1.357777e-02 1.354641e-01 1.233569e-03
1.384859e-02 1.331801e-01 1.197077e-03
1.411940e-02 1.321834e-01 1.142937e-03
1.439021e-02 1.273146e-01 1.099742e-03
1.466103e-02 1.249092e-01 1.054994e-03
1.493184e-02 1.233127e-01 1.067953e-03
1.520266e-02 1.191517e-01 1.043041e-03
1.547347e-02 1.189350e-01 1.010398e-03
1.574429e-02 1.176721e-01 9.809502e-04
1.601510e-02 1.123873e-01 9.685299e-04
1.628591e-02 1.106525e-01 9.573552e-04
1.655673e-02 1.084937e-01 9.095277e-04
1.682754e-02 1.079984e-01 8.977538e-04
1.709836e-02 1.051460e-01 8.839228e-04
1.736917e-02 1.032262e-01 8.705845e-04
1.763999e-02 1.006745e-01 8.531296e-04
1.791080e-02 9.909353e-02 8.230193e-04
1.818161e-02 9.696348e-02 8.189470e-04
1.845243e-02 9.488878e-02 8.230262e-04
1.872324e-02 9.296824e-02 8.097922e-04
1.899406e-02 9.085147e-02 7.951034e-04
1.926487e-02 9.066655e-02 8.004057e-04
1.953569e-02 8.860497e-02 7.877765e-04
1.980650e-02 8.813047e-02 7.901151e-04
2.007731e-02 8.480763e-02 7.673593e-04
2.034813e-02 8.438332e-02 7.617181e-04
2.061894e-02 8.189278e-02 7.546339e-04
2.088976e-02 8.065771e-02 7.389025e-04
2.116057e-02 7.962824e-02 7.517340e-04
2.143139e-02 7.921880e-02 7.214342e-04
2.170220e-02 7.590887e-02 7.304152e-04
2.197302e-02 7.434862e-02 7.254485e-04
2.224383e-02 7.493385e-02 7.112516e-04
2.251465e-02 7.175821e-02 6.904755e-04
2.278546e-02 7.095006e-02 6.668579e-04
2.305627e-02 7.032190e-02 6.785680e-04
2.332709e-02 6.951132e-02 6.545069e-04
2.359790e-02 6.750711e-02 6.334707e-04
2.386872e-02 6.648206e-02 6.393946e-04
2.413953e-02 6.570507e-02 6.256498e-04
2.441034e-02 6.392549e-02 6.054497e-04
2.468116e-02 6.336646e-02 6.045552e-04
2.495197e-02 6.140605e-02 5.937610e-04
2.522279e-02 6.089964e-02 5.968283e-04
2.549360e-02 6.066555e-02 5.855164e-04
2.576442e-02 5.995300e-02 5.686941e-04
2.603523e-02 5.799234e-02 5.678599e-04
2.630604e-02 5.774240e-02 5.621246e-04
2.657686e-02 5.746095e-02 5.625662e-04
2.684767e-02 5.589515e-02 5.426759e-04
2.711849e-02 5.559881e-02 5.484879e-04
2.738930e-02 5.448459e-02 5.377303e-04
2.766012e-02 5.200089e-02 5.255920e-04
2.793093e-02 5.223074e-02 5.274604e-04
2.820175e-02 5.136834e-02 5.082816e-04
2.847256e-02 5.082639e-02 5.086322e-04
2.874337e-02 4.943373e-02 4.994378e-04
2.901419e-02 4.883370e-02 4.857337e-04
2.928500e-02 4.820562e-02 4.866909e-04
2.955582e-02 4.646430e-02 4.791356e-04
2.982663e-02 4.720768e-02 4.816716e-04
3.009745e-02 4.584644e-02 4.777781e-04
3.036826e-02 4.472546e-02 4.674485e-04
3.063907e-02 4.468271e-02 4.623892e-04
3.090989e-02 4.400768e-02 4.629114e-04
3.118070e-02 4.443751e-02 4.595588e-04
3.145152e-02 4.249885e-02 4.579096e-04
3.172233e-02 4.162398e-02 4.508315e-04
3.199315e-02 4.140758e-02 4.457804e-04
3.226396e-02 4.113914e-02 4.437544e-04
3.253478e-02 4.063831e-02 4.401769e-04
3.280559e-02 3.978247e-02 4.295482e-04
3.307641e-02 3.890289e-02 4.277370e-04
3.334722e-02 3.901865e-02 4.304577e-04
3.361803e-02 3.815322e-02 4.271533e-04
3.388885e-02 3.679010e-02 4.209419e-04
3.415966e-02 3.706995e-02 4.231063e-04
3.443048e-02 3.669638e-02 4.167556e-04
3.470129e-02 3.571109e-02 4.128822e-04
3.497211e-02 3.583517e-02 4.098524e-04
3.524292e-02 3.562399e-02 4.061328e-04
3.551374e-02 3.419418e-02 4.097313e-04
3.578455e-02 3.417465e-02 4.034322e-04
3.605536e-02 3.351927e-02 3.984776e-04
3.632618e-02 3.266756e-02 3.919298e-04
3.659699e-02 3.227359e-02 3.895288e-04
3.686780e-02 3.194474e-02 3.911916e-04
3.713862e-02 3.190027e-02 3.839245e-04
3.740944e-02 3.198028e-02 3.857214e-04
3.768025e-02 3.036631e-02 3.746188e-04
3.795106e-02 3.098126e-02 3.791267e-04
3.822188e-02 3.013031e-02 3.771834e-04
3.849269e-02 2.941979e-02 3.707597e-04
3.876351e-02 2.963551e-02 3.729189e-04
3.903432e-02 2.860298e-02 3.660787e-04
3.930514e-02 2.886777e-02 3.627282e-04
3.957595e-02 2.887086e-02 3.661408e-04
3.984676e-02 2.875650e-02 3.592573e-04
4.011758e-02 2.712564e-02 3.588309e-04
4.038839e-02 2.757927e-02 3.575828e-04
4.065921e-02 2.738852e-02 3.558283e-04
4.093002e-02 2.635374e-02 3.510964e-04
4.120084e-02 2.616212e-02 3.502827e-04
4.147165e-02 2.617437e-02 3.499975e-04
4.174246e-02 2.579100e-02 3.495252e-04
4.201328e-02 2.541042e-02 3.408729e-04
4.228409e-02 2.522847e-02 3.424684e-04
4.255491e-02 2.457472e-02 3.410134e-04
4.282572e-02 2.430973e-02 3.428715e-04
4.309653e-02 2.381709e-02 3.315549e-04
4.336735e-02 2.414851e-02 3.312394e-04
4.363817e-02 2.368963e-02 3.339697e-04
4.390898e-02 2.324013e-02 3.285594e-04
4.417979e-02 2.297011e-02 3.292133e-04
4.445061e-02 2.262836e-02 3.276629e-04
4.472142e-02 2.271755e-02 3.233769e-04
4.499224e-02 2.233110e-02 3.283540e-04
4.526305e-02 2.241209e-02 3.243000e-04
4.553387e-02 2.189590e-02 3.212071e-04
4.580468e-02 2.134697e-02 3.178570e-04
4.607549e-02 2.199521e-02 3.199713e-04
4.634631e-02 2.145244e-02 3.161186e-04
4.661712e-02 2.106563e-02 3.187791e-04
4.688794e-02 2.052091e-02 3.130738e-04
4.715875e-02 2.023597e-02 3.113464e-04
4.742957e-02 2.054480e-02 3.092166e-04
4.770038e-02 2.032770e-02 3.075192e-04
4.797119e-02 2.001304e-02 3.078377e-04
4.824201e-02 1.953796e-02 3.036423e-04
4.851282e-02 1.942205e-02 3.047438e-04
4.878364e-02 1.954458e-02 3.015114e-04
4.905445e-02 1.964848e-02 2.990963e-04
4.932526e-02 1.880941e-02 3.001179e-04
4.959608e-02 1.953981e-02 2.990770e-04
4.986690e-02 1.861856e-02 2.961801e-04
5.013771e-02 1.817669e-02 2.947975e-04
5.040852e-02 1.784611e-02 2.934686e-04
5.067934e-02 1.825152e-02 2.946884e-04
5.095015e-02 1.763150e-02 2.882283e-04
5.122096e-02 1.733336e-02 2.906996e-04
5.149178e-02 1.742254e-02 2.922036e-04
5.176260e-02 1.761205e-02 2.874305e-04
5.203341e-02 1.707363e-02 2.881601e-04
5.230422e-02 1.790189e-02 2.858200e-04
5.257504e-02 1.769767e-02 2.867717e-04
5.284585e-02 1.701238e-02 2.835665e-04
5.311667e-02 1.663625e-02 2.843919e-04
5.338748e-02 1.681338e-02 2.880032e-04
5.365830e-02 1.668068e-02 2.837455e-04
5.392911e-02 1.636746e-02 2.860666e-04
5.419992e-02 1.592171e-02 2.874766e-04
5.447074e-02 1.606310e-02 2.849691e-04
5.474155e-02 1.568179e-02 2.918257e-04
5.501237e-02 1.590353e-02 2.946147e-04
5.528318e-02 1.553839e-02 2.986325e-04
5.555400e-02 1.555427e-02 2.999919e-04
5.582481e-02 1.559873e-02 3.001742e-04
5.609563e-02 1.473914e-02 3.020723e-04
5.636644e-02 1.498469e-02 3.020897e-04
5.663725e-02 1.476322e-02 3.012055e-04
5.690807e-02 1.530203e-02 3.049690e-04
5.717888e-02 1.523472e-02 2.991092e-04
5.744969e-02 1.497621e-02 3.035895e-04
5.772051e-02 1.515553e-02 3.043869e-04
5.799133e-02 1.413608e-02 3.030301e-04
5.826214e-02 1.399982e-02 3.052311e-04
5.853295e-02 1.362052e-02 3.033611e-04
5.880377e-02 1.406927e-02 3.028184e-04
5.907458e-02 1.417413e-02 3.014976e-04
5.934540e-02 1.383942e-02 3.054104e-04
5.961621e-02 1.393417e-02 3.048003e-04
5.988703e-02 1.449277e-02 3.066684e-04
6.015784e-02 1.350524e-02 3.056662e-04
6.042865e-02 1.327322e-02 3.044093e-04
6.069947e-02 1.413002e-02 2.975412e-04
6.097028e-02 1.310160e-02 3.001159e-04
6.124110e-02 1.346718e-02 2.908932e-04
6.151191e-02 1.286544e-02 2.933088e-04
6.178273e-02 1.309449e-02 2.936698e-04
6.205354e-02 1.278592e-02 2.900229e-04
6.232436e-02 1.287946e-02 2.906905e-04
6.259517e-02 1.310078e-02 2.888111e-04
6.286598e-02 1.297175e-02 2.895758e-04
6.313679e-02 1.240792e-02 2.895811e-04
6.340761e-02 1.241829e-02 2.849548e-04
6.367842e-02 1.247253e-02 2.856368e-04
6.394923e-02 1.251536e-02 2.852358e-04
6.422005e-02 1.245258e-02 2.861446e-04
6.449086e-02 1.231660e-02 2.862343e-04
6.476168e-02 1.191928e-02 2.798204e-04
6.503250e-02 1.210097e-02 2.839738e-04
6.530331e-02 1.260673e-02 2.820901e-04
6.557412e-02 1.213472e-02 2.817197e-04
6.584494e-02 1.203671e-02 2.830813e-04
6.611575e-02 1.203402e-02 2.794801e-04
6.638657e-02 1.170345e-02 2.830600e-04
6.665738e-02 1.142144e-02 2.780050e-04
6.692819e-02 1.178206e-02 2.815394e-04
6.719901e-02 1.177743e-02 2.791044e-04
6.746982e-02 1.150873e-02 2.756181e-04
6.774063e-02 1.151335e-02 2.807142e-04
6.801146e-02 1.120592e-02 2.744834e-04
6.828227e-02 1.144979e-02 2.746238e-04
6.855308e-02 1.107608e-02 2.752700e-04
6.882390e-02 1.046164e-02 2.744138e-04
6.909471e-02 1.088559e-02 2.740290e-04
6.936552e-02 1.113781e-02 2.703012e-04
6.963634e-02 1.116795e-02 2.741070e-04
6.990715e-02 1.080546e-02 2.737059e-04
7.017796e-02 1.101031e-02 2.697489e-04
7.044878e-02 1.096411e-02 2.715452e-04
7.071959e-02 1.043180e-02 2.655455e-04
7.099041e-02 1.077712e-02 2.718294e-04
7.126123e-02 1.086342e-02 2.683763e-04
7.153204e-02 1.015661e-02 2.670410e-04
7.180285e-02 1.065140e-02 2.672351e-04
7.207367e-02 1.075025e-02 2.681836e-04
7.234448e-02 1.034780e-02 2.693697e-04
7.261530e-02 9.655079e-03 2.675737e-04
7.288611e-02 1.002053e-02 2.623320e-04
7.315692e-02 9.786950e-03 2.659859e-04
7.342774e-02 1.025686e-02 2.658017e-04
7.369855e-02 9.819521e-03 2.625596e-04
7.396936e-02 1.020010e-02 2.658991e-04
7.424019e-02 9.857472e-03 2.663979e-04
7.451100e-02 1.009717e-02 2.636684e-04
7.478181e-02 9.896828e-03 2.625585e-04
7.505263e-02 9.330381e-03 2.602641e-04
7.532344e-02 9.409459e-03 2.653415e-04
7.559425e-02 9.235699e-03 2.605162e-04
7.586507e-02 1.000327e-02 2.618407e-04
7.613588e-02 9.579550e-03 2.606638e-04
7.640669e-02 9.273931e-03 2.589638e-04
7.667751e-02 9.698499e-03 2.604993e-04
7.694832e-02 9.012479e-03 2.595594e-04
7.721914e-02 9.867050e-03 2.609181e-04
7.748996e-02 9.475101e-03 2.574700e-04
7.776077e-02 9.069311e-03 2.573254e-04
7.803158e-02 9.664068e-03 2.621230e-04
7.830240e-02 8.977929e-03 2.556414e-04
7.857321e-02 9.313470e-03 2.583807e-04
7.884403e-02 8.771108e-03 2.554347e-04
7.911484e-02 9.179689e-03 2.561564e-04
7.938565e-02 9.121632e-03 2.562969e-04
7.965647e-02 8.500710e-03 2.529525e-04
7.992728e-02 8.634182e-03 2.546264e-04
8.019809e-02 8.795870e-03 2.527212e-04
8.046892e-02 8.182699e-03 2.502874e-04
8.073973e-02 8.041011e-03 2.553825e-04
8.101054e-02 8.462040e-03 2.517031e-04
8.128136e-02 8.126320e-03 2.528941e-04
8.155217e-02 8.519841e-03 2.515045e-04
8.182298e-02 8.365521e-03 2.470483e-04
8.209380e-02 8.211920e-03 2.497332e-04
8.236461e-02 8.561220e-03 2.497821e-04
8.263543e-02 8.474138e-03 2.499907e-04
8.290624e-02 8.279391e-03 2.488384e-04
8.317705e-02 8.468952e-03 2.463465e-04
8.344787e-02 8.246940e-03 2.482284e-04
8.371869e-02 8.059261e-03 2.469100e-04
8.398950e-02 8.297229e-03 2.484944e-04
8.426031e-02 8.078208e-03 2.504546e-04
8.453113e-02 8.156309e-03 2.457396e-04
8.480194e-02 7.993570e-03 2.476363e-04
8.507276e-02 7.905282e-03 2.451489e-04
8.534357e-02 8.111902e-03 2.429649e-04
8.561438e-02 8.067111e-03 2.425612e-04
8.588520e-02 7.796202e-03 2.429134e-04
8.615601e-02 7.556008e-03 2.434979e-04
8.642682e-02 7.626761e-03 2.429187e-04
8.669765e-02 7.872337e-03 2.438505e-04
8.696846e-02 7.627022e-03 2.436737e-04
8.723927e-02 7.373681e-03 2.413965e-04
8.751009e-02 7.622940e-03 2.436103e-04
8.778090e-02 7.048972e-03 2.390163e-04
8.805171e-02 7.367151e-03 2.411337e-04
8.832253e-02 7.611232e-03 2.401360e-04
8.859334e-02 7.250149e-03 2.393150e-04
8.886416e-02 7.340971e-03 2.400970e-04
8.913497e-02 7.485138e-03 2.412042e-04
8.940578e-02 7.115198e-03 2.392007e-04
8.967660e-02 7.152541e-03 2.384625e-04
8.994742e-02 7.644348e-03 2.389361e-04
9.021823e-02 7.155571e-03 2.381931e-04
9.048904e-02 7.050158e-03 2.372923e-04
9.075986e-02 6.941242e-03 2.395758e-04
9.103067e-02 7.260552e-03 2.396141e-04
9.130149e-02 7.028598e-03 2.366244e-04
9.157230e-02 7.267941e-03 2.366426e-04
9.184311e-02 6.801451e-03 2.388949e-04
9.211393e-02 7.352870e-03 2.342191e-04
9.238474e-02 6.740522e-03 2.366009e-04
9.265555e-02 6.750980e-03 2.358995e-04
9.292637e-02 7.249819e-03 2.328259e-04
9.319719e-02 6.445289e-03 2.341891e-04
9.346800e-02 6.230431e-03 2.323706e-04
9.373882e-02 6.544439e-03 2.336663e-04
9.400963e-02 6.821631e-03 2.313738e-04
9.428044e-02 6.824611e-03 2.336650e-04
9.455126e-02 6.578309e-03 2.321295e-04
9.482207e-02 6.515071e-03 2.306202e-04
9.509289e-02 6.570062e-03 2.345214e-04
9.536370e-02 6.351897e-03 2.335568e-04
9.563451e-02 6.808169e-03 2.321036e-04
9.590533e-02 6.383639e-03 2.328261e-04
9.617615e-02 6.483791e-03 2.302967e-04
9.644696e-02 6.315511e-03 2.314590e-04
9.671777e-02 6.315811e-03 2.286593e-04
9.698859e-02 6.521011e-03 2.298920e-04
9.725940e-02 6.187102e-03 2.294288e-04
9.753022e-02 6.118111e-03 2.271142e-04
9.780103e-02 6.165732e-03 2.307135e-04
9.807184e-02 6.203922e-03 2.275126e-04
9.834266e-02 6.600821e-03 2.281220e-04
9.861347e-02 5.715610e-03 2.272220e-04
9.888428e-02 6.333832e-03 2.266634e-04
9.915510e-02 6.035458e-03 2.278555e-04
9.942592e-02 5.963700e-03 2.260419e-04
9.969673e-02 6.052110e-03 2.268156e-04
9.996755e-02 6.156709e-03 2.272866e-04
1.002384e-01 6.139711e-03 2.260173e-04
1.005092e-01 5.490100e-03 2.241131e-04
1.007800e-01 6.055672e-03 2.241053e-04
1.010508e-01 6.042760e-03 2.257288e-04
1.013216e-01 6.015548e-03 2.269209e-04
1.015924e-01 6.111311e-03 2.241105e-04
1.018632e-01 6.016860e-03 2.262030e-04
1.021341e-01 5.815890e-03 2.246051e-04
1.024049e-01 5.452290e-03 2.246934e-04
1.026757e-01 5.684469e-03 2.216653e-04
1.029465e-01 5.885920e-03 2.213121e-04
1.032173e-01 5.818399e-03 2.231583e-04
1.034881e-01 5.064828e-03 2.228783e-04
1.037589e-01 5.514110e-03 2.210040e-04
1.040298e-01 5.943518e-03 2.194116e-04
1.043006e-01 5.810719e-03 2.214208e-04
1.045714e-01 5.544549e-03 2.193525e-04
1.048422e-01 5.809108e-03 2.195085e-04
1.051130e-01 5.749159e-03 2.194947e-04
1.053838e-01 5.143788e-03 2.222566e-04
1.056546e-01 5.175311e-03 2.189611e-04
1.059255e-01 5.503431e-03 2.199639e-04
1.061963e-01 5.595731e-03 2.183105e-04
1.064671e-01 4.922440e-03 2.182661e-04
1.067379e-01 5.749799e-03 2.187209e-04
1.070087e-01 5.491171e-03 2.206415e-04
1.072795e-01 5.147882e-03 2.167624e-04
1.075503e-01 5.576570e-03 2.184366e-04
1.078212e-01 5.005021e-03 2.174782e-04
1.080920e-01 5.597789e-03 2.178834e-04
1.083628e-01 5.344402e-03 2.167360e-04
1.086336e-01 4.850462e-03 2.163943e-04
1.089044e-01 4.884111e-03 2.171318e-04
1.091752e-01 5.151909e-03 2.167856e-04
1.094460e-01 5.386440e-03 2.150368e-04
1.097169e-01 5.283039e-03 2.168553e-04
1.099877e-01 4.978321e-03 2.148297e-04
1.102585e-01 4.824670e-03 2.148181e-04
1.105293e-01 5.011421e-03 2.186945e-04
1.108001e-01 5.469970e-03 2.185406e-04
1.110709e-01 5.007530e-03 2.239037e-04
1.113417e-01 4.915621e-03 2.214268e-04
1.116126e-01 4.717311e-03 2.226010e-04
1.118834e-01 4.496472e-03 2.219012e-04
1.121542e-01 4.537839e-03 2.254300e-04
1.124250e-01 4.524490e-03 2.268544e-04
1.126958e-01 4.774211e-03 2.280803e-04
1.129666e-01 4.721131e-03 2.275232e-04
1.132374e-01 4.604589e-03 2.321514e-04
1.135083e-01 4.809780e-03 2.335044e-04
1.137791e-01 4.366498e-03 2.351469e-04
1.140499e-01 4.205842e-03 2.333966e-04
1.143207e-01 4.766000e-03 2.382278e-04
1.145915e-01 4.575979e-03 2.366263e-04
1.148623e-01 4.506528e-03 2.412234e-04
1.151332e-01 4.332900e-03 2.406661e-04
1.154040e-01 5.008470e-03 2.429823e-04
1.156748e-01 4.944641e-03 2.437079e-04
1.159456e-01 4.244501e-03 2.444843e-04
1.162164e-01 4.778102e-03 2.457765e-04
1.164872e-01 5.019139e-03 2.462838e-04
1.167580e-01 4.329439e-03 2.506215e-04
1.170288e-01 4.492091e-03 2.496058e-04
1.172997e-01 4.308591e-03 2.503426e-04
1.175705e-01 4.758032e-03 2.511525e-04
1.178413e-01 3.913281e-03 2.509084e-04
1.181121e-01 4.599899e-03 2.468400e-04
1.183829e-01 4.359899e-03 2.451897e-04
1.186537e-01 4.207101e-03 2.449601e-04
1.189246e-01 4.031831e-03 2.444679e-04
1.191954e-01 4.273230e-03 2.453527e-04
1.194662e-01 4.250690e-03 2.418118e-04
1.197370e-01 3.999960e-03 2.418703e-04
1.200078e-01 3.064372e-03 2.399847e-04
1.202786e-01 3.997860e-03 2.409138e-04
1.205494e-01 3.779270e-03 2.403418e-04
1.208202e-01 4.128821e-03 2.417766e-04
1.210911e-01 4.083510e-03 2.399840e-04
1.213619e-01 3.674410e-03 2.411774e-04
1.216327e-01 4.108122e-03 2.407763e-04
1.219035e-01 4.039710e-03 2.415614e-04
1.221743e-01 4.327761e-03 2.416706e-04
1.224451e-01 3.900621e-03 2.399355e-04
1.227160e-01 3.841508e-03 2.432518e-04
1.229868e-01 3.723850e-03 2.389968e-04
1.232576e-01 4.265001e-03 2.398068e-04
1.235284e-01 3.465610e-03 2.418302e-04
1.237992e-01 3.524709e-03 2.410922e-04
1.240700e-01 3.413199e-03 2.409435e-04
1.243408e-01 3.795980e-03 2.407815e-04
1.246117e-01 3.497850e-03 2.376428e-04
1.248825e-01 3.889048e-03 2.403863e-04
1.251533e-01 3.672970e-03 2.372802e-04
1.254241e-01 3.898898e-03 2.387501e-04
1.256949e-01 3.771450e-03 2.371639e-04
1.259657e-01 3.236009e-03 2.384246e-04
1.262365e-01 3.843158e-03 2.371897e-04
1.265074e-01 3.284570e-03 2.348904e-04
1.267782e-01 3.427019e-03 2.361485e-04
1.270490e-01 4.053829e-03 2.338482e-04
1.273198e-01 3.322331e-03 2.363865e-04
1.275906e-01 3.945410e-03 2.351219e-04
1.278614e-01 3.515290e-03 2.335888e-04
1.281322e-01 3.557529e-03 2.331350e-04
1.284031e-01 3.831642e-03 2.328679e-04
1.286739e-01 3.437981e-03 2.341744e-04
1.289447e-01 3.429949e-03 2.325775e-04
1.292155e-01 3.598051e-03 2.341541e-04
1.294863e-01 3.559651e-03 2.333213e-04
1.297571e-01 3.398770e-03 2.340410e-04
1.300279e-01 3.911870e-03 2.335092e-04
1.302988e-01 3.493920e-03 2.334151e-04
1.305696e-01 3.536088e-03 2.311918e-04
1.308404e-01 3.208820e-03 2.320852e-04
1.311112e-01 3.591290e-03 2.319324e-04
1.313820e-01 3.383780e-03 2.306834e-04
1.316528e-01 3.151538e-03 2.341756e-04
1.319236e-01 2.851492e-03 2.318378e-04
1.321945e-01 3.129082e-03 2.300261e-04
1.324653e-01 3.185572e-03 2.328084e-04
1.327361e-01 2.987109e-03 2.313696e-04
1.330069e-01 2.867550e-03 2.321540e-04
1.332777e-01 3.404211e-03 2.293888e-04
1.335485e-01 2.729859e-03 2.285509e-04
1.338193e-01 2.895800e-03 2.323893e-04
1.340902e-01 2.953859e-03 2.285434e-04
1.343610e-01 3.408790e-03 2.315394e-04
1.346318e-01 3.067240e-03 2.294564e-04
1.349026e-01 2.784939e-03 2.276829e-04
1.351734e-01 2.990879e-03 2.307759e-04
1.354442e-01 3.201142e-03 2.292638e-04
1.357151e-01 3.385551e-03 2.310455e-04
1.359859e-01 2.608469e-03 2.266439e-04
1.362567e-01 3.227441e-03 2.277363e-04
1.365275e-01 2.521260e-03 2.264357e-04
1.367983e-01 3.087651e-03 2.256171e-04
1.370691e-01 2.822518e-03 2.303638e-04
1.373399e-01 2.940500e-03 2.320532e-04
1.376107e-01 3.163392e-03 2.356797e-04
1.378816e-01 3.665691e-03 2.373795e-04
1.381524e-01 3.415881e-03 2.361632e-04
1.384232e-01 2.711220e-03 2.382894e-04
1.386940e-01 2.989229e-03 2.394254e-04
1.389648e-01 2.617180e-03 2.393960e-04
1.392356e-01 3.099030e-03 2.424149e-04
1.395064e-01 2.917591e-03 2.432361e-04
1.397773e-01 3.208190e-03 2.434526e-04
1.400481e-01 3.132550e-03 2.436395e-04
1.403189e-01 2.820950e-03 2.462346e-04
1.405897e-01 2.792211e-03 2.441438e-04
1.408605e-01 3.175110e-03 2.469482e-04
1.411313e-01 2.755690e-03 2.506200e-04
1.414021e-01 2.747580e-03 2.450443e-04
1.416730e-01 3.002260e-03 2.513797e-04
1.419438e-01 3.047099e-03 2.522058e-04
1.422146e-01 2.423221e-03 2.542114e-04
1.424854e-01 2.704879e-03 2.506491e-04
1.427562e-01 2.695950e-03 2.499318e-04
1.430270e-01 2.549550e-03 2.470075e-04
1.432979e-01 2.797699e-03 2.504940e-04
1.435687e-01 2.854731e-03 2.533704e-04
1.438395e-01 2.640631e-03 2.531754e-04
1.441103e-01 3.048249e-03 2.552616e-04
1.443811e-01 2.724919e-03 2.548985e-04
1.446519e-01 2.553411e-03 2.541069e-04
1.449227e-01 2.412969e-03 2.569672e-04
1.451935e-01 2.749939e-03 2.566932e-04
1.454644e-01 1.936659e-03 2.578234e-04
1.457352e-01 1.995821e-03 2.562433e-04
1.460060e-01 2.725659e-03 2.573983e-04
1.462768e-01 1.901660e-03 2.580483e-04
1.465476e-01 2.522670e-03 2.597755e-04
1.468184e-01 2.599329e-03 2.642952e-04
1.470892e-01 2.285790e-03 2.588434e-04
1.473601e-01 2.016699e-03 2.581499e-04
1.476309e-01 2.539290e-03 2.607396e-04
1.479017e-01 1.958910e-03 2.597318e-04
1.481725e-01 2.649300e-03 2.628761e-04
1.484433e-01 2.337702e-03 2.562453e-04
1.487141e-01 2.824401e-03 2.601213e-04
1.489850e-01 2.512300e-03 2.582216e-04
1.492558e-01 2.384380e-03 2.588059e-04
1.495266e-01 2.194330e-03 2.618522e-04
1.497974e-01 2.961490e-03 2.571810e-04
1.500682e-01 2.478430e-03 2.576420e-04
1.503390e-01 2.543990e-03 2.596947e-04
1.506098e-01 2.173349e-03 2.590103e-04
1.508806e-01 2.262579e-03 2.592623e-04
1.511515e-01 3.165310e-03 2.587139e-04
1.514223e-01 2.409698e-03 2.596486e-04
1.516931e-01 2.721129e-03 2.592695e-04
1.519639e-01 2.558190e-03 2.601705e-04
1.522347e-01 2.038280e-03 2.576490e-04
1.525055e-01 2.338119e-03 2.584302e-04
1.527763e-01 2.069060e-03 2.612033e-04
1.530472e-01 2.476240e-03 2.569283e-04
1.533180e-01 2.556190e-03 2.577228e-04
1.535888e-01 1.945499e-03 2.596150e-04
1.538596e-01 2.219770e-03 2.577782e-04
1.541304e-01 1.969369e-03 2.617240e-04
1.544012e-01 2.000280e-03 2.587282e-04
1.546721e-01 1.949240e-03 2.618222e-04
1.549429e-01 1.831271e-03 2.590291e-04
1.552137e-01 2.524810e-03 2.595848e-04
1.554845e-01 1.965130e-03 2.590818e-04
1.557553e-01 2.170449e-03 2.614140e-04
1.560261e-01 2.503060e-03 2.612606e-04
1.562969e-01 2.363261e-03 2.591959e-04
1.565678e-01 2.067329e-03 2.593536e-04
1.568386e-01 2.255280e-03 2.613220e-04
1.571094e-01 2.037849e-03 2.605414e-04
1.573802e-01 2.358390e-03 2.578651e-04
1.576510e-01 2.354139e-03 2.597966e-04
1.579218e-01 1.832370e-03 2.605982e-04
1.581926e-01 1.496069e-03 2.592209e-04
1.584634e-01 2.106698e-03 2.589430e-04
1.587343e-01 1.706259e-03 2.582716e-04
1.590051e-01 2.055470e-03 2.609425e-04
1.592759e-01 2.187941e-03 2.597398e-04
1.595467e-01 2.135580e-03 2.601464e-04
1.598175e-01 1.994351e-03 2.592756e-04
1.600883e-01 1.580941e-03 2.569357e-04
1.603591e-01 1.944771e-03 2.578692e-04
1.606300e-01 1.510100e-03 2.563058e-04
1.609008e-01 2.382729e-03 2.563048e-04
1.611716e-01 1.918480e-03 2.588437e-04
1.614424e-01 2.236810e-03 2.554262e-04
1.617132e-01 2.087619e-03 2.579439e-04
1.619840e-01 1.928762e-03 2.547904e-04
1.622549e-01 1.836110e-03 2.568954e-04
1.625257e-01 1.958590e-03 2.556241e-04
1.627965e-01 2.046430e-03 2.540938e-04
1.630673e-01 1.907259e-03 2.561600e-04
1.633381e-01 1.922881e-03 2.544333e-04
1.636089e-01 1.674110e-03 2.552145e-04
1.638797e-01 2.361599e-03 2.590653e-04
1.641506e-01 1.790071e-03 2.569226e-04
1.644214e-01 1.810499e-03 2.550130e-04
1.646922e-01 2.053609e-03 2.551754e-04
1.649630e-01 1.994031e-03 2.558112e-04
1.652338e-01 2.094449e-03 2.608008e-04
1.655046e-01 1.772419e-03 2.532348e-04
1.657754e-01 2.023280e-03 2.560657e-04
1.660462e-01 1.951201e-03 2.580584e-04
1.663171e-01 1.830740e-03 2.557864e-04
1.665879e-01 1.921950e-03 2.541815e-04
1.668587e-01 1.800399e-03 2.598343e-04
1.671295e-01 1.703760e-03 2.581552e-04
1.674003e-01 1.556180e-03 2.557209e-04
1.676711e-01 1.340460e-03 2.655981e-04
1.679420e-01 1.332201e-03 2.675874e-04
1.682128e-01 1.283420e-03 2.693135e-04
1.684836e-01 1.269229e-03 2.757892e-04
1.687544e-01 1.449199e-03 2.787355e-04
1.690252e-01 1.983870e-03 2.819840e-04
1.692960e-01 1.770081e-03 2.800440e-04
1.695668e-01 1.985030e-03 2.861903e-04
1.698377e-01 1.197290e-03 2.856768e-04
1.701085e-01 1.372451e-03 2.879855e-04
1.703793e-01 1.509370e-03 2.871236e-04
1.706501e-01 1.349431e-03 2.929410e-04
1.709209e-01 1.037920e-03 2.938965e-04
1.711917e-01 1.363771e-03 2.945956e-04
1.714625e-01 1.753891e-03 2.963803e-04
1.717333e-01 1.427451e-03 3.032793e-04
1.720042e-01 1.478540e-03 3.003256e-04
1.722750e-01 1.691559e-03 3.055924e-04
1.725458e-01 1.841240e-03 3.066160e-04
1.728166e-01 1.993781e-03 3.060963e-04
1.730874e-01 1.147700e-03 3.093289e-04
1.733582e-01 1.392040e-03 3.101375e-04
1.736291e-01 1.271639e-03 3.182450e-04
1.738999e-01 1.572590e-03 3.133886e-04
1.741707e-01 1.666930e-03 3.199906e-04
1.744415e-01 1.576219e-03 3.161137e-04
1.747123e-01 1.608789e-03 3.221038e-04
1.749831e-01 1.539990e-03 3.148304e-04
1.752539e-01 1.101350e-03 3.007268e-04
1.755248e-01 1.751291e-03 3.028950e-04
1.757956e-01 1.616450e-03 2.984077e-04
1.760664e-01 1.236439e-03 3.002488e-04
1.763372e-01 1.569578e-03 2.981541e-04
1.766080e-01 1.067331e-03 2.952410e-04
1.768788e-01 1.973590e-03 2.967325e-04
1.771496e-01 1.448128e-03 2.891272e-04
1.774205e-01 2.215961e-03 2.935016e-04
1.776913e-01 1.304550e-03 2.908051e-04
1.779621e-01 1.783781e-03 2.926573e-04
1.782329e-01 1.531880e-03 2.908363e-04
1.785037e-01 1.627469e-03 2.821416e-04
1.787745e-01 1.758700e-03 2.895042e-04
1.790453e-01 1.157660e-03 2.842525e-04
1.793161e-01 1.699669e-03 2.846387e-04
1.795870e-01 1.550661e-03 2.832838e-04
1.798578e-01 1.079021e-03 2.827489e-04
1.801286e-01 1.853140e-03 2.847125e-04
1.803994e-01 1.305750e-03 2.778076e-04
1.806702e-01 1.565499e-03 2.776320e-04
1.809410e-01 1.244660e-03 2.797709e-04
1.812119e-01 1.377260e-03 2.751193e-04
1.814827e-01 1.483819e-03 2.790523e-04
1.817535e-01 1.454290e-03 2.753696e-04
1.820243e-01 1.518181e-03 2.784223e-04
1.822951e-01 1.499800e-03 2.758778e-04
1.825659e-01 1.521319e-03 2.751095e-04
1.828367e-01 1.145249e-03 2.788191e-04
1.831076e-01 1.357930e-03 2.733949e-04
1.833784e-01 1.445251e-03 2.788433e-04
1.836492e-01 1.659321e-03 2.754773e-04
1.839200e-01 1.326980e-03 2.763123e-04
1.841908e-01 1.566319e-03 2.780787e-04
1.844616e-01 1.467571e-03 2.768206e-04
1.847324e-01 1.350582e-03 2.775805e-04
1.850033e-01 1.268789e-03 2.737757e-04
1.852741e-01 1.316590e-03 2.780937e-04
1.855449e-01 1.664929e-03 2.743200e-04
1.858157e-01 9.572599e-04 2.765633e-04
1.860865e-01 1.536550e-03 2.767914e-04
1.863573e-01 9.243302e-04 2.711521e-04
1.866281e-01 1.613740e-03 2.741969e-04
1.868990e-01 1.116291e-03 2.745096e-04
1.871698e-01 1.241641e-03 2.742722e-04
1.874406e-01 1.004521e-03 2.782242e-04
1.877114e-01 1.814721e-03 2.725256e-04
1.879822e-01 8.904506e-04 2.747484e-04
1.882530e-01 6.674305e-04 2.721790e-04
1.885238e-01 1.088960e-03 2.753567e-04
1.887947e-01 1.315599e-03 2.739202e-04
1.890655e-01 8.145906e-04 2.773602e-04
1.893363e-01 1.318671e-03 2.757925e-04
1.896071e-01 1.455320e-03 2.686881e-04
1.898779e-01 1.435850e-03 2.765924e-04
1.901487e-01 1.238229e-03 2.741380e-04
1.904195e-01 1.185339e-03 2.736451e-04
1.906904e-01 1.259889e-03 2.759581e-04
1.909612e-01 1.092581e-03 2.718390e-04
1.912320e-01 1.445111e-03 2.751200e-04
1.915028e-01 1.081871e-03 2.713084e-04
1.917736e-01 1.096219e-03 2.712944e-04
1.920444e-01 5.792305e-04 2.716122e-04
1.923153e-01 8.996502e-04 2.738458e-04
1.925861e-01 1.281140e-03 2.737852e-04
1.928569e-01 1.640171e-03 2.726537e-04
1.931277e-01 9.082705e-04 2.689429e-04
1.933985e-01 1.231341e-03 2.719850e-04
1.936693e-01 8.339603e-04 2.723801e-04
1.939401e-01 6.347205e-04 2.734059e-04
1.942109e-01 3.645699e-04 2.697882e-04
1.944818e-01 1.109600e-03 2.696705e-04
1.947526e-01 1.218399e-03 2.743024e-04
1.950234e-01 1.110541e-03 2.724032e-04
1.952942e-01 1.313562e-03 2.715519e-04
1.955650e-01 1.000779e-03 2.705578e-04
1.958358e-01 1.078671e-03 2.684556e-04
1.961066e-01 5.167499e-04 2.711031e-04
1.963775e-01 1.029111e-03 2.720128e-04
1.966483e-01 9.783916e-04 2.695176e-04
1.969191e-01 1.118479e-03 2.685885e-04
1.971899e-01 1.068860e-03 2.708945e-04
1.974607e-01 1.390411e-03 2.730594e-04
1.977315e-01 8.202195e-04 2.716412e-04
1.980023e-01 1.123860e-03 2.690417e-04
1.982732e-01 1.321219e-03 2.696939e-04
1.985440e-01 1.230560e-03 2.707726e-04
1.988148e-01 1.053261e-03 2.701702e-04
1.990856e-01 1.242440e-03 2.699284e-04
1.993564e-01 1.010431e-03 2.699612e-04
1.996272e-01 1.025710e-03 2.737847e-04
1.998980e-01 7.989798e-04 2.692164e-04
2.001689e-01 1.012949e-03 2.670883e-04
2.004397e-01 1.129001e-03 2.650523e-04
2.007105e-01 7.796194e-04 2.663200e-04
2.009813e-01 9.870194e-04 2.697635e-04
2.012521e-01 1.103589e-03 2.699099e-04
2.015229e-01 7.314105e-04 2.679269e-04
2.017937e-01 9.626597e-04 2.677163e-04
2.020646e-01 5.334802e-04 2.674843e-04
2.023354e-01 1.174780e-03 2.684743e-04
2.026062e-01 7.691607e-04 2.657642e-04
2.028770e-01 1.132499e-03 2.687137e-04
2.031478e-01 7.823594e-04 2.664710e-04
2.034186e-01 7.683896e-04 2.666364e-04
2.036894e-01 5.750004e-04 2.671115e-04
2.039603e-01 1.390310e-03 2.677312e-04
2.042311e-01 1.084682e-03 2.672376e-04
2.045019e-01 9.401906e-04 2.642658e-04
2.047727e-01 1.204470e-03 2.655774e-04
2.050435e-01 1.276311e-03 2.648372e-04
2.053143e-01 5.290397e-04 2.658855e-04
2.055852e-01 8.946005e-04 2.626250e-04
2.058560e-01 1.248309e-03 2.648773e-04
2.061268e-01 8.443594e-04 2.631559e-04
2.063976e-01 7.779803e-04 2.640987e-04
2.066684e-01 9.409301e-04 2.644098e-04
2.069392e-01 1.031511e-03 2.631637e-04
2.072100e-01 5.249288e-04 2.635517e-04
2.074808e-01 9.178985e-04 2.629772e-04
2.077517e-01 1.124879e-03 2.597025e-04
2.080225e-01 6.719902e-04 2.635403e-04
2.082933e-01 1.245899e-03 2.617020e-04
2.085641e-01 1.016729e-03 2.617620e-04
2.088349e-01 1.246030e-03 2.636715e-04
2.091057e-01 8.903891e-04 2.618170e-04
2.093765e-01 8.487217e-04 2.615097e-04
2.096474e-01 8.314699e-04 2.652810e-04
2.099182e-01 1.143331e-03 2.631495e-04
2.101890e-01 1.049601e-03 2.600128e-04
2.104598e-01 9.592697e-04 2.634494e-04
2.107306e-01 7.588696e-04 2.592124e-04
2.110014e-01 1.006441e-03 2.620913e-04
2.112723e-01 1.021082e-03 2.638685e-04
2.115431e-01 1.034509e-03 2.609105e-04
2.118139e-01 1.086960e-03 2.625990e-04
2.120847e-01 6.427597e-04 2.619465e-04
2.123555e-01 6.094202e-04 2.630741e-04
2.126263e-01 8.872785e-04 2.602210e-04
2.128971e-01 1.103612e-03 2.615799e-04
2.131680e-01 5.333703e-04 2.614212e-04
2.134388e-01 4.623700e-04 2.604444e-04
2.137096e-01 8.746386e-04 2.610979e-04
2.139804e-01 1.393730e-03 2.648836e-04
2.142512e-01 1.220260e-03 2.613336e-04
2.145220e-01 8.475296e-04 2.614853e-04
2.147928e-01 6.850604e-04 2.611981e-04
2.150636e-01 2.702586e-04 2.625946e-04
2.153345e-01 1.098050e-03 2.639160e-04
2.156053e-01 8.430295e-04 2.635036e-04
2.158761e-01 7.999502e-04 2.635499e-04
2.161469e-01 8.770712e-04 2.602382e-04
2.164177e-01 1.138190e-03 2.609028e-04
2.166885e-01 9.921007e-04 2.636426e-04
2.169593e-01 5.304292e-04 2.620189e-04
2.172302e-01 8.277893e-04 2.646174e-04
2.175010e-01 6.946605e-04 2.570087e-04
2.177718e-01 6.021000e-04 2.611400e-04
2.180426e-01 5.663708e-04 2.621075e-04
2.183134e-01 6.329101e-04 2.619751e-04
2.185842e-01 7.906090e-04 2.613614e-04
2.188551e-01 6.027985e-04 2.608596e-04
2.191259e-01 -1.285598e-04 2.609177e-04
2.193967e-01 8.538794e-04 2.596215e-04
2.196675e-01 4.592910e-04 2.594273e-04
2.199383e-01 4.902408e-04 2.603435e-04
2.202091e-01 1.001200e-03 2.597476e-04
2.204799e-01 6.783810e-04 2.563859e-04
2.207507e-01 4.098397e-04 2.591308e-04
2.210216e-01 7.466897e-04 2.583824e-04
2.212924e-01 1.258040e-03 2.564329e-04
2.215632e-01 5.109496e-04 2.566497e-04
2.218340e-01 7.724296e-04 2.569141e-04
2.221048e-01 1.044020e-03 2.566934e-04
2.223756e-01 4.675891e-04 2.546742e-04
2.226464e-01 3.203303e-04 2.554551e-04
2.229173e-01 7.005595e-04 2.568115e-04
2.231881e-01 8.324292e-04 2.553537e-04
2.234589e-01 5.850811e-04 2.559670e-04
2.237297e-01 1.326330e-03 2.571615e-04
2.240005e-01 4.718304e-04 2.570721e-04
2.242713e-01 2.983995e-04 2.548983e-04
2.245422e-01 7.657502e-04 2.543905e-04
2.248130e-01 3.331099e-04 2.577616e-04
2.250838e-01 1.153290e-03 2.544193e-04
2.253546e-01 8.953512e-04 2.559611e-04
2.256254e-01 5.391296e-04 2.564672e-04
2.258962e-01 6.547607e-04 2.563373e-04
2.261670e-01 1.606811e-04 2.674869e-04
2.264379e-01 4.954189e-04 2.703371e-04
2.267087e-01 9.294692e-04 2.788269e-04
2.269795e-01 6.523114e-04 2.781572e-04
2.272503e-01 8.182693e-04 2.815964e-04
2.275211e-01 9.049196e-04 2.894032e-04
2.277919e-01 5.767085e-04 2.845766e-04
2.280627e-01 8.657947e-05 2.905269e-04
2.283335e-01 7.429607e-04 2.943248e-04
2.286044e-01 4.541390e-04 2.947441e-04
2.288752e-01 1.345010e-03 2.994423e-04
2.291460e-01 5.461294e-04 3.004390e-04
2.294168e-01 7.093512e-04 3.024667e-04
2.296876e-01 -7.580966e-05 3.077316e-04
2.299584e-01 7.959697e-04 3.083501e-04
2.302293e-01 1.981203e-04 3.126871e-04
2.305001e-01 8.046199e-04 3.178921e-04
2.307709e-01 6.469805e-04 3.150809e-04
2.310417e-01 3.532991e-04 3.211706e-04
2.313125e-01 9.859800e-04 3.230108e-04
2.315833e-01 7.334203e-04 3.240699e-04
2.318541e-01 7.599294e-04 3.315640e-04
2.321250e-01 7.098503e-04 3.337380e-04
2.323958e-01 3.679991e-04 3.340468e-04
2.326666e-01 8.745790e-04 3.364833e-04
2.329374e-01 6.074496e-04 3.405036e-04
2.332082e-01 8.431096e-04 3.397101e-04
2.334790e-01 6.939601e-04 3.425731e-04
2.337498e-01 3.813896e-04 3.471391e-04
2.340207e-01 3.848486e-04 3.481237e-04
2.342915e-01 1.699701e-04 3.519944e-04
2.345623e-01 5.106609e-04 3.505917e-04
2.348331e-01 1.261778e-03 3.613822e-04
2.351039e-01 7.218197e-04 3.670596e-04
2.353747e-01 2.074912e-04 3.597498e-04
2.356455e-01 3.006104e-04 3.682345e-04
2.359163e-01 1.019690e-03 3.676262e-04
2.361872e-01 2.929401e-04 3.715767e-04
2.364580e-01 1.064772e-03 3.796439e-04
2.367288e-01 2.624504e-04 3.773305e-04
2.369996e-01 2.846494e-04 3.800109e-04
2.372704e-01 8.346401e-04 3.932338e-04
2.375412e-01 -2.191029e-05 3.834991e-04
2.378121e-01 1.346804e-04 3.987058e-04
2.380829e-01 6.617196e-04 3.954201e-04
2.383537e-01 1.297310e-03 4.004032e-04
2.386245e-01 -8.617900e-05 4.070182e-04
2.388953e-01 6.209500e-04 4.048952e-04
2.391661e-01 6.864890e-04 4.155393e-04
2.394369e-01 2.611987e-05 4.140984e-04
2.397078e-01 9.468496e-04 4.234561e-04
2.399786e-01 8.062497e-04 4.259301e-04
2.402494e-01 4.880801e-04 4.249544e-04
2.405202e-01 6.750301e-04 4.312399e-04
2.407910e-01 5.128607e-04 4.358544e-04
2.410618e-01 7.199813e-04 4.404505e-04
2.413326e-01 -5.185399e-04 4.426328e-04
2.416034e-01 6.633904e-04 4.445129e-04
2.418743e-01 1.187259e-03 4.614772e-04
2.421451e-01 3.094301e-04 4.624768e-04
2.424159e-01 -6.353501e-04 4.710536e-04
2.426867e-01 -3.748592e-04 4.703352e-04
2.429575e-01 8.568689e-04 4.804797e-04
2.432283e-01 9.036697e-04 4.789881e-04
2.434992e-01 4.826095e-04 4.873778e-04
2.437700e-01 4.317798e-04 4.938413e-04
2.440408e-01 1.482908e-04 4.985999e-04
2.443116e-01 4.367400e-04 5.058817e-04
2.445824e-01 1.222551e-03 5.074532e-04
2.448532e-01 2.158601e-04 5.167958e-04
2.451240e-01 -5.130898e-04 5.152663e-04
2.453949e-01 5.063973e-05 5.376981e-04
2.456657e-01 5.683508e-04 5.334900e-04
2.459365e-01 1.649220e-03 5.382391e-04
2.462073e-01 9.778999e-04 5.581474e-04
2.464781e-01 2.621394e-04 5.654084e-04
2.467489e-01 7.692892e-04 5.731156e-04
2.470197e-01 1.391508e-04 5.736224e-04
2.472906e-01 5.231984e-05 5.867725e-04
2.475614e-01 3.426392e-04 5.942436e-04
2.478322e-01 1.215208e-04 6.163433e-04
2.481030e-01 -3.009401e-04 6.125435e-04
2.483738e-01 1.522630e-03 6.313719e-04
2.486446e-01 6.723702e-04 6.598740e-04
2.489154e-01 1.684029e-03 6.907856e-04
2.491863e-01 1.025729e-03 6.738957e-04
2.494571e-01 4.842803e-04 6.913146e-04
2.497279e-01 -4.382990e-05 7.122900e-04
2.499987e-01 1.949389e-04 7.262065e-04
2.502695e-01 1.138540e-03 7.421905e-04
2.505403e-01 6.940514e-04 7.637657e-04
2.508111e-01 1.059994e-04 7.628693e-04
2.510819e-01 1.629261e-03 8.105298e-04
2.513528e-01 1.001742e-03 8.164080e-04
2.516236e-01 2.512299e-04 8.383362e-04
2.518944e-01 1.040619e-03 8.638159e-04
2.521652e-01 -2.331305e-04 9.529934e-04
2.524360e-01 -1.129389e-03 9.265148e-04
2.527068e-01 4.990958e-05 8.970003e-04
2.529776e-01 -2.142210e-04 9.779966e-04
2.532485e-01 -1.450703e-04 1.001832e-03
2.535193e-01 7.479992e-04 1.002815e-03
2.537901e-01 -8.439813e-04 1.016583e-03
2.540609e-01 1.304671e-03 1.022982e-03
2.543317e-01 1.931269e-03 1.107538e-03
2.546025e-01 2.017189e-04 1.104200e-03
2.548733e-01 -5.995389e-04 1.161163e-03
2.551441e-01 -1.089130e-03 1.234133e-03
2.554150e-01 3.000889e-04 1.261749e-03
2.556858e-01 -2.853530e-03 1.281406e-03
2.559566e-01 -4.382487e-04 1.455901e-03
2.562274e-01 -6.435998e-05 1.409582e-03
2.564982e-01 3.054589e-03 1.646330e-03
2.567690e-01 1.578681e-03 1.926222e-03
2.570398e-01 -4.316587e-04 2.007444e-03
2.573107e-01 -1.736891e-03 2.034160e-03
2.575815e-01 1.737470e-03 2.712553e-03
2.578523e-01 2.365861e-03 4.038553e-03
2.581231e-01 -7.157773e-05 6.386812e-03
