3.286826e-03 4.310703e-01 0.000000e+00
3.557641e-03 3.792920e-01 1.102729e-01
3.828455e-03 3.681073e-01 6.890699e-02
4.099269e-03 3.804731e-01 5.394771e-02
4.370084e-03 3.727291e-01 4.115221e-02
4.640898e-03 3.766670e-01 2.768963e-02
4.911712e-03 3.548911e-01 2.392424e-02
5.182527e-03 3.749739e-01 1.870042e-02
5.453341e-03 3.603580e-01 1.715615e-02
5.724155e-03 3.768190e-01 1.326146e-02
5.994970e-03 3.637000e-01 1.138236e-02
6.265784e-03 3.807780e-01 9.953845e-03
6.536598e-03 3.684468e-01 8.223251e-03
6.807412e-03 3.658100e-01 7.598451e-03
7.078227e-03 3.611893e-01 6.547366e-03
7.349041e-03 3.600881e-01 5.627400e-03
7.619855e-03 3.590904e-01 5.213445e-03
7.890671e-03 3.580066e-01 4.730745e-03
8.161485e-03 3.503560e-01 4.677179e-03
8.432299e-03 3.519852e-01 4.100023e-03
8.703114e-03 3.476169e-01 4.046326e-03
8.973928e-03 3.397785e-01 3.614533e-03
9.244742e-03 3.417627e-01 3.501421e-03
9.515557e-03 3.292847e-01 3.407624e-03
9.786371e-03 3.296429e-01 3.162516e-03
1.005718e-02 3.241226e-01 2.984613e-03
1.032800e-02 3.181682e-01 2.786701e-03
1.059881e-02 3.181716e-01 2.782222e-03
1.086963e-02 3.116787e-01 2.625021e-03
1.114044e-02 2.999939e-01 2.520612e-03
1.141126e-02 2.993331e-01 2.484254e-03
1.168207e-02 2.958451e-01 2.382367e-03
1.195289e-02 2.908723e-01 2.299288e-03
1.222370e-02 2.813546e-01 2.177543e-03
1.249451e-02 2.753080e-01 2.097621e-03
1.276533e-02 2.688750e-01 2.041173e-03
1.303614e-02 2.684242e-01 1.972642e-03
1.330696e-02 2.615607e-01 1.878628e-03
1.357777e-02 2.560799e-01 1.837448e-03
1.384859e-02 2.501399e-01 1.816325e-03
1.411940e-02 2.452008e-01 1.815132e-03
1.439021e-02 2.408288e-01 1.688569e-03
1.466103e-02 2.311567e-01 1.693243e-03
1.493184e-02 2.275235e-01 1.636583e-03
1.520266e-02 2.245499e-01 1.568614e-03
1.547347e-02 2.162708e-01 1.520397e-03
1.574429e-02 2.124229e-01 1.504446e-03
1.601510e-02 2.066431e-01 1.506057e-03
1.628591e-02 2.021500e-01 1.466744e-03
1.655673e-02 1.987257e-01 1.429067e-03
1.682754e-02 1.914877e-01 1.403744e-03
1.709836e-02 1.869975e-01 1.350871e-03
1.736917e-02 1.806695e-01 1.341467e-03
1.763999e-02 1.761416e-01 1.279350e-03
1.791080e-02 1.720043e-01 1.263726e-03
1.818161e-02 1.661153e-01 1.259652e-03
1.845243e-02 1.613971e-01 1.250348e-03
1.872324e-02 1.567431e-01 1.225319e-03
1.899406e-02 1.517490e-01 1.194144e-03
1.926487e-02 1.463471e-01 1.151593e-03
1.953569e-02 1.445233e-01 1.183897e-03
1.980650e-02 1.383721e-01 1.163298e-03
2.007731e-02 1.338812e-01 1.142626e-03
2.034813e-02 1.315673e-01 1.139197e-03
2.061894e-02 1.254309e-01 1.099881e-03
2.088976e-02 1.231863e-01 1.090838e-03
2.116057e-02 1.177347e-01 1.074614e-03
2.143139e-02 1.151368e-01 1.055443e-03
2.170220e-02 1.118628e-01 1.046706e-03
2.197302e-02 1.079037e-01 1.021527e-03
2.224383e-02 1.040407e-01 9.959926e-04
2.251465e-02 1.003824e-01 9.730777e-04
2.278546e-02 9.696741e-02 9.257543e-04
2.305627e-02 9.603272e-02 9.454380e-04
2.332709e-02 9.073590e-02 9.084017e-04
2.359790e-02 8.596730e-02 8.715278e-04
2.386872e-02 8.368078e-02 8.731870e-04
2.413953e-02 8.182005e-02 8.437641e-04
2.441034e-02 7.854894e-02 8.286418e-04
2.468116e-02 7.384644e-02 8.122517e-04
2.495197e-02 7.251626e-02 8.023627e-04
2.522279e-02 7.014439e-02 7.907764e-04
2.549360e-02 6.836519e-02 7.763931e-04
2.576442e-02 6.377541e-02 7.356555e-04
2.603523e-02 6.327684e-02 7.625850e-04
2.630604e-02 5.876282e-02 7.129074e-04
2.657686e-02 5.858830e-02 7.195538e-04
2.684767e-02 5.546713e-02 6.968468e-04
2.711849e-02 5.362533e-02 6.882405e-04
2.738930e-02 4.975245e-02 6.912568e-04
2.766012e-02 4.968366e-02 6.611515e-04
2.793093e-02 4.832708e-02 6.600305e-04
2.820175e-02 4.639139e-02 6.376241e-04
2.847256e-02 4.453628e-02 6.259232e-04
2.874337e-02 4.346756e-02 6.347793e-04
2.901419e-02 4.114396e-02 6.145353e-04
2.928500e-02 3.912708e-02 5.914404e-04
2.955582e-02 3.803669e-02 5.868942e-04
2.982663e-02 3.547665e-02 5.800211e-04
3.009745e-02 3.494225e-02 5.746449e-04
3.036826e-02 3.421136e-02 5.653529e-04
3.063907e-02 3.243762e-02 5.533520e-04
3.090989e-02 3.242273e-02 5.543162e-04
3.118070e-02 3.078405e-02 5.454249e-04
3.145152e-02 2.926420e-02 5.355404e-04
3.172233e-02 2.838288e-02 5.278612e-04
3.199315e-02 2.791390e-02 5.254714e-04
3.226396e-02 2.581916e-02 5.191782e-04
3.253478e-02 2.504686e-02 5.219175e-04
3.280559e-02 2.457780e-02 5.161138e-04
3.307641e-02 2.321740e-02 5.051103e-04
3.334722e-02 2.347389e-02 4.989338e-04
3.361803e-02 2.170223e-02 4.970824e-04
3.388885e-02 2.243749e-02 4.941477e-04
3.415966e-02 2.133301e-02 4.933395e-04
3.443048e-02 1.974537e-02 4.789119e-04
3.470129e-02 1.877081e-02 4.753727e-04
3.497211e-02 1.931668e-02 4.726149e-04
3.524292e-02 1.763414e-02 4.631664e-04
3.551374e-02 1.702115e-02 4.668959e-04
3.578455e-02 1.798608e-02 4.649315e-04
3.605536e-02 1.687668e-02 4.532241e-04
3.632618e-02 1.553325e-02 4.600580e-04
3.659699e-02 1.572263e-02 4.524610e-04
3.686780e-02 1.484812e-02 4.439807e-04
3.713862e-02 1.592431e-02 4.438124e-04
3.740944e-02 1.472551e-02 4.364112e-04
3.768025e-02 1.394170e-02 4.363328e-04
3.795106e-02 1.303446e-02 4.293681e-04
3.822188e-02 1.351518e-02 4.346726e-04
3.849269e-02 1.360612e-02 4.228243e-04
3.876351e-02 1.284752e-02 4.200271e-04
3.903432e-02 1.306587e-02 4.213242e-04
3.930514e-02 1.258234e-02 4.181204e-04
3.957595e-02 1.205196e-02 4.131124e-04
3.984676e-02 1.178522e-02 4.091198e-04
4.011758e-02 1.138265e-02 4.035982e-04
4.038839e-02 1.131900e-02 4.037599e-04
4.065921e-02 1.097103e-02 4.046471e-04
4.093002e-02 1.083137e-02 4.062805e-04
4.120084e-02 1.033681e-02 3.986675e-04
4.147165e-02 1.049093e-02 3.958117e-04
4.174246e-02 1.054840e-02 3.974234e-04
4.201328e-02 9.527352e-03 3.847226e-04
4.228409e-02 9.949878e-03 3.907004e-04
4.255491e-02 1.004013e-02 3.883699e-04
4.282572e-02 9.936299e-03 3.934394e-04
4.309653e-02 9.392560e-03 3.797852e-04
4.336735e-02 9.646311e-03 3.815237e-04
4.363817e-02 8.944929e-03 3.774990e-04
4.390898e-02 8.547619e-03 3.797677e-04
4.417979e-02 8.629691e-03 3.831109e-04
4.445061e-02 9.083267e-03 3.759468e-04
4.472142e-02 7.740952e-03 3.723673e-04
4.499224e-02 9.061269e-03 3.734345e-04
4.526305e-02 8.710131e-03 3.722334e-04
4.553387e-02 9.300832e-03 3.680010e-04
4.580468e-02 8.280810e-03 3.670710e-04
4.607549e-02 8.375250e-03 3.684050e-04
4.634631e-02 8.521747e-03 3.653338e-04
4.661712e-02 8.146100e-03 3.622085e-04
4.688794e-02 8.068230e-03 3.621134e-04
4.715875e-02 8.620348e-03 3.597820e-04
4.742957e-02 7.593717e-03 3.577248e-04
4.770038e-02 8.442052e-03 3.550167e-04
4.797119e-02 7.562369e-03 3.504754e-04
4.824201e-02 7.701080e-03 3.570244e-04
4.851282e-02 8.152608e-03 3.579138e-04
4.878364e-02 7.585190e-03 3.502859e-04
4.905445e-02 8.250352e-03 3.480308e-04
4.932526e-02 7.773601e-03 3.472459e-04
4.959608e-02 7.431339e-03 3.484496e-04
4.986690e-02 7.378012e-03 3.449341e-04
5.013771e-02 6.934442e-03 3.455664e-04
5.040852e-02 7.672690e-03 3.443750e-04
5.067934e-02 7.549550e-03 3.462585e-04
5.095015e-02 7.674500e-03 3.388460e-04
5.122096e-02 6.965119e-03 3.420547e-04
5.149178e-02 7.049531e-03 3.373846e-04
5.176260e-02 6.911602e-03 3.373024e-04
5.203341e-02 7.109869e-03 3.404632e-04
5.230422e-02 7.457457e-03 3.329665e-04
5.257504e-02 7.039990e-03 3.344575e-04
5.284585e-02 7.462539e-03 3.326723e-04
5.311667e-02 6.798927e-03 3.323840e-04
5.338748e-02 7.544998e-03 3.364471e-04
5.365830e-02 6.860409e-03 3.332921e-04
5.392911e-02 7.463198e-03 3.428155e-04
5.419992e-02 7.102959e-03 3.385234e-04
5.447074e-02 6.821591e-03 3.391667e-04
5.474155e-02 7.067680e-03 3.462964e-04
5.501237e-02 6.398469e-03 3.443811e-04
5.528318e-02 6.568082e-03 3.505709e-04
5.555400e-02 6.724089e-03 3.534265e-04
5.582481e-02 6.098852e-03 3.542444e-04
5.609563e-02 6.489549e-03 3.571658e-04
5.636644e-02 6.379951e-03 3.591378e-04
5.663725e-02 6.005500e-03 3.573633e-04
5.690807e-02 6.022271e-03 3.578747e-04
5.717888e-02 6.159760e-03 3.573228e-04
5.744969e-02 6.103590e-03 3.570409e-04
5.772051e-02 6.717891e-03 3.582752e-04
5.799133e-02 6.361939e-03 3.585775e-04
5.826214e-02 5.988559e-03 3.614007e-04
5.853295e-02 5.886229e-03 3.599174e-04
5.880377e-02 5.813889e-03 3.563764e-04
5.907458e-02 6.139608e-03 3.600279e-04
5.934540e-02 5.633131e-03 3.593456e-04
5.961621e-02 6.138491e-03 3.627343e-04
5.988703e-02 6.162841e-03 3.647078e-04
6.015784e-02 6.149391e-03 3.631666e-04
6.042865e-02 6.054590e-03 3.617579e-04
6.069947e-02 6.310701e-03 3.561334e-04
6.097028e-02 5.647197e-03 3.552972e-04
6.124110e-02 6.344268e-03 3.488746e-04
6.151191e-02 5.288649e-03 3.500306e-04
6.178273e-02 5.874172e-03 3.502029e-04
6.205354e-02 5.387722e-03 3.440596e-04
6.232436e-02 5.837569e-03 3.498457e-04
6.259517e-02 5.753228e-03 3.463521e-04
6.286598e-02 5.867781e-03 3.427759e-04
6.313679e-02 5.563261e-03 3.435115e-04
6.340761e-02 5.093742e-03 3.404810e-04
6.367842e-02 5.764799e-03 3.395259e-04
6.394923e-02 5.550500e-03 3.379266e-04
6.422005e-02 5.130202e-03 3.401934e-04
6.449086e-02 5.170779e-03 3.410205e-04
6.476168e-02 4.839310e-03 3.343680e-04
6.503250e-02 4.839150e-03 3.396580e-04
6.530331e-02 4.344501e-03 3.339384e-04
6.557412e-02 5.418101e-03 3.372478e-04
6.584494e-02 5.027696e-03 3.378527e-04
6.611575e-02 4.749399e-03 3.333874e-04
6.638657e-02 5.071230e-03 3.380611e-04
6.665738e-02 5.182829e-03 3.315161e-04
6.692819e-02 5.757149e-03 3.349027e-04
6.719901e-02 5.248351e-03 3.341271e-04
6.746982e-02 4.437329e-03 3.310689e-04
6.774063e-02 4.516780e-03 3.344559e-04
6.801146e-02 4.998550e-03 3.312701e-04
6.828227e-02 5.110919e-03 3.287158e-04
6.855308e-02 5.252352e-03 3.319456e-04
6.882390e-02 4.895389e-03 3.321607e-04
6.909471e-02 4.213190e-03 3.305336e-04
6.936552e-02 4.594920e-03 3.240395e-04
6.963634e-02 4.681941e-03 3.307718e-04
6.990715e-02 4.845832e-03 3.288074e-04
7.017796e-02 4.622240e-03 3.246054e-04
7.044878e-02 4.791681e-03 3.268872e-04
7.071959e-02 4.610069e-03 3.248555e-04
7.099041e-02 4.319740e-03 3.268207e-04
7.126123e-02 4.330341e-03 3.227211e-04
7.153204e-02 5.244751e-03 3.234497e-04
7.180285e-02 4.771611e-03 3.229175e-04
7.207367e-02 4.256349e-03 3.188871e-04
7.234448e-02 4.363699e-03 3.229184e-04
7.261530e-02 4.497750e-03 3.219015e-04
7.288611e-02 3.855769e-03 3.192300e-04
7.315692e-02 4.421441e-03 3.202075e-04
7.342774e-02 4.417092e-03 3.176361e-04
7.369855e-02 4.328372e-03 3.214068e-04
7.396936e-02 4.906420e-03 3.199734e-04
7.424019e-02 4.107481e-03 3.193913e-04
7.451100e-02 4.027208e-03 3.163794e-04
7.478181e-02 4.470171e-03 3.175884e-04
7.505263e-02 4.436521e-03 3.185495e-04
7.532344e-02 4.357319e-03 3.224437e-04
7.559425e-02 4.439600e-03 3.135176e-04
7.586507e-02 4.346881e-03 3.128388e-04
7.613588e-02 4.569219e-03 3.157356e-04
7.640669e-02 3.921531e-03 3.115901e-04
7.667751e-02 4.259199e-03 3.169370e-04
7.694832e-02 3.843751e-03 3.124464e-04
7.721914e-02 4.296890e-03 3.146196e-04
7.748996e-02 3.898440e-03 3.138151e-04
7.776077e-02 4.107019e-03 3.115489e-04
7.803158e-02 4.057281e-03 3.122045e-04
7.830240e-02 3.877740e-03 3.096165e-04
7.857321e-02 3.867749e-03 3.086138e-04
7.884403e-02 4.020790e-03 3.111193e-04
7.911484e-02 3.523439e-03 3.101272e-04
7.938565e-02 4.324900e-03 3.113657e-04
7.965647e-02 3.884312e-03 3.076447e-04
7.992728e-02 3.989179e-03 3.066955e-04
8.019809e-02 4.205519e-03 3.062548e-04
8.046892e-02 3.847940e-03 3.082796e-04
8.073973e-02 4.133690e-03 3.072161e-04
8.101054e-02 3.967529e-03 3.052069e-04
8.128136e-02 3.600881e-03 3.070025e-04
8.155217e-02 3.041567e-03 3.046879e-04
8.182298e-02 3.799360e-03 3.055512e-04
8.209380e-02 3.674371e-03 3.041229e-04
8.236461e-02 3.825758e-03 3.021253e-04
8.263543e-02 3.828360e-03 3.026906e-04
8.290624e-02 3.321709e-03 3.043334e-04
8.317705e-02 3.561500e-03 3.006518e-04
8.344787e-02 3.754428e-03 3.056283e-04
8.371869e-02 3.899729e-03 3.039068e-04
8.398950e-02 3.123460e-03 3.006138e-04
8.426031e-02 3.140479e-03 3.025491e-04
8.453113e-02 3.897460e-03 2.980053e-04
8.480194e-02 3.669959e-03 3.019794e-04
8.507276e-02 3.285458e-03 3.000905e-04
8.534357e-02 3.429189e-03 2.977628e-04
8.561438e-02 2.904512e-03 2.980878e-04
8.588520e-02 2.866430e-03 2.966744e-04
8.615601e-02 3.445521e-03 2.957233e-04
8.642682e-02 3.650600e-03 2.968684e-04
8.669765e-02 2.838770e-03 2.950893e-04
8.696846e-02 2.872741e-03 2.963037e-04
8.723927e-02 3.600990e-03 2.938659e-04
8.751009e-02 3.220968e-03 2.928520e-04
8.778090e-02 3.159560e-03 2.935914e-04
8.805171e-02 3.189588e-03 2.953226e-04
8.832253e-02 2.956059e-03 2.937246e-04
8.859334e-02 3.468473e-03 2.933182e-04
8.886416e-02 3.564080e-03 2.917780e-04
8.913497e-02 3.175009e-03 2.939652e-04
8.940578e-02 3.052201e-03 2.922923e-04
8.967660e-02 2.600200e-03 2.908618e-04
8.994742e-02 3.397509e-03 2.935339e-04
9.021823e-02 3.340729e-03 2.908306e-04
9.048904e-02 3.412960e-03 2.897173e-04
9.075986e-02 3.164139e-03 2.910055e-04
9.103067e-02 2.885189e-03 2.872586e-04
9.130149e-02 3.273649e-03 2.905657e-04
9.157230e-02 3.388779e-03 2.883619e-04
9.184311e-02 3.073579e-03 2.926440e-04
9.211393e-02 3.759820e-03 2.878101e-04
9.238474e-02 3.462769e-03 2.886116e-04
9.265555e-02 2.672620e-03 2.882754e-04
9.292637e-02 2.046032e-03 2.845612e-04
9.319719e-02 3.091890e-03 2.910744e-04
9.346800e-02 3.093839e-03 2.875200e-04
9.373882e-02 2.385480e-03 2.853461e-04
9.400963e-02 2.898669e-03 2.864272e-04
9.428044e-02 3.249940e-03 2.854036e-04
9.455126e-02 2.676971e-03 2.856530e-04
9.482207e-02 2.473960e-03 2.849330e-04
9.509289e-02 3.428258e-03 2.854193e-04
9.536370e-02 2.379568e-03 2.845904e-04
9.563451e-02 2.489600e-03 2.802440e-04
9.590533e-02 3.212770e-03 2.855698e-04
9.617615e-02 2.401251e-03 2.823745e-04
9.644696e-02 2.995238e-03 2.817438e-04
9.671777e-02 3.239593e-03 2.810910e-04
9.698859e-02 3.427329e-03 2.803024e-04
9.725940e-02 3.311040e-03 2.847558e-04
9.753022e-02 2.163058e-03 2.802337e-04
9.780103e-02 2.781730e-03 2.823077e-04
9.807184e-02 3.039090e-03 2.810423e-04
9.834266e-02 2.685260e-03 2.787436e-04
9.861347e-02 2.328210e-03 2.829052e-04
9.888428e-02 2.487419e-03 2.765954e-04
9.915510e-02 2.622621e-03 2.802064e-04
9.942592e-02 2.846470e-03 2.782763e-04
9.969673e-02 2.281088e-03 2.779452e-04
9.996755e-02 2.356710e-03 2.776341e-04
1.002384e-01 2.988178e-03 2.792666e-04
1.005092e-01 3.347369e-03 2.778857e-04
1.007800e-01 2.632950e-03 2.761863e-04
1.010508e-01 2.914559e-03 2.780304e-04
1.013216e-01 2.810908e-03 2.794626e-04
1.015924e-01 2.596792e-03 2.746679e-04
1.018632e-01 2.367619e-03 2.761220e-04
1.021341e-01 2.337849e-03 2.767212e-04
1.024049e-01 2.654918e-03 2.744268e-04
1.026757e-01 3.090769e-03 2.725458e-04
1.029465e-01 2.060559e-03 2.735844e-04
1.032173e-01 2.478069e-03 2.739775e-04
1.034881e-01 2.585499e-03 2.712449e-04
1.037589e-01 2.128020e-03 2.721959e-04
1.040298e-01 2.626900e-03 2.720488e-04
1.043006e-01 2.761280e-03 2.737918e-04
1.045714e-01 2.339708e-03 2.736243e-04
1.048422e-01 3.037391e-03 2.724327e-04
1.051130e-01 2.309820e-03 2.712563e-04
1.053838e-01 2.683641e-03 2.721048e-04
1.056546e-01 2.195459e-03 2.715677e-04
1.059255e-01 2.157528e-03 2.678588e-04
1.061963e-01 2.232820e-03 2.717003e-04
1.064671e-01 2.625221e-03 2.713400e-04
1.067379e-01 2.504870e-03 2.696650e-04
1.070087e-01 2.442969e-03 2.713143e-04
1.072795e-01 2.503470e-03 2.676280e-04
1.075503e-01 2.771502e-03 2.682139e-04
1.078212e-01 2.268691e-03 2.670254e-04
1.080920e-01 2.233202e-03 2.683503e-04
1.083628e-01 2.104890e-03 2.676930e-04
1.086336e-01 2.425741e-03 2.680061e-04
1.089044e-01 2.762221e-03 2.680748e-04
1.091752e-01 2.331359e-03 2.657062e-04
1.094460e-01 2.488960e-03 2.662506e-04
1.097169e-01 2.032790e-03 2.661448e-04
1.099877e-01 1.897732e-03 2.641541e-04
1.102585e-01 2.321519e-03 2.671398e-04
1.105293e-01 2.250791e-03 2.672889e-04
1.108001e-01 2.246600e-03 2.715773e-04
1.110709e-01 2.671340e-03 2.737792e-04
1.113417e-01 2.039442e-03 2.693920e-04
1.116126e-01 2.900051e-03 2.794831e-04
1.118834e-01 2.094932e-03 2.765688e-04
1.121542e-01 1.875360e-03 2.770822e-04
1.124250e-01 2.212821e-03 2.832578e-04
1.126958e-01 2.556130e-03 2.839914e-04
1.129666e-01 1.803840e-03 2.816031e-04
1.132374e-01 2.083501e-03 2.873939e-04
1.135083e-01 1.712872e-03 2.900715e-04
1.137791e-01 1.988631e-03 2.892838e-04
1.140499e-01 2.416452e-03 2.896876e-04
1.143207e-01 1.553660e-03 2.940148e-04
1.145915e-01 2.391430e-03 2.955866e-04
1.148623e-01 1.926040e-03 2.986525e-04
1.151332e-01 2.112539e-03 2.993160e-04
1.154040e-01 2.056738e-03 2.993271e-04
1.156748e-01 1.978282e-03 3.018467e-04
1.159456e-01 1.642870e-03 3.025220e-04
1.162164e-01 2.201471e-03 3.060424e-04
1.164872e-01 1.997760e-03 3.019160e-04
1.167580e-01 2.151160e-03 3.099181e-04
1.170288e-01 1.694622e-03 3.076449e-04
1.172997e-01 2.348479e-03 3.081982e-04
1.175705e-01 1.601011e-03 3.088815e-04
1.178413e-01 1.720970e-03 3.129010e-04
1.181121e-01 1.905549e-03 3.071604e-04
1.183829e-01 2.064850e-03 3.033864e-04
1.186537e-01 2.076458e-03 3.033776e-04
1.189246e-01 2.276020e-03 3.044525e-04
1.191954e-01 1.916660e-03 3.000919e-04
1.194662e-01 1.387788e-03 3.013860e-04
1.197370e-01 2.182890e-03 3.000180e-04
1.200078e-01 2.208721e-03 3.001501e-04
1.202786e-01 1.769500e-03 2.959475e-04
1.205494e-01 2.276860e-03 2.998566e-04
1.208202e-01 1.866210e-03 3.015800e-04
1.210911e-01 1.802782e-03 2.988443e-04
1.213619e-01 1.881851e-03 2.977266e-04
1.216327e-01 1.528589e-03 2.995198e-04
1.219035e-01 1.608452e-03 2.988037e-04
1.221743e-01 2.369421e-03 3.001277e-04
1.224451e-01 1.681751e-03 2.990131e-04
1.227160e-01 1.824979e-03 3.005060e-04
1.229868e-01 1.891850e-03 2.979641e-04
1.232576e-01 1.111401e-03 3.000998e-04
1.235284e-01 1.524320e-03 2.991149e-04
1.237992e-01 1.812778e-03 3.000121e-04
1.240700e-01 1.503730e-03 2.995658e-04
1.243408e-01 1.753129e-03 2.959354e-04
1.246117e-01 1.769770e-03 2.970427e-04
1.248825e-01 1.824059e-03 2.992552e-04
1.251533e-01 1.873720e-03 2.973181e-04
1.254241e-01 1.683200e-03 2.973809e-04
1.256949e-01 1.527071e-03 2.952520e-04
1.259657e-01 1.832642e-03 2.978793e-04
1.262365e-01 1.511320e-03 2.953872e-04
1.265074e-01 1.532428e-03 2.911620e-04
1.267782e-01 2.161011e-03 2.966542e-04
1.270490e-01 1.301549e-03 2.945681e-04
1.273198e-01 1.905950e-03 2.945890e-04
1.275906e-01 1.750128e-03 2.918760e-04
1.278614e-01 1.585141e-03 2.921271e-04
1.281322e-01 1.787622e-03 2.933657e-04
1.284031e-01 1.632070e-03 2.902936e-04
1.286739e-01 1.488261e-03 2.966075e-04
1.289447e-01 1.901610e-03 2.919338e-04
1.292155e-01 1.255870e-03 2.903255e-04
1.294863e-01 1.280012e-03 2.908253e-04
1.297571e-01 1.573300e-03 2.907208e-04
1.300279e-01 1.879880e-03 2.910778e-04
1.302988e-01 1.846710e-03 2.870542e-04
1.305696e-01 1.593219e-03 2.901355e-04
1.308404e-01 1.323860e-03 2.896379e-04
1.311112e-01 1.408949e-03 2.911171e-04
1.313820e-01 1.395151e-03 2.875040e-04
1.316528e-01 1.584629e-03 2.907259e-04
1.319236e-01 7.827599e-04 2.861591e-04
1.321945e-01 1.117760e-03 2.856431e-04
1.324653e-01 1.410389e-03 2.896455e-04
1.327361e-01 1.176151e-03 2.867774e-04
1.330069e-01 1.816291e-03 2.916274e-04
1.332777e-01 1.511170e-03 2.866580e-04
1.335485e-01 1.595382e-03 2.869085e-04
1.338193e-01 1.486121e-03 2.917925e-04
1.340902e-01 8.449890e-04 2.856180e-04
1.343610e-01 1.667459e-03 2.877696e-04
1.346318e-01 1.565950e-03 2.868943e-04
1.349026e-01 1.563890e-03 2.831876e-04
1.351734e-01 7.223003e-04 2.835525e-04
1.354442e-01 1.252029e-03 2.835786e-04
1.357151e-01 1.346709e-03 2.884392e-04
1.359859e-01 1.317101e-03 2.841595e-04
1.362567e-01 1.708200e-03 2.858858e-04
1.365275e-01 1.438592e-03 2.818652e-04
1.367983e-01 1.609180e-03 2.824160e-04
1.370691e-01 1.770571e-03 2.863619e-04
1.373399e-01 1.555040e-03 2.888857e-04
1.376107e-01 1.230160e-03 2.877087e-04
1.378816e-01 9.744205e-04 2.924553e-04
1.381524e-01 1.537440e-03 2.929003e-04
1.384232e-01 1.056211e-03 2.957255e-04
1.386940e-01 8.487497e-04 2.976303e-04
1.389648e-01 9.732004e-04 3.036376e-04
1.392356e-01 1.237759e-03 3.048503e-04
1.395064e-01 1.143530e-03 3.029076e-04
1.397773e-01 1.615630e-03 3.020335e-04
1.400481e-01 1.599230e-03 3.062498e-04
1.403189e-01 1.626320e-03 3.079502e-04
1.405897e-01 1.063021e-03 3.063147e-04
1.408605e-01 1.446780e-03 3.059527e-04
1.411313e-01 1.810441e-03 3.110640e-04
1.414021e-01 1.117269e-03 3.074119e-04
1.416730e-01 1.827309e-03 3.158092e-04
1.419438e-01 9.662099e-04 3.115134e-04
1.422146e-01 1.016948e-03 3.128290e-04
1.424854e-01 1.554731e-03 3.121198e-04
1.427562e-01 1.622992e-03 3.126598e-04
1.430270e-01 8.952301e-04 3.125140e-04
1.432979e-01 6.287992e-04 3.107128e-04
1.435687e-01 1.338089e-03 3.155114e-04
1.438395e-01 1.417400e-03 3.166421e-04
1.441103e-01 1.308082e-03 3.175189e-04
1.443811e-01 1.874451e-03 3.215232e-04
1.446519e-01 1.340259e-03 3.204196e-04
1.449227e-01 1.474759e-03 3.251075e-04
1.451935e-01 1.484830e-03 3.198242e-04
1.454644e-01 1.209000e-03 3.219879e-04
1.457352e-01 1.312621e-03 3.242292e-04
1.460060e-01 9.007007e-04 3.231873e-04
1.462768e-01 1.173900e-03 3.251941e-04
1.465476e-01 1.321130e-03 3.275036e-04
1.468184e-01 8.343998e-04 3.276618e-04
1.470892e-01 1.278790e-03 3.252761e-04
1.473601e-01 9.117499e-04 3.232864e-04
1.476309e-01 1.417099e-03 3.286774e-04
1.479017e-01 1.216849e-03 3.247563e-04
1.481725e-01 8.789599e-04 3.298742e-04
1.484433e-01 4.966892e-04 3.248820e-04
1.487141e-01 8.190908e-04 3.257796e-04
1.489850e-01 9.738393e-04 3.228450e-04
1.492558e-01 7.970203e-04 3.243393e-04
1.495266e-01 1.540000e-03 3.251843e-04
1.497974e-01 1.029460e-03 3.235434e-04
1.500682e-01 1.619739e-03 3.236249e-04
1.503390e-01 1.237290e-03 3.244938e-04
1.506098e-01 7.858910e-04 3.185475e-04
1.508806e-01 9.472203e-04 3.259212e-04
1.511515e-01 8.196011e-04 3.250345e-04
1.514223e-01 1.227049e-03 3.260015e-04
1.516931e-01 1.330970e-03 3.234893e-04
1.519639e-01 1.148861e-03 3.249451e-04
1.522347e-01 8.778907e-04 3.257598e-04
1.525055e-01 7.714797e-04 3.244449e-04
1.527763e-01 1.167089e-03 3.258176e-04
1.530472e-01 1.339480e-03 3.229347e-04
1.533180e-01 9.511393e-04 3.236466e-04
1.535888e-01 1.407070e-03 3.258591e-04
1.538596e-01 1.516340e-03 3.251790e-04
1.541304e-01 7.759910e-04 3.251331e-04
1.544012e-01 1.327271e-03 3.229096e-04
1.546721e-01 1.382120e-03 3.255280e-04
1.549429e-01 7.498004e-04 3.251690e-04
1.552137e-01 1.260480e-03 3.261980e-04
1.554845e-01 1.521070e-03 3.275372e-04
1.557553e-01 8.466598e-04 3.212630e-04
1.560261e-01 1.446391e-03 3.269212e-04
1.562969e-01 1.037860e-03 3.237759e-04
1.565678e-01 1.572531e-03 3.270086e-04
1.568386e-01 8.025002e-04 3.281723e-04
1.571094e-01 6.751791e-04 3.273144e-04
1.573802e-01 5.682893e-04 3.243747e-04
1.576510e-01 8.676890e-04 3.223292e-04
1.579218e-01 1.254600e-03 3.267756e-04
1.581926e-01 8.852500e-04 3.240177e-04
1.584634e-01 1.176421e-03 3.248360e-04
1.587343e-01 7.494483e-04 3.254642e-04
1.590051e-01 8.468311e-04 3.190714e-04
1.592759e-01 1.040339e-03 3.249020e-04
1.595467e-01 6.985087e-04 3.260077e-04
1.598175e-01 6.213691e-04 3.256995e-04
1.600883e-01 6.847009e-04 3.234368e-04
1.603591e-01 9.538904e-04 3.193849e-04
1.606300e-01 1.049951e-03 3.202096e-04
1.609008e-01 9.907391e-04 3.226132e-04
1.611716e-01 8.505210e-04 3.248209e-04
1.614424e-01 1.275301e-03 3.234697e-04
1.617132e-01 8.853693e-04 3.270556e-04
1.619840e-01 9.875707e-04 3.206555e-04
1.622549e-01 1.200290e-03 3.236332e-04
1.625257e-01 1.233019e-03 3.230347e-04
1.627965e-01 9.846687e-04 3.219758e-04
1.630673e-01 9.744409e-04 3.230594e-04
1.633381e-01 9.256098e-04 3.217996e-04
1.636089e-01 8.925498e-04 3.219783e-04
1.638797e-01 6.821603e-04 3.239888e-04
1.641506e-01 6.206688e-04 3.199354e-04
1.644214e-01 7.995516e-04 3.210313e-04
1.646922e-01 6.956793e-04 3.225079e-04
1.649630e-01 8.294005e-04 3.222286e-04
1.652338e-01 1.168001e-03 3.239796e-04
1.655046e-01 7.179789e-04 3.210209e-04
1.657754e-01 3.101714e-04 3.198249e-04
1.660462e-01 3.700107e-04 3.214509e-04
1.663171e-01 8.519497e-04 3.197277e-04
1.665879e-01 1.071719e-03 3.226239e-04
1.668587e-01 3.161505e-04 3.234958e-04
1.671295e-01 1.337910e-03 3.269019e-04
1.674003e-01 8.496996e-04 3.238585e-04
1.676711e-01 6.786902e-04 3.335088e-04
1.679420e-01 7.072799e-04 3.435224e-04
1.682128e-01 9.379406e-04 3.427731e-04
1.684836e-01 4.475117e-04 3.485593e-04
1.687544e-01 1.370490e-03 3.497043e-04
1.690252e-01 1.660420e-03 3.567653e-04
1.692960e-01 3.185794e-04 3.488013e-04
1.695668e-01 1.578391e-03 3.596743e-04
1.698377e-01 7.305797e-04 3.603156e-04
1.701085e-01 1.442431e-03 3.622948e-04
1.703793e-01 2.356600e-04 3.699885e-04
1.706501e-01 1.024460e-03 3.719564e-04
1.709209e-01 8.188002e-04 3.765513e-04
1.711917e-01 4.318208e-04 3.709359e-04
1.714625e-01 8.518305e-04 3.729308e-04
1.717333e-01 7.171109e-04 3.811331e-04
1.720042e-01 8.205511e-04 3.819518e-04
1.722750e-01 4.848465e-06 3.866496e-04
1.725458e-01 6.735194e-04 3.886267e-04
1.728166e-01 5.186293e-04 3.887881e-04
1.730874e-01 3.293101e-04 3.861652e-04
1.733582e-01 7.704515e-04 3.919166e-04
1.736291e-01 9.670090e-04 4.035303e-04
1.738999e-01 6.555505e-04 3.914192e-04
1.741707e-01 9.019598e-04 4.012044e-04
1.744415e-01 9.518098e-04 4.051489e-04
1.747123e-01 6.414000e-04 4.030285e-04
1.749831e-01 -1.950935e-05 3.898253e-04
1.752539e-01 6.037597e-04 3.780258e-04
1.755248e-01 6.004702e-04 3.792479e-04
1.757956e-01 4.123803e-04 3.723520e-04
1.760664e-01 1.275249e-03 3.780484e-04
1.763372e-01 5.288702e-04 3.726788e-04
1.766080e-01 4.842095e-04 3.710377e-04
1.768788e-01 4.433692e-04 3.718448e-04
1.771496e-01 8.345991e-04 3.667683e-04
1.774205e-01 1.683999e-04 3.684570e-04
1.776913e-01 3.947895e-04 3.669887e-04
1.779621e-01 5.808789e-04 3.673980e-04
1.782329e-01 5.218107e-04 3.667134e-04
1.785037e-01 1.691250e-03 3.624629e-04
1.787745e-01 1.600489e-03 3.632533e-04
1.790453e-01 4.355703e-04 3.613291e-04
1.793161e-01 5.174000e-04 3.604008e-04
1.795870e-01 3.165491e-04 3.650420e-04
1.798578e-01 1.502849e-03 3.559749e-04
1.801286e-01 5.525090e-04 3.572847e-04
1.803994e-01 4.685912e-04 3.515414e-04
1.806702e-01 5.685613e-04 3.555343e-04
1.809410e-01 1.012590e-03 3.565105e-04
1.812119e-01 1.324030e-03 3.501885e-04
1.814827e-01 1.702588e-04 3.519629e-04
1.817535e-01 1.636297e-04 3.483455e-04
1.820243e-01 9.122808e-04 3.439106e-04
1.822951e-01 6.795395e-04 3.488563e-04
1.825659e-01 5.264096e-04 3.516600e-04
1.828367e-01 9.857900e-04 3.545770e-04
1.831076e-01 2.691597e-04 3.451278e-04
1.833784e-01 8.400511e-04 3.507151e-04
1.836492e-01 1.318319e-03 3.509747e-04
1.839200e-01 8.945707e-04 3.488713e-04
1.841908e-01 6.850101e-04 3.494380e-04
1.844616e-01 5.000811e-04 3.470925e-04
1.847324e-01 5.363915e-04 3.516973e-04
1.850033e-01 4.010107e-04 3.474000e-04
1.852741e-01 6.100107e-04 3.443912e-04
1.855449e-01 7.032715e-04 3.461166e-04
1.858157e-01 1.022810e-03 3.472305e-04
1.860865e-01 7.221308e-04 3.500845e-04
1.863573e-01 7.836800e-04 3.461314e-04
1.866281e-01 6.287806e-04 3.482778e-04
1.868990e-01 -9.962916e-05 3.482932e-04
1.871698e-01 -1.800098e-04 3.432350e-04
1.874406e-01 1.130730e-03 3.470886e-04
1.877114e-01 6.725397e-04 3.423023e-04
1.879822e-01 1.064191e-03 3.517496e-04
1.882530e-01 8.438993e-04 3.469877e-04
1.885238e-01 2.252106e-04 3.467709e-04
1.887947e-01 2.108198e-04 3.497942e-04
1.890655e-01 4.168805e-04 3.445502e-04
1.893363e-01 2.006888e-04 3.496518e-04
1.896071e-01 1.115510e-03 3.411077e-04
1.898779e-01 1.157559e-03 3.495642e-04
1.901487e-01 3.835689e-04 3.476548e-04
1.904195e-01 1.968890e-04 3.441015e-04
1.906904e-01 1.084141e-03 3.497357e-04
1.909612e-01 8.859709e-04 3.416054e-04
1.912320e-01 3.645793e-04 3.475182e-04
1.915028e-01 9.698104e-04 3.449424e-04
1.917736e-01 2.604593e-04 3.469382e-04
1.920444e-01 1.555905e-04 3.454600e-04
1.923153e-01 7.323399e-04 3.441271e-04
1.925861e-01 6.206091e-04 3.471790e-04
1.928569e-01 7.183999e-04 3.433724e-04
1.931277e-01 1.019411e-03 3.433681e-04
1.933985e-01 3.095306e-04 3.424994e-04
1.936693e-01 1.111791e-03 3.449839e-04
1.939401e-01 8.610301e-04 3.479779e-04
1.942109e-01 7.593706e-04 3.428662e-04
1.944818e-01 9.144396e-04 3.438901e-04
1.947526e-01 5.581304e-04 3.442443e-04
1.950234e-01 7.330794e-04 3.431180e-04
1.952942e-01 1.033351e-03 3.423496e-04
1.955650e-01 2.287906e-04 3.451779e-04
1.958358e-01 3.900006e-04 3.433270e-04
1.961066e-01 -5.086139e-05 3.445653e-04
1.963775e-01 2.968088e-04 3.411385e-04
1.966483e-01 7.466692e-04 3.441687e-04
1.969191e-01 6.954502e-04 3.434325e-04
1.971899e-01 7.643290e-04 3.441022e-04
1.974607e-01 4.865900e-04 3.470390e-04
1.977315e-01 2.757087e-04 3.438145e-04
1.980023e-01 6.601401e-04 3.410684e-04
1.982732e-01 3.106594e-04 3.418609e-04
1.985440e-01 1.177005e-05 3.475121e-04
1.988148e-01 7.577892e-04 3.452082e-04
1.990856e-01 1.634806e-04 3.447796e-04
1.993564e-01 -2.711210e-04 3.414951e-04
1.996272e-01 1.142900e-04 3.408965e-04
1.998980e-01 6.691199e-04 3.427604e-04
2.001689e-01 3.130902e-04 3.368661e-04
2.004397e-01 3.816895e-04 3.362259e-04
2.007105e-01 7.886291e-04 3.402404e-04
2.009813e-01 9.531789e-04 3.382330e-04
2.012521e-01 1.767091e-05 3.394703e-04
2.015229e-01 4.827902e-04 3.422371e-04
2.017937e-01 1.104979e-03 3.429101e-04
2.020646e-01 -4.611909e-05 3.372324e-04
2.023354e-01 3.576912e-04 3.415093e-04
2.026062e-01 2.010483e-04 3.385101e-04
2.028770e-01 3.239103e-04 3.417521e-04
2.031478e-01 9.052008e-04 3.390841e-04
2.034186e-01 6.731898e-04 3.400909e-04
2.036894e-01 3.412198e-04 3.364939e-04
2.039603e-01 3.789514e-04 3.391839e-04
2.042311e-01 7.357299e-04 3.368348e-04
2.045019e-01 1.134200e-03 3.360910e-04
2.047727e-01 9.413287e-04 3.347757e-04
2.050435e-01 3.497805e-04 3.397200e-04
2.053143e-01 1.602899e-04 3.355914e-04
2.055852e-01 -5.024709e-04 3.353734e-04
2.058560e-01 3.411695e-04 3.343835e-04
2.061268e-01 7.472299e-04 3.342821e-04
2.063976e-01 3.239810e-04 3.357063e-04
2.066684e-01 1.513697e-04 3.312942e-04
2.069392e-01 4.142988e-04 3.310829e-04
2.072100e-01 -8.610077e-05 3.306602e-04
2.074808e-01 5.384404e-04 3.352930e-04
2.077517e-01 7.914789e-04 3.302453e-04
2.080225e-01 4.370511e-04 3.298492e-04
2.082933e-01 -1.373813e-04 3.295531e-04
2.085641e-01 4.595499e-04 3.336524e-04
2.088349e-01 5.971789e-04 3.307313e-04
2.091057e-01 -9.874068e-05 3.312612e-04
2.093765e-01 5.229507e-04 3.322056e-04
2.096474e-01 1.776610e-04 3.342195e-04
2.099182e-01 -4.955940e-05 3.337551e-04
2.101890e-01 2.120286e-04 3.296285e-04
2.104598e-01 8.720309e-04 3.328184e-04
2.107306e-01 6.328207e-04 3.318933e-04
2.110014e-01 1.013501e-03 3.338416e-04
2.112723e-01 9.400491e-04 3.358814e-04
2.115431e-01 5.974602e-04 3.324886e-04
2.118139e-01 3.509112e-04 3.293390e-04
2.120847e-01 1.388974e-05 3.297594e-04
2.123555e-01 6.751791e-04 3.360589e-04
2.126263e-01 5.324595e-04 3.293395e-04
2.128971e-01 1.092680e-03 3.336978e-04
2.131680e-01 2.331194e-04 3.304387e-04
2.134388e-01 6.561913e-05 3.290875e-04
2.137096e-01 5.830117e-04 3.354821e-04
2.139804e-01 3.894586e-04 3.360473e-04
2.142512e-01 3.814399e-04 3.327053e-04
2.145220e-01 -5.305931e-05 3.324364e-04
2.147928e-01 2.758298e-04 3.330155e-04
2.150636e-01 3.010314e-04 3.282222e-04
2.153345e-01 2.766494e-04 3.362077e-04
2.156053e-01 6.320197e-04 3.324106e-04
2.158761e-01 6.441511e-04 3.299690e-04
2.161469e-01 3.877189e-04 3.285216e-04
2.164177e-01 8.470286e-04 3.325719e-04
2.166885e-01 -1.110397e-04 3.338710e-04
2.169593e-01 1.410898e-04 3.333657e-04
2.172302e-01 2.358593e-04 3.326150e-04
2.175010e-01 5.678516e-04 3.318904e-04
2.177718e-01 7.408708e-04 3.300351e-04
2.180426e-01 4.119202e-04 3.289649e-04
2.183134e-01 4.789606e-04 3.346633e-04
2.185842e-01 6.585401e-04 3.300192e-04
2.188551e-01 1.557395e-04 3.280944e-04
2.191259e-01 7.428601e-04 3.294419e-04
2.193967e-01 -1.704097e-04 3.303638e-04
2.196675e-01 -5.001947e-05 3.282945e-04
2.199383e-01 8.012187e-04 3.297530e-04
2.202091e-01 1.208112e-04 3.272897e-04
2.204799e-01 4.158895e-04 3.280827e-04
2.207507e-01 6.185099e-05 3.306796e-04
2.210216e-01 5.225185e-04 3.265418e-04
2.212924e-01 3.650207e-04 3.264662e-04
2.215632e-01 1.389906e-04 3.279727e-04
2.218340e-01 3.286991e-04 3.246559e-04
2.221048e-01 5.333889e-04 3.296101e-04
2.223756e-01 5.097389e-04 3.261902e-04
2.226464e-01 -9.441003e-05 3.254390e-04
2.229173e-01 5.304310e-04 3.255355e-04
2.231881e-01 9.429082e-05 3.233848e-04
2.234589e-01 8.060709e-04 3.275320e-04
2.237297e-01 3.897306e-04 3.281131e-04
2.240005e-01 9.461697e-04 3.285310e-04
2.242713e-01 6.480999e-04 3.206399e-04
2.245422e-01 5.278792e-04 3.271140e-04
2.248130e-01 -1.515988e-04 3.234022e-04
2.250838e-01 1.979005e-04 3.241298e-04
2.253546e-01 2.192203e-04 3.243733e-04
2.256254e-01 5.762000e-04 3.257806e-04
2.258962e-01 5.237292e-04 3.263490e-04
2.261670e-01 6.845910e-04 3.365017e-04
2.264379e-01 5.049892e-04 3.483578e-04
2.267087e-01 -1.186300e-04 3.477205e-04
2.269795e-01 -6.251037e-06 3.527300e-04
2.272503e-01 9.859297e-04 3.620805e-04
2.275211e-01 4.353002e-04 3.649633e-04
2.277919e-01 2.249107e-04 3.655267e-04
2.280627e-01 -2.271887e-04 3.691064e-04
2.283335e-01 7.579401e-04 3.749674e-04
2.286044e-01 7.644203e-04 3.765545e-04
2.288752e-01 -2.870113e-04 3.782842e-04
2.291460e-01 5.423203e-04 3.805171e-04
2.294168e-01 7.926803e-04 3.916533e-04
2.296876e-01 4.035700e-04 3.900239e-04
2.299584e-01 5.635004e-04 3.961221e-04
2.302293e-01 7.667951e-05 3.923521e-04
2.305001e-01 4.350506e-04 4.029544e-04
2.307709e-01 2.950598e-04 4.049531e-04
2.310417e-01 3.043935e-05 4.080767e-04
2.313125e-01 4.632100e-04 4.134618e-04
2.315833e-01 4.014801e-04 4.148755e-04
2.318541e-01 2.264399e-04 4.131780e-04
2.321250e-01 -1.076981e-05 4.202439e-04
2.323958e-01 2.780315e-04 4.279189e-04
2.326666e-01 -5.527958e-05 4.216385e-04
2.329374e-01 1.018401e-04 4.340784e-04
2.332082e-01 5.168412e-04 4.285549e-04
2.334790e-01 -4.450213e-04 4.350317e-04
2.337498e-01 3.336202e-04 4.418463e-04
2.340207e-01 7.018391e-04 4.463259e-04
2.342915e-01 -1.632515e-04 4.457411e-04
2.345623e-01 7.982701e-04 4.498648e-04
2.348331e-01 1.354013e-04 4.522719e-04
2.351039e-01 -5.909987e-05 4.588528e-04
2.353747e-01 6.341394e-04 4.605349e-04
2.356455e-01 -5.751401e-04 4.722642e-04
2.359163e-01 6.410293e-04 4.750096e-04
2.361872e-01 3.698114e-04 4.659580e-04
2.364580e-01 7.114001e-05 4.803841e-04
2.367288e-01 2.455004e-04 4.801606e-04
2.369996e-01 3.894810e-04 4.855569e-04
2.372704e-01 -1.534801e-04 4.913447e-04
2.375412e-01 -1.060292e-04 4.839486e-04
2.378121e-01 8.668397e-04 4.978917e-04
2.380829e-01 1.141440e-03 4.983992e-04
2.383537e-01 1.347398e-03 5.136979e-04
2.386245e-01 9.327941e-05 5.151636e-04
2.388953e-01 1.429711e-04 5.133678e-04
2.391661e-01 1.976602e-04 5.188437e-04
2.394369e-01 4.532896e-04 5.261569e-04
2.397078e-01 -2.255198e-04 5.513324e-04
2.399786e-01 1.217984e-05 5.346501e-04
2.402494e-01 8.640215e-04 5.389013e-04
2.405202e-01 1.013400e-03 5.446310e-04
2.407910e-01 8.288957e-05 5.575033e-04
2.410618e-01 -1.191907e-04 5.578477e-04
2.413326e-01 2.292097e-04 5.729976e-04
2.416034e-01 4.169084e-04 5.618243e-04
2.418743e-01 -1.990981e-05 5.838338e-04
2.421451e-01 7.152800e-04 5.881554e-04
2.424159e-01 9.042956e-05 5.897779e-04
2.426867e-01 1.556171e-03 5.970652e-04
2.429575e-01 5.071983e-05 6.143745e-04
2.432283e-01 6.186999e-04 6.123685e-04
2.434992e-01 -1.514144e-05 6.259756e-04
2.437700e-01 4.320890e-04 6.228251e-04
2.440408e-01 5.044304e-04 6.430481e-04
2.443116e-01 1.993589e-04 6.491851e-04
2.445824e-01 -1.372490e-04 6.373916e-04
2.448532e-01 -1.419298e-04 6.650150e-04
2.451240e-01 5.441308e-04 6.684645e-04
2.453949e-01 1.173072e-03 6.820375e-04
2.456657e-01 -1.645517e-04 6.920571e-04
2.459365e-01 3.834311e-04 6.920771e-04
2.462073e-01 6.829016e-05 7.018718e-04
2.464781e-01 1.539290e-04 7.395391e-04
2.467489e-01 1.408700e-04 7.248262e-04
2.470197e-01 1.172069e-03 7.278160e-04
2.472906e-01 -6.788038e-05 7.564955e-04
2.475614e-01 2.257098e-04 7.662076e-04
2.478322e-01 1.359303e-04 7.945358e-04
2.481030e-01 1.028331e-03 7.799507e-04
2.483738e-01 3.103297e-04 8.055124e-04
2.486446e-01 9.430796e-04 8.330939e-04
2.489154e-01 -6.372388e-04 8.243993e-04
2.491863e-01 7.651690e-04 8.512271e-04
2.494571e-01 -2.593417e-04 8.513352e-04
2.497279e-01 -6.227586e-04 8.999148e-04
2.499987e-01 -1.617000e-04 8.905025e-04
2.502695e-01 3.224593e-04 9.298697e-04
2.505403e-01 -8.616690e-04 9.456852e-04
2.508111e-01 6.044991e-04 9.793728e-04
2.510819e-01 4.307795e-04 1.055234e-03
2.513528e-01 9.931196e-04 1.019969e-03
2.516236e-01 2.944190e-04 1.038737e-03
2.518944e-01 1.261402e-04 1.109434e-03
2.521652e-01 1.122652e-03 1.184563e-03
2.524360e-01 1.054261e-03 1.149375e-03
2.527068e-01 9.595491e-04 1.161245e-03
2.529776e-01 8.658189e-04 1.183412e-03
2.532485e-01 1.797397e-04 1.245851e-03
2.535193e-01 -9.171609e-04 1.294299e-03
2.537901e-01 8.203089e-05 1.307323e-03
2.540609e-01 -1.186391e-03 1.336931e-03
2.543317e-01 2.352759e-03 1.429694e-03
2.546025e-01 7.243883e-04 1.360458e-03
2.548733e-01 1.095291e-04 1.441477e-03
2.551441e-01 -5.478095e-04 1.533517e-03
2.554150e-01 2.502961e-03 1.680656e-03
2.556858e-01 1.905460e-03 1.745115e-03
2.559566e-01 5.545691e-04 1.835257e-03
2.562274e-01 7.059500e-04 1.854409e-03
2.564982e-01 -1.089580e-03 2.203493e-03
2.567690e-01 -9.147003e-04 2.322331e-03
2.570398e-01 -1.299299e-03 2.443481e-03
2.573107e-01 2.759509e-04 2.814413e-03
2.575815e-01 2.056304e-04 3.713398e-03
2.578523e-01 -1.148892e-02 4.751762e-03
2.581231e-01 -3.748700e-03 6.361943e-03
