3.286826e-03 9.460693e+00 0.000000e+00
3.557641e-03 1.083140e+01 1.672144e-01
3.828455e-03 9.695120e+00 1.023329e-01
4.099269e-03 8.671716e+00 8.051746e-02
4.370084e-03 7.695626e+00 6.031131e-02
4.640898e-03 6.849111e+00 4.376441e-02
4.911712e-03 6.193764e+00 3.833544e-02
5.182527e-03 5.578802e+00 3.189214e-02
5.453341e-03 5.098013e+00 2.968207e-02
5.724155e-03 4.629926e+00 2.444041e-02
5.994970e-03 4.290569e+00 2.441652e-02
6.265784e-03 3.970704e+00 2.201486e-02
6.536598e-03 3.653069e+00 1.869239e-02
6.807412e-03 3.385349e+00 1.774880e-02
7.078227e-03 3.111369e+00 1.555866e-02
7.349041e-03 2.910954e+00 1.454708e-02
7.619855e-03 2.731482e+00 1.357509e-02
7.890671e-03 2.547847e+00 1.174486e-02
8.161485e-03 2.376524e+00 1.100666e-02
8.432299e-03 2.211163e+00 1.014556e-02
8.703114e-03 2.089152e+00 9.427816e-03
8.973928e-03 1.966316e+00 8.734295e-03
9.244742e-03 1.842363e+00 8.094047e-03
9.515557e-03 1.744341e+00 7.675297e-03
9.786371e-03 1.661725e+00 7.099838e-03
1.005718e-02 1.569509e+00 7.007849e-03
1.032800e-02 1.469318e+00 6.204973e-03
1.059881e-02 1.385670e+00 5.817698e-03
1.086963e-02 1.312585e+00 5.473719e-03
1.114044e-02 1.252645e+00 5.224538e-03
1.141126e-02 1.186737e+00 4.953217e-03
1.168207e-02 1.128433e+00 4.549107e-03
1.195289e-02 1.070877e+00 4.363270e-03
1.222370e-02 1.014729e+00 4.147467e-03
1.249451e-02 9.665569e-01 3.903981e-03
1.276533e-02 9.251435e-01 3.858535e-03
1.303614e-02 8.798820e-01 3.569023e-03
1.330696e-02 8.429059e-01 3.412265e-03
1.357777e-02 8.002063e-01 3.268351e-03
1.384859e-02 7.668400e-01 3.122673e-03
1.411940e-02 7.320032e-01 2.979430e-03
1.439021e-02 6.979092e-01 2.777073e-03
1.466103e-02 6.731225e-01 2.713388e-03
1.493184e-02 6.400594e-01 2.627983e-03
1.520266e-02 6.136105e-01 2.479630e-03
1.547347e-02 5.893970e-01 2.466359e-03
1.574429e-02 5.631053e-01 2.270244e-03
1.601510e-02 5.415620e-01 2.240668e-03
1.628591e-02 5.170807e-01 2.178455e-03
1.655673e-02 4.994625e-01 2.083348e-03
1.682754e-02 4.777573e-01 2.012085e-03
1.709836e-02 4.628969e-01 1.956169e-03
1.736917e-02 4.437478e-01 1.897975e-03
1.763999e-02 4.228027e-01 1.817517e-03
1.791080e-02 4.112886e-01 1.754185e-03
1.818161e-02 3.920430e-01 1.725365e-03
1.845243e-02 3.737140e-01 1.710493e-03
1.872324e-02 3.612810e-01 1.652749e-03
1.899406e-02 3.431748e-01 1.601747e-03
1.926487e-02 3.302865e-01 1.571092e-03
1.953569e-02 3.180112e-01 1.507819e-03
1.980650e-02 3.046742e-01 1.511235e-03
2.007731e-02 2.945932e-01 1.429378e-03
2.034813e-02 2.823996e-01 1.433918e-03
2.061894e-02 2.731039e-01 1.409313e-03
2.088976e-02 2.622283e-01 1.349565e-03
2.116057e-02 2.560268e-01 1.342668e-03
2.143139e-02 2.452472e-01 1.301382e-03
2.170220e-02 2.337896e-01 1.285724e-03
2.197302e-02 2.267803e-01 1.265709e-03
2.224383e-02 2.207521e-01 1.171544e-03
2.251465e-02 2.118450e-01 1.201581e-03
2.278546e-02 2.079953e-01 1.162024e-03
2.305627e-02 1.996469e-01 1.139112e-03
2.332709e-02 1.959633e-01 1.105750e-03
2.359790e-02 1.870710e-01 1.035734e-03
2.386872e-02 1.821953e-01 1.035770e-03
2.413953e-02 1.764897e-01 9.953676e-04
2.441034e-02 1.727608e-01 9.853348e-04
2.468116e-02 1.664915e-01 9.680993e-04
2.495197e-02 1.590756e-01 9.424972e-04
2.522279e-02 1.556784e-01 9.448295e-04
2.549360e-02 1.497373e-01 8.906553e-04
2.576442e-02 1.465800e-01 8.727018e-04
2.603523e-02 1.417372e-01 8.618604e-04
2.630604e-02 1.362713e-01 8.428220e-04
2.657686e-02 1.319472e-01 8.306424e-04
2.684767e-02 1.289380e-01 8.042487e-04
2.711849e-02 1.257349e-01 7.989953e-04
2.738930e-02 1.211434e-01 7.810061e-04
2.766012e-02 1.185468e-01 7.733489e-04
2.793093e-02 1.124714e-01 7.457759e-04
2.820175e-02 1.110522e-01 7.464770e-04
2.847256e-02 1.073144e-01 7.235710e-04
2.874337e-02 1.032505e-01 7.112106e-04
2.901419e-02 1.015184e-01 6.996880e-04
2.928500e-02 9.935366e-02 6.794747e-04
2.955582e-02 9.457170e-02 6.669714e-04
2.982663e-02 9.300321e-02 6.619548e-04
3.009745e-02 9.032114e-02 6.518674e-04
3.036826e-02 8.920549e-02 6.397315e-04
3.063907e-02 8.474317e-02 6.306718e-04
3.090989e-02 8.126876e-02 6.217584e-04
3.118070e-02 8.038552e-02 6.143565e-04
3.145152e-02 7.882434e-02 5.985549e-04
3.172233e-02 7.514160e-02 5.869453e-04
3.199315e-02 7.468589e-02 5.847149e-04
3.226396e-02 7.222649e-02 5.735348e-04
3.253478e-02 6.933950e-02 5.681224e-04
3.280559e-02 6.763595e-02 5.562363e-04
3.307641e-02 6.694221e-02 5.527980e-04
3.334722e-02 6.475659e-02 5.470994e-04
3.361803e-02 6.365701e-02 5.434822e-04
3.388885e-02 6.136801e-02 5.360964e-04
3.415966e-02 6.023007e-02 5.273854e-04
3.443048e-02 5.813067e-02 5.232038e-04
3.470129e-02 5.756338e-02 5.138777e-04
3.497211e-02 5.544458e-02 5.128143e-04
3.524292e-02 5.312472e-02 4.947407e-04
3.551374e-02 5.280755e-02 4.966528e-04
3.578455e-02 5.147538e-02 4.948328e-04
3.605536e-02 5.070190e-02 4.785694e-04
3.632618e-02 4.959318e-02 4.856107e-04
3.659699e-02 4.841349e-02 4.717028e-04
3.686780e-02 4.669944e-02 4.694292e-04
3.713862e-02 4.537110e-02 4.654085e-04
3.740944e-02 4.428803e-02 4.563376e-04
3.768025e-02 4.355811e-02 4.561442e-04
3.795106e-02 4.307719e-02 4.524415e-04
3.822188e-02 4.199468e-02 4.460002e-04
3.849269e-02 4.051802e-02 4.336651e-04
3.876351e-02 3.988706e-02 4.360219e-04
3.903432e-02 3.904526e-02 4.336415e-04
3.930514e-02 3.788200e-02 4.273707e-04
3.957595e-02 3.726450e-02 4.248995e-04
3.984676e-02 3.635183e-02 4.183832e-04
4.011758e-02 3.565182e-02 4.181411e-04
4.038839e-02 3.441288e-02 4.113784e-04
4.065921e-02 3.410101e-02 4.075024e-04
4.093002e-02 3.309298e-02 4.084721e-04
4.120084e-02 3.247602e-02 4.014367e-04
4.147165e-02 3.187626e-02 4.007826e-04
4.174246e-02 3.109337e-02 3.929754e-04
4.201328e-02 3.016528e-02 3.906909e-04
4.228409e-02 2.953071e-02 3.865252e-04
4.255491e-02 2.835577e-02 3.818352e-04
4.282572e-02 2.954339e-02 3.885010e-04
4.309653e-02 2.853607e-02 3.785932e-04
4.336735e-02 2.700821e-02 3.777515e-04
4.363817e-02 2.719906e-02 3.787209e-04
4.390898e-02 2.597603e-02 3.740847e-04
4.417979e-02 2.573414e-02 3.715134e-04
4.445061e-02 2.559340e-02 3.611431e-04
4.472142e-02 2.413870e-02 3.562663e-04
4.499224e-02 2.436232e-02 3.640487e-04
4.526305e-02 2.382637e-02 3.603348e-04
4.553387e-02 2.341621e-02 3.546075e-04
4.580468e-02 2.212245e-02 3.530352e-04
4.607549e-02 2.219215e-02 3.522444e-04
4.634631e-02 2.191933e-02 3.520731e-04
4.661712e-02 2.222219e-02 3.482582e-04
4.688794e-02 2.160392e-02 3.477731e-04
4.715875e-02 2.121795e-02 3.396690e-04
4.742957e-02 2.029217e-02 3.399503e-04
4.770038e-02 2.023024e-02 3.351495e-04
4.797119e-02 2.005192e-02 3.358137e-04
4.824201e-02 1.956240e-02 3.369957e-04
4.851282e-02 1.933642e-02 3.356269e-04
4.878364e-02 1.851404e-02 3.282554e-04
4.905445e-02 1.885693e-02 3.301466e-04
4.932526e-02 1.842195e-02 3.276299e-04
4.959608e-02 1.820551e-02 3.235590e-04
4.986690e-02 1.743087e-02 3.255692e-04
5.013771e-02 1.693683e-02 3.228284e-04
5.040852e-02 1.782821e-02 3.209158e-04
5.067934e-02 1.664141e-02 3.211557e-04
5.095015e-02 1.638580e-02 3.175863e-04
5.122096e-02 1.604711e-02 3.168767e-04
5.149178e-02 1.599433e-02 3.160012e-04
5.176260e-02 1.613645e-02 3.128778e-04
5.203341e-02 1.539103e-02 3.096941e-04
5.230422e-02 1.553431e-02 3.062446e-04
5.257504e-02 1.496283e-02 3.102320e-04
5.284585e-02 1.491425e-02 3.041828e-04
5.311667e-02 1.437691e-02 3.065252e-04
5.338748e-02 1.408238e-02 3.123759e-04
5.365830e-02 1.387397e-02 3.028631e-04
5.392911e-02 1.345726e-02 3.090090e-04
5.419992e-02 1.367603e-02 3.079477e-04
5.447074e-02 1.426496e-02 3.087873e-04
5.474155e-02 1.367495e-02 3.140593e-04
5.501237e-02 1.294724e-02 3.150358e-04
5.528318e-02 1.328718e-02 3.182832e-04
5.555400e-02 1.257118e-02 3.211498e-04
5.582481e-02 1.303656e-02 3.202710e-04
5.609563e-02 1.193667e-02 3.187882e-04
5.636644e-02 1.218346e-02 3.233340e-04
5.663725e-02 1.269248e-02 3.226845e-04
5.690807e-02 1.211986e-02 3.257969e-04
5.717888e-02 1.186355e-02 3.205277e-04
5.744969e-02 1.178607e-02 3.231225e-04
5.772051e-02 1.130850e-02 3.255968e-04
5.799133e-02 1.171193e-02 3.221298e-04
5.826214e-02 1.147406e-02 3.254825e-04
5.853295e-02 1.101552e-02 3.264706e-04
5.880377e-02 1.108201e-02 3.219924e-04
5.907458e-02 1.051147e-02 3.217735e-04
5.934540e-02 1.063113e-02 3.227233e-04
5.961621e-02 1.097702e-02 3.235435e-04
5.988703e-02 1.062854e-02 3.243501e-04
6.015784e-02 1.039483e-02 3.246043e-04
6.042865e-02 9.529101e-03 3.221751e-04
6.069947e-02 1.073096e-02 3.175279e-04
6.097028e-02 9.924389e-03 3.163232e-04
6.124110e-02 9.376921e-03 3.127975e-04
6.151191e-02 9.328810e-03 3.102238e-04
6.178273e-02 9.560989e-03 3.133906e-04
6.205354e-02 9.795088e-03 3.071928e-04
6.232436e-02 9.372680e-03 3.076306e-04
6.259517e-02 9.808378e-03 3.073770e-04
6.286598e-02 9.369202e-03 3.049220e-04
6.313679e-02 9.182639e-03 3.086667e-04
6.340761e-02 8.991411e-03 3.038796e-04
6.367842e-02 8.718150e-03 2.997740e-04
6.394923e-02 9.338230e-03 2.994151e-04
6.422005e-02 9.192141e-03 3.065716e-04
6.449086e-02 8.713441e-03 3.028656e-04
6.476168e-02 8.851830e-03 2.974909e-04
6.503250e-02 8.912908e-03 3.048536e-04
6.530331e-02 8.911770e-03 2.982771e-04
6.557412e-02 7.874271e-03 2.990920e-04
6.584494e-02 8.003250e-03 3.002396e-04
6.611575e-02 8.135309e-03 2.979963e-04
6.638657e-02 8.511361e-03 2.970242e-04
6.665738e-02 8.364180e-03 2.925743e-04
6.692819e-02 8.385828e-03 2.972842e-04
6.719901e-02 7.516392e-03 2.938663e-04
6.746982e-02 7.754438e-03 2.928045e-04
6.774063e-02 8.222001e-03 2.946859e-04
6.801146e-02 7.552871e-03 2.906895e-04
6.828227e-02 7.691490e-03 2.902211e-04
6.855308e-02 7.641058e-03 2.910196e-04
6.882390e-02 7.501017e-03 2.909911e-04
6.909471e-02 6.862449e-03 2.875526e-04
6.936552e-02 7.832931e-03 2.853151e-04
6.963634e-02 7.454919e-03 2.886734e-04
6.990715e-02 7.386958e-03 2.897722e-04
7.017796e-02 7.240990e-03 2.862932e-04
7.044878e-02 7.489521e-03 2.885187e-04
7.071959e-02 7.028451e-03 2.860988e-04
7.099041e-02 6.881332e-03 2.828712e-04
7.126123e-02 7.238030e-03 2.831743e-04
7.153204e-02 6.979721e-03 2.806847e-04
7.180285e-02 7.198991e-03 2.853585e-04
7.207367e-02 6.887870e-03 2.836642e-04
7.234448e-02 6.972129e-03 2.825137e-04
7.261530e-02 6.444838e-03 2.829585e-04
7.288611e-02 6.294129e-03 2.788912e-04
7.315692e-02 6.730299e-03 2.808817e-04
7.342774e-02 6.549701e-03 2.802643e-04
7.369855e-02 6.534541e-03 2.796139e-04
7.396936e-02 6.414572e-03 2.803685e-04
7.424019e-02 6.348662e-03 2.817446e-04
7.451100e-02 5.758440e-03 2.773819e-04
7.478181e-02 6.258449e-03 2.775679e-04
7.505263e-02 6.512398e-03 2.777099e-04
7.532344e-02 5.960779e-03 2.802722e-04
7.559425e-02 5.590031e-03 2.731499e-04
7.586507e-02 5.997522e-03 2.765957e-04
7.613588e-02 5.986929e-03 2.746774e-04
7.640669e-02 6.585719e-03 2.754055e-04
7.667751e-02 5.932311e-03 2.735427e-04
7.694832e-02 6.231910e-03 2.750814e-04
7.721914e-02 5.925138e-03 2.760493e-04
7.748996e-02 5.362229e-03 2.760740e-04
7.776077e-02 5.253270e-03 2.682556e-04
7.803158e-02 5.663380e-03 2.747632e-04
7.830240e-02 5.604159e-03 2.711477e-04
7.857321e-02 5.712749e-03 2.699513e-04
7.884403e-02 5.424120e-03 2.717749e-04
7.911484e-02 5.457550e-03 2.694166e-04
7.938565e-02 5.859870e-03 2.724731e-04
7.965647e-02 5.393570e-03 2.654182e-04
7.992728e-02 5.622162e-03 2.687826e-04
8.019809e-02 4.953152e-03 2.674547e-04
8.046892e-02 5.233968e-03 2.651560e-04
8.073973e-02 5.205549e-03 2.670320e-04
8.101054e-02 5.257959e-03 2.669451e-04
8.128136e-02 4.856898e-03 2.629296e-04
8.155217e-02 4.882691e-03 2.647203e-04
8.182298e-02 5.096229e-03 2.646876e-04
8.209380e-02 4.616061e-03 2.638784e-04
8.236461e-02 4.868271e-03 2.636167e-04
8.263543e-02 4.859999e-03 2.612310e-04
8.290624e-02 4.872922e-03 2.627334e-04
8.317705e-02 4.429892e-03 2.609364e-04
8.344787e-02 5.331550e-03 2.628198e-04
8.371869e-02 5.086791e-03 2.615335e-04
8.398950e-02 4.800871e-03 2.595532e-04
8.426031e-02 4.898021e-03 2.605611e-04
8.453113e-02 4.744140e-03 2.576277e-04
8.480194e-02 4.704919e-03 2.625722e-04
8.507276e-02 4.502252e-03 2.610283e-04
8.534357e-02 4.448898e-03 2.584114e-04
8.561438e-02 4.702261e-03 2.591070e-04
8.588520e-02 4.826160e-03 2.561289e-04
8.615601e-02 4.265249e-03 2.576043e-04
8.642682e-02 4.497359e-03 2.571661e-04
8.669765e-02 4.476471e-03 2.561706e-04
8.696846e-02 4.057299e-03 2.573885e-04
8.723927e-02 3.928229e-03 2.544232e-04
8.751009e-02 4.795061e-03 2.549242e-04
8.778090e-02 4.838010e-03 2.542595e-04
8.805171e-02 4.064951e-03 2.537013e-04
8.832253e-02 4.383439e-03 2.545226e-04
8.859334e-02 4.455140e-03 2.538748e-04
8.886416e-02 4.283790e-03 2.528685e-04
8.913497e-02 4.388021e-03 2.533429e-04
8.940578e-02 3.662059e-03 2.531274e-04
8.967660e-02 4.403021e-03 2.530273e-04
8.994742e-02 3.919689e-03 2.539608e-04
9.021823e-02 4.084399e-03 2.505820e-04
9.048904e-02 4.063450e-03 2.532899e-04
9.075986e-02 3.893109e-03 2.508396e-04
9.103067e-02 4.134070e-03 2.511545e-04
9.130149e-02 3.623050e-03 2.480139e-04
9.157230e-02 4.020432e-03 2.505021e-04
9.184311e-02 3.908349e-03 2.506481e-04
9.211393e-02 4.127799e-03 2.485938e-04
9.238474e-02 3.940912e-03 2.500416e-04
9.265555e-02 3.609510e-03 2.505459e-04
9.292637e-02 3.486339e-03 2.461810e-04
9.319719e-02 3.842268e-03 2.483447e-04
9.346800e-02 3.928181e-03 2.478289e-04
9.373882e-02 3.701789e-03 2.493419e-04
9.400963e-02 3.245100e-03 2.466818e-04
9.428044e-02 3.439499e-03 2.457206e-04
9.455126e-02 3.169769e-03 2.488345e-04
9.482207e-02 3.024450e-03 2.439349e-04
9.509289e-02 3.705520e-03 2.465675e-04
9.536370e-02 3.358660e-03 2.468202e-04
9.563451e-02 3.070431e-03 2.425693e-04
9.590533e-02 3.178682e-03 2.423460e-04
9.617615e-02 2.995081e-03 2.425661e-04
9.644696e-02 3.340989e-03 2.427516e-04
9.671777e-02 3.183380e-03 2.422999e-04
9.698859e-02 2.839591e-03 2.407871e-04
9.725940e-02 3.575239e-03 2.421646e-04
9.753022e-02 3.234951e-03 2.411894e-04
9.780103e-02 2.944179e-03 2.412756e-04
9.807184e-02 2.935730e-03 2.378286e-04
9.834266e-02 3.133118e-03 2.413263e-04
9.861347e-02 2.697989e-03 2.405103e-04
9.888428e-02 3.254861e-03 2.389456e-04
9.915510e-02 3.275041e-03 2.408078e-04
9.942592e-02 2.869610e-03 2.392572e-04
9.969673e-02 2.722399e-03 2.400525e-04
9.996755e-02 2.566891e-03 2.380649e-04
1.002384e-01 2.746750e-03 2.369866e-04
1.005092e-01 3.008181e-03 2.397073e-04
1.007800e-01 3.109658e-03 2.369087e-04
1.010508e-01 2.493730e-03 2.389428e-04
1.013216e-01 2.152570e-03 2.357442e-04
1.015924e-01 2.828822e-03 2.367627e-04
1.018632e-01 2.465950e-03 2.378323e-04
1.021341e-01 2.926979e-03 2.363812e-04
1.024049e-01 3.017209e-03 2.388661e-04
1.026757e-01 2.418820e-03 2.335407e-04
1.029465e-01 2.571389e-03 2.365023e-04
1.032173e-01 2.427541e-03 2.357453e-04
1.034881e-01 2.695870e-03 2.337564e-04
1.037589e-01 2.656100e-03 2.337108e-04
1.040298e-01 2.591720e-03 2.329871e-04
1.043006e-01 2.317989e-03 2.337674e-04
1.045714e-01 2.272259e-03 2.319969e-04
1.048422e-01 2.563151e-03 2.328224e-04
1.051130e-01 2.398500e-03 2.316421e-04
1.053838e-01 2.562521e-03 2.355364e-04
1.056546e-01 2.493389e-03 2.324096e-04
1.059255e-01 2.110722e-03 2.319929e-04
1.061963e-01 2.222260e-03 2.313037e-04
1.064671e-01 2.247520e-03 2.307421e-04
1.067379e-01 2.070239e-03 2.318219e-04
1.070087e-01 2.168179e-03 2.327656e-04
1.072795e-01 2.406940e-03 2.278043e-04
1.075503e-01 2.482329e-03 2.313911e-04
1.078212e-01 2.053531e-03 2.292334e-04
1.080920e-01 2.210610e-03 2.271358e-04
1.083628e-01 2.367988e-03 2.291461e-04
1.086336e-01 2.558051e-03 2.292625e-04
1.089044e-01 1.491141e-03 2.289178e-04
1.091752e-01 2.512790e-03 2.280022e-04
1.094460e-01 2.310421e-03 2.274583e-04
1.097169e-01 1.521189e-03 2.271388e-04
1.099877e-01 1.747649e-03 2.251253e-04
1.102585e-01 2.220180e-03 2.264678e-04
1.105293e-01 2.130508e-03 2.299875e-04
1.108001e-01 1.769340e-03 2.331430e-04
1.110709e-01 1.668321e-03 2.347447e-04
1.113417e-01 1.898769e-03 2.336044e-04
1.116126e-01 1.640121e-03 2.355214e-04
1.118834e-01 1.812279e-03 2.358616e-04
1.121542e-01 1.902880e-03 2.382028e-04
1.124250e-01 2.288491e-03 2.390766e-04
1.126958e-01 2.058249e-03 2.410685e-04
1.129666e-01 1.964319e-03 2.411865e-04
1.132374e-01 1.913529e-03 2.444073e-04
1.135083e-01 2.034830e-03 2.486512e-04
1.137791e-01 2.560239e-03 2.480414e-04
1.140499e-01 1.775201e-03 2.477975e-04
1.143207e-01 2.435369e-03 2.529337e-04
1.145915e-01 1.281951e-03 2.509050e-04
1.148623e-01 1.745170e-03 2.549458e-04
1.151332e-01 1.603501e-03 2.535415e-04
1.154040e-01 1.612490e-03 2.566885e-04
1.156748e-01 1.338899e-03 2.555471e-04
1.159456e-01 1.770340e-03 2.595031e-04
1.162164e-01 1.647811e-03 2.607872e-04
1.164872e-01 2.238620e-03 2.597337e-04
1.167580e-01 1.719819e-03 2.657924e-04
1.170288e-01 1.324920e-03 2.640098e-04
1.172997e-01 1.545250e-03 2.639049e-04
1.175705e-01 1.516279e-03 2.635004e-04
1.178413e-01 1.606710e-03 2.660471e-04
1.181121e-01 1.628421e-03 2.624699e-04
1.183829e-01 1.592791e-03 2.610046e-04
1.186537e-01 1.555040e-03 2.595244e-04
1.189246e-01 1.682661e-03 2.570203e-04
1.191954e-01 1.535650e-03 2.556213e-04
1.194662e-01 9.365901e-04 2.575416e-04
1.197370e-01 1.125330e-03 2.532764e-04
1.200078e-01 1.319150e-03 2.567992e-04
1.202786e-01 9.306092e-04 2.538539e-04
1.205494e-01 1.335360e-03 2.565926e-04
1.208202e-01 1.562160e-03 2.570811e-04
1.210911e-01 1.322430e-03 2.546026e-04
1.213619e-01 1.213958e-03 2.558794e-04
1.216327e-01 1.357721e-03 2.521055e-04
1.219035e-01 1.610329e-03 2.555368e-04
1.221743e-01 1.660520e-03 2.550564e-04
1.224451e-01 1.526650e-03 2.546683e-04
1.227160e-01 1.360161e-03 2.575719e-04
1.229868e-01 1.605960e-03 2.532659e-04
1.232576e-01 1.396380e-03 2.564591e-04
1.235284e-01 1.339840e-03 2.556661e-04
1.237992e-01 2.156802e-03 2.577445e-04
1.240700e-01 1.138750e-03 2.541920e-04
1.243408e-01 1.277229e-03 2.533590e-04
1.246117e-01 1.516471e-03 2.527320e-04
1.248825e-01 1.619320e-03 2.530090e-04
1.251533e-01 1.399010e-03 2.520259e-04
1.254241e-01 1.684759e-03 2.553649e-04
1.256949e-01 1.325490e-03 2.505427e-04
1.259657e-01 1.086108e-03 2.544416e-04
1.262365e-01 9.476896e-04 2.507206e-04
1.265074e-01 1.067420e-03 2.511834e-04
1.267782e-01 1.035180e-03 2.512752e-04
1.270490e-01 1.452059e-03 2.484123e-04
1.273198e-01 1.425011e-03 2.506491e-04
1.275906e-01 1.191149e-03 2.489221e-04
1.278614e-01 1.463549e-03 2.468322e-04
1.281322e-01 1.792189e-03 2.480352e-04
1.284031e-01 8.964203e-04 2.483964e-04
1.286739e-01 1.184119e-03 2.490400e-04
1.289447e-01 1.028629e-03 2.472776e-04
1.292155e-01 1.169819e-03 2.500121e-04
1.294863e-01 1.250321e-03 2.488534e-04
1.297571e-01 1.260070e-03 2.468783e-04
1.300279e-01 1.120780e-03 2.470485e-04
1.302988e-01 1.132891e-03 2.478833e-04
1.305696e-01 9.146091e-04 2.471887e-04
1.308404e-01 8.914694e-04 2.456166e-04
1.311112e-01 1.224570e-03 2.489650e-04
1.313820e-01 1.124490e-03 2.463010e-04
1.316528e-01 1.445310e-03 2.475083e-04
1.319236e-01 1.439961e-03 2.448004e-04
1.321945e-01 1.692470e-03 2.463226e-04
1.324653e-01 9.423196e-04 2.459377e-04
1.327361e-01 1.102950e-03 2.429700e-04
1.330069e-01 1.022959e-03 2.456020e-04
1.332777e-01 1.136620e-03 2.445897e-04
1.335485e-01 1.451621e-03 2.426501e-04
1.338193e-01 9.394512e-04 2.469635e-04
1.340902e-01 1.142539e-03 2.420760e-04
1.343610e-01 7.871296e-04 2.447276e-04
1.346318e-01 6.699897e-04 2.432871e-04
1.349026e-01 6.115194e-04 2.411496e-04
1.351734e-01 1.553759e-03 2.452573e-04
1.354442e-01 1.168121e-03 2.435419e-04
1.357151e-01 1.050381e-03 2.433017e-04
1.359859e-01 1.094790e-03 2.421458e-04
1.362567e-01 8.562207e-04 2.403200e-04
1.365275e-01 1.055609e-03 2.422842e-04
1.367983e-01 1.035171e-03 2.387611e-04
1.370691e-01 9.517707e-04 2.459636e-04
1.373399e-01 9.074211e-04 2.437006e-04
1.376107e-01 1.034569e-03 2.469146e-04
1.378816e-01 6.393697e-04 2.482296e-04
1.381524e-01 1.108961e-03 2.503620e-04
1.384232e-01 4.413314e-04 2.535165e-04
1.386940e-01 1.300920e-03 2.536420e-04
1.389648e-01 8.250307e-04 2.555488e-04
1.392356e-01 9.304602e-04 2.584594e-04
1.395064e-01 1.103301e-03 2.578697e-04
1.397773e-01 6.665494e-04 2.587423e-04
1.400481e-01 1.093650e-03 2.614946e-04
1.403189e-01 1.128521e-03 2.636703e-04
1.405897e-01 1.154630e-03 2.606548e-04
1.408605e-01 7.855501e-04 2.607950e-04
1.411313e-01 1.492400e-03 2.657726e-04
1.414021e-01 1.241159e-03 2.648990e-04
1.416730e-01 7.305201e-04 2.668647e-04
1.419438e-01 7.222705e-04 2.639649e-04
1.422146e-01 1.361270e-03 2.692055e-04
1.424854e-01 5.743802e-04 2.650283e-04
1.427562e-01 4.848391e-04 2.662297e-04
1.430270e-01 7.364005e-04 2.638162e-04
1.432979e-01 1.311472e-03 2.668430e-04
1.435687e-01 1.047850e-03 2.689212e-04
1.438395e-01 1.124900e-03 2.710663e-04
1.441103e-01 1.066782e-03 2.708424e-04
1.443811e-01 1.276610e-03 2.729022e-04
1.446519e-01 8.358900e-04 2.704204e-04
1.449227e-01 2.207793e-04 2.710458e-04
1.451935e-01 1.488632e-03 2.718735e-04
1.454644e-01 7.445104e-04 2.744908e-04
1.457352e-01 7.283203e-04 2.759311e-04
1.460060e-01 7.591899e-04 2.726591e-04
1.462768e-01 9.616911e-04 2.767061e-04
1.465476e-01 1.624301e-04 2.747382e-04
1.468184e-01 9.118896e-04 2.780012e-04
1.470892e-01 7.744804e-04 2.794115e-04
1.473601e-01 1.026290e-03 2.777467e-04
1.476309e-01 1.057981e-03 2.770968e-04
1.479017e-01 7.245298e-04 2.757441e-04
1.481725e-01 1.128610e-03 2.781303e-04
1.484433e-01 2.016593e-04 2.730837e-04
1.487141e-01 6.026011e-04 2.765520e-04
1.489850e-01 1.077579e-03 2.779409e-04
1.492558e-01 7.520001e-04 2.741517e-04
1.495266e-01 1.074001e-03 2.781165e-04
1.497974e-01 6.841999e-04 2.712576e-04
1.500682e-01 9.616092e-05 2.740314e-04
1.503390e-01 3.390294e-04 2.763639e-04
1.506098e-01 5.531814e-04 2.738116e-04
1.508806e-01 6.668586e-04 2.750389e-04
1.511515e-01 7.499997e-04 2.746983e-04
1.514223e-01 1.011100e-03 2.745199e-04
1.516931e-01 1.099071e-03 2.734338e-04
1.519639e-01 6.418303e-04 2.725406e-04
1.522347e-01 1.152841e-03 2.776614e-04
1.525055e-01 6.444007e-04 2.750915e-04
1.527763e-01 1.044529e-03 2.798246e-04
1.530472e-01 1.035290e-03 2.758290e-04
1.533180e-01 1.077190e-03 2.768430e-04
1.535888e-01 1.168139e-03 2.782749e-04
1.538596e-01 1.015039e-03 2.772499e-04
1.541304e-01 1.152270e-03 2.797790e-04
1.544012e-01 3.601089e-04 2.765284e-04
1.546721e-01 7.112790e-04 2.778765e-04
1.549429e-01 1.015421e-03 2.772196e-04
1.552137e-01 6.323699e-04 2.782383e-04
1.554845e-01 1.080390e-03 2.791036e-04
1.557553e-01 8.762684e-04 2.779669e-04
1.560261e-01 4.025586e-04 2.800393e-04
1.562969e-01 6.860103e-04 2.768994e-04
1.565678e-01 8.175503e-04 2.762061e-04
1.568386e-01 5.845316e-04 2.784377e-04
1.571094e-01 9.015091e-04 2.797984e-04
1.573802e-01 4.747696e-04 2.787504e-04
1.576510e-01 3.183000e-04 2.759147e-04
1.579218e-01 4.720911e-04 2.778950e-04
1.581926e-01 9.544007e-04 2.769597e-04
1.584634e-01 7.580984e-04 2.787730e-04
1.587343e-01 6.907005e-04 2.744436e-04
1.590051e-01 6.179996e-04 2.759622e-04
1.592759e-01 7.598102e-05 2.745856e-04
1.595467e-01 6.799102e-04 2.769628e-04
1.598175e-01 8.637197e-04 2.761284e-04
1.600883e-01 4.372802e-04 2.754808e-04
1.603591e-01 3.250297e-04 2.752814e-04
1.606300e-01 7.624496e-04 2.754493e-04
1.609008e-01 4.030708e-04 2.753571e-04
1.611716e-01 5.716700e-04 2.772509e-04
1.614424e-01 1.434660e-03 2.761347e-04
1.617132e-01 8.698311e-04 2.733312e-04
1.619840e-01 6.595403e-04 2.716304e-04
1.622549e-01 4.028603e-04 2.765825e-04
1.625257e-01 8.625798e-04 2.718394e-04
1.627965e-01 1.002511e-03 2.734725e-04
1.630673e-01 7.800292e-04 2.737102e-04
1.633381e-01 5.605295e-04 2.740718e-04
1.636089e-01 3.089700e-04 2.736816e-04
1.638797e-01 4.620999e-04 2.776985e-04
1.641506e-01 6.250814e-04 2.753848e-04
1.644214e-01 2.469402e-04 2.730265e-04
1.646922e-01 7.998943e-05 2.725068e-04
1.649630e-01 6.574411e-04 2.732829e-04
1.652338e-01 5.388074e-05 2.766729e-04
1.655046e-01 1.006640e-03 2.735991e-04
1.657754e-01 1.030713e-04 2.713312e-04
1.660462e-01 9.000096e-04 2.756821e-04
1.663171e-01 7.375311e-04 2.733019e-04
1.665879e-01 5.712509e-04 2.735955e-04
1.668587e-01 5.986001e-04 2.747273e-04
1.671295e-01 2.866406e-04 2.733808e-04
1.674003e-01 3.156904e-04 2.764830e-04
1.676711e-01 1.488402e-04 2.824990e-04
1.679420e-01 7.566605e-04 2.879702e-04
1.682128e-01 2.475102e-04 2.901747e-04
1.684836e-01 3.551207e-04 2.953899e-04
1.687544e-01 9.278711e-04 2.992815e-04
1.690252e-01 6.311312e-04 3.028543e-04
1.692960e-01 -1.173895e-04 2.953186e-04
1.695668e-01 3.145598e-04 3.074197e-04
1.698377e-01 9.799898e-04 3.052643e-04
1.701085e-01 5.485900e-04 3.072631e-04
1.703793e-01 7.512793e-04 3.123779e-04
1.706501e-01 7.465910e-04 3.124100e-04
1.709209e-01 5.213693e-04 3.181525e-04
1.711917e-01 4.423093e-04 3.176704e-04
1.714625e-01 1.622401e-04 3.205864e-04
1.717333e-01 -5.299225e-06 3.239866e-04
1.720042e-01 6.245393e-04 3.229882e-04
1.722750e-01 1.092089e-03 3.288209e-04
1.725458e-01 -2.012402e-04 3.272525e-04
1.728166e-01 -2.851188e-04 3.300785e-04
1.730874e-01 4.808996e-04 3.299960e-04
1.733582e-01 3.918801e-04 3.341683e-04
1.736291e-01 5.995892e-04 3.400400e-04
1.738999e-01 8.543599e-04 3.325982e-04
1.741707e-01 5.538892e-04 3.446377e-04
1.744415e-01 8.413903e-04 3.414587e-04
1.747123e-01 5.293395e-04 3.479544e-04
1.749831e-01 9.720903e-04 3.360144e-04
1.752539e-01 6.336104e-04 3.228716e-04
1.755248e-01 7.633306e-04 3.241329e-04
1.757956e-01 2.608001e-04 3.151861e-04
1.760664e-01 -8.152053e-05 3.216521e-04
1.763372e-01 5.182195e-04 3.185040e-04
1.766080e-01 6.932113e-04 3.199980e-04
1.768788e-01 1.805201e-04 3.178778e-04
1.771496e-01 7.294100e-04 3.129932e-04
1.774205e-01 -1.925491e-04 3.146828e-04
1.776913e-01 2.288092e-04 3.110414e-04
1.779621e-01 4.130900e-04 3.143591e-04
1.782329e-01 -6.731041e-05 3.098714e-04
1.785037e-01 6.580688e-04 3.041196e-04
1.787745e-01 6.468408e-04 3.084318e-04
1.790453e-01 4.132502e-04 3.064512e-04
1.793161e-01 8.354299e-04 3.075773e-04
1.795870e-01 -1.064204e-04 3.073805e-04
1.798578e-01 4.636310e-04 3.006509e-04
1.801286e-01 2.384111e-04 3.039787e-04
1.803994e-01 5.913191e-04 2.993356e-04
1.806702e-01 7.722992e-04 3.021595e-04
1.809410e-01 8.838307e-04 3.019270e-04
1.812119e-01 5.874988e-04 2.985237e-04
1.814827e-01 8.310601e-04 3.033507e-04
1.817535e-01 7.620081e-05 2.940803e-04
1.820243e-01 2.397001e-04 2.962214e-04
1.822951e-01 7.715691e-04 2.963880e-04
1.825659e-01 3.190394e-04 2.977338e-04
1.828367e-01 2.011303e-04 2.986173e-04
1.831076e-01 3.036913e-04 2.922804e-04
1.833784e-01 7.135402e-04 3.007438e-04
1.836492e-01 -4.980899e-05 2.942991e-04
1.839200e-01 7.087402e-04 2.950326e-04
1.841908e-01 4.464891e-04 2.954103e-04
1.844616e-01 -1.624972e-05 2.952669e-04
1.847324e-01 5.806293e-04 2.988399e-04
1.850033e-01 8.768309e-04 2.967150e-04
1.852741e-01 3.212988e-04 2.966010e-04
1.855449e-01 2.471600e-04 2.947273e-04
1.858157e-01 -2.229586e-06 2.981462e-04
1.860865e-01 7.767975e-05 2.958402e-04
1.863573e-01 4.272796e-04 2.964936e-04
1.866281e-01 4.751906e-04 2.941925e-04
1.868990e-01 4.370995e-04 2.937777e-04
1.871698e-01 1.505204e-04 2.977818e-04
1.874406e-01 1.546498e-04 2.959670e-04
1.877114e-01 -1.925994e-04 2.920840e-04
1.879822e-01 3.855396e-04 2.953355e-04
1.882530e-01 2.032500e-04 2.910389e-04
1.885238e-01 3.535803e-04 2.948197e-04
1.887947e-01 -7.010065e-05 2.932570e-04
1.890655e-01 6.354302e-04 2.939461e-04
1.893363e-01 1.710095e-05 2.972678e-04
1.896071e-01 2.926029e-05 2.904566e-04
1.898779e-01 9.827092e-04 2.974700e-04
1.901487e-01 4.485305e-04 2.927318e-04
1.904195e-01 6.875712e-04 2.941969e-04
1.906904e-01 -5.542114e-05 2.942931e-04
1.909612e-01 4.723594e-04 2.921796e-04
1.912320e-01 3.308095e-04 2.940602e-04
1.915028e-01 4.422702e-04 2.887131e-04
1.917736e-01 5.071592e-04 2.943812e-04
1.920444e-01 4.248414e-04 2.949592e-04
1.923153e-01 3.314186e-04 2.892499e-04
1.925861e-01 3.743991e-04 2.955712e-04
1.928569e-01 9.292103e-04 2.915364e-04
1.931277e-01 -5.087070e-05 2.909046e-04
1.933985e-01 3.515184e-04 2.919062e-04
1.936693e-01 -8.256920e-05 2.935084e-04
1.939401e-01 2.835486e-04 2.959698e-04
1.942109e-01 4.272591e-04 2.897854e-04
1.944818e-01 7.310100e-04 2.919259e-04
1.947526e-01 5.902983e-04 2.946556e-04
1.950234e-01 -1.998208e-04 2.910146e-04
1.952942e-01 3.296789e-04 2.918201e-04
1.955650e-01 7.871613e-04 2.914660e-04
1.958358e-01 7.327106e-04 2.958683e-04
1.961066e-01 4.616901e-04 2.911169e-04
1.963775e-01 1.014141e-03 2.943923e-04
1.966483e-01 -4.200991e-04 2.889111e-04
1.969191e-01 -1.949798e-04 2.935456e-04
1.971899e-01 -1.126602e-04 2.940259e-04
1.974607e-01 2.718903e-05 2.937572e-04
1.977315e-01 4.043113e-04 2.938802e-04
1.980023e-01 3.424399e-04 2.889012e-04
1.982732e-01 4.851706e-04 2.913787e-04
1.985440e-01 -4.906021e-05 2.936489e-04
1.988148e-01 6.661192e-04 2.934719e-04
1.990856e-01 7.103905e-04 2.938472e-04
1.993564e-01 2.916194e-04 2.923629e-04
1.996272e-01 4.334897e-04 2.917023e-04
1.998980e-01 4.572198e-04 2.916245e-04
2.001689e-01 1.487695e-04 2.874512e-04
2.004397e-01 3.726296e-04 2.884304e-04
2.007105e-01 2.373215e-04 2.869796e-04
2.009813e-01 7.106587e-04 2.895634e-04
2.012521e-01 3.872998e-04 2.901261e-04
2.015229e-01 7.374603e-04 2.926363e-04
2.017937e-01 6.034039e-05 2.891340e-04
2.020646e-01 6.193798e-04 2.891130e-04
2.023354e-01 -1.004189e-04 2.889517e-04
2.026062e-01 1.361910e-04 2.862695e-04
2.028770e-01 6.559398e-04 2.905819e-04
2.031478e-01 -7.585995e-05 2.887467e-04
2.034186e-01 5.297512e-04 2.874272e-04
2.036894e-01 2.270006e-05 2.878101e-04
2.039603e-01 2.538692e-04 2.887378e-04
2.042311e-01 9.292606e-04 2.896181e-04
2.045019e-01 -3.534928e-05 2.861309e-04
2.047727e-01 2.471302e-04 2.874036e-04
2.050435e-01 3.502890e-04 2.875014e-04
2.053143e-01 5.109496e-04 2.858449e-04
2.055852e-01 -2.038889e-04 2.845917e-04
2.058560e-01 5.162992e-04 2.853170e-04
2.061268e-01 3.681313e-04 2.834513e-04
2.063976e-01 4.563313e-04 2.872018e-04
2.066684e-01 2.750102e-04 2.852433e-04
2.069392e-01 4.068613e-04 2.850964e-04
2.072100e-01 5.471595e-04 2.854460e-04
2.074808e-01 4.533604e-04 2.839746e-04
2.077517e-01 4.696399e-04 2.840388e-04
2.080225e-01 6.418191e-04 2.848853e-04
2.082933e-01 8.905903e-04 2.833064e-04
2.085641e-01 1.091138e-05 2.821305e-04
2.088349e-01 8.011404e-04 2.873138e-04
2.091057e-01 9.674598e-04 2.869629e-04
2.093765e-01 1.060650e-03 2.821425e-04
2.096474e-01 1.328871e-03 2.870162e-04
2.099182e-01 1.543209e-03 2.846822e-04
2.101890e-01 5.741715e-04 2.836488e-04
2.104598e-01 6.986093e-04 2.820267e-04
2.107306e-01 4.526582e-04 2.830374e-04
2.110014e-01 7.266905e-04 2.842190e-04
2.112723e-01 5.148891e-04 2.810627e-04
2.115431e-01 6.520711e-04 2.823413e-04
2.118139e-01 3.549997e-04 2.851583e-04
2.120847e-01 4.184507e-04 2.839812e-04
2.123555e-01 8.407310e-04 2.849848e-04
2.126263e-01 9.066407e-04 2.820808e-04
2.128971e-01 5.726498e-04 2.844485e-04
2.131680e-01 2.811514e-04 2.832310e-04
2.134388e-01 3.287699e-04 2.865380e-04
2.137096e-01 6.258395e-04 2.843600e-04
2.139804e-01 6.145798e-04 2.844122e-04
2.142512e-01 5.244501e-04 2.794591e-04
2.145220e-01 1.077451e-03 2.851477e-04
2.147928e-01 1.969300e-04 2.815679e-04
2.150636e-01 4.195105e-04 2.834530e-04
2.153345e-01 2.002195e-04 2.836266e-04
2.156053e-01 6.808713e-04 2.819510e-04
2.158761e-01 1.316881e-03 2.867261e-04
2.161469e-01 4.234109e-04 2.811065e-04
2.164177e-01 3.965702e-04 2.831689e-04
2.166885e-01 8.517485e-04 2.837782e-04
2.169593e-01 3.406405e-04 2.839619e-04
2.172302e-01 6.248392e-04 2.862947e-04
2.175010e-01 3.547594e-04 2.801204e-04
2.177718e-01 8.096099e-04 2.829213e-04
2.180426e-01 -2.905913e-05 2.838708e-04
2.183134e-01 6.515794e-04 2.818414e-04
2.185842e-01 7.211287e-04 2.819142e-04
2.188551e-01 6.282702e-04 2.807824e-04
2.191259e-01 6.184112e-04 2.814240e-04
2.193967e-01 3.980901e-04 2.800389e-04
2.196675e-01 1.771394e-04 2.804756e-04
2.199383e-01 7.172991e-04 2.786309e-04
2.202091e-01 1.309905e-04 2.804299e-04
2.204799e-01 2.969299e-04 2.806227e-04
2.207507e-01 5.760398e-04 2.814985e-04
2.210216e-01 8.864608e-04 2.808809e-04
2.212924e-01 8.956306e-04 2.795400e-04
2.215632e-01 4.948415e-04 2.769917e-04
2.218340e-01 3.651790e-04 2.810105e-04
2.221048e-01 5.121604e-04 2.785722e-04
2.223756e-01 1.865495e-04 2.764719e-04
2.226464e-01 8.207932e-05 2.785605e-04
2.229173e-01 5.652290e-04 2.770798e-04
2.231881e-01 6.488711e-04 2.801512e-04
2.234589e-01 6.233193e-04 2.810826e-04
2.237297e-01 9.267200e-04 2.781819e-04
2.240005e-01 2.670307e-04 2.772088e-04
2.242713e-01 8.720905e-04 2.758013e-04
2.245422e-01 3.389791e-04 2.783479e-04
2.248130e-01 5.383100e-04 2.783919e-04
2.250838e-01 4.882701e-04 2.789605e-04
2.253546e-01 8.654203e-04 2.782815e-04
2.256254e-01 8.571297e-04 2.791663e-04
2.258962e-01 2.805404e-04 2.789288e-04
2.261670e-01 6.862693e-04 2.906704e-04
2.264379e-01 7.514805e-04 2.936814e-04
2.267087e-01 4.970916e-04 2.984437e-04
2.269795e-01 6.165691e-04 3.034834e-04
2.272503e-01 1.168150e-03 3.086514e-04
2.275211e-01 9.681191e-04 3.080534e-04
2.277919e-01 5.761702e-04 3.112327e-04
2.280627e-01 7.820204e-04 3.208430e-04
2.283335e-01 7.718503e-04 3.192802e-04
2.286044e-01 6.507207e-04 3.199055e-04
2.288752e-01 9.758100e-04 3.262639e-04
2.291460e-01 1.017909e-03 3.303943e-04
2.294168e-01 8.020289e-04 3.370174e-04
2.296876e-01 8.387808e-04 3.359986e-04
2.299584e-01 3.558304e-04 3.321337e-04
2.302293e-01 5.030502e-04 3.399156e-04
2.305001e-01 4.462097e-04 3.449487e-04
2.307709e-01 2.730712e-04 3.455585e-04
2.310417e-01 7.636901e-04 3.458437e-04
2.313125e-01 8.163098e-04 3.527509e-04
2.315833e-01 2.971496e-04 3.519278e-04
2.318541e-01 6.453693e-04 3.558370e-04
2.321250e-01 -2.109390e-04 3.582677e-04
2.323958e-01 1.010761e-03 3.715166e-04
2.326666e-01 -2.985299e-04 3.616462e-04
2.329374e-01 7.616989e-04 3.698929e-04
2.332082e-01 1.487650e-03 3.694869e-04
2.334790e-01 5.856194e-04 3.668760e-04
2.337498e-01 9.485595e-04 3.775253e-04
2.340207e-01 7.633213e-04 3.820963e-04
2.342915e-01 1.199810e-03 3.793030e-04
2.345623e-01 1.368219e-03 3.839411e-04
2.348331e-01 6.481893e-04 3.913108e-04
2.351039e-01 8.895807e-04 3.942257e-04
2.353747e-01 6.928910e-04 3.890790e-04
2.356455e-01 1.093350e-03 4.010633e-04
2.359163e-01 1.227500e-03 3.984960e-04
2.361872e-01 1.095630e-03 4.060257e-04
2.364580e-01 6.592702e-04 4.055999e-04
2.367288e-01 8.764192e-04 4.114287e-04
2.369996e-01 2.983715e-04 4.135469e-04
2.372704e-01 1.019340e-03 4.251641e-04
2.375412e-01 5.573388e-04 4.286480e-04
2.378121e-01 6.408505e-04 4.349466e-04
2.380829e-01 4.796404e-04 4.294737e-04
2.383537e-01 9.508114e-04 4.371006e-04
2.386245e-01 1.865570e-03 4.462268e-04
2.388953e-01 1.455382e-03 4.432315e-04
2.391661e-01 1.016200e-03 4.469761e-04
2.394369e-01 2.651848e-05 4.496866e-04
2.397078e-01 4.471093e-04 4.531770e-04
2.399786e-01 3.571901e-04 4.607273e-04
2.402494e-01 1.294449e-03 4.665820e-04
2.405202e-01 -3.404506e-04 4.659780e-04
2.407910e-01 7.056296e-04 4.828884e-04
2.410618e-01 3.619697e-04 4.802590e-04
2.413326e-01 1.742095e-04 4.865605e-04
2.416034e-01 3.918000e-04 4.866388e-04
2.418743e-01 9.895004e-04 5.002404e-04
2.421451e-01 -1.983903e-04 5.007487e-04
2.424159e-01 5.378798e-04 5.044662e-04
2.426867e-01 1.912601e-04 4.974486e-04
2.429575e-01 -3.210604e-04 5.155619e-04
2.432283e-01 3.205184e-04 5.338196e-04
2.434992e-01 4.015304e-04 5.207957e-04
2.437700e-01 -2.768077e-05 5.331622e-04
2.440408e-01 -2.072696e-04 5.407120e-04
2.443116e-01 -1.467112e-04 5.472329e-04
2.445824e-01 4.413892e-04 5.538769e-04
2.448532e-01 -1.949202e-04 5.536469e-04
2.451240e-01 -3.698803e-04 5.719280e-04
2.453949e-01 1.103969e-03 5.750795e-04
2.456657e-01 3.596507e-04 5.878458e-04
2.459365e-01 1.508979e-03 5.896673e-04
2.462073e-01 -1.979992e-05 5.986761e-04
2.464781e-01 1.634730e-03 6.372532e-04
2.467489e-01 -2.453513e-04 6.223843e-04
2.470197e-01 6.805304e-04 6.215209e-04
2.472906e-01 4.121903e-04 6.363443e-04
2.475614e-01 -3.299601e-04 6.504979e-04
2.478322e-01 1.100719e-03 6.901000e-04
2.481030e-01 7.961895e-04 6.654348e-04
2.483738e-01 7.855911e-04 6.854522e-04
2.486446e-01 1.101948e-03 7.043382e-04
2.489154e-01 -1.015430e-03 7.196521e-04
2.491863e-01 1.688430e-03 7.244536e-04
2.494571e-01 1.580480e-03 7.378812e-04
2.497279e-01 1.172619e-03 7.535435e-04
2.499987e-01 -1.478009e-05 7.941176e-04
2.502695e-01 4.368499e-04 7.977073e-04
2.505403e-01 1.628140e-03 8.397793e-04
2.508111e-01 -1.408290e-04 8.193662e-04
2.510819e-01 -6.480310e-04 8.606665e-04
2.513528e-01 -2.311692e-04 8.623190e-04
2.516236e-01 1.067780e-03 9.032356e-04
2.518944e-01 1.929794e-04 9.084988e-04
2.521652e-01 8.066203e-04 1.019835e-03
2.524360e-01 1.712129e-03 1.017982e-03
2.527068e-01 1.249060e-03 1.004100e-03
2.529776e-01 -9.602197e-04 1.034891e-03
2.532485e-01 -1.810901e-04 1.068996e-03
2.535193e-01 -5.508512e-04 1.089358e-03
2.537901e-01 -6.695185e-04 1.123294e-03
2.540609e-01 1.816930e-03 1.121786e-03
2.543317e-01 -1.670793e-04 1.114287e-03
2.546025e-01 -7.705595e-04 1.177665e-03
2.548733e-01 3.295299e-04 1.301748e-03
2.551441e-01 -5.154386e-04 1.298391e-03
2.554150e-01 -8.141994e-04 1.351151e-03
2.556858e-01 -4.727803e-04 1.428720e-03
2.559566e-01 2.553949e-03 1.603391e-03
2.562274e-01 4.432686e-04 1.625372e-03
2.564982e-01 -1.200829e-03 1.609633e-03
2.567690e-01 1.970902e-04 1.960711e-03
2.570398e-01 -2.693404e-04 2.346907e-03
2.573107e-01 -1.132108e-03 2.300478e-03
2.575815e-01 -2.003979e-03 2.852716e-03
2.578523e-01 3.127400e-03 4.308373e-03
2.581231e-01 4.392304e-04 8.372873e-03
