3.286826e-03 4.445516e+00 0.000000e+00
3.557641e-03 5.415783e+00 1.064238e-01
3.828455e-03 5.243660e+00 6.232001e-02
4.099269e-03 5.038299e+00 4.739335e-02
4.370084e-03 4.835738e+00 3.668696e-02
4.640898e-03 4.612721e+00 2.687102e-02
4.911712e-03 4.392989e+00 2.264718e-02
5.182527e-03 4.216634e+00 1.850238e-02
5.453341e-03 4.058255e+00 1.719239e-02
5.724155e-03 3.864201e+00 1.461984e-02
5.994970e-03 3.715934e+00 1.275113e-02
6.265784e-03 3.564284e+00 1.119805e-02
6.536598e-03 3.409268e+00 9.895534e-03
6.807412e-03 3.287887e+00 9.112162e-03
7.078227e-03 3.130273e+00 8.653176e-03
7.349041e-03 2.999321e+00 7.779574e-03
7.619855e-03 2.873407e+00 7.260837e-03
7.890671e-03 2.751777e+00 6.804204e-03
8.161485e-03 2.621589e+00 6.541993e-03
8.432299e-03 2.506036e+00 5.995607e-03
8.703114e-03 2.396589e+00 5.716307e-03
8.973928e-03 2.302922e+00 5.268470e-03
9.244742e-03 2.197106e+00 5.060208e-03
9.515557e-03 2.082329e+00 4.842336e-03
9.786371e-03 1.998733e+00 4.685580e-03
1.005718e-02 1.898136e+00 4.381886e-03
1.032800e-02 1.797280e+00 4.026663e-03
1.059881e-02 1.712908e+00 3.943485e-03
1.086963e-02 1.627430e+00 3.781461e-03
1.114044e-02 1.541555e+00 3.611413e-03
1.141126e-02 1.456529e+00 3.476061e-03
1.168207e-02 1.380231e+00 3.336764e-03
1.195289e-02 1.302583e+00 3.158941e-03
1.222370e-02 1.232186e+00 3.028618e-03
1.249451e-02 1.161253e+00 2.842688e-03
1.276533e-02 1.096780e+00 2.791484e-03
1.303614e-02 1.026932e+00 2.575908e-03
1.330696e-02 9.760999e-01 2.477710e-03
1.357777e-02 9.129333e-01 2.433906e-03
1.384859e-02 8.565100e-01 2.312204e-03
1.411940e-02 8.042350e-01 2.118730e-03
1.439021e-02 7.493111e-01 2.026353e-03
1.466103e-02 7.019558e-01 1.973486e-03
1.493184e-02 6.579397e-01 1.860436e-03
1.520266e-02 6.155107e-01 1.813666e-03
1.547347e-02 5.727132e-01 1.720823e-03
1.574429e-02 5.346976e-01 1.639084e-03
1.601510e-02 4.951665e-01 1.606063e-03
1.628591e-02 4.642253e-01 1.540065e-03
1.655673e-02 4.278616e-01 1.438662e-03
1.682754e-02 3.995514e-01 1.411582e-03
1.709836e-02 3.738998e-01 1.364106e-03
1.736917e-02 3.448919e-01 1.310995e-03
1.763999e-02 3.158002e-01 1.222733e-03
1.791080e-02 2.938164e-01 1.166032e-03
1.818161e-02 2.701763e-01 1.150912e-03
1.845243e-02 2.520153e-01 1.114298e-03
1.872324e-02 2.327984e-01 1.067297e-03
1.899406e-02 2.151898e-01 1.023343e-03
1.926487e-02 1.974238e-01 9.966420e-04
1.953569e-02 1.831195e-01 9.636263e-04
1.980650e-02 1.681918e-01 9.381159e-04
2.007731e-02 1.542538e-01 9.034062e-04
2.034813e-02 1.419269e-01 8.780917e-04
2.061894e-02 1.307456e-01 8.514556e-04
2.088976e-02 1.194923e-01 8.124452e-04
2.116057e-02 1.102368e-01 7.944427e-04
2.143139e-02 1.012537e-01 7.676182e-04
2.170220e-02 9.361196e-02 7.554929e-04
2.197302e-02 8.528221e-02 7.226164e-04
2.224383e-02 7.929815e-02 6.935763e-04
2.251465e-02 7.193011e-02 6.732971e-04
2.278546e-02 6.702032e-02 6.536830e-04
2.305627e-02 6.319080e-02 6.374757e-04
2.332709e-02 5.773124e-02 6.101962e-04
2.359790e-02 5.414706e-02 5.927617e-04
2.386872e-02 4.783509e-02 5.830208e-04
2.413953e-02 4.372317e-02 5.553154e-04
2.441034e-02 4.181110e-02 5.434007e-04
2.468116e-02 3.876494e-02 5.394898e-04
2.495197e-02 3.618454e-02 5.093120e-04
2.522279e-02 3.439866e-02 5.144428e-04
2.549360e-02 3.175012e-02 4.974962e-04
2.576442e-02 3.018117e-02 4.866254e-04
2.603523e-02 2.880329e-02 4.829520e-04
2.630604e-02 2.628555e-02 4.677416e-04
2.657686e-02 2.598419e-02 4.686603e-04
2.684767e-02 2.409050e-02 4.586194e-04
2.711849e-02 2.324686e-02 4.540103e-04
2.738930e-02 2.236765e-02 4.479687e-04
2.766012e-02 2.148732e-02 4.379110e-04
2.793093e-02 2.130216e-02 4.368720e-04
2.820175e-02 2.018358e-02 4.189977e-04
2.847256e-02 1.968348e-02 4.184527e-04
2.874337e-02 1.941630e-02 4.178626e-04
2.901419e-02 1.879816e-02 4.090259e-04
2.928500e-02 1.797450e-02 3.999054e-04
2.955582e-02 1.800538e-02 4.002372e-04
2.982663e-02 1.751010e-02 3.988609e-04
3.009745e-02 1.771697e-02 3.932353e-04
3.036826e-02 1.713895e-02 3.887917e-04
3.063907e-02 1.647160e-02 3.908988e-04
3.090989e-02 1.608116e-02 3.833264e-04
3.118070e-02 1.612038e-02 3.824378e-04
3.145152e-02 1.639899e-02 3.827844e-04
3.172233e-02 1.548333e-02 3.803314e-04
3.199315e-02 1.596124e-02 3.776054e-04
3.226396e-02 1.539387e-02 3.721535e-04
3.253478e-02 1.553770e-02 3.711858e-04
3.280559e-02 1.478978e-02 3.676074e-04
3.307641e-02 1.444393e-02 3.605069e-04
3.334722e-02 1.438411e-02 3.600345e-04
3.361803e-02 1.423207e-02 3.597141e-04
3.388885e-02 1.362262e-02 3.606912e-04
3.415966e-02 1.339213e-02 3.591431e-04
3.443048e-02 1.432897e-02 3.541760e-04
3.470129e-02 1.326535e-02 3.493438e-04
3.497211e-02 1.335390e-02 3.505980e-04
3.524292e-02 1.312828e-02 3.419724e-04
3.551374e-02 1.333162e-02 3.442162e-04
3.578455e-02 1.267431e-02 3.418517e-04
3.605536e-02 1.269078e-02 3.399803e-04
3.632618e-02 1.198431e-02 3.366913e-04
3.659699e-02 1.163466e-02 3.301139e-04
3.686780e-02 1.145875e-02 3.343651e-04
3.713862e-02 1.177202e-02 3.299226e-04
3.740944e-02 1.098379e-02 3.285627e-04
3.768025e-02 1.066147e-02 3.253097e-04
3.795106e-02 1.068050e-02 3.220127e-04
3.822188e-02 1.066662e-02 3.243388e-04
3.849269e-02 1.105231e-02 3.191656e-04
3.876351e-02 9.974148e-03 3.141718e-04
3.903432e-02 9.841293e-03 3.145272e-04
3.930514e-02 9.947620e-03 3.158826e-04
3.957595e-02 9.001419e-03 3.110459e-04
3.984676e-02 8.884590e-03 3.072227e-04
4.011758e-02 9.146702e-03 3.094700e-04
4.038839e-02 9.080533e-03 3.091883e-04
4.065921e-02 8.077201e-03 3.029120e-04
4.093002e-02 8.011129e-03 3.041315e-04
4.120084e-02 8.368321e-03 2.987163e-04
4.147165e-02 8.145310e-03 2.979557e-04
4.174246e-02 8.274522e-03 3.011595e-04
4.201328e-02 7.305570e-03 2.947406e-04
4.228409e-02 7.499900e-03 2.965206e-04
4.255491e-02 7.946149e-03 2.922393e-04
4.282572e-02 6.844901e-03 2.936128e-04
4.309653e-02 7.038999e-03 2.903954e-04
4.336735e-02 6.576817e-03 2.883963e-04
4.363817e-02 6.971380e-03 2.885270e-04
4.390898e-02 6.677158e-03 2.878190e-04
4.417979e-02 6.454781e-03 2.865329e-04
4.445061e-02 5.674690e-03 2.815180e-04
4.472142e-02 5.995711e-03 2.784131e-04
4.499224e-02 5.785231e-03 2.814897e-04
4.526305e-02 5.416110e-03 2.821474e-04
4.553387e-02 5.663000e-03 2.757772e-04
4.580468e-02 6.059250e-03 2.781795e-04
4.607549e-02 5.067859e-03 2.760934e-04
4.634631e-02 5.123202e-03 2.723675e-04
4.661712e-02 5.388720e-03 2.732000e-04
4.688794e-02 5.045790e-03 2.701204e-04
4.715875e-02 5.053610e-03 2.700103e-04
4.742957e-02 4.941940e-03 2.688989e-04
4.770038e-02 4.869360e-03 2.661210e-04
4.797119e-02 5.020522e-03 2.669008e-04
4.824201e-02 4.500659e-03 2.616962e-04
4.851282e-02 4.885901e-03 2.665099e-04
4.878364e-02 4.259789e-03 2.614618e-04
4.905445e-02 4.624391e-03 2.622726e-04
4.932526e-02 4.454881e-03 2.625831e-04
4.959608e-02 4.328331e-03 2.582556e-04
4.986690e-02 3.971320e-03 2.598346e-04
5.013771e-02 4.552659e-03 2.603505e-04
5.040852e-02 4.000459e-03 2.562182e-04
5.067934e-02 4.016710e-03 2.562117e-04
5.095015e-02 4.252439e-03 2.513702e-04
5.122096e-02 3.664132e-03 2.560134e-04
5.149178e-02 3.256999e-03 2.550611e-04
5.176260e-02 4.082451e-03 2.524023e-04
5.203341e-02 3.854379e-03 2.523093e-04
5.230422e-02 3.679361e-03 2.495055e-04
5.257504e-02 3.870681e-03 2.516853e-04
5.284585e-02 3.855351e-03 2.512238e-04
5.311667e-02 3.725408e-03 2.485617e-04
5.338748e-02 3.689509e-03 2.549236e-04
5.365830e-02 4.106028e-03 2.506383e-04
5.392911e-02 3.620032e-03 2.528636e-04
5.419992e-02 3.774470e-03 2.542241e-04
5.447074e-02 3.281381e-03 2.521909e-04
5.474155e-02 3.461922e-03 2.553319e-04
5.501237e-02 3.413249e-03 2.597509e-04
5.528318e-02 3.805742e-03 2.619319e-04
5.555400e-02 3.426790e-03 2.640681e-04
5.582481e-02 3.251389e-03 2.629426e-04
5.609563e-02 3.559221e-03 2.673393e-04
5.636644e-02 3.099591e-03 2.677461e-04
5.663725e-02 3.616530e-03 2.670607e-04
5.690807e-02 3.435431e-03 2.689626e-04
5.717888e-02 3.226232e-03 2.657177e-04
5.744969e-02 3.220530e-03 2.694427e-04
5.772051e-02 2.666440e-03 2.700632e-04
5.799133e-02 2.927842e-03 2.690118e-04
5.826214e-02 3.090249e-03 2.708466e-04
5.853295e-02 3.117500e-03 2.679390e-04
5.880377e-02 3.197638e-03 2.695038e-04
5.907458e-02 2.909258e-03 2.675897e-04
5.934540e-02 3.468180e-03 2.704769e-04
5.961621e-02 3.614139e-03 2.727959e-04
5.988703e-02 3.561102e-03 2.749161e-04
6.015784e-02 3.069689e-03 2.728826e-04
6.042865e-02 2.757398e-03 2.700513e-04
6.069947e-02 2.898099e-03 2.660904e-04
6.097028e-02 2.670752e-03 2.662140e-04
6.124110e-02 2.875840e-03 2.629493e-04
6.151191e-02 2.955148e-03 2.613259e-04
6.178273e-02 3.290728e-03 2.637829e-04
6.205354e-02 2.932478e-03 2.599421e-04
6.232436e-02 2.637478e-03 2.601815e-04
6.259517e-02 2.565909e-03 2.569454e-04
6.286598e-02 3.034459e-03 2.562404e-04
6.313679e-02 2.364192e-03 2.606561e-04
6.340761e-02 2.686668e-03 2.533484e-04
6.367842e-02 2.728760e-03 2.544172e-04
6.394923e-02 2.721539e-03 2.542075e-04
6.422005e-02 2.594959e-03 2.550853e-04
6.449086e-02 2.373340e-03 2.570367e-04
6.476168e-02 2.874998e-03 2.512392e-04
6.503250e-02 2.958231e-03 2.563614e-04
6.530331e-02 2.666328e-03 2.554581e-04
6.557412e-02 2.348309e-03 2.518794e-04
6.584494e-02 2.367539e-03 2.537108e-04
6.611575e-02 2.343139e-03 2.529172e-04
6.638657e-02 2.468238e-03 2.519926e-04
6.665738e-02 2.942789e-03 2.498937e-04
6.692819e-02 2.500031e-03 2.508138e-04
6.719901e-02 2.512889e-03 2.502752e-04
6.746982e-02 2.126429e-03 2.506243e-04
6.774063e-02 2.569340e-03 2.507220e-04
6.801146e-02 2.250761e-03 2.480912e-04
6.828227e-02 2.143571e-03 2.467998e-04
6.855308e-02 2.396761e-03 2.489925e-04
6.882390e-02 2.316108e-03 2.492652e-04
6.909471e-02 2.050651e-03 2.485442e-04
6.936552e-02 2.008922e-03 2.467650e-04
6.963634e-02 2.501339e-03 2.475726e-04
6.990715e-02 2.191599e-03 2.461109e-04
7.017796e-02 2.432309e-03 2.422828e-04
7.044878e-02 3.130181e-03 2.433654e-04
7.071959e-02 2.466101e-03 2.453499e-04
7.099041e-02 2.336990e-03 2.442721e-04
7.126123e-02 2.440831e-03 2.439589e-04
7.153204e-02 2.032239e-03 2.408829e-04
7.180285e-02 2.178131e-03 2.436981e-04
7.207367e-02 2.156621e-03 2.440369e-04
7.234448e-02 2.084758e-03 2.429711e-04
7.261530e-02 2.415271e-03 2.430732e-04
7.288611e-02 2.326671e-03 2.398016e-04
7.315692e-02 1.836250e-03 2.415051e-04
7.342774e-02 1.981460e-03 2.414340e-04
7.369855e-02 1.758009e-03 2.414496e-04
7.396936e-02 2.232570e-03 2.404310e-04
7.424019e-02 2.267262e-03 2.407393e-04
7.451100e-02 2.215190e-03 2.400789e-04
7.478181e-02 2.224669e-03 2.395432e-04
7.505263e-02 1.603121e-03 2.368828e-04
7.532344e-02 2.321180e-03 2.412768e-04
7.559425e-02 2.091629e-03 2.373177e-04
7.586507e-02 2.033308e-03 2.370763e-04
7.613588e-02 2.228791e-03 2.376303e-04
7.640669e-02 1.471579e-03 2.360513e-04
7.667751e-02 1.782039e-03 2.380116e-04
7.694832e-02 2.314258e-03 2.361096e-04
7.721914e-02 2.113121e-03 2.353660e-04
7.748996e-02 2.076050e-03 2.353221e-04
7.776077e-02 1.888210e-03 2.335595e-04
7.803158e-02 2.074352e-03 2.378418e-04
7.830240e-02 2.037231e-03 2.360222e-04
7.857321e-02 2.439240e-03 2.364896e-04
7.884403e-02 2.005517e-03 2.336045e-04
7.911484e-02 1.951329e-03 2.330318e-04
7.938565e-02 2.107410e-03 2.343573e-04
7.965647e-02 2.008518e-03 2.321889e-04
7.992728e-02 1.994438e-03 2.329258e-04
8.019809e-02 1.694329e-03 2.330152e-04
8.046892e-02 1.810452e-03 2.305598e-04
8.073973e-02 1.952520e-03 2.312324e-04
8.101054e-02 1.908941e-03 2.314338e-04
8.128136e-02 2.316710e-03 2.292036e-04
8.155217e-02 2.411380e-03 2.305770e-04
8.182298e-02 1.713770e-03 2.286238e-04
8.209380e-02 1.960550e-03 2.302073e-04
8.236461e-02 1.774939e-03 2.302223e-04
8.263543e-02 1.872111e-03 2.305792e-04
8.290624e-02 1.947932e-03 2.316183e-04
8.317705e-02 1.640020e-03 2.274231e-04
8.344787e-02 2.002720e-03 2.300834e-04
8.371869e-02 1.862010e-03 2.290344e-04
8.398950e-02 1.749560e-03 2.278277e-04
8.426031e-02 1.935810e-03 2.284888e-04
8.453113e-02 1.800571e-03 2.252234e-04
8.480194e-02 1.407791e-03 2.277046e-04
8.507276e-02 1.577539e-03 2.257114e-04
8.534357e-02 1.882460e-03 2.260224e-04
8.561438e-02 1.924291e-03 2.251388e-04
8.588520e-02 1.656909e-03 2.242492e-04
8.615601e-02 2.039021e-03 2.244511e-04
8.642682e-02 1.891460e-03 2.263826e-04
8.669765e-02 1.785900e-03 2.232655e-04
8.696846e-02 1.717551e-03 2.237264e-04
8.723927e-02 1.887219e-03 2.241030e-04
8.751009e-02 1.794720e-03 2.236999e-04
8.778090e-02 2.008680e-03 2.216307e-04
8.805171e-02 1.502471e-03 2.237721e-04
8.832253e-02 1.406170e-03 2.226025e-04
8.859334e-02 1.793910e-03 2.233635e-04
8.886416e-02 1.645500e-03 2.210424e-04
8.913497e-02 1.604561e-03 2.218308e-04
8.940578e-02 1.722479e-03 2.215505e-04
8.967660e-02 2.164930e-03 2.223536e-04
8.994742e-02 1.622381e-03 2.221177e-04
9.021823e-02 1.696711e-03 2.210814e-04
9.048904e-02 1.674529e-03 2.204806e-04
9.075986e-02 1.464460e-03 2.214801e-04
9.103067e-02 1.731440e-03 2.195545e-04
9.130149e-02 1.619460e-03 2.193470e-04
9.157230e-02 1.762722e-03 2.193608e-04
9.184311e-02 2.153819e-03 2.203263e-04
9.211393e-02 1.764530e-03 2.177329e-04
9.238474e-02 1.611609e-03 2.175365e-04
9.265555e-02 1.432519e-03 2.183352e-04
9.292637e-02 1.676271e-03 2.168061e-04
9.319719e-02 1.603460e-03 2.194670e-04
9.346800e-02 1.897851e-03 2.162855e-04
9.373882e-02 1.310030e-03 2.167231e-04
9.400963e-02 1.696760e-03 2.186593e-04
9.428044e-02 1.695601e-03 2.171627e-04
9.455126e-02 1.893099e-03 2.167934e-04
9.482207e-02 1.887301e-03 2.161002e-04
9.509289e-02 1.864111e-03 2.187435e-04
9.536370e-02 1.209570e-03 2.162892e-04
9.563451e-02 1.547661e-03 2.132912e-04
9.590533e-02 1.464490e-03 2.148035e-04
9.617615e-02 1.703111e-03 2.144353e-04
9.644696e-02 1.462800e-03 2.131113e-04
9.671777e-02 1.729760e-03 2.150029e-04
9.698859e-02 1.816491e-03 2.130794e-04
9.725940e-02 1.655070e-03 2.146552e-04
9.753022e-02 1.560809e-03 2.112580e-04
9.780103e-02 1.809860e-03 2.161561e-04
9.807184e-02 1.428459e-03 2.118201e-04
9.834266e-02 1.716960e-03 2.131927e-04
9.861347e-02 1.838580e-03 2.151598e-04
9.888428e-02 2.041459e-03 2.121452e-04
9.915510e-02 1.414441e-03 2.129604e-04
9.942592e-02 2.063649e-03 2.108736e-04
9.969673e-02 1.710549e-03 2.105957e-04
9.996755e-02 1.688190e-03 2.104079e-04
1.002384e-01 1.611650e-03 2.122103e-04
1.005092e-01 1.531620e-03 2.105705e-04
1.007800e-01 1.739679e-03 2.111450e-04
1.010508e-01 2.119930e-03 2.124257e-04
1.013216e-01 1.607280e-03 2.103419e-04
1.015924e-01 1.679480e-03 2.086232e-04
1.018632e-01 1.405630e-03 2.086947e-04
1.021341e-01 1.541020e-03 2.089971e-04
1.024049e-01 1.563290e-03 2.104892e-04
1.026757e-01 1.285700e-03 2.082206e-04
1.029465e-01 1.395950e-03 2.076988e-04
1.032173e-01 1.906959e-03 2.080725e-04
1.034881e-01 1.335321e-03 2.072677e-04
1.037589e-01 1.410911e-03 2.066199e-04
1.040298e-01 1.739930e-03 2.075961e-04
1.043006e-01 1.537969e-03 2.075565e-04
1.045714e-01 1.141049e-03 2.061755e-04
1.048422e-01 1.314551e-03 2.063661e-04
1.051130e-01 1.295820e-03 2.068528e-04
1.053838e-01 1.086291e-03 2.076059e-04
1.056546e-01 1.802310e-03 2.053751e-04
1.059255e-01 1.343960e-03 2.059144e-04
1.061963e-01 1.579409e-03 2.050406e-04
1.064671e-01 1.085831e-03 2.056722e-04
1.067379e-01 9.997301e-04 2.039743e-04
1.070087e-01 1.288790e-03 2.053791e-04
1.072795e-01 1.400340e-03 2.029151e-04
1.075503e-01 1.334280e-03 2.037881e-04
1.078212e-01 1.441659e-03 2.053058e-04
1.080920e-01 1.548421e-03 2.050682e-04
1.083628e-01 1.332030e-03 2.048449e-04
1.086336e-01 1.536489e-03 2.034326e-04
1.089044e-01 1.473879e-03 2.044136e-04
1.091752e-01 1.421439e-03 2.037685e-04
1.094460e-01 1.601418e-03 2.034824e-04
1.097169e-01 1.251891e-03 2.030342e-04
1.099877e-01 1.415990e-03 2.023115e-04
1.102585e-01 1.237569e-03 2.034484e-04
1.105293e-01 1.336131e-03 2.064917e-04
1.108001e-01 1.381660e-03 2.080871e-04
1.110709e-01 1.601070e-03 2.107846e-04
1.113417e-01 9.594597e-04 2.075314e-04
1.116126e-01 1.037240e-03 2.090492e-04
1.118834e-01 1.391470e-03 2.097053e-04
1.121542e-01 1.247119e-03 2.118546e-04
1.124250e-01 1.920391e-03 2.138586e-04
1.126958e-01 1.205640e-03 2.130643e-04
1.129666e-01 1.592930e-03 2.162003e-04
1.132374e-01 1.655491e-03 2.192474e-04
1.135083e-01 1.726350e-03 2.205531e-04
1.137791e-01 1.666902e-03 2.217209e-04
1.140499e-01 1.478909e-03 2.211051e-04
1.143207e-01 1.306860e-03 2.228364e-04
1.145915e-01 1.387529e-03 2.257688e-04
1.148623e-01 1.319250e-03 2.264591e-04
1.151332e-01 1.476960e-03 2.250523e-04
1.154040e-01 1.804350e-03 2.307774e-04
1.156748e-01 1.059940e-03 2.314008e-04
1.159456e-01 1.341932e-03 2.316418e-04
1.162164e-01 1.719290e-03 2.318101e-04
1.164872e-01 1.579080e-03 2.316306e-04
1.167580e-01 7.068794e-04 2.363843e-04
1.170288e-01 1.933739e-03 2.378049e-04
1.172997e-01 1.112740e-03 2.360909e-04
1.175705e-01 1.905730e-03 2.383191e-04
1.178413e-01 1.192519e-03 2.394360e-04
1.181121e-01 8.114502e-04 2.365163e-04
1.183829e-01 1.704911e-03 2.314485e-04
1.186537e-01 8.553006e-04 2.318226e-04
1.189246e-01 1.531200e-03 2.303768e-04
1.191954e-01 1.671720e-03 2.305019e-04
1.194662e-01 9.114500e-04 2.303766e-04
1.197370e-01 1.496648e-03 2.290084e-04
1.200078e-01 1.852039e-03 2.287799e-04
1.202786e-01 1.417590e-03 2.278637e-04
1.205494e-01 1.628840e-03 2.291210e-04
1.208202e-01 1.274651e-03 2.292177e-04
1.210911e-01 1.077911e-03 2.281478e-04
1.213619e-01 1.487251e-03 2.307378e-04
1.216327e-01 1.690520e-03 2.279027e-04
1.219035e-01 1.206510e-03 2.270274e-04
1.221743e-01 7.215608e-04 2.277912e-04
1.224451e-01 1.448350e-03 2.268661e-04
1.227160e-01 1.466030e-03 2.287213e-04
1.229868e-01 1.195980e-03 2.276356e-04
1.232576e-01 1.084240e-03 2.270537e-04
1.235284e-01 9.369496e-04 2.286277e-04
1.237992e-01 1.203140e-03 2.278571e-04
1.240700e-01 1.536598e-03 2.300540e-04
1.243408e-01 1.507100e-03 2.274850e-04
1.246117e-01 1.240931e-03 2.281155e-04
1.248825e-01 1.454670e-03 2.284105e-04
1.251533e-01 1.114089e-03 2.265529e-04
1.254241e-01 1.297440e-03 2.271250e-04
1.256949e-01 1.241330e-03 2.243414e-04
1.259657e-01 1.553360e-03 2.267703e-04
1.262365e-01 1.763141e-03 2.253042e-04
1.265074e-01 8.270107e-04 2.246946e-04
1.267782e-01 1.146860e-03 2.263255e-04
1.270490e-01 1.406569e-03 2.237982e-04
1.273198e-01 1.208410e-03 2.261612e-04
1.275906e-01 1.213709e-03 2.223148e-04
1.278614e-01 1.376281e-03 2.225370e-04
1.281322e-01 1.819570e-03 2.225371e-04
1.284031e-01 1.306022e-03 2.220042e-04
1.286739e-01 1.502121e-03 2.234862e-04
1.289447e-01 1.012761e-03 2.227111e-04
1.292155e-01 1.666639e-03 2.244753e-04
1.294863e-01 1.315001e-03 2.218285e-04
1.297571e-01 1.227580e-03 2.221045e-04
1.300279e-01 1.092959e-03 2.205863e-04
1.302988e-01 1.427421e-03 2.201894e-04
1.305696e-01 1.384770e-03 2.206494e-04
1.308404e-01 1.481799e-03 2.206749e-04
1.311112e-01 8.898601e-04 2.219441e-04
1.313820e-01 1.049761e-03 2.205518e-04
1.316528e-01 1.569660e-03 2.220990e-04
1.319236e-01 1.644531e-03 2.195625e-04
1.321945e-01 1.213230e-03 2.204444e-04
1.324653e-01 1.094159e-03 2.185415e-04
1.327361e-01 8.685198e-04 2.191451e-04
1.330069e-01 1.064399e-03 2.208877e-04
1.332777e-01 1.384651e-03 2.190818e-04
1.335485e-01 1.347540e-03 2.184768e-04
1.338193e-01 1.436722e-03 2.220160e-04
1.340902e-01 1.028560e-03 2.164273e-04
1.343610e-01 1.372710e-03 2.211546e-04
1.346318e-01 1.405500e-03 2.184446e-04
1.349026e-01 1.305440e-03 2.167866e-04
1.351734e-01 1.107730e-03 2.217281e-04
1.354442e-01 9.445306e-04 2.176076e-04
1.357151e-01 8.850209e-04 2.193998e-04
1.359859e-01 1.252910e-03 2.168090e-04
1.362567e-01 1.404289e-03 2.170064e-04
1.365275e-01 1.295051e-03 2.173002e-04
1.367983e-01 1.026591e-03 2.134723e-04
1.370691e-01 1.253460e-03 2.191146e-04
1.373399e-01 1.042260e-03 2.238095e-04
1.376107e-01 1.129830e-03 2.214879e-04
1.378816e-01 1.121109e-03 2.264458e-04
1.381524e-01 1.072330e-03 2.234631e-04
1.384232e-01 1.589350e-03 2.287697e-04
1.386940e-01 1.423260e-03 2.274596e-04
1.389648e-01 1.081899e-03 2.310293e-04
1.392356e-01 1.512760e-03 2.325675e-04
1.395064e-01 1.132280e-03 2.299549e-04
1.397773e-01 1.112141e-03 2.326675e-04
1.400481e-01 1.401650e-03 2.324276e-04
1.403189e-01 1.604980e-03 2.355160e-04
1.405897e-01 1.870090e-03 2.366814e-04
1.408605e-01 1.058901e-03 2.357174e-04
1.411313e-01 1.091721e-03 2.377030e-04
1.414021e-01 1.429120e-03 2.363549e-04
1.416730e-01 1.123611e-03 2.391513e-04
1.419438e-01 1.231652e-03 2.374915e-04
1.422146e-01 1.355451e-03 2.393650e-04
1.424854e-01 8.996613e-04 2.386804e-04
1.427562e-01 1.247291e-03 2.392903e-04
1.430270e-01 1.145652e-03 2.381462e-04
1.432979e-01 1.350868e-03 2.410023e-04
1.435687e-01 1.090959e-03 2.419496e-04
1.438395e-01 9.222385e-04 2.425703e-04
1.441103e-01 6.744899e-04 2.432885e-04
1.443811e-01 7.841382e-04 2.422208e-04
1.446519e-01 8.887798e-04 2.439377e-04
1.449227e-01 1.096880e-03 2.469179e-04
1.451935e-01 9.572394e-04 2.442600e-04
1.454644e-01 1.111209e-03 2.477795e-04
1.457352e-01 1.665100e-03 2.474263e-04
1.460060e-01 1.358919e-03 2.458883e-04
1.462768e-01 1.185060e-03 2.492579e-04
1.465476e-01 1.020789e-03 2.484688e-04
1.468184e-01 1.205381e-03 2.517876e-04
1.470892e-01 8.769315e-04 2.475972e-04
1.473601e-01 1.435500e-03 2.493979e-04
1.476309e-01 1.014959e-03 2.494961e-04
1.479017e-01 1.214541e-03 2.516361e-04
1.481725e-01 1.112951e-03 2.492295e-04
1.484433e-01 1.436081e-03 2.484864e-04
1.487141e-01 1.072818e-03 2.494934e-04
1.489850e-01 1.205949e-03 2.472717e-04
1.492558e-01 1.148799e-03 2.479463e-04
1.495266e-01 6.818101e-04 2.483468e-04
1.497974e-01 1.598120e-03 2.470950e-04
1.500682e-01 1.244269e-03 2.486747e-04
1.503390e-01 1.205999e-03 2.472807e-04
1.506098e-01 1.547670e-03 2.493164e-04
1.508806e-01 1.483759e-03 2.474227e-04
1.511515e-01 1.298631e-03 2.473954e-04
1.514223e-01 1.147460e-03 2.512350e-04
1.516931e-01 1.196319e-03 2.469284e-04
1.519639e-01 1.245510e-03 2.473092e-04
1.522347e-01 8.175392e-04 2.482912e-04
1.525055e-01 1.494991e-03 2.483214e-04
1.527763e-01 8.819997e-04 2.482848e-04
1.530472e-01 1.112290e-03 2.473090e-04
1.533180e-01 1.109270e-03 2.490540e-04
1.535888e-01 1.686070e-03 2.479703e-04
1.538596e-01 1.531869e-03 2.497982e-04
1.541304e-01 1.170430e-03 2.497882e-04
1.544012e-01 1.480440e-03 2.471573e-04
1.546721e-01 6.996691e-04 2.504841e-04
1.549429e-01 1.028180e-03 2.502004e-04
1.552137e-01 1.370979e-03 2.484188e-04
1.554845e-01 1.027750e-03 2.494670e-04
1.557553e-01 1.034269e-03 2.491480e-04
1.560261e-01 1.246551e-03 2.504280e-04
1.562969e-01 1.350300e-03 2.480759e-04
1.565678e-01 1.056910e-03 2.486190e-04
1.568386e-01 8.346196e-04 2.489382e-04
1.571094e-01 9.157192e-04 2.510057e-04
1.573802e-01 8.683503e-04 2.486821e-04
1.576510e-01 1.714470e-03 2.485011e-04
1.579218e-01 1.256280e-03 2.502834e-04
1.581926e-01 1.308989e-03 2.505837e-04
1.584634e-01 1.256330e-03 2.493847e-04
1.587343e-01 9.589903e-04 2.466182e-04
1.590051e-01 9.081904e-04 2.487388e-04
1.592759e-01 1.319440e-03 2.488850e-04
1.595467e-01 1.279550e-03 2.507212e-04
1.598175e-01 1.780270e-03 2.492873e-04
1.600883e-01 1.260370e-03 2.469339e-04
1.603591e-01 1.274260e-03 2.476990e-04
1.606300e-01 1.216851e-03 2.470624e-04
1.609008e-01 1.245191e-03 2.464990e-04
1.611716e-01 9.312611e-04 2.479562e-04
1.614424e-01 7.396992e-04 2.454897e-04
1.617132e-01 1.297399e-03 2.482581e-04
1.619840e-01 1.419380e-03 2.452145e-04
1.622549e-01 1.141159e-03 2.467193e-04
1.625257e-01 6.764792e-04 2.471015e-04
1.627965e-01 1.256471e-03 2.454374e-04
1.630673e-01 9.637494e-04 2.484467e-04
1.633381e-01 1.359969e-03 2.451651e-04
1.636089e-01 9.100698e-04 2.472077e-04
1.638797e-01 1.251740e-03 2.492556e-04
1.641506e-01 8.864198e-04 2.459699e-04
1.644214e-01 1.245540e-03 2.465531e-04
1.646922e-01 1.134669e-03 2.450277e-04
1.649630e-01 1.449700e-03 2.488090e-04
1.652338e-01 1.210541e-03 2.497758e-04
1.655046e-01 1.190279e-03 2.480628e-04
1.657754e-01 7.069409e-04 2.477152e-04
1.660462e-01 1.342930e-03 2.493396e-04
1.663171e-01 1.000550e-03 2.455288e-04
1.665879e-01 1.307720e-03 2.473084e-04
1.668587e-01 1.120251e-03 2.480158e-04
1.671295e-01 1.065131e-03 2.481711e-04
1.674003e-01 1.377789e-03 2.498639e-04
1.676711e-01 1.310570e-03 2.566412e-04
1.679420e-01 8.704811e-04 2.581061e-04
1.682128e-01 1.113210e-03 2.642760e-04
1.684836e-01 6.500203e-04 2.654443e-04
1.687544e-01 1.279119e-03 2.679933e-04
1.690252e-01 1.199830e-03 2.704774e-04
1.692960e-01 1.336981e-03 2.693484e-04
1.695668e-01 9.636097e-04 2.745703e-04
1.698377e-01 1.107370e-03 2.746009e-04
1.701085e-01 1.527030e-03 2.798892e-04
1.703793e-01 1.237180e-03 2.819354e-04
1.706501e-01 9.481609e-04 2.824525e-04
1.709209e-01 1.226692e-03 2.882377e-04
1.711917e-01 7.384717e-04 2.845083e-04
1.714625e-01 9.503495e-04 2.909863e-04
1.717333e-01 1.191460e-03 2.943554e-04
1.720042e-01 8.570701e-04 2.894555e-04
1.722750e-01 9.504594e-04 2.981622e-04
1.725458e-01 1.419509e-03 2.952871e-04
1.728166e-01 1.188340e-03 2.970437e-04
1.730874e-01 3.721509e-04 2.999971e-04
1.733582e-01 1.144910e-03 2.991016e-04
1.736291e-01 1.487100e-03 3.080924e-04
1.738999e-01 1.203962e-03 3.001588e-04
1.741707e-01 1.049170e-03 3.084565e-04
1.744415e-01 7.050708e-04 3.102772e-04
1.747123e-01 8.954089e-04 3.116064e-04
1.749831e-01 1.263911e-03 3.041962e-04
1.752539e-01 9.540711e-04 2.892850e-04
1.755248e-01 1.022391e-03 2.937715e-04
1.757956e-01 7.645506e-04 2.894675e-04
1.760664e-01 5.314499e-04 2.885598e-04
1.763372e-01 1.398090e-03 2.877577e-04
1.766080e-01 1.269111e-03 2.888927e-04
1.768788e-01 4.741382e-04 2.860107e-04
1.771496e-01 1.175191e-03 2.823341e-04
1.774205e-01 9.240396e-04 2.849899e-04
1.776913e-01 1.335369e-03 2.811973e-04
1.779621e-01 7.100292e-04 2.814269e-04
1.782329e-01 1.008259e-03 2.818304e-04
1.785037e-01 7.750299e-04 2.755109e-04
1.787745e-01 6.938893e-04 2.802628e-04
1.790453e-01 8.872412e-04 2.767352e-04
1.793161e-01 9.518005e-04 2.760083e-04
1.795870e-01 1.338650e-03 2.741636e-04
1.798578e-01 9.641610e-04 2.729270e-04
1.801286e-01 1.459468e-03 2.757590e-04
1.803994e-01 1.190651e-03 2.704851e-04
1.806702e-01 6.678291e-04 2.716429e-04
1.809410e-01 1.075119e-03 2.692633e-04
1.812119e-01 1.415120e-03 2.684965e-04
1.814827e-01 6.229095e-04 2.732345e-04
1.817535e-01 1.680080e-03 2.690764e-04
1.820243e-01 6.104205e-04 2.684173e-04
1.822951e-01 8.424409e-04 2.677767e-04
1.825659e-01 8.786507e-04 2.705118e-04
1.828367e-01 1.007631e-03 2.686883e-04
1.831076e-01 9.852387e-04 2.651761e-04
1.833784e-01 1.246881e-03 2.699145e-04
1.836492e-01 1.227440e-03 2.687187e-04
1.839200e-01 9.202696e-04 2.699612e-04
1.841908e-01 1.053011e-03 2.697510e-04
1.844616e-01 9.872206e-04 2.653856e-04
1.847324e-01 1.225591e-03 2.689524e-04
1.850033e-01 1.015630e-03 2.650756e-04
1.852741e-01 8.992702e-04 2.666069e-04
1.855449e-01 8.017793e-04 2.668479e-04
1.858157e-01 8.620396e-04 2.684683e-04
1.860865e-01 9.020697e-04 2.680305e-04
1.863573e-01 1.164580e-03 2.642055e-04
1.866281e-01 9.959210e-04 2.673400e-04
1.868990e-01 8.254610e-04 2.646778e-04
1.871698e-01 1.378220e-03 2.685576e-04
1.874406e-01 1.018571e-03 2.683519e-04
1.877114e-01 5.114004e-04 2.637192e-04
1.879822e-01 1.192590e-03 2.676575e-04
1.882530e-01 1.216631e-03 2.636669e-04
1.885238e-01 1.401471e-03 2.666569e-04
1.887947e-01 1.229061e-03 2.675028e-04
1.890655e-01 6.918497e-04 2.656650e-04
1.893363e-01 9.676497e-04 2.655478e-04
1.896071e-01 1.077140e-03 2.647143e-04
1.898779e-01 1.050010e-03 2.684638e-04
1.901487e-01 7.749610e-04 2.641845e-04
1.904195e-01 9.222496e-04 2.644725e-04
1.906904e-01 1.108900e-03 2.677248e-04
1.909612e-01 1.523759e-03 2.641028e-04
1.912320e-01 1.593340e-03 2.659299e-04
1.915028e-01 1.203071e-03 2.610089e-04
1.917736e-01 7.247813e-04 2.623677e-04
1.920444e-01 1.016568e-03 2.651317e-04
1.923153e-01 7.470995e-04 2.601051e-04
1.925861e-01 9.076409e-04 2.658690e-04
1.928569e-01 3.512297e-04 2.641275e-04
1.931277e-01 6.392095e-04 2.651284e-04
1.933985e-01 1.479520e-03 2.636267e-04
1.936693e-01 6.649103e-04 2.637946e-04
1.939401e-01 1.309391e-03 2.647389e-04
1.942109e-01 7.353406e-04 2.608148e-04
1.944818e-01 1.163879e-03 2.642767e-04
1.947526e-01 1.112640e-03 2.655055e-04
1.950234e-01 9.438600e-04 2.638432e-04
1.952942e-01 1.254661e-03 2.644315e-04
1.955650e-01 1.028631e-03 2.617799e-04
1.958358e-01 1.378059e-03 2.631826e-04
1.961066e-01 9.526405e-04 2.627339e-04
1.963775e-01 1.253920e-03 2.635820e-04
1.966483e-01 1.144649e-03 2.635826e-04
1.969191e-01 1.229700e-03 2.634745e-04
1.971899e-01 1.130680e-03 2.646292e-04
1.974607e-01 1.365582e-03 2.626433e-04
1.977315e-01 7.414706e-04 2.650039e-04
1.980023e-01 9.988602e-04 2.616112e-04
1.982732e-01 1.250532e-03 2.622523e-04
1.985440e-01 1.166800e-03 2.629050e-04
1.988148e-01 1.333511e-03 2.644709e-04
1.990856e-01 1.051240e-03 2.615784e-04
1.993564e-01 1.028260e-03 2.622707e-04
1.996272e-01 9.293295e-04 2.636113e-04
1.998980e-01 1.146529e-03 2.620451e-04
2.001689e-01 1.355071e-03 2.599411e-04
2.004397e-01 1.081221e-03 2.570350e-04
2.007105e-01 5.669799e-04 2.610580e-04
2.009813e-01 1.219641e-03 2.616166e-04
2.012521e-01 1.544619e-03 2.614518e-04
2.015229e-01 1.258099e-03 2.621340e-04
2.017937e-01 1.234891e-03 2.604983e-04
2.020646e-01 1.025969e-03 2.602274e-04
2.023354e-01 7.974487e-04 2.598518e-04
2.026062e-01 1.337430e-03 2.578646e-04
2.028770e-01 1.249490e-03 2.631091e-04
2.031478e-01 5.480014e-04 2.562778e-04
2.034186e-01 1.228569e-03 2.599702e-04
2.036894e-01 8.624401e-04 2.592930e-04
2.039603e-01 8.527394e-04 2.579904e-04
2.042311e-01 7.967092e-04 2.577400e-04
2.045019e-01 1.231290e-03 2.584587e-04
2.047727e-01 8.002110e-04 2.573193e-04
2.050435e-01 1.077410e-03 2.582607e-04
2.053143e-01 1.325510e-03 2.598241e-04
2.055852e-01 1.688180e-03 2.559115e-04
2.058560e-01 8.885786e-04 2.554398e-04
2.061268e-01 1.177121e-03 2.555906e-04
2.063976e-01 1.228631e-03 2.567512e-04
2.066684e-01 9.369794e-04 2.553879e-04
2.069392e-01 1.026880e-03 2.539668e-04
2.072100e-01 8.660313e-04 2.574987e-04
2.074808e-01 8.585118e-04 2.575288e-04
2.077517e-01 8.267798e-04 2.541995e-04
2.080225e-01 7.088706e-04 2.551101e-04
2.082933e-01 1.139930e-03 2.545742e-04
2.085641e-01 1.185240e-03 2.552189e-04
2.088349e-01 7.916205e-04 2.587937e-04
2.091057e-01 1.028031e-03 2.554557e-04
2.093765e-01 1.047309e-03 2.561397e-04
2.096474e-01 7.058308e-04 2.541013e-04
2.099182e-01 1.179760e-03 2.568002e-04
2.101890e-01 8.841399e-04 2.548582e-04
2.104598e-01 1.321640e-03 2.545878e-04
2.107306e-01 1.249569e-03 2.568397e-04
2.110014e-01 6.378703e-04 2.547963e-04
2.112723e-01 1.531001e-03 2.569575e-04
2.115431e-01 9.211097e-04 2.553689e-04
2.118139e-01 7.607788e-04 2.552534e-04
2.120847e-01 1.025660e-03 2.548936e-04
2.123555e-01 5.777404e-04 2.572320e-04
2.126263e-01 1.103550e-03 2.561102e-04
2.128971e-01 1.428559e-03 2.539278e-04
2.131680e-01 1.349781e-03 2.549133e-04
2.134388e-01 8.766688e-04 2.548033e-04
2.137096e-01 1.209449e-03 2.554117e-04
2.139804e-01 1.158779e-03 2.548657e-04
2.142512e-01 5.980488e-04 2.550320e-04
2.145220e-01 1.061229e-03 2.557970e-04
2.147928e-01 1.108639e-03 2.569679e-04
2.150636e-01 1.215681e-03 2.540495e-04
2.153345e-01 6.435905e-04 2.541664e-04
2.156053e-01 1.147661e-03 2.535380e-04
2.158761e-01 1.006309e-03 2.556981e-04
2.161469e-01 9.045191e-04 2.549850e-04
2.164177e-01 7.527899e-04 2.536812e-04
2.166885e-01 7.548686e-04 2.551055e-04
2.169593e-01 1.347810e-03 2.561238e-04
2.172302e-01 6.617196e-04 2.569438e-04
2.175010e-01 6.399006e-04 2.539400e-04
2.177718e-01 9.735208e-04 2.554084e-04
2.180426e-01 1.280541e-03 2.562218e-04
2.183134e-01 1.150221e-03 2.549961e-04
2.185842e-01 1.061751e-03 2.554363e-04
2.188551e-01 1.028921e-03 2.528684e-04
2.191259e-01 1.207190e-03 2.533197e-04
2.193967e-01 1.088209e-03 2.525973e-04
2.196675e-01 1.239588e-03 2.525559e-04
2.199383e-01 1.128370e-03 2.544959e-04
2.202091e-01 6.834995e-04 2.515125e-04
2.204799e-01 1.313111e-03 2.518431e-04
2.207507e-01 8.011013e-04 2.534984e-04
2.210216e-01 9.786393e-04 2.526801e-04
2.212924e-01 4.247800e-04 2.506320e-04
2.215632e-01 1.085090e-03 2.510244e-04
2.218340e-01 9.727906e-04 2.504622e-04
2.221048e-01 9.176787e-04 2.496316e-04
2.223756e-01 4.981607e-04 2.510243e-04
2.226464e-01 9.246003e-04 2.520358e-04
2.229173e-01 9.974893e-04 2.502838e-04
2.231881e-01 9.067990e-04 2.510868e-04
2.234589e-01 6.054491e-04 2.507848e-04
2.237297e-01 9.486992e-04 2.486554e-04
2.240005e-01 8.395985e-04 2.492170e-04
2.242713e-01 7.604100e-04 2.481162e-04
2.245422e-01 8.012000e-04 2.514528e-04
2.248130e-01 6.743092e-04 2.504779e-04
2.250838e-01 1.038300e-03 2.493665e-04
2.253546e-01 7.463787e-04 2.503959e-04
2.256254e-01 8.866508e-04 2.505125e-04
2.258962e-01 9.331312e-04 2.505193e-04
2.261670e-01 1.137272e-03 2.601778e-04
2.264379e-01 1.290141e-03 2.656770e-04
2.267087e-01 1.109079e-03 2.687837e-04
2.269795e-01 1.215909e-03 2.714099e-04
2.272503e-01 1.136789e-03 2.722687e-04
2.275211e-01 1.126630e-03 2.810014e-04
2.277919e-01 1.288591e-03 2.790798e-04
2.280627e-01 1.630459e-03 2.853800e-04
2.283335e-01 1.053670e-03 2.872384e-04
2.286044e-01 9.915605e-04 2.874959e-04
2.288752e-01 1.384400e-03 2.928193e-04
2.291460e-01 4.476514e-04 2.952800e-04
2.294168e-01 7.468909e-04 2.989385e-04
2.296876e-01 5.899593e-04 2.997631e-04
2.299584e-01 1.185860e-03 3.019012e-04
2.302293e-01 1.055000e-03 3.056652e-04
2.305001e-01 7.239301e-04 3.086434e-04
2.307709e-01 4.687998e-04 3.081891e-04
2.310417e-01 1.268370e-03 3.107403e-04
2.313125e-01 5.731694e-04 3.137933e-04
2.315833e-01 9.593498e-04 3.206101e-04
2.318541e-01 1.088411e-03 3.201581e-04
2.321250e-01 9.157788e-04 3.248070e-04
2.323958e-01 1.151759e-03 3.237717e-04
2.326666e-01 6.727688e-04 3.276293e-04
2.329374e-01 1.274701e-04 3.280576e-04
2.332082e-01 1.561530e-03 3.318473e-04
2.334790e-01 3.270991e-04 3.349377e-04
2.337498e-01 9.699985e-04 3.390797e-04
2.340207e-01 9.343401e-04 3.428980e-04
2.342915e-01 1.416441e-03 3.417909e-04
2.345623e-01 7.365197e-04 3.484292e-04
2.348331e-01 1.225630e-03 3.515474e-04
2.351039e-01 9.493604e-04 3.509344e-04
2.353747e-01 1.316169e-03 3.530804e-04
2.356455e-01 1.517439e-03 3.582507e-04
2.359163e-01 1.356371e-03 3.600406e-04
2.361872e-01 1.689060e-03 3.647511e-04
2.364580e-01 1.130361e-03 3.680727e-04
2.367288e-01 5.265307e-04 3.696126e-04
2.369996e-01 1.413900e-03 3.705308e-04
2.372704e-01 9.548608e-04 3.816873e-04
2.375412e-01 1.500301e-03 3.841565e-04
2.378121e-01 1.097379e-03 3.887878e-04
2.380829e-01 1.635099e-03 3.801749e-04
2.383537e-01 7.097106e-04 3.922670e-04
2.386245e-01 8.619595e-04 4.020241e-04
2.388953e-01 1.246611e-03 3.961505e-04
2.391661e-01 1.570370e-03 4.035452e-04
2.394369e-01 1.126161e-03 3.999959e-04
2.397078e-01 9.244401e-04 4.106537e-04
2.399786e-01 1.115369e-03 4.162123e-04
2.402494e-01 1.159120e-03 4.215988e-04
2.405202e-01 2.220199e-04 4.181741e-04
2.407910e-01 8.453596e-04 4.270831e-04
2.410618e-01 3.625397e-04 4.286855e-04
2.413326e-01 1.647579e-03 4.382089e-04
2.416034e-01 1.550520e-03 4.396273e-04
2.418743e-01 8.400995e-04 4.473905e-04
2.421451e-01 1.188731e-03 4.497888e-04
2.424159e-01 1.145730e-03 4.622500e-04
2.426867e-01 1.791060e-03 4.558993e-04
2.429575e-01 9.723213e-04 4.671317e-04
2.432283e-01 1.214940e-03 4.810251e-04
2.434992e-01 4.029684e-04 4.667193e-04
2.437700e-01 8.179508e-04 4.779145e-04
2.440408e-01 7.082000e-04 4.921362e-04
2.443116e-01 5.657896e-04 4.982187e-04
2.445824e-01 1.053840e-03 4.999670e-04
2.448532e-01 1.281599e-03 4.991905e-04
2.451240e-01 2.280008e-04 5.177218e-04
2.453949e-01 1.897430e-03 5.226844e-04
2.456657e-01 9.072199e-04 5.400272e-04
2.459365e-01 1.181379e-03 5.285698e-04
2.462073e-01 8.273106e-04 5.329797e-04
2.464781e-01 1.113990e-03 5.566412e-04
2.467489e-01 1.633439e-03 5.644969e-04
2.470197e-01 1.688439e-03 5.663757e-04
2.472906e-01 -2.909098e-04 5.743318e-04
2.475614e-01 8.112416e-04 5.780717e-04
2.478322e-01 9.809490e-04 6.127557e-04
2.481030e-01 -4.814696e-04 5.928349e-04
2.483738e-01 6.419104e-04 6.195467e-04
2.486446e-01 7.687192e-04 6.402414e-04
2.489154e-01 2.220210e-03 6.680592e-04
2.491863e-01 1.102110e-03 6.545562e-04
2.494571e-01 6.755199e-04 6.694568e-04
2.497279e-01 1.220059e-03 6.862209e-04
2.499987e-01 3.990605e-04 7.172328e-04
2.502695e-01 -1.064595e-04 7.049939e-04
2.505403e-01 5.861316e-04 7.312848e-04
2.508111e-01 -6.302502e-04 7.581580e-04
2.510819e-01 1.903839e-03 8.065637e-04
2.513528e-01 -1.893006e-05 7.955481e-04
2.516236e-01 1.594990e-03 8.252989e-04
2.518944e-01 2.006361e-03 8.519551e-04
2.521652e-01 9.203106e-04 9.082056e-04
2.524360e-01 1.185501e-03 9.142157e-04
2.527068e-01 1.999170e-03 8.585671e-04
2.529776e-01 1.104720e-03 9.689441e-04
2.532485e-01 1.749679e-03 9.753570e-04
2.535193e-01 5.436298e-04 9.689888e-04
2.537901e-01 -1.056181e-03 1.003877e-03
2.540609e-01 2.014490e-03 1.020586e-03
2.543317e-01 8.887909e-04 1.074106e-03
2.546025e-01 2.778806e-04 1.095750e-03
2.548733e-01 -1.870412e-04 1.188310e-03
2.551441e-01 3.657714e-04 1.199631e-03
2.554150e-01 2.720559e-03 1.251688e-03
2.556858e-01 -2.230531e-03 1.267832e-03
2.559566e-01 2.844829e-03 1.478393e-03
2.562274e-01 2.252990e-03 1.537879e-03
2.564982e-01 1.626650e-03 1.530587e-03
2.567690e-01 3.095319e-03 1.749708e-03
2.570398e-01 3.107730e-03 1.945751e-03
2.573107e-01 1.524210e-03 1.927645e-03
2.575815e-01 4.066192e-04 2.917041e-03
2.578523e-01 4.382329e-03 3.705074e-03
2.581231e-01 1.124119e-02 4.380459e-03
