Qvector_A	Intensity	Uncertainty
0.0025	1.65224039869058	2.460358294384797
0.00265990047	6.702373323731141	3.55276913360509
0.002743646	0.4789042046820242	3.388370878119237
0.00283002821	2.80430865730423	2.471214160879467
0.00291913012	3.642163881798126	2.500260085470612
0.00301103735	4.61704465613666	1.586371813588377
0.00310583823	2.530668329467687	1.513591494192267
0.00320362387	4.282802486175706	1.32399623857862
0.00330448823	3.849486190510635	1.342927657974313
0.00340852826	3.454449813626676	0.9790120535988576
0.00351584393	3.973564460847038	1.056083267045874
0.00362653837	4.04063242909889	0.9640573371066496
0.00374071797	3.590181481351568	0.672405999167394
0.00385849245	3.909786294459108	0.7142187972675303
0.003979975	4.006700602866076	0.6045986865346371
0.00410528236	3.705552885695517	0.4663301020350951
0.00423453495	3.814513484406294	0.6110977860806408
0.00436785699	3.606549883443557	0.3736839080871118
0.00450537661	3.556978534335481	0.4506956813135638
0.00464722595	3.431111824052282	0.3196543689551288
0.00479354135	3.379136406155959	0.2973347332256316
0.0049444634	3.244999234223393	0.2926068214720036
0.00510013716	3.181925039504141	0.2414381383698251
0.00526071222	3.075899837757653	0.2272026796377563
0.0054263429	2.993751404784748	0.1982506849142705
0.00559718837	2.823742554662556	0.1780955229672423
0.00577341281	2.751010162148059	0.1670095123544915
0.00595518559	2.594207742993382	0.1342982058417206
0.00614268139	2.496105840316638	0.1386370310277394
0.00633608039	2.350878549357692	0.1133335932371702
0.00653556845	2.198275397095554	0.105668186692994
0.00674133729	2.106816991945707	0.0993106326788379
0.00695358465	1.945596751763741	0.07814691119387082
0.0071725145	1.811078343857108	0.07377750065412976
0.00739833724	1.702771539700163	0.0693498323000086
0.00763126988	1.562911241897461	0.05754285720068146
0.00787153629	1.429087698182028	0.04992602516342871
0.00811936735	1.298589750677566	0.04523747418144004
0.008375001240000001	1.173776234829804	0.03821983979772924
0.00863868362	1.066229513427757	0.03377249538736506
0.0089106679	0.9429123606873993	0.02718154599882958
0.009191215460000001	0.8405763147862995	0.02339787522629792
0.0094805959	0.7367526422029635	0.0196420042892161
0.009779087339999999	0.6387370586358403	0.01672145219120726
0.0100869766	0.5503510099166979	0.0143503674494953
0.0104045596	0.4766955497871897	0.0119986048087562
0.0107321415	0.4050290525887086	0.01025668530306925
0.0110700372	0.3442155748436126	0.008429179135454412
0.0114185713	0.2883715561558259	0.007287211262921357
0.0117780789	0.2357371223387019	0.006097059953992911
0.0121489053	0.1917656200964561	0.00500763441602341
0.012531407	0.1539682153274941	0.004229896207779847
0.0129259516	0.1237436134224899	0.003547849607665764
0.0133329182	0.0975027815674139	0.003113968592378796
0.0137526979	0.0780628717206767	0.002583992270821197
0.0141856942	0.06152521279575347	0.002231427559919065
0.0146323231	0.0506369006146852	0.002012578919094873
0.0150930139	0.04181453373572741	0.001751850729928175
0.0155682092	0.03686298770546155	0.001609003542739937
0.0160583659	0.03250956662190194	0.001407268595408315
0.0165639548	0.02936906159918728	0.001309581712237831
0.017085462	0.02747549690565138	0.001191637017472405
0.0176233885	0.02629358035353252	0.001113238762551924
0.0181782514	0.02483729329286177	0.001053708499421271
0.0187505838	0.02300248484648572	0.0009690843086780335
0.0193409358	0.02234965921371695	0.0008923131178912298
0.0199498747	0.02000956852710688	0.0008262423808675181
0.0205779857	0.01875276857811421	0.0007776619706897136
0.0212258724	0.01594895712444995	0.0007413224075916339
0.0218941575	0.01484168162207573	0.0006746467922646365
0.0225834833	0.0120829389667079	0.0006235997063163854
0.023294512	0.01087053424328564	0.0005846451874680686
0.0240279271	0.009701114159829785	0.0005430863373962002
0.0247844334	0.008399674183141081	0.0005108112082534164
0.0255647579	0.007762284911771798	0.0004738570732483216
0.0263696504	0.007244399300002778	0.0004522839468571801
0.0271998846	0.006678248294726519	0.00042869819698602
0.0280562583	0.006608975155806926	0.0004123270107739916
0.0289395944	0.006115164888453081	0.0004146387719539683
0.0298507419	0.005396083710436012	0.0004120316057183639
0.0307905763	0.005064291649986806	0.000390634500950029
0.031760001	0.004530029200883232	0.0003672073846568326
0.0327599474	0.003811152595936604	0.0003509964762661091
0.0337913766	0.003883478833195647	0.0003371816873258051
0.0348552798	0.003199299961165969	0.0003253401963031551
0.0359526795	0.00294475348824616	0.0003072782256761726
0.0370846301	0.002768078755667758	0.0003020872134073362
0.0382522197	0.002362432241343575	0.0002955223064566799
0.0394565701	0.00235857153357031	0.0002834376474809789
0.0406988389	0.001997753702332218	0.000278816365746516
0.0419802198	0.001845124177441017	0.0002676171851028562
0.0433019443	0.001336907035845131	0.000257500986421676
0.0446652826	0.001837671315100806	0.0002460211186204603
0.0460715448	0.001631066997225483	0.0002363166641646911
0.0475220825	0.001691153277842451	0.0002266770445283588
0.0490182896	0.001223651149080178	0.0002191913290886449
0.0505616039	0.00124121729056418	0.0002107172489337569
0.0521535086	0.001173572771410149	0.000203707770522126
0.0537955336	0.001120758850577025	0.0001970985290479666
0.0554892569	0.00111472042952647	0.0001912407542170109
0.0572363061	0.0009751211498090911	0.0001872119121221477
0.0590383603	0.0008776139713470646	0.0001818283705566978
0.0608971511	0.0006914270181213253	0.0001879669340075431
0.062814465	0.0007478176060069369	0.0001873510173879429
0.0647921444	0.0005932635926096941	0.0001837223636865037
0.06683209	0.0006086271998027651	0.0001777303566205312
0.0689362622	0.0005789465956382092	0.0001646764446405443
0.07110668320000001	0.0006410119475809203	0.0001576141053407518
0.07334543860000001	0.0005372951923965502	0.000150429350869176
0.0756546801	0.0005603146308486434	0.0001459793507991353
0.0780366267	0.0005605175687104363	0.0001481416339586726
0.0804935677	0.0004272172314014472	0.0001483974812694294
0.0830278641	0.0003286084181272561	0.0001415635152547487
0.08564195149999999	0.0004258719033809338	0.0001306117443410258
0.088338342	0.0003132881964589551	0.0001243235661701331
0.0911196269	0.000437427414762756	0.0001197525184880784
0.09398847909999999	0.0003746438016100084	0.0001154034151336553
0.09694765549999999	0.0001896465383706691	0.0001145531672993117
0.1	0.0002447510585400423	0.0001237702826259931
0.102	8.413812885525729e-05	0.000137443075095935
0.104	1.840683857426417e-05	0.0001344525262211655
0.106	0.0002625409197043807	0.0001313530892741355
0.108	0.0002010116721047825	0.0001299163670672742
0.11	0.0002381858968600395	0.00012793003469775
0.112	0.0002085965601566417	0.0001264068999451409
0.114	0.0002204606429802441	0.0001246417763395488
0.116	0.0002442763498884046	0.0001232225977058965
0.118	0.0001900880906218691	0.0001233697995648451
0.12	0.0001559738568009325	0.0001223976195255717
0.122	0.000288455287659431	0.0001220603580962289
0.124	0.0001474264736762432	0.0001191578434964938
0.126	0.000132949064330444	0.0001170458825305712
0.128	0.0001014158258078046	0.000117414124424998
0.13	0.0001325793371105	0.0001217833626885139
0.132	6.725916477210575e-05	0.0001234953370048218
0.134	5.975226898734948e-05	0.0001243716951569856
0.136	5.302310388218684e-05	0.0001191537903166248
0.138	0.0001827510321109616	0.00011897930288682
0.14	0.0002290806793265529	0.0001168176005659935
0.142	0.0001234870351571535	0.0001157542224079176
0.144	8.668197783105042e-05	0.0001124661739442867
0.146	9.249520532959854e-05	0.000111036632732449
0.148	0.0002847156509034263	0.0001099201168917635
0.15	0.0001259057309674488	0.0001083348507726158
0.152	9.332854847333288e-05	0.0001065306875417866
0.154	0.0001084385550092284	0.0001052048404098627
0.156	4.492893983595869e-05	0.000105061217026906
0.158	0.0001518342050865276	0.0001062492820052077
0.16	4.098842496692845e-05	0.0001053644608877277
0.162	0.0001567397100151191	0.0001037432941682991
0.164	0.0001574447071371679	0.0001018533508429356
0.166	0.0001626832360188471	0.0001041976275914377
0.168	8.838470463386205e-05	0.0001016303432675922
0.17	6.691427466246763e-05	0.0001000449943565109
0.172	4.024570023517665e-05	9.912442131492927e-05
0.174	5.931727400386444e-05	9.831278321122107e-05
0.176	0.0001303854452918626	9.782713843397167e-05
0.178	0.0001334352909734271	9.766333916661487e-05
0.18	0.0001019530468452795	9.7660493526708e-05
0.182	0.0001257657370787799	9.580370517370185e-05
0.184	9.66200505872622e-05	9.428838396890621e-05
0.186	7.340112842271762e-06	9.35336444929879e-05
0.188	5.34751031990785e-05	9.256163757350884e-05
0.19	4.275843108540386e-05	9.172780099002165e-05
0.194	0.0001201051802129822	9.023947705809447e-05
0.196	7.893537736541542e-05	9.17218066946975e-05
0.2	3.129405229579038e-05	9.7523537931641e-05
0.202	0.0001180688820883041	9.70081614508439e-05
0.208	7.237852219674212e-05	9.11292958786804e-05
0.21	2.508957957270477e-05	9.040793610783966e-05
0.212	3.04091093254362e-05	8.954559240737044e-05
0.216	0.0001278032575978937	8.949479642464542e-05
0.218	6.181382078955522e-05	8.919725285327561e-05
0.22	9.527756741110199e-05	8.878037767307066e-05
0.222	7.283016216020829e-05	8.781647456554119e-05
0.228	0.0001037687512024793	8.547155067802217e-05
0.23	0.0001119263744933166	8.540961990864366e-05
0.232	3.092818840608191e-05	8.536311710598911e-05
0.234	0.0001627152447249702	8.737331605712495e-05
0.236	4.375409168283495e-05	8.704552993651447e-05
0.238	8.065003693712158e-05	8.756798103512289e-05
0.24	3.549109436852896e-05	8.901304970923488e-05
0.242	2.135575500243972e-05	8.99967823334087e-05
0.244	9.302765392693937e-05	9.007533068804217e-05
0.246	6.277743106393799e-05	9.007729928257328e-05
0.248	9.770872859557467e-05	9.062381064519128e-05
0.252	1.865807417790119e-05	9.143009011230175e-05
0.258	0.0001333707430781934	9.205056267956337e-05
0.26	5.114599027308819e-05	9.24794868111042e-05
0.262	1.45578049807922e-05	9.241243214491909e-05
0.266	0.0001151439058810974	9.906574345852632e-05
0.268	9.149379116100281e-05	0.0001019133240479341
0.27	0.0001051522561032851	0.0001041492112126648
0.272	0.0001491135991449968	9.984074099630196e-05
0.274	5.995712904542996e-05	9.820862950103734e-05
0.276	3.965972626731804e-05	9.713794098709177e-05
0.278	7.761155768402916e-05	9.635781350511638e-05
0.284	3.174457579350337e-05	9.607942741294656e-05
0.29	9.658289860793243e-05	9.56720302544371e-05
0.292	3.958690666532733e-05	9.542355919188237e-05
0.294	0.0001037094900470971	9.486211820254697e-05
0.298	0.0001107857139401869	9.549243462455148e-05
0.324	7.106539388154753e-05	6.637587501827634e-05
0.328	9.832117514960853e-06	6.642096146027064e-05
0.332	3.114357929011671e-05	6.779639347230197e-05
0.34	2.764170364911306e-05	7.327811662246938e-05
0.344	6.06119850319678e-05	6.987260459759715e-05
0.348	2.756526071642784e-05	6.931137723131258e-05
0.368	4.834234341020635e-05	6.769069401673989e-05
0.372	4.238240627355352e-05	6.84009112260849e-05
0.376	6.89866870968725e-05	6.733492899342345e-05
0.392	4.44579111822177e-06	6.605968659596243e-05
0.396	5.459371179786232e-05	6.603105127473925e-05
0.404	2.526607755837934e-05	7.579805965637406e-05
0.42	5.192800042179771e-05	6.698341613469242e-05
0.424	2.643971979213872e-05	6.655798397961237e-05
0.432	4.494030333471177e-05	6.594363231290686e-05
0.436	2.6261920564076e-06	6.73998768566424e-05
0.448	2.475383983575885e-06	6.585923503799301e-05
0.452	6.705787696982893e-05	6.557374601825356e-05
