Qvector_A	Intensity	Uncertainty
0.0025	4.082680087938705	1.249695901452936
0.00257871115	3.160230053493564	1.774049882597835
0.00265990047	3.160731708493902	1.438733649985657
0.002743646	2.845080940285145	1.327358925679607
0.00283002821	3.00701930065245	1.25134470443993
0.00291913012	2.916429975519133	0.9924267550657443
0.00301103735	2.838159358121029	0.9377741969575498
0.00310583823	2.750356158761884	0.954754767403141
0.00320362387	2.733345274364151	0.6777071358915208
0.00330448823	2.626096574434664	0.6617955329970344
0.00340852826	2.597771526979868	0.650357991880351
0.00351584393	2.508168787438063	0.500882396915929
0.00362653837	2.51146501613273	0.4561039680889593
0.00374071797	2.436482243565041	0.5014436525943936
0.00385849245	2.401932646330633	0.3599572036308938
0.003979975	2.329111283005885	0.3615089846015498
0.00410528236	2.287683064342172	0.3030585718068528
0.00423453495	2.257222447877057	0.2970271581824144
0.00436785699	2.196818988654148	0.2668198445141185
0.00450537661	2.151604272652621	0.2254473287384874
0.00464722595	2.083989735171258	0.2402954511758031
0.00479354135	2.065688835255397	0.1889151920425141
0.0049444634	2.030285316542474	0.1917184355857001
0.00510013716	1.966207401471396	0.1631746308112608
0.00526071222	1.937650082180998	0.1524016304359173
0.0054263429	1.879413641811081	0.1392862961978273
0.00559718837	1.831018373150533	0.1287804699572938
0.00577341281	1.790151182910109	0.1073267157109805
0.00595518559	1.736630968050981	0.1173398410749756
0.00614268139	1.687172831329763	0.09151193955362159
0.00633608039	1.647607820552211	0.09075784603814467
0.00653556845	1.593031627466905	0.08169045626857567
0.00674133729	1.540940798093014	0.0712861780703004
0.00695358465	1.482177633584459	0.06928408973169539
0.0071725145	1.424055433995184	0.06325838451523164
0.00739833724	1.375538592828534	0.05534637915686764
0.00763126988	1.32073212332616	0.0535874688807885
0.00787153629	1.253058801813712	0.04680207930682171
0.00811936735	1.201524266191149	0.0435606584287058
0.008375001240000001	1.143824115948761	0.03906913678682789
0.00863868362	1.078536184122007	0.03577764942086668
0.0089106679	1.029538230449145	0.03301140984354411
0.009191215460000001	0.9683077607007536	0.02945538078869293
0.0094805959	0.9242967132305719	0.02631330789175808
0.009779087339999999	0.8572669134320861	0.0229248785184218
0.0100869766	0.7937493436304184	0.02016064146186877
0.0104045596	0.7387546572401242	0.01811966837273134
0.0107321415	0.6868099014245591	0.0160697571580568
0.0110700372	0.6273863002693756	0.01401376816798517
0.0114185713	0.5761912458806875	0.01236076816273008
0.0117780789	0.5250958696850972	0.0108933483184925
0.0121489053	0.4788252179068095	0.009701122775705168
0.012531407	0.429345293939924	0.00855831060679089
0.0129259516	0.3830617646518509	0.007472216763534261
0.0133329182	0.3420988807957592	0.006438104501582845
0.0137526979	0.3018383418008171	0.005668209799214373
0.0141856942	0.2652031982635561	0.004959232709017675
0.0146323231	0.2306152246617232	0.004272149480101298
0.0150930139	0.198995550217591	0.003801444592563794
0.0155682092	0.1718778850611224	0.003230166664297541
0.0160583659	0.1456864339635195	0.002895285338842698
0.0165639548	0.1227817868382907	0.002471961752670785
0.017085462	0.1016132697113393	0.002183254765314419
0.0176233885	0.0846337269773646	0.001939519095285937
0.0181782514	0.06880257050435272	0.001686281790908674
0.0187505838	0.05588489783563391	0.001518173538092778
0.0193409358	0.04433323825678424	0.001354447760244673
0.0199498747	0.03607921950355296	0.001229529481977279
0.0205779857	0.02862581184200023	0.001117713810050893
0.0212258724	0.02379787112908251	0.001029727178634487
0.0218941575	0.01912004156853574	0.0009367673092073071
0.0225834833	0.01546305037840311	0.0008725742395979131
0.023294512	0.01350728470466402	0.0008147564996468354
0.0240279271	0.01269572829175364	0.0007602189665816522
0.0247844334	0.0116245587357367	0.0007119321771119405
0.0255647579	0.010569321940961	0.0006703088359359144
0.0263696504	0.01050729766149931	0.0006301949313970033
0.0271998846	0.01024670602152455	0.0005940798722014237
0.0280562583	0.009634712165182538	0.0005578659447371157
0.0289395944	0.009613549889985723	0.0005239977699591599
0.0298507419	0.00902017643534983	0.0004941220491984063
0.0307905763	0.007802358896496719	0.0004656214122152299
0.031760001	0.007522711324177964	0.0004377429982062794
0.0327599474	0.006544201786402234	0.0004126649280526833
0.0337913766	0.005769916059400977	0.0003889078296362126
0.0348552798	0.005153295859893874	0.0003659873312217057
0.0359526795	0.004172978205550341	0.0003489706922979186
0.0370846301	0.003638337904500272	0.0003341451763802605
0.0382522197	0.003713514647301797	0.0003250308842992974
0.0394565701	0.003125208983599317	0.0003147310149610173
0.0406988389	0.002958674766816216	0.0003026333124549978
0.0419802198	0.002745316481161081	0.0002925137294414844
0.0433019443	0.002433966049910787	0.0002817968918167839
0.0446652826	0.002319023094307322	0.0002718315186262862
0.0460715448	0.002001794100243183	0.0002630384028526002
0.0475220825	0.002075439131828248	0.0002533975361907036
0.0490182896	0.00190515901352923	0.000244643485801513
0.0505616039	0.001633767185034954	0.0002360304808479097
0.0521535086	0.001483418309063692	0.0002282106448546922
0.0537955336	0.001494188564216632	0.0002203563367174826
0.0554892569	0.001192325810800345	0.0002142001654379997
0.0572363061	0.001083909537608167	0.000206086082493238
0.0590383603	0.001194473053108887	0.0002032950567668413
0.0608971511	0.001176253033883266	0.000206752182818258
0.062814465	0.0008062334125925261	0.0002059717670230736
0.0647921444	0.0007822814155839658	0.0001978138199889118
0.06683209	0.0008494112714363192	0.000186190023458987
0.0689362622	0.0008781635087658016	0.000178421934297706
0.07110668320000001	0.0006726172775328998	0.0001714996259673953
0.07334543860000001	0.0005367514660778033	0.0001654649891478375
0.0756546801	0.0007618283526415401	0.0001594826795278647
0.0780366267	0.0007520465493111445	0.0001596682938659437
0.0804935677	0.0004941219408227601	0.0001623580366812094
0.0830278641	0.0006239011900138133	0.0001531425964009586
0.08564195149999999	0.0006326448726741082	0.0001437395964925009
0.088338342	0.0005565324990787907	0.0001367072562405133
0.0911196269	0.0004588567273802538	0.0001316239033379725
0.09398847909999999	0.0003975390143167723	0.0001274379492305279
0.09694765549999999	0.0003804405568646058	0.0001226343789061275
0.1	0.0002578782786670508	0.0001298733237522981
0.102	0.0003709268841134636	0.0001443805252966911
0.104	0.0004375772655625665	0.0001434349543845854
0.106	0.0002083233135962217	0.0001423070620268019
0.108	0.0003257988856207733	0.000140673194219837
0.11	0.0003323057459217044	0.0001389673715608881
0.112	0.0002997059236010541	0.0001379593368134461
0.114	0.0001628476520971478	0.0001360254355227608
0.116	0.0003331081314489476	0.0001349377483843784
0.118	0.0002104601392727556	0.0001331959468556737
0.12	0.0002588194656263365	0.0001314256379050482
0.122	0.0002327884351122217	0.0001303423826052243
0.124	0.0002320777480107686	0.0001291232952802704
0.126	0.0002639211735755986	0.0001282259055559365
0.128	0.0001273130752215412	0.0001319695302998113
0.13	0.000284965082948771	0.0001346388782469777
0.132	0.0001491093242774189	0.0001351182531011824
0.134	0.000175623093323321	0.000130672945145634
0.136	0.0001722302198491621	0.0001274945798237921
0.138	6.863231630362815e-05	0.0001257253941654867
0.14	0.0003019930858632336	0.00012353083376187
0.142	0.0001490999811115876	0.0001223464347882603
0.144	0.0001556219655017357	0.000121256309669645
0.146	0.0002120710951769439	0.0001199375102663628
0.148	0.0001063504140344784	0.0001186021525467899
0.15	3.138606201090466e-05	0.0001171803911339732
0.152	0.0001106851218032542	0.0001158766283930965
0.154	0.0001602421732355488	0.0001146441112429265
0.156	0.0002110583214506301	0.0001142151454493116
0.158	5.378526570713749e-05	0.0001129313664735961
0.16	0.0001579954389175561	0.0001119997636996782
0.162	8.943304626739951e-05	0.0001109008037127559
0.164	0.0001799316374057544	0.0001099548745709497
0.166	0.0001441922020733177	0.0001093332628144807
0.168	9.246178651368953e-06	0.0001084490944744212
0.17	8.2418843272071e-05	0.0001072078643400092
0.172	3.725030847771815e-05	0.0001063535840473461
0.174	6.109579680842886e-05	0.0001055354878169519
0.176	2.168269532672878e-05	0.0001049193676950077
0.178	8.072900149203727e-05	0.0001036908751055475
0.18	0.0001294741074008496	0.0001028012736497688
0.182	0.0001703509734593614	0.0001022083702114257
0.184	0.0001017438736980805	0.0001016007986126534
0.186	5.486915526976832e-05	0.0001007560136191171
0.188	6.487744468294115e-05	9.996498932931301e-05
0.19	0.0001499553949212695	9.934211667610431e-05
0.192	4.786544857915409e-06	9.860739523320032e-05
0.194	4.870765483849099e-05	9.802182078155263e-05
0.196	0.0001545575112451777	0.00010061111719453
0.198	0.00010938048064002	0.0001022603786489867
0.2	0.0001492542118665396	0.0001033778914211618
0.202	6.051825232110397e-05	0.0001005293533314699
0.204	0.000101600051991918	9.880536894513678e-05
0.206	0.0001491319108570047	9.811570917927576e-05
0.208	0.0001090458228326513	9.757904797113207e-05
0.21	8.043869955010052e-06	9.680683617791306e-05
0.212	5.727343988206485e-05	9.595018608210757e-05
0.214	0.0001571752824566924	9.536139338038226e-05
0.216	4.790934067133018e-05	9.511464777058287e-05
0.218	1.280274906987483e-05	9.475813846114202e-05
0.22	7.902987186109156e-05	9.426331009249991e-05
0.222	0.0001417482226102051	9.370740151235607e-05
0.224	0.0001490185627666535	9.316522745447685e-05
0.226	4.190795759986821e-05	9.273031590218014e-05
0.228	9.274608862634703e-05	9.227685645327227e-05
0.23	0.000146969297019503	9.157151369670739e-05
0.232	0.0001198552933503946	9.103998349612732e-05
0.234	7.653630124822286e-05	9.098840572878414e-05
0.236	0.0001323110082224674	9.115386802032403e-05
0.238	5.690156887427217e-05	9.247513144704155e-05
0.24	3.475143789072321e-05	9.438164737018482e-05
0.242	2.609075796917298e-05	9.524853577250142e-05
0.244	9.886458353160904e-05	9.590129355071371e-05
0.248	3.391319727064079e-05	9.619642538609371e-05
0.254	7.782955889812371e-05	9.754328275873171e-05
0.26	5.893370983876822e-05	9.836063222140439e-05
0.264	9.907076093985945e-05	0.0001034772042984327
0.268	2.336427986233958e-05	0.0001092704740174512
0.27	9.845392856464713e-05	0.0001051397281376049
0.272	2.653011846859982e-05	0.0001031097941723685
0.274	8.619166761279773e-06	0.00010227550392353
0.276	0.0001004667002598575	0.0001016024792940501
0.278	5.360992566133538e-05	0.0001013906176913597
0.288	0.0001155458274253729	0.0001011550676160841
0.29	6.061490473015935e-05	0.0001010968292583179
0.292	4.536482039301654e-05	0.0001011818090144751
0.294	7.538984569004092e-06	0.0001010395770132939
0.296	9.112473433442458e-05	0.000101058614970143
0.305	4.241796094485439e-05	6.367453579691862e-05
0.31	4.261735267511307e-05	6.278026352779387e-05
0.315	6.492359365526529e-05	6.257209643184883e-05
0.325	4.967633338225086e-05	6.237225464172053e-05
0.365	2.408321195345939e-05	6.252097193987082e-05
0.375	1.375502470011072e-05	6.22649622092916e-05
0.38	4.22482995091969e-05	6.221917514985779e-05
0.395	1.231945277118882e-05	6.187124797680272e-05
0.405	1.428340786402069e-05	6.825008007580049e-05
0.41	2.441940949681615e-06	6.294594955684163e-05
0.415	5.905483339023812e-05	6.170506098877578e-05
0.42	6.420056084003797e-05	6.08931284661507e-05
0.435	6.540233705814441e-06	5.94815994566262e-05
0.45	2.781273273202989e-06	5.887697455685958e-05
0.465	6.129843830374182e-07	5.963713468826575e-05
0.49	0.0002851996240608931	0.0003588388722244222
